# rID[0] Hid[1]   R200: DS[2], eta[3], detla[4], fm[5], fm2[6];   R500: DS[7], eta[8], detla[9], fm[10], fm2[11]
1.000000000000000000e+00 7.100000000000200000e+13 0.000000000000000000e+00 1.170330648982412347e+00 8.317874089896723500e-02 1.433830694564944552e-01 5.402245191863051105e-02 0.000000000000000000e+00 1.069368711104816461e+00 1.096037359062865674e-01 1.153701870833024979e+09 8.002914866544109583e+08
2.000000000000000000e+00 7.100000000000200000e+13 0.000000000000000000e+00 1.182577918244064330e+00 6.194948475651418374e-02 1.272826550645483612e-01 5.539278647550942292e-02 0.000000000000000000e+00 1.239694302003673254e+00 7.509581446203364430e-02 1.682625948951297283e+09 8.021163564614032507e+08
3.000000000000000000e+00 7.100000000000600000e+13 0.000000000000000000e+00 8.099376624408242131e-01 1.664243718057037136e-01 2.332996409744977906e-01 1.801538680723749897e-01 0.000000000000000000e+00 1.470781458636136296e+00 4.554356383812814546e-02 3.834563500291626453e+08 1.761990072697401047e+08
4.000000000000000000e+00 7.100000000000700000e+13 0.000000000000000000e+00 1.292181503720002178e+00 5.647133187050334263e-02 7.564144613588240362e-02 2.021461994928590647e-02 0.000000000000000000e+00 1.250287935822248286e+00 2.831611271228783380e-02 9.497290721558407545e+08 3.279157187976235151e+08
5.000000000000000000e+00 7.100000000000900000e+13 0.000000000000000000e+00 1.156789185269143427e+00 1.177289234305834292e-01 1.710866517958807842e-01 8.452754607986941171e-02 0.000000000000000000e+00 6.710457180538733635e-01 1.590975432672974421e-01 2.125982141743444920e+09 1.335008362834072590e+09
6.000000000000000000e+00 7.100000000000100000e+13 0.000000000000000000e+00 1.137783302368486016e+00 2.479442000153879791e-02 1.436982227339572982e-01 2.423436525398471944e-02 0.000000000000000000e+00 1.289692973107821272e+00 5.456008650259348836e-02 1.276127017437911034e+09 2.855582038979939818e+08
7.000000000000000000e+00 7.100000000000100000e+13 0.000000000000000000e+00 1.133966347675176678e+00 5.339164976769795318e-02 1.968182835287554111e-01 4.191907082685896596e-02 0.000000000000000000e+00 9.948110555525736531e-01 8.193486154585705172e-02 2.206262041402678013e+09 5.736780226332625151e+08
8.000000000000000000e+00 7.100000000003300000e+13 0.000000000000000000e+00 1.798142302339371890e+00 1.404097719357975116e-01 1.691539688050508472e-01 4.951887427295366406e-02 0.000000000000000000e+00 2.019973205313953191e+00 1.579736245958016927e-01 1.316227059481092215e+09 6.849939589049201012e+08
9.000000000000000000e+00 7.100000000000100000e+13 0.000000000000000000e+00 9.440488953795589389e-01 6.440197301022138054e-02 2.220181406032110394e-01 7.074617748324756039e-02 0.000000000000000000e+00 8.659793698186247779e-01 5.528972950500384703e-02 1.503780600842011213e+09 3.611280348041022420e+08
1.000000000000000000e+01 7.100000000000100000e+13 0.000000000000000000e+00 9.803877056923172573e-01 1.028122748508488726e-01 2.145162760083049736e-01 1.196008746742059509e-01 0.000000000000000000e+00 1.012669275974062311e+00 3.535764901594762311e-02 1.090363764433414936e+09 2.610619067528161108e+08
1.100000000000000000e+01 7.100000000000100000e+13 0.000000000000000000e+00 1.050986163141300000e+00 1.108653463646410431e-01 3.769971319638081297e-01 1.923898404749710689e-01 0.000000000000000000e+00 1.296027408889478760e+00 1.868925786524427701e-01 1.890333861704982519e+09 1.243950334047206879e+09
1.200000000000000000e+01 7.100000000000300000e+13 0.000000000000000000e+00 1.223159806568032026e+00 1.520190653936044634e-01 1.690741734796106510e-01 6.478831430656392665e-02 0.000000000000000000e+00 8.840126472178198025e-01 1.662647853065556403e-01 1.726631454594240427e+09 1.067849959925765514e+09
1.300000000000000000e+01 7.100000000003500000e+13 0.000000000000000000e+00 1.326861645028085457e+00 1.135160872687165784e-01 1.129077787520452736e-01 9.367964445609923418e-02 0.000000000000000000e+00 1.187221129433906786e+00 1.836241544413940718e-01 1.410532383935298920e+09 1.170319473834119797e+09
1.400000000000000000e+01 7.100000000006100000e+13 0.000000000000000000e+00 1.348513208074256564e+00 2.339541460383801064e-01 1.789234792782665451e-01 1.543800685945009576e-01 0.000000000000000000e+00 1.014026304530003308e+00 3.021425407065174151e-01 2.739891443859536171e+09 2.364053229630553722e+09
1.500000000000000000e+01 7.100000000000200000e+13 0.000000000000000000e+00 1.246916911213920454e+00 9.939618849306929016e-02 7.418150263891186424e-02 3.697623195175673422e-02 0.000000000000000000e+00 1.436939854485750567e+00 1.088538308247447711e-01 8.737514276292147636e+08 5.003861505717365146e+08
1.600000000000000000e+01 7.100000000000100000e+13 0.000000000000000000e+00 1.138608225378675121e+00 2.288439640054329705e-01 2.249872994333927401e-01 1.308705970333782775e-01 0.000000000000000000e+00 1.152460397186198193e+00 2.169805239413711839e-01 1.206548175258878708e+09 6.405659864739444256e+08
1.700000000000000000e+01 7.100000000000100000e+13 0.000000000000000000e+00 8.338269034332904672e-01 6.814237923704618768e-03 4.103939973652947493e-01 1.915093729469552752e-01 0.000000000000000000e+00 1.404171682436617496e+00 5.647196117646155478e-02 5.803213368675078154e+08 2.144718468577705324e+08
1.800000000000000000e+01 7.100000000000400000e+13 0.000000000000000000e+00 2.101424487967796129e+00 1.081886377694852713e-01 1.371666545452377706e-01 4.460109569768758858e-02 0.000000000000000000e+00 2.184247657479511773e+00 1.240664995072259663e-01 1.391405206774167538e+09 5.870391478605762720e+08
1.900000000000000000e+01 7.100000000000100000e+13 0.000000000000000000e+00 1.230335375777146023e+00 1.449595293862906142e-01 1.168794209191013067e-01 2.430837816080930538e-02 0.000000000000000000e+00 1.254357740994360038e+00 1.262412551643303515e-01 1.421732593619587898e+09 3.123805803076872826e+08
2.000000000000000000e+01 7.100000000003600000e+13 0.000000000000000000e+00 1.062936637784134275e+00 6.656565256730352653e-02 1.043233149417993194e-01 7.868873650748882398e-02 0.000000000000000000e+00 1.550379971479223906e+00 3.752302423017361832e-02 4.422947580980774164e+08 3.033918783846260309e+08
2.100000000000000000e+01 7.100000000000100000e+13 0.000000000000000000e+00 1.254075626492162865e+00 1.375262121440687657e-01 2.942889396887581333e-01 8.575273127543303620e-02 0.000000000000000000e+00 1.245654268053185909e+00 2.427994462465868641e-01 2.180817052005141735e+09 9.416303147205506563e+08
2.200000000000000000e+01 7.100000000000100000e+13 0.000000000000000000e+00 1.605921650568761905e+00 1.263016434285585965e-01 2.783385241296472135e-01 7.265069862857413685e-02 0.000000000000000000e+00 1.444045055596564042e+00 1.516022494698914813e-01 3.046243900442849636e+09 8.777645364240407944e+08
2.300000000000000000e+01 7.100000000000900000e+13 0.000000000000000000e+00 1.007031765898105391e+00 2.315734810287266576e-01 2.257485303480803451e-01 1.611378289331346914e-01 0.000000000000000000e+00 1.304705837371861854e+00 1.566194211300279970e-01 1.080997040069035292e+09 8.287691152352715731e+08
2.400000000000000000e+01 7.100000000000500000e+13 0.000000000000000000e+00 1.266138143996966114e+00 4.472881537834339644e-02 1.067812741858533698e-01 5.033749757037089129e-02 0.000000000000000000e+00 1.310401183346621368e+00 7.918380469643175601e-02 1.237102948115063906e+09 6.571580351343752146e+08
2.500000000000000000e+01 7.100000000002900000e+13 0.000000000000000000e+00 1.753961573941378305e+00 1.901871169252671023e-01 2.700618397064516452e-01 2.067037682847339686e-01 0.000000000000000000e+00 1.523419869353222600e+00 2.171213320053126672e-01 4.602213866987869263e+09 3.522507844102210999e+09
2.600000000000000000e+01 7.100000000000600000e+13 0.000000000000000000e+00 1.481583701357366278e+00 3.973949573071459268e-02 2.906903389170237620e-02 7.046653681340085858e-03 0.000000000000000000e+00 1.453568561586519481e+00 2.369793847396516398e-02 3.963134458859146237e+08 9.607074018423824012e+07
2.700000000000000000e+01 7.100000000000100000e+13 0.000000000000000000e+00 1.424433813999722354e+00 1.517084262536533001e-01 1.598935227306325924e-01 5.310727304214132166e-02 0.000000000000000000e+00 1.468369694766287203e+00 1.449890913383226065e-01 1.878775041642026186e+09 7.552520764918936491e+08
2.800000000000000000e+01 7.100000000000600000e+13 0.000000000000000000e+00 1.931596199852037232e+00 2.057702208541664635e-01 2.759364433798059402e-01 1.208113994678869652e-01 0.000000000000000000e+00 1.333086479077275399e+00 2.878541249929240098e-01 3.076490970606651783e+09 1.729765082358719826e+09
2.900000000000000000e+01 7.100000000000100000e+13 0.000000000000000000e+00 1.268450786727945090e+00 2.355684337440166337e-02 1.423232074086928367e-01 2.003639391396962871e-02 0.000000000000000000e+00 1.246734522394751243e+00 5.128649796103922770e-02 1.535686580854309559e+09 2.679654703178867698e+08
3.000000000000000000e+01 7.100000000000100000e+13 0.000000000000000000e+00 1.381523805945284344e+00 5.645442628483479663e-02 1.991793729977926752e-01 8.129587535809011667e-02 0.000000000000000000e+00 1.360226815357636676e+00 4.584355026170936626e-02 1.180159115353344917e+09 3.484367511592091918e+08
3.100000000000000000e+01 7.100000000000500000e+13 0.000000000000000000e+00 1.358454983413105888e+00 4.349342836921248762e-02 7.859811526783004598e-02 3.177695199652704611e-02 0.000000000000000000e+00 1.531929428067510868e+00 3.596438137264415524e-02 8.901870874129766226e+08 3.791476280182549953e+08
3.200000000000000000e+01 7.100000000000100000e+13 0.000000000000000000e+00 1.162967447896164463e+00 4.395213843927696373e-02 1.444186059841797432e-01 4.026385985148871888e-02 0.000000000000000000e+00 1.394510086047454189e+00 4.191665374495356228e-02 7.944441789242995977e+08 1.495543055029518604e+08
3.300000000000000000e+01 7.100000000000100000e+13 0.000000000000000000e+00 1.245659743263206609e+00 6.955279325746872854e-02 2.491970903677885596e-01 1.151592056057800517e-01 0.000000000000000000e+00 1.296217180154039417e+00 8.812083824650954189e-02 1.383666087199952364e+09 4.062791004358648062e+08
3.400000000000000000e+01 7.100000000000100000e+13 0.000000000000000000e+00 1.167113658618561312e+00 5.723773189144214929e-02 1.359944883106365687e-01 4.922346184174072187e-02 0.000000000000000000e+00 1.499686663037335554e+00 8.794409737210256983e-02 1.036040885488570809e+09 4.136349366351153851e+08
3.500000000000000000e+01 7.100000000000100000e+13 0.000000000000000000e+00 1.314342085663303905e+00 1.209039177784872326e-01 1.569408773555497627e-01 4.686759386969907570e-02 0.000000000000000000e+00 1.152451052497487805e+00 1.322449102505885710e-01 1.730392220947816372e+09 5.923327904408049583e+08
3.600000000000000000e+01 7.100000000000300000e+13 0.000000000000000000e+00 1.193011274287866463e+00 4.033996561654075441e-02 4.837138073956074452e-02 1.685458058616163060e-02 0.000000000000000000e+00 1.216325292470224140e+00 3.399988968260648364e-02 4.549049402546636462e+08 2.464753715298526585e+08
3.700000000000000000e+01 7.100000000000100000e+13 1.000000000000000000e+00 1.134855121289052748e+00 1.044158444517723563e-02 6.464279681251604293e-02 1.444223903530856418e-02 0.000000000000000000e+00 1.333861553855703708e+00 3.156260470640430416e-02 7.314275580787851810e+08 2.301870638663435578e+08
3.800000000000000000e+01 7.100000000000100000e+13 1.000000000000000000e+00 1.070290074280552339e+00 3.357710075508865688e-02 6.667204192770352644e-02 1.036093624379958410e-02 0.000000000000000000e+00 1.274777330318652702e+00 2.698474575511259493e-02 4.013338167044706941e+08 1.569729086756448448e+08
3.900000000000000000e+01 7.100000000000100000e+13 0.000000000000000000e+00 1.220835257519841344e+00 4.825805328016571222e-02 9.463715506278619349e-02 2.081348851377814654e-02 0.000000000000000000e+00 1.217928896204956590e+00 6.309812868515358997e-02 7.292547081400624514e+08 1.192784868848068118e+08
4.000000000000000000e+01 7.100000000006500000e+13 0.000000000000000000e+00 6.221158296399054155e-01 1.528285803222317052e-01 9.733148143534551058e-03 5.321922984296237162e-03 0.000000000000000000e+00 1.481596736598191910e+00 4.602473806340574847e-02 2.870068869882076979e+08 1.569305764166840613e+08
4.100000000000000000e+01 7.100000000000100000e+13 0.000000000000000000e+00 1.031982716069958173e+00 2.296542981953263451e-01 4.122590173799074442e-01 1.019947032438804080e-01 0.000000000000000000e+00 8.516082238646421887e-01 1.503936706210556584e-01 4.000765797388910294e+09 1.584132039287851572e+09
4.200000000000000000e+01 7.100000000000300000e+13 0.000000000000000000e+00 1.126545344855549802e+00 6.717266929459214664e-02 1.682607881422251150e-01 7.174837095062101822e-02 0.000000000000000000e+00 8.613636548576457663e-01 5.811222932152084603e-02 2.715914974141771317e+09 1.222120284866641045e+09
4.300000000000000000e+01 7.100000000000100000e+13 0.000000000000000000e+00 1.095672301043348451e+00 4.133301764898271446e-02 2.095803722064402685e-01 6.733693533114243346e-02 0.000000000000000000e+00 1.029243485140624248e+00 1.172634389559804209e-02 1.823491269318818808e+09 7.321816258443261385e+08
4.400000000000000000e+01 7.100000000000300000e+13 0.000000000000000000e+00 1.220569716035159624e+00 4.663871142233198819e-02 9.265704122027516865e-02 2.568701381391357355e-02 0.000000000000000000e+00 1.278560905212841492e+00 6.448941531310271869e-02 1.135628322865952015e+09 3.323727903587687016e+08
4.500000000000000000e+01 7.100000000000100000e+13 0.000000000000000000e+00 1.582917371357688507e+00 1.120718647726586109e-01 1.433058291531091877e-01 6.975325379609544074e-02 0.000000000000000000e+00 1.446303580452473758e+00 1.297719053080249041e-01 1.679005935896233559e+09 8.784551735637094975e+08
4.600000000000000000e+01 7.100000000000100000e+13 0.000000000000000000e+00 1.217881619171936380e+00 8.121680833556883805e-02 1.913611356603175384e-01 3.587424633936261986e-02 0.000000000000000000e+00 1.280644896178111614e+00 5.347102395556614651e-02 1.886331912785493612e+09 4.606961622689733505e+08
4.700000000000000000e+01 7.100000000001800000e+13 0.000000000000000000e+00 1.392944673508753173e+00 8.719227508205174004e-02 9.492186175602101983e-02 3.580028621778571368e-02 0.000000000000000000e+00 1.780274600686639008e+00 1.229231832201656410e-01 1.332679923284579277e+09 5.585675773541214466e+08
4.800000000000000000e+01 7.100000000000100000e+13 0.000000000000000000e+00 1.405478838918000184e+00 1.537724854070628977e-01 1.621814084196046279e-01 7.634241857419500621e-02 0.000000000000000000e+00 1.333390118432504545e+00 1.904673275419389300e-01 1.741220267660980463e+09 9.317611562528430223e+08
4.900000000000000000e+01 7.100000000000400000e+13 0.000000000000000000e+00 1.221461779413444138e+00 3.681543723399509360e-02 1.076580967492113822e-01 2.669207230690769095e-02 0.000000000000000000e+00 1.394053807219471697e+00 4.354769391381700661e-02 1.133325409884778738e+09 4.024405856690011024e+08
5.000000000000000000e+01 7.100000000000500000e+13 0.000000000000000000e+00 1.284248637334199472e+00 4.827453220539696527e-02 1.218688906550656759e-01 2.812766669455366714e-02 0.000000000000000000e+00 1.371133541536199374e+00 8.512519468897687680e-02 1.516734256827682734e+09 4.226798033185392618e+08
5.100000000000000000e+01 7.100000000000800000e+13 0.000000000000000000e+00 1.154226815971161946e+00 3.448729749781991039e-02 9.584126270248356783e-02 2.542349529907153224e-02 0.000000000000000000e+00 1.101904315247101973e+00 3.072350987808319250e-02 1.167021080629261971e+09 4.185405418565185070e+08
5.200000000000000000e+01 7.100000000000100000e+13 0.000000000000000000e+00 1.179022730906719607e+00 1.470175554684972560e-02 5.868797696942568143e-02 1.854891583395868598e-02 0.000000000000000000e+00 1.326788377986281686e+00 3.180878657873682097e-02 3.415755790538800359e+08 1.652008454520379603e+08
5.300000000000000000e+01 7.100000000011000000e+13 0.000000000000000000e+00 1.642746981953499885e+00 1.021521387244330864e-01 4.844644555447979312e-02 4.844644555447979312e-02 0.000000000000000000e+00 1.572184423524241925e+00 7.767599029519871301e-02 6.825264434716109037e+08 6.825264434716109037e+08
5.400000000000000000e+01 7.100000000000200000e+13 0.000000000000000000e+00 1.112998953289958903e+00 1.191412185015480879e-01 1.779711077360451310e-01 7.363127365490683418e-02 0.000000000000000000e+00 1.069699394902318357e+00 1.522351549996220910e-01 2.242045190777274132e+09 9.446077598429460526e+08
5.500000000000000000e+01 7.100000000000100000e+13 0.000000000000000000e+00 1.056805687286997086e+00 7.027247696357928619e-02 1.147651412405467919e-01 2.207106139576978446e-02 0.000000000000000000e+00 1.183742062121621696e+00 4.179419921741010790e-02 9.414709928827481270e+08 3.590589235628566742e+08
5.600000000000000000e+01 7.100000000000100000e+13 0.000000000000000000e+00 1.174929818024793793e+00 5.384533610884434385e-02 1.521488295555629700e-01 4.985792860495119605e-02 0.000000000000000000e+00 1.355723299024004680e+00 4.308780441536778222e-02 1.155426427407107592e+09 1.958149087109596133e+08
5.700000000000000000e+01 7.100000000000700000e+13 0.000000000000000000e+00 1.275081629952444562e+00 4.207482050315821537e-02 7.279063746895207687e-02 3.089186273018907497e-02 0.000000000000000000e+00 1.428481487413062467e+00 9.634852540985504310e-02 6.647508332565011978e+08 4.428910608887625933e+08
5.800000000000000000e+01 7.100000000000100000e+13 0.000000000000000000e+00 1.109197100027438765e+00 9.083020775928414559e-02 1.308450749927891621e-01 2.089470814104412918e-02 0.000000000000000000e+00 1.303657367552881752e+00 1.066224992153668172e-01 1.596150027877030373e+09 3.048170619142944217e+08
5.900000000000000000e+01 7.100000000000100000e+13 0.000000000000000000e+00 1.064728014734013906e+00 1.547909540837346665e-01 1.330474439436698797e-01 5.812181458236805737e-02 0.000000000000000000e+00 1.384553699734872634e+00 1.195582897620506152e-01 9.632056342311868668e+08 7.249565752511476278e+08
6.000000000000000000e+01 7.100000000000100000e+13 0.000000000000000000e+00 1.277693422849460303e+00 1.648029076283909211e-02 7.553046953972883393e-02 1.333456914204945304e-02 0.000000000000000000e+00 1.523620912779365844e+00 1.781012722171990137e-02 6.958831928546286821e+08 1.882915642981065810e+08
6.100000000000000000e+01 7.100000000000600000e+13 0.000000000000000000e+00 1.263962208085660288e+00 1.218712962184761578e-01 1.534118199156418449e-01 5.897715112038955793e-02 0.000000000000000000e+00 1.362892566544547712e+00 8.935105946778276742e-02 9.882766640857223272e+08 4.663405886646828651e+08
6.200000000000000000e+01 7.100000000003600000e+13 1.000000000000000000e+00 1.108539546018763700e+00 2.440828781661687902e-02 5.810726227204444927e-02 3.241019076386308928e-02 0.000000000000000000e+00 1.079466181107940681e+00 3.911307809572905914e-02 2.152676320250803828e+08 1.524239523063992262e+08
6.300000000000000000e+01 7.100000000000100000e+13 0.000000000000000000e+00 1.216768582361867468e+00 2.339808388998262240e-02 8.465930236310088841e-02 1.055636711370809729e-02 0.000000000000000000e+00 1.374198029356982653e+00 3.097014943215990052e-02 7.242633814566687346e+08 1.435595153144479096e+08
6.400000000000000000e+01 7.100000000000300000e+13 0.000000000000000000e+00 1.193399782610780280e+00 5.547606607650958088e-02 1.254864554823863498e-01 2.425841513868148488e-02 0.000000000000000000e+00 1.525967631239674605e+00 2.916080711879252135e-02 8.466692686060221195e+08 3.263961373220728040e+08
6.500000000000000000e+01 7.100000000000100000e+13 0.000000000000000000e+00 1.083644552368521641e+00 5.056510668923744345e-02 1.698525910385721704e-01 4.881364857332522872e-02 0.000000000000000000e+00 1.024654202218413968e+00 2.322851951416185154e-02 1.302747211680521727e+09 3.090383305925298929e+08
6.600000000000000000e+01 7.100000000000500000e+13 0.000000000000000000e+00 1.647126367938028357e+00 5.688144771757090018e-02 1.506481169426539257e-01 3.370742109357634936e-02 0.000000000000000000e+00 1.465140298625654536e+00 7.888594351795562287e-02 1.814249610005820036e+09 4.506697423202940822e+08
6.700000000000000000e+01 7.100000000000100000e+13 0.000000000000000000e+00 1.265731369561478470e+00 6.674007704569136223e-02 1.448961401043001862e-01 3.382603130439770789e-02 0.000000000000000000e+00 1.221662743303953302e+00 8.370576049117048334e-02 1.567533332867414474e+09 4.754697717866727710e+08
6.800000000000000000e+01 7.100000000000100000e+13 0.000000000000000000e+00 1.339185214600478124e+00 3.553782684632291605e-02 1.254708178597825907e-01 1.748830469975302254e-02 0.000000000000000000e+00 1.295955789266563851e+00 2.496796675712643562e-02 1.421734504123351812e+09 2.260390011458376646e+08
6.900000000000000000e+01 7.100000000000500000e+13 0.000000000000000000e+00 1.199091353128907578e+00 1.094897107549409748e-01 9.987055065355641970e-02 8.689015089292000116e-02 0.000000000000000000e+00 1.277628251074348187e+00 1.610879556050175132e-01 1.270518401590654373e+09 1.105386271568657398e+09
7.000000000000000000e+01 7.100000000000200000e+13 0.000000000000000000e+00 1.248557370411853329e+00 6.089589971538188901e-02 1.138924132351392809e-01 4.548944635623604349e-02 0.000000000000000000e+00 1.359716934716068470e+00 6.915918050042976772e-02 5.353272974762592912e+08 2.956795341476984024e+08
7.100000000000000000e+01 7.100000000000100000e+13 0.000000000000000000e+00 1.259743216562431822e+00 1.087730168870631453e-01 2.209933089171780551e-01 7.664824282902393815e-02 0.000000000000000000e+00 1.149005398479617357e+00 1.703694015007219675e-01 2.715625670757432461e+09 1.068092717579582334e+09
7.200000000000000000e+01 7.100000000000400000e+13 0.000000000000000000e+00 1.212461567513147598e+00 1.439756756971902717e-02 4.816524502068494917e-02 2.363285044758154166e-02 0.000000000000000000e+00 1.224055011053004627e+00 1.654859679312729176e-02 6.766572134295644760e+08 3.320099113456301689e+08
7.300000000000000000e+01 7.100000000000100000e+13 0.000000000000000000e+00 1.154600358961824780e+00 1.143981328386122903e-01 1.177991216156412252e-01 2.622529734745015356e-02 0.000000000000000000e+00 1.157696176098097496e+00 1.468523735059222013e-01 9.076635537748577595e+08 3.066216072004302740e+08
7.400000000000000000e+01 7.100000000000100000e+13 1.000000000000000000e+00 1.105810075858957964e+00 3.165168271578008147e-02 5.645983513176026924e-02 2.200199991045177078e-02 0.000000000000000000e+00 1.159717778855815284e+00 6.408999209470074565e-02 7.462547918890545368e+08 3.192246537358290553e+08
7.500000000000000000e+01 7.100000000000100000e+13 0.000000000000000000e+00 1.568616639288756609e+00 6.218688784620006460e-02 1.300142596805535788e-01 2.717711739892885933e-02 0.000000000000000000e+00 1.726427078322441577e+00 6.824395141513892038e-02 1.461811092245356321e+09 4.067147094905891418e+08
7.600000000000000000e+01 7.100000000000100000e+13 0.000000000000000000e+00 1.076610195417505800e+00 2.451678326305015837e-02 1.290321680118173553e-01 3.207220997195521506e-02 0.000000000000000000e+00 1.083253046369822448e+00 7.142491594734513838e-02 8.960339938033270836e+08 3.417162330261382461e+08
7.700000000000000000e+01 7.100000000000100000e+13 0.000000000000000000e+00 1.168441777997374809e+00 4.716344131931012734e-02 1.591820622138007402e-01 6.156522857928194842e-02 0.000000000000000000e+00 1.372071261104972573e+00 5.286343093860778469e-02 2.151875027806137562e+09 8.322588369473189116e+08
7.800000000000000000e+01 7.100000000000500000e+13 0.000000000000000000e+00 1.202446543683116653e+00 3.208425085784674669e-02 1.043933930238786362e-01 2.614062262498461839e-02 0.000000000000000000e+00 1.369461420028650345e+00 3.479735524309934824e-02 9.391931560409591198e+08 2.034633575855717659e+08
7.900000000000000000e+01 7.100000000000100000e+13 0.000000000000000000e+00 1.064412697050040935e+00 1.196957050956447832e-01 2.904680709948059825e-01 1.584876589649299172e-01 0.000000000000000000e+00 1.389163567894726281e+00 4.396123069557658636e-02 1.178790633007268667e+09 2.022968825156142116e+08
8.000000000000000000e+01 7.100000000000600000e+13 0.000000000000000000e+00 1.205656754634745420e+00 1.294641767243090089e-02 1.020772582307841042e-01 3.021958153469492953e-02 0.000000000000000000e+00 1.223860902354157343e+00 2.961238471300499039e-02 1.119901431365957499e+09 4.076366698029574156e+08
8.100000000000000000e+01 7.100000000000100000e+13 0.000000000000000000e+00 1.526592516141142664e+00 9.895292645090422723e-02 1.242255967356227786e-01 4.612106287837705598e-02 0.000000000000000000e+00 1.557635022331187225e+00 1.300879237305866409e-01 1.504065876395232201e+09 6.453866991473886967e+08
8.200000000000000000e+01 7.100000000000200000e+13 0.000000000000000000e+00 1.320846739039756690e+00 6.229626016569053681e-02 1.605684844182841409e-01 2.939138891833715031e-02 0.000000000000000000e+00 1.214370289215165100e+00 8.801348252947807649e-02 1.936604634801372290e+09 4.184961482941598892e+08
8.300000000000000000e+01 7.100000000000100000e+13 0.000000000000000000e+00 1.112583299262701386e+00 1.285209609493466465e-01 2.602641766967692671e-01 7.130887314191429460e-02 0.000000000000000000e+00 1.480407243277157558e+00 1.514942138590591181e-01 1.439264348561261415e+09 3.341959916883862615e+08
8.400000000000000000e+01 7.100000000002300000e+13 0.000000000000000000e+00 1.479919687745682610e+00 9.397786796938056852e-02 1.618200203149736116e-01 7.349780531178604082e-02 0.000000000000000000e+00 1.432553310266029278e+00 1.241042478440406993e-01 2.190388480097254276e+09 9.948629703173398972e+08
8.500000000000000000e+01 7.100000000000100000e+13 0.000000000000000000e+00 1.206387568246031217e+00 3.992290733627115729e-02 1.757943087807163629e-01 5.620465037677730563e-02 0.000000000000000000e+00 1.608234193546717039e+00 8.688298004133186703e-02 1.735654269522540331e+09 6.058303122406386137e+08
8.600000000000000000e+01 7.100000000001000000e+13 0.000000000000000000e+00 6.157664178800785759e-01 1.857174100339835099e-01 7.413073888560348101e-02 3.015891111095277827e-02 0.000000000000000000e+00 1.814710419800145136e+00 8.115612213714705481e-02 2.253945529060485661e+08 1.337166733339786530e+08
8.700000000000000000e+01 7.100000000000100000e+13 0.000000000000000000e+00 1.253844860872727951e+00 9.345326678910541307e-02 1.016733997663876454e-01 2.098017827846681421e-02 0.000000000000000000e+00 1.148515574353347501e+00 1.033669408043890736e-01 1.175061673721914768e+09 2.649036787119553089e+08
8.800000000000000000e+01 7.100000000000200000e+13 0.000000000000000000e+00 1.114748093686454888e+00 4.167634080716560441e-02 1.397660078186599431e-01 7.437139047477511755e-02 0.000000000000000000e+00 1.139926886454085242e+00 1.168370326893992950e-02 7.671483971335252523e+08 2.378464748881073892e+08
8.900000000000000000e+01 7.100000000000200000e+13 0.000000000000000000e+00 1.159697756203737162e+00 5.334262456994047497e-02 4.378215196585944630e-02 1.074652996978190701e-02 0.000000000000000000e+00 1.355743774441042548e+00 1.961651921460984271e-02 3.237351461784931421e+08 1.830526416196312010e+08
9.000000000000000000e+01 7.100000000000400000e+13 0.000000000000000000e+00 1.360437796866864169e+00 1.495390381407767089e-01 2.722931495186325379e-01 1.478475745225368565e-01 0.000000000000000000e+00 1.516772161990885603e+00 1.286669348744676755e-01 1.129121618456372738e+09 3.794788830671655536e+08
9.100000000000000000e+01 7.100000000000700000e+13 0.000000000000000000e+00 1.430599883166418618e+00 1.199835451195218339e-01 1.238424135551636912e-01 7.159947864755041025e-02 0.000000000000000000e+00 1.403973755065906825e+00 1.264094451286043586e-01 1.196927554940824509e+09 1.043431975289159894e+09
9.200000000000000000e+01 7.100000000000100000e+13 0.000000000000000000e+00 1.350947335018845008e+00 1.312598165020126828e-01 2.303301855305574797e-01 1.251346014278721941e-01 0.000000000000000000e+00 1.241024346857573901e+00 2.024179895902340487e-01 2.794974990609787941e+09 1.565487868632271528e+09
9.300000000000000000e+01 7.100000000000200000e+13 0.000000000000000000e+00 1.293027915541730355e+00 1.603535441508518733e-01 2.856611870653009699e-01 1.403801342724747270e-01 0.000000000000000000e+00 1.529093728009743858e+00 2.139634602051470880e-01 1.417183500095766306e+09 9.239254709421361685e+08
9.400000000000000000e+01 7.100000000001300000e+13 0.000000000000000000e+00 1.291421308551965685e+00 3.588034953436457924e-02 4.188367855603746664e-02 2.050045741273245556e-02 0.000000000000000000e+00 1.222578711351036906e+00 3.503924573735026776e-02 5.390621927141420841e+08 2.638503088921605051e+08
9.500000000000000000e+01 7.100000000000100000e+13 0.000000000000000000e+00 1.586427169626389855e+00 1.431703380965307637e-01 3.994203810430488333e-01 9.875738553535834408e-02 0.000000000000000000e+00 1.257898831076211588e+00 1.191868563094821004e-01 1.775001820322138548e+09 6.281014796564003229e+08
9.600000000000000000e+01 7.100000000005700000e+13 1.000000000000000000e+00 1.082935680918430066e+00 3.671509931408589722e-02 3.371635126199020588e-02 3.371635126199020588e-02 0.000000000000000000e+00 1.099754726546787520e+00 2.909843363434184635e-02 3.706593197669947743e+08 3.706593197669947743e+08
9.700000000000000000e+01 7.100000000001000000e+13 0.000000000000000000e+00 1.089290255630323889e+00 1.137032856032475364e-01 1.788395098057421750e-01 1.204637103974150331e-01 0.000000000000000000e+00 1.222476951396387790e+00 3.913821333795978324e-02 5.952098351130230427e+08 2.292387757638988197e+08
9.800000000000000000e+01 7.100000000000200000e+13 0.000000000000000000e+00 1.246505853494491278e+00 5.592063117459450394e-02 6.954840853024958636e-02 1.080425240151831022e-02 0.000000000000000000e+00 1.251377131467710679e+00 6.937258284644047535e-02 6.335219551168718338e+08 1.515945730627722442e+08
9.900000000000000000e+01 7.100000000000200000e+13 0.000000000000000000e+00 9.326198145726318778e-01 1.520681311678349634e-01 3.359341546623794139e-01 1.516929260450160799e-01 0.000000000000000000e+00 1.173477828277510904e+00 1.299950124124233664e-01 1.113997248302381754e+09 3.423868137938119769e+08
1.000000000000000000e+02 7.100000000000900000e+13 0.000000000000000000e+00 1.308451009834913359e+00 1.041169324796641926e-01 1.761929884039520611e-01 8.171633271524644804e-02 0.000000000000000000e+00 1.135431213374884507e+00 1.694376300034591554e-01 2.024011964990762234e+09 1.110642071351209879e+09
1.010000000000000000e+02 7.100000000000700000e+13 0.000000000000000000e+00 2.434984042324694453e+00 2.780775347299843103e-01 3.797549555344987837e-01 2.182495457825145702e-01 0.000000000000000000e+00 2.556228053577490833e+00 2.065738942249243648e-01 1.999348893386929274e+09 9.262769194436380863e+08
1.020000000000000000e+02 7.100000000000500000e+13 0.000000000000000000e+00 1.222861372765747578e+00 3.859907848009427878e-02 4.178508011461653376e-02 2.116195432882079369e-02 0.000000000000000000e+00 1.205340805830358741e+00 2.258651351262152066e-02 6.094409691405384541e+08 3.390334709557042122e+08
1.030000000000000000e+02 7.100000000000200000e+13 0.000000000000000000e+00 1.264430728080875754e+00 7.330863545765854694e-02 3.594126472538374251e-01 1.778387648375533980e-01 0.000000000000000000e+00 1.501347034197680008e+00 7.417423757800331585e-02 1.721917968039276361e+09 6.478009812559946775e+08
1.040000000000000000e+02 7.100000000000100000e+13 0.000000000000000000e+00 1.220602195006689206e+00 3.322464987771058670e-02 1.001253441468700489e-01 2.456457002786368790e-02 0.000000000000000000e+00 1.159877845773395144e+00 3.525040373364012047e-02 1.083260525863415718e+09 3.571294604435579777e+08
1.050000000000000000e+02 7.100000000000700000e+13 0.000000000000000000e+00 1.894858914143256357e+00 1.522210654779019567e-01 2.453401854854047881e-01 8.204133571228025557e-02 0.000000000000000000e+00 2.248346620500239812e+00 1.471236979599326034e-01 3.282517182908339977e+09 1.443511038367103577e+09
1.060000000000000000e+02 7.100000000000100000e+13 0.000000000000000000e+00 1.346332675047939187e+00 1.050279514537674486e-01 1.693090095572007403e-01 4.832398862215010749e-02 0.000000000000000000e+00 1.129479257554755867e+00 1.531143280944600171e-01 2.137768027836027384e+09 6.653836309599666595e+08
1.070000000000000000e+02 7.100000000000100000e+13 0.000000000000000000e+00 1.114655672197625069e+00 6.206366201784623005e-02 1.525875146256458481e-01 5.582992588009590140e-02 0.000000000000000000e+00 8.861871527036527807e-01 6.142123581008878536e-02 1.854122058772030115e+09 7.382719811184138060e+08
1.080000000000000000e+02 7.100000000000100000e+13 0.000000000000000000e+00 1.445737324925674638e+00 9.314977114701804284e-02 1.339940105422438021e-01 3.270793495069754947e-02 0.000000000000000000e+00 1.517329319023022371e+00 1.211265335754948408e-01 1.565872380345611811e+09 4.174123060984177589e+08
1.090000000000000000e+02 7.100000000000200000e+13 0.000000000000000000e+00 1.443931868671077812e+00 2.418806940055620303e-01 2.866132128342458452e-01 1.472301439828293812e-01 0.000000000000000000e+00 1.341967424872169579e+00 3.152743894368548738e-01 3.873129170707649708e+09 2.284809077552803040e+09
1.100000000000000000e+02 7.100000000000300000e+13 0.000000000000000000e+00 1.269877299278814320e+00 1.143444942080781845e-01 1.883951761548328663e-01 6.009252056728089236e-02 0.000000000000000000e+00 1.351682043754328433e+00 3.450584036128383908e-02 1.265773738877956629e+09 5.195492185600283146e+08
1.110000000000000000e+02 7.100000000000100000e+13 0.000000000000000000e+00 8.321494966465829979e-01 1.466983812904881224e-01 4.745429795638744230e-01 3.613636636793038925e-01 0.000000000000000000e+00 1.573538436367077908e+00 3.541444239543799916e-02 1.190278653368262529e+09 6.289324158164786100e+08
1.120000000000000000e+02 7.100000000000900000e+13 0.000000000000000000e+00 1.403804763101340614e+00 7.358954296690770058e-02 1.461161606730234097e-01 8.919314527157663763e-02 0.000000000000000000e+00 1.607030445797436258e+00 1.171087871784335654e-01 1.454883852610328197e+09 1.317070644002099514e+09
1.130000000000000000e+02 7.100000000000600000e+13 0.000000000000000000e+00 1.367270694544558740e+00 3.993396276905799430e-02 1.722796019024132597e-01 5.585315013798367728e-02 0.000000000000000000e+00 1.355085053374526449e+00 6.171730183331021469e-02 2.083364993523557425e+09 6.844250241517112255e+08
1.140000000000000000e+02 7.100000000000200000e+13 0.000000000000000000e+00 1.084169313138501956e+00 8.307071779204149020e-02 1.087474402938752305e-01 3.566527259097954788e-02 0.000000000000000000e+00 1.419246824060310441e+00 6.788004174491278631e-02 4.966827609553899169e+08 1.540149476170555353e+08
1.150000000000000000e+02 7.100000000000100000e+13 0.000000000000000000e+00 1.645955845785493699e+00 9.293200005475582559e-02 1.105999012468344422e-01 4.935725623720146893e-02 0.000000000000000000e+00 1.753416477556470232e+00 9.171265392362291935e-02 1.253692618832136631e+09 6.811032778928281069e+08
1.160000000000000000e+02 7.100000000000300000e+13 0.000000000000000000e+00 1.168537997358715996e+00 2.227021583950516970e-02 6.500024962652031779e-02 1.345644401261189907e-02 0.000000000000000000e+00 1.137277046297512140e+00 3.389780097228796418e-02 5.282064419118983150e+08 1.798374217315849066e+08
1.170000000000000000e+02 7.100000000000200000e+13 0.000000000000000000e+00 1.077806400700295431e+00 1.210621289303148579e-01 2.022448198404170061e-01 6.094961018770433947e-02 0.000000000000000000e+00 1.000147792629545451e+00 8.216486330451830411e-02 1.898178349280328751e+09 8.434244375039345026e+08
1.180000000000000000e+02 7.100000000000100000e+13 0.000000000000000000e+00 1.160638974380591826e+00 3.607868556303790719e-02 8.766653827169199054e-02 2.763388922187356642e-02 0.000000000000000000e+00 1.450993019106240567e+00 3.726565846354120554e-02 8.420617274020116329e+08 4.040084980062593818e+08
1.190000000000000000e+02 7.100000000000100000e+13 0.000000000000000000e+00 1.147332794058070871e+00 4.655032779984583091e-02 1.247095541713135469e-01 2.741724015994342206e-02 0.000000000000000000e+00 1.489485245565380422e+00 6.886313016722517277e-02 1.226596289737766743e+09 4.112921107654445171e+08
1.200000000000000000e+02 7.100000000000100000e+13 0.000000000000000000e+00 8.629277279603728701e-01 3.304627757866158283e-02 2.145777424450613646e-01 1.201953581410130645e-01 0.000000000000000000e+00 1.183891388478575779e+00 3.854884958118920402e-02 1.018243457042743683e+09 4.301299138178783059e+08
1.210000000000000000e+02 7.100000000000200000e+13 0.000000000000000000e+00 1.365863109992488500e+00 2.155701659143345050e-01 1.823669141674222893e-01 1.509110194864074217e-01 0.000000000000000000e+00 1.316586027956055505e+00 7.272948468176458625e-02 6.219092038588994741e+08 6.219092038588994741e+08
1.220000000000000000e+02 7.100000000000100000e+13 0.000000000000000000e+00 1.201647693661717753e+00 3.627946487797898550e-02 1.251529957797691828e-01 2.495957437487526798e-02 0.000000000000000000e+00 1.301520766469150825e+00 5.083394734913219276e-02 1.312474715582412481e+09 3.568791900042938590e+08
1.230000000000000000e+02 7.100000000020000000e+13 0.000000000000000000e+00 1.155019562368125197e+00 9.069897048006643481e-02 1.467743742148441555e-01 1.363597693945899081e-01 0.000000000000000000e+00 1.074366861315322108e+00 3.569252156633957729e-02 1.549684734291056395e+08 1.549684734291056395e+08
1.240000000000000000e+02 7.100000000000100000e+13 0.000000000000000000e+00 1.348183818693619695e+00 1.381893623275824989e-01 1.030699298443183004e-01 3.018888770525482781e-02 0.000000000000000000e+00 1.259124213098400613e+00 1.001483088841955832e-01 9.828899504241828918e+08 4.124080658812848330e+08
1.250000000000000000e+02 7.100000000000600000e+13 0.000000000000000000e+00 1.283125860365207149e+00 1.050351342174704050e-01 5.591185125900387937e-02 3.492987748568614215e-02 0.000000000000000000e+00 1.536722697081139621e+00 7.271704399631134796e-02 9.350066213250416517e+08 5.841278010970817804e+08
1.260000000000000000e+02 7.100000000000100000e+13 0.000000000000000000e+00 1.247309286363867731e+00 6.087220385086765384e-02 1.064496326165630391e-01 1.802245636530820649e-02 0.000000000000000000e+00 1.223988179927120168e+00 5.130149393608116060e-02 1.199746467061286688e+09 2.492084883643110394e+08
1.270000000000000000e+02 7.100000000000600000e+13 0.000000000000000000e+00 1.235011625288660930e+00 4.974323706709292414e-02 7.356473581012075436e-02 4.207745861699069972e-02 0.000000000000000000e+00 1.293617467379569952e+00 5.108858274711958192e-02 9.192932971975142956e+08 5.761759770504800081e+08
1.280000000000000000e+02 7.100000000000100000e+13 0.000000000000000000e+00 1.194053710216252950e+00 5.393964208400399418e-02 1.214130794823413267e-01 2.706586746497936444e-02 0.000000000000000000e+00 1.301588170837292724e+00 7.434801706385109343e-02 1.347278307301283836e+09 3.527399908761106133e+08
1.290000000000000000e+02 7.100000000000100000e+13 0.000000000000000000e+00 1.217326593471121265e+00 7.091969700579630817e-03 5.681258485359756694e-02 4.404882150132323829e-03 0.000000000000000000e+00 1.301014601957358741e+00 4.293518389232474017e-03 4.092598434953563809e+08 5.815184331048394740e+07
1.300000000000000000e+02 7.100000000003200000e+13 0.000000000000000000e+00 1.352493107054489663e+00 3.504366690785265526e-02 9.709772964033384912e-02 6.752222325811407799e-02 0.000000000000000000e+00 1.583416016963008932e+00 5.666059297973215225e-02 5.202696989138624668e+08 3.229711369762779474e+08
1.310000000000000000e+02 7.100000000000100000e+13 0.000000000000000000e+00 1.148093170569701726e+00 7.281684818848271901e-02 1.547001038769560688e-01 4.978567838354052560e-02 0.000000000000000000e+00 1.184414394319112773e+00 8.236008548217775560e-02 1.595929117831259489e+09 7.775058104222460985e+08
1.320000000000000000e+02 7.100000000002800000e+13 0.000000000000000000e+00 1.311400967415609298e+00 9.138630409359696505e-02 5.929056888652049079e-02 3.234591894842980125e-02 0.000000000000000000e+00 1.263824446753373687e+00 4.130823570065420697e-02 4.325394566649256647e+07 4.325394566649256647e+07
1.330000000000000000e+02 7.100000000000100000e+13 0.000000000000000000e+00 1.151569929170252804e+00 2.190083450898720058e-02 9.150893918769642532e-02 2.714753023511050009e-02 0.000000000000000000e+00 1.329432963285096525e+00 3.649694062234494496e-02 1.013073136595001221e+09 3.890156255204667449e+08
1.340000000000000000e+02 7.100000000000500000e+13 0.000000000000000000e+00 1.384266399190453800e+00 6.187687430104357039e-02 2.576301751686773112e-01 7.468277939388565101e-02 0.000000000000000000e+00 1.257647006851549731e+00 5.748033236046581201e-02 2.453142503053287983e+09 9.534212097448093891e+08
1.350000000000000000e+02 7.100000000000100000e+13 0.000000000000000000e+00 1.138616097634328472e+00 5.499738693014950830e-02 1.691857298317569758e-01 3.968918099962662899e-02 0.000000000000000000e+00 1.311329139721152393e+00 4.748944851830770586e-02 1.460051912508997202e+09 3.910329824681390524e+08
1.360000000000000000e+02 7.100000000001900000e+13 0.000000000000000000e+00 1.053428642840864127e+00 1.375115712071490193e-01 1.437007370150888974e-01 1.215215875703401227e-01 0.000000000000000000e+00 1.436267693702341086e+00 8.248320718412679997e-02 3.197215729908311963e+08 3.197215729908311963e+08
1.370000000000000000e+02 7.100000000000100000e+13 0.000000000000000000e+00 1.175009169779728024e+00 1.104060400538179054e-01 7.560093298119378857e-02 1.559104667220420626e-02 0.000000000000000000e+00 1.277515651893784021e+00 1.183847486332088722e-01 8.734974423807247877e+08 2.102977811331747770e+08
1.380000000000000000e+02 7.100000000000100000e+13 0.000000000000000000e+00 1.110039981504771678e+00 3.215296075768205725e-02 1.271479062758216483e-01 3.399805620975462211e-02 0.000000000000000000e+00 1.409291779178384774e+00 4.051691281192330157e-02 1.454449505925052881e+09 5.291626980043266416e+08
1.390000000000000000e+02 7.100000000000300000e+13 0.000000000000000000e+00 1.023478618112678040e+00 1.000041501932216886e-01 7.594443766564701326e-02 3.177485627372973048e-02 0.000000000000000000e+00 1.357169245019133497e+00 8.765306734657932197e-02 6.601332437757922411e+08 5.683959500824111700e+08
1.400000000000000000e+02 7.100000000000300000e+13 0.000000000000000000e+00 1.257945830225809525e+00 7.314566680896242290e-02 1.464051159855331574e-01 5.159232318982466536e-02 0.000000000000000000e+00 1.577930494823222451e+00 1.105652960905385701e-01 1.464799229102585554e+09 8.303469070157450438e+08
1.410000000000000000e+02 7.100000000000200000e+13 0.000000000000000000e+00 1.640896325098212261e+00 1.759807087446895457e-01 1.115567721566991521e-01 6.943864006977890080e-02 0.000000000000000000e+00 1.484915164216741079e+00 1.170848077424865019e-01 1.483436158218900681e+09 9.478093529004107714e+08
1.420000000000000000e+02 7.100000000000900000e+13 0.000000000000000000e+00 1.581417514303697036e+00 1.236084862682189228e-01 1.065712687637441480e-01 3.649844848716633783e-02 0.000000000000000000e+00 1.770373761637979326e+00 5.473013161522732872e-02 5.942716741309202909e+08 3.942847942501250505e+08
1.430000000000000000e+02 7.100000000000100000e+13 0.000000000000000000e+00 1.155351706015491198e+00 4.530100222166371510e-02 1.196865903903137490e-01 1.365834432109792537e-02 0.000000000000000000e+00 1.094770646676033188e+00 4.940030766475090457e-02 1.151163600301079035e+09 1.875535764159088135e+08
1.440000000000000000e+02 7.100000000000400000e+13 0.000000000000000000e+00 1.099637080906946673e+00 3.450004890400545920e-02 1.086872349640112256e-01 2.947974868854458946e-02 0.000000000000000000e+00 1.088525843835645990e+00 5.143047951527585093e-02 1.375485850940539122e+09 4.483881530806753635e+08
1.450000000000000000e+02 7.100000000000100000e+13 1.000000000000000000e+00 1.127404076290638990e+00 2.080628719410155744e-02 7.888783775998156611e-02 1.100249339043485493e-02 0.000000000000000000e+00 1.311186026116084369e+00 1.717459684295572289e-02 5.635987916930751801e+08 1.630827097209404111e+08
1.460000000000000000e+02 7.100000000000100000e+13 0.000000000000000000e+00 1.381306848290613898e+00 3.860111398657119219e-02 1.622437216922509584e-01 3.721277172387019161e-02 0.000000000000000000e+00 1.379975150598191203e+00 5.509772714409193889e-02 1.766980803340497255e+09 4.526942113233439326e+08
1.470000000000000000e+02 7.100000000000200000e+13 0.000000000000000000e+00 1.574951500596647902e+00 8.286650500049975998e-02 2.015601894367080593e-01 4.132024421862585256e-02 0.000000000000000000e+00 1.305903114356262051e+00 1.296527560963075254e-01 1.950311459005343437e+09 5.782138746045801640e+08
1.480000000000000000e+02 7.100000000000500000e+13 0.000000000000000000e+00 1.191303449661375025e+00 1.930677907849193478e-02 1.320495901334181772e-02 1.213727653640738965e-02 0.000000000000000000e+00 1.404185859331962938e+00 3.033715413003515091e-02 2.184054675917226076e+08 2.007463676748847067e+08
1.490000000000000000e+02 7.100000000000300000e+13 0.000000000000000000e+00 1.206997590120980179e+00 5.054698896744369563e-02 9.937126076742365532e-02 1.752843345638960271e-02 0.000000000000000000e+00 1.256429227103102564e+00 5.554481510160235586e-02 9.104655362671509981e+08 1.716106268104845881e+08
1.500000000000000000e+02 7.100000000000100000e+13 0.000000000000000000e+00 1.285502773543979904e+00 8.420558840646427679e-02 7.172884629457969285e-02 2.562643313655656868e-02 0.000000000000000000e+00 1.267962775521646490e+00 8.360184111083297787e-02 9.143675314975100756e+08 3.361534488772609830e+08
1.510000000000000000e+02 7.100000000000100000e+13 0.000000000000000000e+00 1.115138131819137124e+00 1.473310484029947687e-01 1.999800045843928009e-01 1.486052251416630776e-01 0.000000000000000000e+00 7.156759878982731360e-01 1.146976232361963249e-01 2.835997469814519882e+09 2.458643613616811275e+09
1.520000000000000000e+02 7.100000000000100000e+13 0.000000000000000000e+00 1.195303992219422851e+00 2.262528458498756431e-02 5.949257568277557112e-02 1.487569682926917145e-02 0.000000000000000000e+00 1.381536313284345896e+00 3.140652544581367528e-02 6.938633057228686810e+08 1.976593165270245373e+08
1.530000000000000000e+02 7.100000000000100000e+13 0.000000000000000000e+00 1.761054347391349584e+00 8.405050485797437021e-02 8.710002966801862201e-02 1.499498648039657503e-02 0.000000000000000000e+00 1.980405096305391188e+00 9.514759273730505340e-02 8.298846123101781607e+08 1.852889855710519552e+08
1.540000000000000000e+02 7.100000000000200000e+13 0.000000000000000000e+00 1.062807237039608443e+00 9.899451043377834047e-02 8.838131476656273244e-02 3.461219085045491584e-02 0.000000000000000000e+00 1.231689133444691331e+00 9.586015511109859111e-02 1.167601130451087475e+09 4.572599227689862847e+08
1.550000000000000000e+02 7.100000000000200000e+13 0.000000000000000000e+00 1.266494190982105472e+00 1.328209893653309881e-01 1.517148756212859662e-01 5.368785621407478476e-02 0.000000000000000000e+00 1.244524540737925067e+00 1.861746132457408609e-01 1.842375217911798716e+09 6.618240618821103573e+08
1.560000000000000000e+02 7.100000000000100000e+13 0.000000000000000000e+00 1.222948435574639614e+00 1.972221129411163426e-02 6.832308748343117466e-02 1.230909549958972456e-02 0.000000000000000000e+00 1.161001597255231665e+00 5.509112084865949027e-02 7.821532736146212816e+08 1.798503548999999166e+08
1.570000000000000000e+02 7.100000000000100000e+13 0.000000000000000000e+00 8.810503946059374814e-01 1.397669704647583611e-01 4.889201762698523468e-01 2.348151082526810651e-01 0.000000000000000000e+00 1.148101312066861279e+00 4.662393835896427863e-02 1.153246929591856241e+09 3.290468795905883312e+08
1.580000000000000000e+02 7.100000000000700000e+13 0.000000000000000000e+00 1.977567845292776072e+00 1.603411365744137479e-02 1.387146009837959271e-01 5.563098479083030540e-02 0.000000000000000000e+00 2.149684442558772002e+00 4.158619759168070973e-02 1.449528559856633186e+09 7.239100075745222569e+08
1.590000000000000000e+02 7.100000000000500000e+13 0.000000000000000000e+00 1.019070864223698969e+00 1.404682438980770220e-01 1.604249429889826051e-01 5.347331724994563301e-02 0.000000000000000000e+00 1.100105947716557786e+00 1.743775491268623468e-01 1.398299559522737026e+09 7.877117882616920471e+08
1.600000000000000000e+02 7.100000000000100000e+13 0.000000000000000000e+00 1.305654469158483044e+00 8.444917824588878130e-02 2.134802480174305406e-01 3.897630106719866816e-02 0.000000000000000000e+00 1.265815394533696958e+00 7.215938732086854546e-02 1.555396513531822443e+09 4.145640435051043034e+08
1.610000000000000000e+02 7.100000000000100000e+13 0.000000000000000000e+00 1.248855177248312520e+00 3.767683009743642147e-02 1.141411633911261769e-01 2.745325578617565862e-02 0.000000000000000000e+00 1.397525273547054248e+00 6.793700904831664888e-02 1.358317497260058165e+09 3.997371119028041363e+08
1.620000000000000000e+02 7.100000000000400000e+13 0.000000000000000000e+00 1.905872198975646636e+00 1.977811896578071660e-01 2.563868738372884204e-01 1.382798675076001571e-01 0.000000000000000000e+00 1.422331973632615654e+00 2.026130475614131288e-01 1.419353338679504633e+09 8.016758411498311758e+08
1.630000000000000000e+02 7.100000000000300000e+13 0.000000000000000000e+00 1.191023306632452039e+00 5.401381555432896442e-02 4.896470765708606232e-02 2.391128996477154614e-02 0.000000000000000000e+00 1.411756886171880776e+00 4.646188347191388540e-02 4.625396206095669866e+08 3.506183611856199503e+08
1.640000000000000000e+02 7.100000000000300000e+13 0.000000000000000000e+00 1.900018052480116237e+00 1.473100154407690765e-01 2.575997184269518403e-01 9.589034486512700017e-02 0.000000000000000000e+00 1.903144693671221743e+00 2.030943142572191606e-01 3.554324626474140644e+09 1.414394358099623203e+09
1.650000000000000000e+02 7.100000000000200000e+13 0.000000000000000000e+00 1.370644066269107508e+00 9.190003084872662431e-02 1.541714005804925292e-01 7.254758168765600146e-02 0.000000000000000000e+00 1.123351551166531070e+00 1.127441239269669215e-01 1.985217879438513279e+09 9.761879293219174147e+08
1.660000000000000000e+02 7.100000000000100000e+13 0.000000000000000000e+00 1.284510308171481263e+00 2.209963343209254971e-01 2.461813948530531537e-01 1.633339424394700812e-01 0.000000000000000000e+00 1.681813283211286869e+00 1.236162400996280303e-01 9.447847185526566505e+08 3.746021689236599207e+08
1.670000000000000000e+02 7.100000000000300000e+13 1.000000000000000000e+00 1.137569219981650948e+00 2.742912796167253087e-02 3.683434528749690573e-02 1.188689410154486828e-02 0.000000000000000000e+00 1.191362872611904766e+00 2.387634564345470292e-02 3.196575945948576331e+08 1.607225479861031175e+08
1.680000000000000000e+02 7.100000000004400000e+13 0.000000000000000000e+00 9.569396192273088575e-01 1.242504876589395901e-01 1.366829573241211404e-01 8.191704462945537113e-02 0.000000000000000000e+00 1.052917558162948186e+00 1.508582852494142756e-01 1.327928478585769415e+09 1.327928478585769415e+09
1.690000000000000000e+02 7.100000000000100000e+13 0.000000000000000000e+00 1.363503968115212350e+00 2.509609461364221694e-01 1.677912304238493579e-01 4.223776553788486515e-02 0.000000000000000000e+00 1.177792436831032186e+00 3.343393698667831981e-01 2.005296485490206003e+09 5.185513963198242188e+08
1.700000000000000000e+02 7.100000000001100000e+13 0.000000000000000000e+00 1.372313486687983364e+00 9.981163546240123807e-02 1.589666875719746297e-01 4.100486048410205420e-02 0.000000000000000000e+00 1.419893556191514694e+00 8.114316104215911485e-02 1.534736597912117481e+09 5.940064695471478701e+08
1.710000000000000000e+02 7.100000000000700000e+13 0.000000000000000000e+00 1.415729719777504281e+00 8.033122398789827034e-02 6.718078087649402563e-02 2.186163173393382980e-02 0.000000000000000000e+00 1.449428195476301084e+00 3.567619214136093925e-02 5.417800260705916882e+08 3.580133350342517495e+08
1.720000000000000000e+02 7.100000000000200000e+13 0.000000000000000000e+00 1.302161974021267765e+00 1.057140499756061280e-01 9.738353358011192507e-02 2.975465422479665889e-02 0.000000000000000000e+00 1.542926469496922470e+00 1.165268860036172832e-01 7.279613273446959257e+08 3.759398901447221637e+08
1.730000000000000000e+02 7.100000000000100000e+13 0.000000000000000000e+00 8.143839002297742491e-01 1.469035355322716174e-01 1.527509074271239942e-01 4.540441048551526609e-02 0.000000000000000000e+00 1.255964810586938984e+00 8.075186322578208065e-02 6.869418476565380096e+08 3.499026062441781163e+08
1.740000000000000000e+02 7.100000000000100000e+13 0.000000000000000000e+00 1.244581769351425171e+00 8.635785336217752239e-02 1.038995644808110297e-01 3.274447116873742403e-02 0.000000000000000000e+00 1.166277155856380254e+00 9.435953616039609304e-02 1.229808144387810707e+09 4.272135361170278788e+08
1.750000000000000000e+02 7.100000000000500000e+13 0.000000000000000000e+00 1.140376847647056158e+00 7.289302197721697629e-02 1.266876717791112772e-01 4.797891481312183126e-02 0.000000000000000000e+00 1.226367048340196719e+00 6.323907134051631740e-02 7.632026701578083038e+08 4.167726356328306794e+08
1.760000000000000000e+02 7.100000000000100000e+13 1.000000000000000000e+00 1.011564977359198370e+00 2.340901925805534411e-02 7.288310030939698647e-02 1.442992399445979478e-02 0.000000000000000000e+00 1.252308254120712672e+00 3.591147653841846032e-02 6.130933390578935146e+08 2.606246473614684641e+08
1.770000000000000000e+02 7.100000000004200000e+13 0.000000000000000000e+00 1.174475132017459567e+00 1.567304103124647630e-01 1.791932352290967756e-01 1.477763146512365566e-01 0.000000000000000000e+00 9.666166414280839003e-01 1.655743663851001191e-01 1.861029775362193108e+09 1.534746115318684578e+09
1.780000000000000000e+02 7.100000000000100000e+13 0.000000000000000000e+00 1.697896400268777084e+00 1.630278701219612936e-01 2.004426147387990964e-01 6.288648955712779209e-02 0.000000000000000000e+00 1.467478198904958786e+00 2.130977496322601639e-01 2.179132492437037945e+09 7.469284714162704945e+08
1.790000000000000000e+02 7.100000000000100000e+13 0.000000000000000000e+00 1.284029421113870528e+00 5.164538620727215923e-02 1.422478238045241927e-01 2.925506466545766890e-02 0.000000000000000000e+00 1.368711042970715885e+00 7.619379362438054304e-02 1.156738428927233458e+09 2.913322110656499863e+08
1.800000000000000000e+02 7.100000000000100000e+13 0.000000000000000000e+00 1.100183625567411561e+00 4.828063166501973813e-02 1.449305475884579419e-01 5.431577485329351640e-02 0.000000000000000000e+00 1.247302185150761078e+00 1.697196576223033299e-02 6.122215807622160912e+08 1.459469563724284470e+08
1.810000000000000000e+02 7.100000000000200000e+13 0.000000000000000000e+00 1.263434970857302941e+00 1.405158916736154451e-01 1.838329145793858865e-01 7.877332779609105828e-02 0.000000000000000000e+00 1.006388618623963005e+00 1.909432832522907630e-01 2.324723908809599876e+09 1.162125133451874018e+09
1.820000000000000000e+02 7.100000000000100000e+13 1.000000000000000000e+00 1.065444872742588034e+00 2.523787656013023670e-02 3.213790794827250247e-02 6.667150496908778173e-03 0.000000000000000000e+00 1.085522628577694437e+00 2.514215844765122984e-02 3.041450060744843483e+08 1.007346530382711738e+08
1.830000000000000000e+02 7.100000000000100000e+13 0.000000000000000000e+00 1.337209626586865374e+00 9.685756613119808622e-02 8.446519133467603191e-02 2.360518589334230019e-02 0.000000000000000000e+00 1.252086353176698141e+00 1.369565460614034225e-01 8.127070990559508801e+08 3.100000757211699486e+08
1.840000000000000000e+02 7.100000000000400000e+13 0.000000000000000000e+00 1.130828211473015044e+00 5.000460293567798864e-02 1.473200832979011110e-01 4.966342623014186053e-02 0.000000000000000000e+00 1.307405687323027310e+00 3.879860447159285547e-02 1.643192892537331343e+09 7.176345793699562550e+08
1.850000000000000000e+02 7.100000000000200000e+13 1.000000000000000000e+00 1.131889122947613791e+00 2.971924732407136074e-02 8.217250911047521700e-02 3.562839044194976434e-02 0.000000000000000000e+00 9.781979999263792358e-01 4.467142413545714674e-02 8.462162245169955492e+08 5.435717308392021656e+08
1.860000000000000000e+02 7.100000000000200000e+13 0.000000000000000000e+00 1.157952551413859776e+00 1.169911553654188058e-01 1.034536885245901650e-01 3.187931970069115412e-02 0.000000000000000000e+00 1.191901261583551808e+00 1.115348457549366484e-01 1.015251440013914108e+09 4.798181787284397483e+08
1.870000000000000000e+02 7.100000000000100000e+13 0.000000000000000000e+00 1.320713036298647669e+00 1.587227918826873696e-01 6.201927668366016139e-02 2.659946833640062375e-02 0.000000000000000000e+00 1.235471906294014488e+00 1.724259960319679819e-01 7.582676879519819021e+08 3.401985670444441438e+08
1.880000000000000000e+02 7.100000000000100000e+13 1.000000000000000000e+00 1.143521050194384880e+00 1.607421573956133512e-02 6.176521932565342404e-02 8.358080204314513595e-03 0.000000000000000000e+00 1.253671764036763614e+00 2.200190148522660968e-02 5.431077713766225576e+08 1.220089863626243323e+08
1.890000000000000000e+02 7.100000000001800000e+13 0.000000000000000000e+00 1.206098340792320922e+00 4.465173071541450600e-02 3.199387622467382564e-02 2.846800006499098160e-02 0.000000000000000000e+00 1.145138527390620276e+00 2.659873275751896415e-02 4.689146858064520359e+08 4.470971988689069748e+08
1.900000000000000000e+02 7.100000000000100000e+13 0.000000000000000000e+00 1.067044971024928790e+00 5.048084849008025593e-02 9.909840837053951468e-02 1.996197726730513516e-02 0.000000000000000000e+00 1.069307689628789415e+00 3.911520368464712488e-02 8.590416057779399157e+08 2.659594500842701495e+08
1.910000000000000000e+02 7.100000000000100000e+13 1.000000000000000000e+00 1.079004197770976781e+00 2.674269862134818695e-02 9.031420496427228217e-02 9.525435627428857632e-03 0.000000000000000000e+00 1.352624950789444336e+00 3.733495786103149111e-02 8.212090467341119051e+08 1.432137016711664796e+08
1.920000000000000000e+02 7.100000000006200000e+13 0.000000000000000000e+00 1.602086370693255990e+00 9.592913299112691694e-02 1.218929595015576378e-01 7.880186915887850418e-02 0.000000000000000000e+00 1.589986461711038190e+00 1.006552307755621822e-01 1.834006505491286278e+09 1.185656179595914364e+09
1.930000000000000000e+02 7.100000000000100000e+13 0.000000000000000000e+00 1.227548730990419390e+00 3.404357588603849211e-02 7.670482691440252965e-02 1.590223326967186990e-02 0.000000000000000000e+00 1.312291174088926926e+00 3.395592006599099100e-02 6.340292827273614407e+08 1.129145377843090147e+08
1.940000000000000000e+02 7.100000000000100000e+13 0.000000000000000000e+00 1.263574792761104959e+00 7.147449163023111840e-02 1.479137956176531654e-01 2.430926532740429122e-02 0.000000000000000000e+00 1.217140050519612826e+00 9.352622419794422159e-02 1.444004168576275826e+09 2.981026041418129802e+08
1.950000000000000000e+02 7.100000000000200000e+13 0.000000000000000000e+00 1.185650917695837414e+00 8.816998854827991228e-02 1.172294683308163776e-01 3.642933285955405470e-02 0.000000000000000000e+00 1.211440803428875501e+00 8.071073455977194333e-02 1.567719016180433035e+09 5.626926203482642174e+08
1.960000000000000000e+02 7.100000000000100000e+13 0.000000000000000000e+00 1.209646711402925900e+00 5.574138415905948579e-02 9.223107195703596217e-02 2.373443414629002740e-02 0.000000000000000000e+00 1.297066812685611970e+00 5.815764719799126209e-02 9.809367661610231400e+08 2.818305548683491349e+08
1.970000000000000000e+02 7.100000000000100000e+13 0.000000000000000000e+00 7.403393108687327251e-01 1.590333876794110535e-01 2.548304311268748124e-01 1.458808761094959328e-01 0.000000000000000000e+00 1.496036264894182066e+00 5.359620118404855721e-02 8.104256897592620552e+07 5.358732331722915173e+07
1.980000000000000000e+02 7.100000000000200000e+13 0.000000000000000000e+00 1.229179650929990153e+00 5.741202124138880536e-02 1.108378209083599741e-01 4.085273274620893069e-02 0.000000000000000000e+00 1.425347128186978507e+00 6.071901324933230010e-02 1.177368730253729820e+09 5.956944963347477913e+08
1.990000000000000000e+02 7.100000000000300000e+13 0.000000000000000000e+00 1.102396536051039710e+00 1.144849143651807954e-01 1.151558527642641272e-01 5.873297198587825590e-02 0.000000000000000000e+00 1.278672937919139274e+00 1.295289709501829256e-01 1.903208105356043100e+09 9.706937654658356905e+08
2.000000000000000000e+02 7.100000000000100000e+13 0.000000000000000000e+00 1.023774292661525864e+00 6.686961440619075547e-02 1.164203409869984801e-01 6.387040359296677905e-02 0.000000000000000000e+00 1.062907455914649857e+00 7.763993699880969435e-02 1.444146557051918030e+09 9.930616890344449282e+08
2.010000000000000000e+02 7.100000000000100000e+13 0.000000000000000000e+00 1.316097409096215420e+00 3.042850201605103860e-02 1.302408829781349642e-01 3.735509565464760484e-02 0.000000000000000000e+00 1.339788204373145497e+00 6.254212818792934114e-02 1.498769104641379833e+09 4.810812318335790634e+08
2.020000000000000000e+02 7.100000000000100000e+13 0.000000000000000000e+00 1.231726236923096129e+00 2.400721644731189375e-01 2.559626714756816357e-01 9.001050760074025270e-02 0.000000000000000000e+00 1.930177408845738185e+00 1.933307433606472059e-01 2.031940037672927618e+09 1.258680262179956198e+09
2.030000000000000000e+02 7.100000000000100000e+13 0.000000000000000000e+00 1.238011485158329705e+00 5.478557454485452616e-02 7.313363412312386125e-02 2.714873446607639004e-02 0.000000000000000000e+00 1.183689483980677748e+00 5.703811130422241360e-02 9.346084045519949198e+08 4.081979411288847923e+08
2.040000000000000000e+02 7.100000000000700000e+13 0.000000000000000000e+00 1.275687450136690604e+00 1.437818351282612594e-01 1.987660638800402002e-01 7.974088855512893870e-02 0.000000000000000000e+00 1.067362335759708847e+00 1.859807583560499078e-01 2.272397144940118790e+09 1.389810914814716101e+09
2.050000000000000000e+02 7.100000000000600000e+13 0.000000000000000000e+00 1.026702354184836574e+00 8.366252809017130088e-02 1.054319117053623966e-01 2.901820023081213423e-02 0.000000000000000000e+00 1.321462098666650320e+00 6.807787596207462433e-02 5.668187967100096941e+08 4.759722382618343830e+08
2.060000000000000000e+02 7.100000000000100000e+13 0.000000000000000000e+00 1.843742734526705673e+00 1.506903888980549167e-01 1.771468319500527355e-01 9.218082442813155253e-02 0.000000000000000000e+00 1.611493357076762889e+00 1.724647717936451663e-01 2.502044585074006557e+09 1.333653161888368368e+09
2.070000000000000000e+02 7.100000000000500000e+13 0.000000000000000000e+00 1.072440205775428090e+00 7.806596109750371659e-02 1.198805045550105086e-01 2.615711282410651886e-02 0.000000000000000000e+00 1.214391087089740751e+00 7.431278605000478377e-02 9.444277912561727762e+08 4.329931147610160708e+08
2.080000000000000000e+02 7.100000000001700000e+13 0.000000000000000000e+00 1.219482888493759853e+00 7.796179368857761305e-02 9.535606377489813656e-02 3.182141499759007230e-02 0.000000000000000000e+00 1.293064435329581707e+00 7.701039871324898145e-02 1.148530989638172865e+09 4.696444264654549956e+08
2.090000000000000000e+02 7.100000000000100000e+13 0.000000000000000000e+00 1.498190483710737375e+00 9.944821094842802578e-02 1.041271892057159115e-01 5.742934044398109728e-02 0.000000000000000000e+00 1.608222049807147780e+00 7.684103765309603651e-02 4.183034161481471062e+08 2.416904959008285999e+08
2.100000000000000000e+02 7.100000000000200000e+13 0.000000000000000000e+00 1.279234913761751358e+00 1.740093923476838667e-01 2.832504694054632233e-01 6.995935516280768485e-02 0.000000000000000000e+00 1.172394356151776451e+00 1.883004671970176513e-01 2.486326419769340038e+09 9.488526347821618319e+08
2.110000000000000000e+02 7.100000000000200000e+13 0.000000000000000000e+00 1.352686575412842318e+00 1.013492322764475984e-01 1.980839334800845453e-01 8.256781767804535765e-02 0.000000000000000000e+00 1.356703805729151169e+00 1.104584212949189376e-01 2.312422922697611332e+09 1.187574879403543234e+09
2.120000000000000000e+02 7.100000000000200000e+13 0.000000000000000000e+00 1.367946855139615225e+00 1.144854282563324138e-01 4.958941226612743891e-03 3.234413519370269233e-03 0.000000000000000000e+00 1.448898524756087491e+00 3.311905978705582954e-02 7.356092774528007209e+07 4.797928596529697627e+07
2.130000000000000000e+02 7.100000000000100000e+13 0.000000000000000000e+00 2.169851863968542016e+00 1.914139572418115387e-01 1.857248936373631643e-01 5.619703208976118552e-02 0.000000000000000000e+00 2.011179335807714796e+00 2.133867094746428605e-01 2.101437123304170609e+09 7.689035371065876484e+08
2.140000000000000000e+02 7.100000000000200000e+13 0.000000000000000000e+00 1.222116190439072714e+00 3.711832593930437796e-02 4.250427830561186865e-02 2.752029243908197739e-02 0.000000000000000000e+00 1.338111003080282080e+00 2.239063082585970171e-02 5.276582360504217148e+08 3.898731865224425793e+08
2.150000000000000000e+02 7.100000000000200000e+13 0.000000000000000000e+00 1.035524792139927319e+00 3.697303606068773341e-02 1.453440452894009249e-01 1.939418317063223290e-02 0.000000000000000000e+00 1.067779021421057628e+00 4.199720018056504744e-02 1.345589752544400692e+09 2.879879588772217035e+08
2.160000000000000000e+02 7.100000000000100000e+13 0.000000000000000000e+00 1.130037325996000153e+00 1.984934396213063890e-01 3.215076839182194335e-01 2.062325394095488873e-01 0.000000000000000000e+00 1.261643830926130860e+00 8.353756246018272102e-02 1.270645632248484373e+09 6.705900482112170458e+08
2.170000000000000000e+02 7.100000000000400000e+13 0.000000000000000000e+00 1.611919411360555721e+00 2.050923833974521437e-01 2.201615701868380737e-01 1.072968787692499260e-01 0.000000000000000000e+00 1.621889694039757135e+00 2.117045847300223771e-01 2.808648905864711285e+09 1.667388475675233603e+09
2.180000000000000000e+02 7.100000000000200000e+13 0.000000000000000000e+00 1.076839867636549597e+00 1.727758702533254975e-01 3.452704605845881569e-01 2.097774222120631915e-01 0.000000000000000000e+00 1.198413913947522946e+00 1.018435040776250466e-01 7.597330758541386127e+08 3.762303489674950242e+08
2.190000000000000000e+02 7.100000000000300000e+13 0.000000000000000000e+00 2.334392768188176426e+00 8.280548060841533276e-02 6.564197716664617321e-02 2.950477567268518578e-02 0.000000000000000000e+00 2.446872318013814329e+00 5.373877870214334440e-02 9.901200138300745487e+08 4.567061300413510203e+08
2.200000000000000000e+02 7.100000000000100000e+13 0.000000000000000000e+00 1.274121984421511922e+00 4.416752677282857059e-02 1.645815062756275649e-01 4.928049054905490889e-02 0.000000000000000000e+00 1.199632288776347533e+00 6.717354236807479562e-02 1.811681731021367788e+09 6.058100663210262060e+08
2.210000000000000000e+02 7.100000000000100000e+13 0.000000000000000000e+00 1.277886861935124241e+00 1.092984443773231534e-01 1.718401035674642363e-01 6.034423033646783147e-02 0.000000000000000000e+00 1.434133485513354511e+00 1.386971279068244522e-01 2.092324628894711018e+09 8.893235105797053576e+08
2.220000000000000000e+02 7.100000000000100000e+13 0.000000000000000000e+00 1.187038814545837040e+00 6.712941049233646373e-02 1.215359790535925494e-01 3.049215244166660413e-02 0.000000000000000000e+00 1.106961827497272344e+00 7.723383698307659251e-02 1.485616825417143106e+09 4.349079941758891344e+08
2.230000000000000000e+02 7.100000000000200000e+13 0.000000000000000000e+00 1.198237456620920183e+00 1.153096426180701961e-01 1.481901846559683378e-01 4.255953689455557742e-02 0.000000000000000000e+00 1.097131813575335846e+00 1.023587090877190325e-01 1.590020724624117374e+09 5.982931517051622868e+08
2.240000000000000000e+02 7.100000000000300000e+13 0.000000000000000000e+00 9.969350709978759273e-01 2.980079097901564347e-02 3.407867206903465451e-01 1.266688898072414471e-01 0.000000000000000000e+00 6.677410660787321817e-01 8.199585004791432041e-02 3.366473377363953114e+09 1.637521090639990330e+09
2.250000000000000000e+02 7.100000000000100000e+13 0.000000000000000000e+00 1.219123964082702738e+00 2.596924338610500857e-02 5.263067443838591319e-02 1.328281201478992597e-02 0.000000000000000000e+00 1.386086040546648857e+00 4.669070878235409561e-02 4.171861471693953872e+08 2.076745988045139909e+08
2.260000000000000000e+02 7.100000000000200000e+13 0.000000000000000000e+00 1.483762857996427265e+00 9.916826031651633511e-02 2.056372278893226213e-01 1.121223231037977996e-01 0.000000000000000000e+00 1.433540478447597799e+00 5.992816095073323635e-02 1.081014497162320375e+09 5.163344211398442984e+08
2.270000000000000000e+02 7.100000000000100000e+13 0.000000000000000000e+00 7.359342903397428914e-01 1.953309217571417844e-01 4.657128204069555522e-01 3.999621532723656725e-01 0.000000000000000000e+00 1.675164959366417960e+00 7.092434650827032783e-02 5.616960280699236393e+08 2.360520237716475129e+08
2.280000000000000000e+02 7.100000000000100000e+13 0.000000000000000000e+00 1.101396170867359414e+00 8.449254125156929751e-02 7.880478455560782636e-02 2.828402418413395250e-02 0.000000000000000000e+00 1.421223853162661754e+00 7.618339427941819841e-02 9.755253172813421488e+08 4.378512010183294415e+08
2.290000000000000000e+02 7.100000000000200000e+13 0.000000000000000000e+00 9.486829132084786398e-01 2.240540955424920599e-01 2.199262494819726466e-01 1.108956117327439400e-01 0.000000000000000000e+00 1.255643350046294238e+00 1.388574052722916508e-01 1.467783409040696621e+09 4.308651658712294698e+08
2.300000000000000000e+02 7.100000000000100000e+13 0.000000000000000000e+00 1.436567935309921218e+00 9.882406526401267544e-02 9.466576074752364178e-02 4.581339354774320582e-02 0.000000000000000000e+00 1.565007710754912518e+00 1.189815519348631501e-01 1.306388124524639130e+09 6.421801208598644733e+08
2.310000000000000000e+02 7.100000000000200000e+13 0.000000000000000000e+00 1.234848684920953898e+00 2.449411648087301829e-02 2.732928350012389304e-02 1.227440291676991022e-02 0.000000000000000000e+00 1.177770029593317114e+00 6.104821125411268035e-02 3.560179880688412786e+08 1.598983826690857410e+08
2.320000000000000000e+02 7.100000000001000000e+13 0.000000000000000000e+00 1.087968443093882298e+00 1.354102870534393266e-01 1.967096394547564464e-01 1.005977943731600627e-01 0.000000000000000000e+00 1.294646318830111387e+00 9.819990692394307830e-02 1.510536857755985737e+09 6.500724088222937584e+08
2.330000000000000000e+02 7.100000000000100000e+13 0.000000000000000000e+00 2.572245821465754201e+00 5.378242907306712839e-02 1.227787197195920749e-01 3.121851119289016305e-02 0.000000000000000000e+00 2.387498129331089292e+00 7.294571239920331907e-02 1.333130022625819206e+09 3.808897427882022858e+08
2.340000000000000000e+02 7.100000000000100000e+13 0.000000000000000000e+00 1.151915440423475268e+00 1.202421583606659919e-02 6.076064323578660858e-02 9.579096572127606193e-03 0.000000000000000000e+00 1.278102785402599251e+00 4.416905603272931052e-02 5.389985017126901150e+08 1.427104735188419521e+08
2.350000000000000000e+02 7.100000000000900000e+13 0.000000000000000000e+00 1.076048672108184334e+00 5.145241497074754672e-02 1.129742480473144017e-01 4.987359829086891044e-02 0.000000000000000000e+00 1.431846695834520622e+00 2.173353644714194968e-02 1.026355862752633691e+09 4.029785385756541491e+08
2.360000000000000000e+02 7.100000000001300000e+13 0.000000000000000000e+00 1.180479953903792678e+00 3.307681970399518195e-02 6.962344192909563842e-03 6.962344192909563842e-03 0.000000000000000000e+00 1.170374428998103955e+00 4.394322204689816991e-02 1.119325692834019363e+08 1.119325692834019363e+08
2.370000000000000000e+02 7.100000000000100000e+13 0.000000000000000000e+00 1.462421935978984955e+00 2.537425425394564393e-01 2.059715838000476529e-01 1.636134115824594837e-01 0.000000000000000000e+00 1.349700065363201196e+00 3.145636406416472686e-01 3.021787378754314423e+09 2.429146454778154850e+09
2.380000000000000000e+02 7.100000000000100000e+13 0.000000000000000000e+00 1.298056590504388152e+00 1.545640415155044856e-01 1.415664403949078165e-01 4.833661463376007911e-02 0.000000000000000000e+00 1.289602326266281240e+00 1.689448826395731074e-01 1.152315988641315222e+09 5.001898875016461611e+08
2.390000000000000000e+02 7.100000000000300000e+13 0.000000000000000000e+00 1.276593281809573766e+00 1.877954903751028956e-02 9.033105320698504859e-02 6.433644579938191388e-02 0.000000000000000000e+00 1.279842804059199146e+00 4.685337936064510461e-02 1.132465816690978527e+09 8.065756243120825291e+08
2.400000000000000000e+02 7.100000000000100000e+13 0.000000000000000000e+00 1.343484942944747074e+00 1.114718048448143373e-01 1.383267838555645168e-01 2.558968638122488190e-02 0.000000000000000000e+00 1.529395524118788652e+00 1.066882579323235186e-01 1.390972094162881374e+09 3.712615356738151908e+08
2.410000000000000000e+02 7.100000000000100000e+13 0.000000000000000000e+00 1.086432549054100249e+00 1.261627605851831646e-01 3.256114544079550810e-01 1.542454424045439088e-01 0.000000000000000000e+00 1.326547934906418424e+00 4.579060308995566014e-02 2.041523387308964729e+09 1.022303626660457492e+09
2.420000000000000000e+02 7.100000000000300000e+13 0.000000000000000000e+00 1.452477086339513779e+00 8.359541797279523845e-02 6.147199876553575276e-02 3.197273740177045825e-02 0.000000000000000000e+00 1.438778270302871309e+00 7.875690648677480254e-02 9.413730309838124514e+08 4.896257372654155493e+08
2.430000000000000000e+02 7.100000000000100000e+13 0.000000000000000000e+00 1.176935980630575251e+00 4.136915779100358570e-02 2.093313989178479939e-01 5.863019969531643033e-02 0.000000000000000000e+00 1.172107715930012173e+00 7.685181251615626208e-02 2.713365718257119179e+09 8.342196155676989555e+08
2.440000000000000000e+02 7.100000000000900000e+13 1.000000000000000000e+00 1.007021704893274361e+00 2.888002151762190245e-02 3.693864992994376484e-02 3.576630007101590930e-02 0.000000000000000000e+00 1.316883720137972613e+00 3.755435451456555496e-02 5.882444510187021494e+08 5.695748921562427282e+08
2.450000000000000000e+02 7.100000000000300000e+13 0.000000000000000000e+00 1.041750532102857507e+00 2.437272909012113131e-01 2.509908254567719821e-01 2.129007527540094646e-01 0.000000000000000000e+00 1.664572508175564902e+00 7.876030240305179064e-02 4.043254770061549544e+08 2.308245054711824656e+08
2.460000000000000000e+02 7.100000000000100000e+13 0.000000000000000000e+00 1.107344247651122826e+00 6.846561554323121745e-02 8.469965873287786662e-02 2.940137178634528309e-02 0.000000000000000000e+00 1.144461021553122348e+00 5.115832705058227098e-02 3.849338115759158134e+08 1.591993770267401636e+08
2.470000000000000000e+02 7.100000000001300000e+13 0.000000000000000000e+00 1.473972693819901369e+00 1.131737926192964289e-01 1.268522980188417637e-01 5.630613873053624124e-02 0.000000000000000000e+00 1.516007393918535007e+00 1.571647590606586598e-01 1.394754212611359119e+09 7.146846000734342337e+08
2.480000000000000000e+02 7.100000000000600000e+13 0.000000000000000000e+00 8.868961874539151857e-01 1.669648076229312827e-01 2.282327720383264535e-01 1.743414957527145148e-01 0.000000000000000000e+00 1.219774590355871879e+00 4.017163154512758128e-02 2.721478899598802924e+08 2.252842771062093377e+08
2.490000000000000000e+02 7.100000000000200000e+13 0.000000000000000000e+00 1.229004814303914062e+00 1.513014284171692626e-02 6.266710622072663162e-02 1.879168247609924736e-02 0.000000000000000000e+00 1.479451963292388594e+00 1.710663301048494234e-02 8.947670111282932758e+08 2.683094621281570792e+08
2.500000000000000000e+02 7.100000000000600000e+13 0.000000000000000000e+00 1.331418339800666928e+00 5.770203367632300434e-02 1.481569428874713601e-01 5.591898889891965679e-02 0.000000000000000000e+00 1.289998217430823102e+00 6.573718761027323720e-02 1.494749283856862545e+09 8.102233754566478729e+08
2.510000000000000000e+02 7.100000000000100000e+13 0.000000000000000000e+00 1.154421984214974328e+00 1.523598520857421257e-01 1.312852929134664115e-01 4.543199864575993285e-02 0.000000000000000000e+00 1.272936155420208992e+00 1.659768008404859663e-01 1.545228415051055193e+09 6.890790335581700802e+08
2.520000000000000000e+02 7.100000000000500000e+13 0.000000000000000000e+00 1.482294988270842273e+00 2.392881391132708480e-01 1.927845344295107122e-01 1.651583466947884882e-01 0.000000000000000000e+00 1.284205558499088795e+00 2.667369903518050922e-01 3.487778397882024288e+09 3.218021005429879189e+09
2.530000000000000000e+02 7.100000000000200000e+13 0.000000000000000000e+00 1.336310237845617754e+00 5.633948643030702030e-02 4.330195001908935387e-02 1.803248925186328594e-02 0.000000000000000000e+00 1.453641875905731018e+00 7.717436297069719953e-02 4.337003817274934053e+08 2.348887869775826633e+08
2.540000000000000000e+02 7.100000000000100000e+13 1.000000000000000000e+00 1.059135503285749236e+00 2.843702132440940195e-02 8.037923735395373359e-02 1.751414216440777896e-02 0.000000000000000000e+00 1.258165257589000774e+00 3.801712810502739376e-02 7.574282968478686810e+08 2.404123419150074720e+08
2.550000000000000000e+02 7.100000000000100000e+13 0.000000000000000000e+00 2.063864645210109483e+00 2.032154274265529637e-02 8.556005965709297112e-02 2.187814755834350394e-02 0.000000000000000000e+00 1.999135863474062358e+00 4.269284733363523654e-02 7.102910101085245609e+08 2.463635387367162704e+08
2.560000000000000000e+02 7.100000000000900000e+13 0.000000000000000000e+00 1.340005297716334587e+00 1.100007303853401258e-01 2.114462882261368970e-01 9.229278748562749768e-02 0.000000000000000000e+00 1.247413524100461357e+00 1.512267911465615400e-01 2.471279054903350353e+09 1.264870600954409838e+09
2.570000000000000000e+02 7.100000000000100000e+13 0.000000000000000000e+00 8.881252416801896921e-01 7.740488266238487736e-02 2.485808889938165289e-01 1.081183851636787346e-01 0.000000000000000000e+00 1.229720919177809346e+00 5.106427838607654340e-02 4.589063442849573493e+08 2.112809088383449912e+08
2.580000000000000000e+02 7.100000000000100000e+13 0.000000000000000000e+00 2.129166299332398093e+00 1.182918086809302272e-01 1.190409855020432284e-01 2.888926433164736018e-02 0.000000000000000000e+00 1.924070089135827555e+00 1.452652283629252694e-01 1.342966639291428566e+09 3.650401568732584119e+08
2.590000000000000000e+02 7.100000000000100000e+13 0.000000000000000000e+00 1.371420250123676521e+00 8.373264230332519431e-02 1.192902531684247314e-01 4.203369920589922898e-02 0.000000000000000000e+00 1.322996768142594037e+00 5.208876278049524161e-02 1.456212006333971977e+09 5.979326915254237652e+08
2.600000000000000000e+02 7.100000000000200000e+13 0.000000000000000000e+00 1.491196306481425315e+00 1.120745549418147857e-01 1.665899643433836896e-01 4.142935085118460564e-02 0.000000000000000000e+00 1.416947453370851262e+00 7.565495496610494253e-02 1.925526484432269096e+09 5.632334485136868954e+08
2.610000000000000000e+02 7.100000000000100000e+13 0.000000000000000000e+00 1.147491582925403542e+00 5.778653756369351441e-02 1.191493046603455119e-01 4.511267642050596077e-02 0.000000000000000000e+00 1.236666895223746954e+00 7.003868335876660411e-02 1.326051413144981623e+09 7.057843488718206882e+08
2.620000000000000000e+02 7.100000000000200000e+13 0.000000000000000000e+00 1.297846902599706365e+00 5.887992237648017463e-02 1.244159258963732917e-01 3.678486333835989663e-02 0.000000000000000000e+00 1.190680007712630717e+00 8.315969030779232773e-02 1.639863307971550941e+09 5.191793133055126667e+08
2.630000000000000000e+02 7.100000000000100000e+13 0.000000000000000000e+00 1.354103911721585396e+00 5.739553720963940647e-02 1.299075704861857028e-01 4.816377002195407209e-02 0.000000000000000000e+00 1.376076130408229403e+00 6.799161950842989854e-02 1.564389392782055378e+09 6.381533929098514318e+08
2.640000000000000000e+02 7.100000000000700000e+13 0.000000000000000000e+00 1.559242715539639557e+00 9.604439394637011296e-02 3.223175306119366312e-01 7.421182073221473108e-02 0.000000000000000000e+00 1.648380132449445368e+00 7.682994594605457861e-02 2.557910002799259186e+09 7.761859460929802656e+08
2.650000000000000000e+02 7.100000000000100000e+13 0.000000000000000000e+00 9.213625749755173233e-01 7.970362434390450279e-02 3.045524077138447860e-01 1.339840238982863696e-01 0.000000000000000000e+00 1.167486105779476979e+00 1.200215881119700845e-01 2.603771697968841076e+09 1.515764271412094831e+09
2.660000000000000000e+02 7.100000000000700000e+13 0.000000000000000000e+00 9.956936632831709932e-01 2.239349335896410331e-01 2.430697092769784906e-01 8.565108648264151137e-02 0.000000000000000000e+00 9.466323988100002751e-01 2.437096539932755157e-01 2.238582987979739189e+09 1.386881120653135538e+09
2.670000000000000000e+02 7.100000000000700000e+13 0.000000000000000000e+00 1.496497312608898067e+00 2.103356711166639859e-01 1.181456488400488419e-01 5.314715506715506771e-02 0.000000000000000000e+00 1.229904442589520697e+00 1.714157102651318876e-01 1.161730213129342556e+09 5.824475287314039469e+08
2.680000000000000000e+02 7.100000000000100000e+13 0.000000000000000000e+00 1.286355686873411841e+00 1.201431935592612993e-01 1.180218511323093133e-01 3.194817353425547651e-02 0.000000000000000000e+00 1.429894134878547218e+00 1.141763390434783615e-01 1.078386995495087147e+09 4.739023816098932624e+08
2.690000000000000000e+02 7.100000000005000000e+13 0.000000000000000000e+00 2.032380537395826359e+00 3.699027570570515011e-02 1.000000000000000000e+00 1.000000000000000000e+00 0.000000000000000000e+00 2.032380537395826359e+00 3.700646917192017271e-02 8.739603285061103821e+09 8.739603285061103821e+09
2.700000000000000000e+02 7.100000000000200000e+13 0.000000000000000000e+00 1.219355222655715609e+00 8.261846575008091609e-02 7.564466686585001598e-02 2.229216462503734800e-02 0.000000000000000000e+00 1.370798285781356984e+00 1.017163023940928640e-01 8.229994367929946184e+08 3.342049742559180260e+08
2.710000000000000000e+02 7.100000000000100000e+13 0.000000000000000000e+00 1.191411779666097681e+00 1.025244911083299515e-01 1.884288634211845337e-01 1.000730202538381991e-01 0.000000000000000000e+00 1.201607713583806136e+00 7.848832662804723637e-02 1.288513378536440611e+09 3.820066952045283318e+08
2.720000000000000000e+02 7.100000000000600000e+13 0.000000000000000000e+00 1.498787619994453202e+00 1.823141854361306213e-01 2.557023829991403874e-01 1.547450070970192437e-01 0.000000000000000000e+00 1.447192894801372809e+00 1.609391436387059837e-01 1.514950466935339212e+09 1.063017893586124778e+09
2.730000000000000000e+02 7.100000000002800000e+13 0.000000000000000000e+00 1.151832644737805333e+00 1.614928816442453841e-01 1.173182874211749077e-01 3.505299664755478356e-02 0.000000000000000000e+00 1.713404010521837995e+00 1.106960887566681567e-01 1.125060302110495806e+09 6.167135903001257181e+08
2.740000000000000000e+02 7.100000000000100000e+13 0.000000000000000000e+00 1.219319144231582275e+00 5.741887185984024394e-02 2.624206380488249835e-01 7.409091467470180215e-02 0.000000000000000000e+00 1.072532517968307619e+00 5.624893570751470645e-02 3.175250079491899490e+09 1.170746509751343489e+09
2.750000000000000000e+02 7.100000000003200000e+13 0.000000000000000000e+00 1.302134188128361902e+00 3.028486924608534553e-02 -1.000000000000000000e+00 -1.000000000000000000e+00 1.000000000000000000e+00 1.149905167806790196e+00 3.125747390739255088e-02 -1.000000000000000000e+00 -1.000000000000000000e+00
2.760000000000000000e+02 7.100000000000100000e+13 0.000000000000000000e+00 9.856425359680504039e-01 7.604990500914661500e-02 8.559222084372762607e-02 2.681149753427337912e-02 0.000000000000000000e+00 1.240740766179337484e+00 4.994058752589489864e-02 1.045281325256648064e+09 4.948977430683060884e+08
2.770000000000000000e+02 -1.000000000000000000e+00 -1.000000000000000000e+00 -1.000000000000000000e+00 -1.000000000000000000e+00 -1.000000000000000000e+00 -1.000000000000000000e+00 -1.000000000000000000e+00 -1.000000000000000000e+00 -1.000000000000000000e+00 -1.000000000000000000e+00 -1.000000000000000000e+00
2.780000000000000000e+02 7.100000000001300000e+13 0.000000000000000000e+00 1.701871411125511324e+00 5.585859589004235626e-02 1.282261221819645802e-01 7.914219184599619039e-02 0.000000000000000000e+00 1.755492813406136943e+00 7.233146590993701219e-02 1.582009184388020039e+09 1.032953899669549584e+09
2.790000000000000000e+02 7.100000000011300000e+13 0.000000000000000000e+00 1.019593714535081297e+00 4.214266443089717540e-02 -1.000000000000000000e+00 -1.000000000000000000e+00 0.000000000000000000e+00 8.234399340444820137e-01 3.337379018735399383e-02 -1.000000000000000000e+00 -1.000000000000000000e+00
2.800000000000000000e+02 7.100000000000400000e+13 0.000000000000000000e+00 5.649652949389326606e-01 1.192906499036295032e-01 3.156328801993067423e-01 2.557643703061813767e-01 0.000000000000000000e+00 1.586125444260948258e+00 5.457717973259840205e-02 7.810017690704419613e+08 3.697516542556081414e+08
2.810000000000000000e+02 7.100000000000600000e+13 0.000000000000000000e+00 1.134101972827105120e+00 8.592507618346303944e-02 9.929635915443002503e-02 4.283686245300418610e-02 0.000000000000000000e+00 1.259153939018732515e+00 1.169970817279398639e-01 1.426554646081566811e+09 6.333667377088193893e+08
2.820000000000000000e+02 7.100000000000200000e+13 0.000000000000000000e+00 1.363549359273062755e+00 2.094818889163299613e-01 2.559723119465385222e-01 1.136968759258649569e-01 0.000000000000000000e+00 1.200866984296945716e+00 1.910161401213054944e-01 2.381956456828763962e+09 1.721243054382777452e+09
2.830000000000000000e+02 7.100000000000100000e+13 0.000000000000000000e+00 1.236974957523768071e+00 8.492371784374977417e-02 9.775042577402213995e-02 1.766571346585793165e-02 0.000000000000000000e+00 1.346308265875037602e+00 1.078082400809785429e-01 1.122383230588405371e+09 2.507059802657661140e+08
2.840000000000000000e+02 7.100000000000100000e+13 0.000000000000000000e+00 1.174605963242442375e+00 2.580211772209976481e-02 6.576517522639983848e-02 1.281272553848162438e-02 0.000000000000000000e+00 1.230463840213604332e+00 4.158864461938160950e-02 6.847753459479565620e+08 1.968752051334309578e+08
2.850000000000000000e+02 7.100000000000100000e+13 0.000000000000000000e+00 1.357012449122199760e+00 1.087045278226410894e-01 1.690259844241268905e-01 8.615693508205202189e-02 0.000000000000000000e+00 1.414380203787982238e+00 1.721548374857054808e-01 1.966601269573037624e+09 1.385029166218225956e+09
2.860000000000000000e+02 7.100000000000700000e+13 0.000000000000000000e+00 1.164614932978884188e+00 7.333519399201202105e-02 9.261943537252319281e-02 3.211138831063649335e-02 0.000000000000000000e+00 1.139598427420686289e+00 5.448903171759839070e-02 8.589927432001513243e+08 2.935105147460070252e+08
2.870000000000000000e+02 7.100000000000700000e+13 0.000000000000000000e+00 1.356388472963837577e+00 2.076413589675087379e-01 2.240084775558806029e-01 8.174505298870757275e-02 0.000000000000000000e+00 1.165740043394525305e+00 2.754096725723033101e-01 2.661427985444954872e+09 9.712068671220510006e+08
2.880000000000000000e+02 7.100000000000200000e+13 0.000000000000000000e+00 1.309102815443496270e+00 2.067004227749611942e-02 3.216864297766417607e-02 1.061268982107953750e-02 0.000000000000000000e+00 1.352940654224773942e+00 2.193923268949843700e-02 3.153208508466640711e+08 1.443398061376074553e+08
2.890000000000000000e+02 7.100000000000100000e+13 0.000000000000000000e+00 1.232875785474790042e+00 1.034578867143182840e-01 1.586907439209004345e-01 8.359596792435909640e-02 0.000000000000000000e+00 9.752354366829916188e-01 1.325875663943014982e-01 2.137909511371677160e+09 1.126219529394180775e+09
2.900000000000000000e+02 7.100000000000100000e+13 0.000000000000000000e+00 1.309933080858168175e+00 5.167080700058036130e-02 7.160352857869488330e-02 3.473914647890133378e-02 0.000000000000000000e+00 1.362604945092318998e+00 7.612236804476908703e-02 8.440230342759166956e+08 4.259844647294480205e+08
2.910000000000000000e+02 7.100000000004200000e+13 0.000000000000000000e+00 1.269132211631533780e+00 5.470336994513998879e-02 4.275603626963738607e-02 3.771898233735884731e-02 0.000000000000000000e+00 1.381692713299676800e+00 6.722444741112180988e-02 6.014081505852347612e+08 5.305567444655109644e+08
2.920000000000000000e+02 7.100000000000200000e+13 1.000000000000000000e+00 1.090079381162601280e+00 2.411702381043742682e-02 5.035799119867979783e-03 2.711950542581387236e-03 0.000000000000000000e+00 1.090159440778072586e+00 2.527681953616676622e-02 3.283249568255610391e+07 2.426315778692876548e+07
2.930000000000000000e+02 7.100000000000200000e+13 0.000000000000000000e+00 1.093485903909693135e+00 2.027020310572584527e-01 3.581492533878067874e-01 1.403325948729752248e-01 0.000000000000000000e+00 1.788352783853017769e+00 1.034866918081109588e-01 3.188765219943026304e+08 1.719421845340225697e+08
2.940000000000000000e+02 7.100000000000100000e+13 0.000000000000000000e+00 1.214296998608495270e+00 7.180952415468701278e-02 1.159801506407121263e-01 3.242433727868531540e-02 0.000000000000000000e+00 1.567278869029669730e+00 3.019310310265846398e-02 8.437892716673517227e+08 2.392713984391258657e+08
2.950000000000000000e+02 7.100000000000200000e+13 0.000000000000000000e+00 1.271290994282427977e+00 5.439469256906541428e-02 1.206708716385390123e-01 2.411507807572485160e-02 0.000000000000000000e+00 1.280874801597177148e+00 5.863314387983990100e-02 1.481186854157759190e+09 3.004756232872396708e+08
2.960000000000000000e+02 7.100000000000100000e+13 0.000000000000000000e+00 1.221912043059312891e+00 1.592507787635064065e-01 1.869520873121203186e-01 1.162086341026554032e-01 0.000000000000000000e+00 1.236627532178219635e+00 1.131937672380264326e-01 8.662171093800836802e+08 2.326239695157894492e+08
2.970000000000000000e+02 7.100000000000300000e+13 0.000000000000000000e+00 1.300727911670112480e+00 8.041201852232784941e-02 8.855064113439967133e-02 2.552057653702023005e-02 0.000000000000000000e+00 1.313073093846886641e+00 4.775540807838430518e-02 1.432936772349880695e+09 4.254604189062333107e+08
2.980000000000000000e+02 7.100000000002900000e+13 0.000000000000000000e+00 1.361247133163482559e+00 8.713198392755229504e-02 7.390697798603601543e-02 3.826789663627342547e-02 0.000000000000000000e+00 1.219950289015934164e+00 8.117047053966620906e-02 1.234013935400311232e+09 6.389534386934672594e+08
2.990000000000000000e+02 7.100000000000200000e+13 0.000000000000000000e+00 1.182261732097562357e+00 9.895552418534704631e-02 1.376711966304633716e-01 6.513459943773639016e-02 0.000000000000000000e+00 1.390606341086374709e+00 5.262824969896277155e-02 5.498659106620520353e+08 1.844359806719910800e+08
3.000000000000000000e+02 7.100000000000600000e+13 0.000000000000000000e+00 1.167930883481509863e+00 2.697645485428527001e-01 2.260668925654030215e-01 9.337036317244579164e-02 0.000000000000000000e+00 1.266055133811492706e+00 2.901186084921908992e-01 1.926566887758868694e+09 1.529229545545415640e+09
3.010000000000000000e+02 7.100000000000200000e+13 0.000000000000000000e+00 1.192261439146196977e+00 2.470787385052658838e-02 7.567123120383721646e-02 3.928375952682223310e-02 0.000000000000000000e+00 1.119813473684959426e+00 5.047697540248623216e-02 1.038413318376106501e+09 5.390790983518172503e+08
3.020000000000000000e+02 7.100000000000100000e+13 0.000000000000000000e+00 1.162127844661886567e+00 8.585127232539968567e-02 2.306359417881025109e-01 7.093685980441420680e-02 0.000000000000000000e+00 1.154505458857597366e+00 1.086279734075488307e-01 1.317291901670449972e+09 6.582877233502743244e+08
3.030000000000000000e+02 7.100000000000100000e+13 0.000000000000000000e+00 1.215369388818396290e+00 3.168860705483261819e-02 3.977255624457026739e-02 1.041258500344507433e-02 0.000000000000000000e+00 1.143930169877396263e+00 5.184517116258065272e-02 3.407115934166802764e+08 1.728029382732607424e+08
3.040000000000000000e+02 7.100000000001800000e+13 0.000000000000000000e+00 1.258559652717498478e+00 9.783359413953630901e-02 1.180339507371309521e-01 4.201797417345120439e-02 0.000000000000000000e+00 1.308323890118446187e+00 1.244090713011421490e-01 1.637952157269303799e+09 5.830816558429397345e+08
3.050000000000000000e+02 7.100000000000300000e+13 0.000000000000000000e+00 1.669668066814676166e+00 1.535209892315591018e-01 2.764308037052945477e-01 1.406350544205006714e-01 0.000000000000000000e+00 1.378693904203138088e+00 2.026686140329457264e-01 1.857421061582307100e+09 6.877305612227426767e+08
3.060000000000000000e+02 7.100000000000300000e+13 0.000000000000000000e+00 1.305513992010480795e+00 7.878181645670692679e-02 1.176805232580407645e-01 2.472912948272786710e-02 0.000000000000000000e+00 1.097929385768549260e+00 7.533431486069791516e-02 1.358835054777766228e+09 3.191202487163817883e+08
3.070000000000000000e+02 7.100000000000100000e+13 0.000000000000000000e+00 1.152592921591437891e+00 4.035454044327293349e-02 5.240494731071736884e-02 1.011808328176943758e-02 0.000000000000000000e+00 1.297494658783314936e+00 4.117862538939436046e-02 3.916572109999752045e+08 1.502452532483655214e+08
3.080000000000000000e+02 7.100000000000100000e+13 0.000000000000000000e+00 1.892254983347442465e+00 1.547113495267438132e-01 1.315105698260585210e-01 1.975599160401218107e-02 0.000000000000000000e+00 1.919861616524944248e+00 1.164788113972424904e-01 1.254519781755918741e+09 3.037813348025032878e+08
3.090000000000000000e+02 7.100000000001900000e+13 0.000000000000000000e+00 1.052483842707487183e+00 1.142253059664257581e-01 2.091371910611218021e-01 1.259274332790686068e-01 0.000000000000000000e+00 1.244650710072040090e+00 2.133013029180780631e-02 6.895506616585838795e+08 6.895506616585838795e+08
3.100000000000000000e+02 7.100000000000100000e+13 0.000000000000000000e+00 1.198355381657527419e+00 9.739625506079027661e-02 1.086968849091957401e-01 3.263464495051407455e-02 0.000000000000000000e+00 1.308292599809707690e+00 1.509223795075643193e-01 1.260356334441825628e+09 4.130017163632693291e+08
3.110000000000000000e+02 7.100000000000600000e+13 0.000000000000000000e+00 1.342005569291121470e+00 6.712971591737278143e-02 1.077998338531603179e-01 6.130595866355635637e-02 0.000000000000000000e+00 1.143558773608478241e+00 7.319828593394173133e-02 1.495433453311224937e+09 8.504556843536320925e+08
3.120000000000000000e+02 7.100000000001100000e+13 0.000000000000000000e+00 1.174026183840022108e+00 3.979860646532787372e-02 5.172035308426416872e-02 3.351446436699274251e-02 0.000000000000000000e+00 1.197673954707144661e+00 2.069226649747928776e-02 7.250615176505157948e+08 4.698353152691283226e+08
3.130000000000000000e+02 7.100000000001400000e+13 0.000000000000000000e+00 1.245806231167658984e+00 1.652390057844285026e-02 4.182963234870424457e-02 2.556400444758402668e-02 0.000000000000000000e+00 1.170843112662985464e+00 3.556872677900253105e-02 -1.000000000000000000e+00 -1.000000000000000000e+00
3.140000000000000000e+02 7.100000000000100000e+13 0.000000000000000000e+00 1.479737038867419363e+00 5.639600433247549810e-02 5.265358305039055664e-02 1.392970610322009223e-02 0.000000000000000000e+00 1.652976638585563984e+00 8.238053898131421360e-02 4.280679750599784255e+08 1.910521158420201540e+08
3.150000000000000000e+02 7.100000000000600000e+13 0.000000000000000000e+00 1.142436795595572319e+00 2.434992590680598867e-01 3.076159817740896640e-01 1.383715092266303015e-01 0.000000000000000000e+00 1.179849052408322274e+00 2.725620701957189307e-01 2.525679075928929806e+09 1.865016375783617020e+09
3.160000000000000000e+02 7.100000000000100000e+13 0.000000000000000000e+00 1.207258646312106443e+00 4.575782582998928066e-02 7.272459241472725711e-02 1.364708779706932593e-02 0.000000000000000000e+00 1.302781975410538751e+00 6.605977821601345668e-02 7.234546511419053078e+08 1.950627889998612106e+08
3.170000000000000000e+02 7.100000000000400000e+13 0.000000000000000000e+00 1.188572278970452922e+00 6.874182780900177370e-02 1.429946011927860083e-01 4.500462772844464332e-02 0.000000000000000000e+00 1.452523389593477487e+00 1.254569294579387373e-01 1.717334028872912407e+09 5.861707358790804148e+08
3.180000000000000000e+02 7.100000000003000000e+13 0.000000000000000000e+00 1.011924601268116009e+00 2.684615209027317248e-02 1.656927448922230484e-01 7.343458513459061310e-02 0.000000000000000000e+00 1.260655450510737907e+00 2.771467215383266111e-02 1.939687751622633338e+08 1.939687751622633338e+08
3.190000000000000000e+02 7.100000000000100000e+13 0.000000000000000000e+00 9.542569373694471668e-01 1.486528616675107939e-01 1.126793715302951415e-01 6.919259478612492520e-02 0.000000000000000000e+00 1.279780400376905991e+00 1.252426078456774783e-01 3.736034716184357405e+08 3.135579091135836244e+08
3.200000000000000000e+02 7.100000000000300000e+13 0.000000000000000000e+00 1.159944118383770650e+00 7.380008130783614895e-02 7.112426860266143902e-02 5.220399381987939069e-02 0.000000000000000000e+00 1.285750459161169257e+00 6.266981673623626958e-02 2.929887587653180957e+08 1.322826221174334735e+08
3.210000000000000000e+02 7.100000000000500000e+13 0.000000000000000000e+00 1.291162862580392812e+00 5.787957016917453373e-02 1.854031232201178159e-01 7.692277744533283779e-02 0.000000000000000000e+00 1.398568890090421624e+00 9.427245640310281949e-02 2.254867763987415791e+09 1.128387754619890213e+09
3.220000000000000000e+02 7.100000000000100000e+13 0.000000000000000000e+00 7.942768676104872139e-01 1.527997573940364506e-01 4.798983832700650654e-01 3.228502914859002204e-01 0.000000000000000000e+00 1.436600317674297633e+00 1.864289563970983332e-01 2.208740765318985939e+09 1.458749319654167652e+09
3.230000000000000000e+02 7.100000000000700000e+13 0.000000000000000000e+00 1.413084484003430674e+00 6.990617821632252871e-03 2.194305915173598576e-01 8.620766477382431348e-02 0.000000000000000000e+00 1.426674615090580245e+00 7.682297127804003922e-02 1.924403291114430189e+09 6.287859360212558508e+08
3.240000000000000000e+02 7.100000000000100000e+13 0.000000000000000000e+00 1.255712384358736333e+00 5.248066796870336920e-02 1.185021854630117916e-01 2.494950690759853776e-02 0.000000000000000000e+00 1.229997837883218370e+00 3.687639281933936808e-02 9.925134708692291975e+08 3.836824690625048280e+08
