# rID[0] Hid[1]   R200: DS[2], eta[3], detla[4], fm[5], fm2[6];   R500: DS[7], eta[8], detla[9], fm[10], fm2[11]
1.000000000000000000e+00 7.200000000000100000e+13 0.000000000000000000e+00 1.041693534811151123e+00 6.676068565069989691e-02 1.659879656596653374e-01 5.260617180583208874e-02 0.000000000000000000e+00 1.010580104870270279e+00 1.069989547614500353e-01 1.323454962934292555e+09 8.100437878814120293e+08
2.000000000000000000e+00 7.200000000000200000e+13 0.000000000000000000e+00 1.117344949003397758e+00 6.548397341914034830e-02 1.209491952255101616e-01 3.810674003148332989e-02 0.000000000000000000e+00 1.208761010044913764e+00 5.891738849256425437e-02 1.400171239413091183e+09 6.046437780389791727e+08
3.000000000000000000e+00 7.200000000000400000e+13 0.000000000000000000e+00 1.192617411171099429e+00 1.310151445252104307e-01 1.529389165805029316e-01 1.062072026375855960e-01 0.000000000000000000e+00 9.191086781095019198e-01 1.364109294307748743e-01 2.330217273305401325e+09 1.779552634537485123e+09
4.000000000000000000e+00 7.200000000000500000e+13 0.000000000000000000e+00 1.278008416610693088e+00 9.432176321059952684e-02 1.481301021424498987e-01 6.548862832375103304e-02 0.000000000000000000e+00 1.529041012248713693e+00 3.052710433899447767e-02 9.803102630875972509e+08 4.263217013330392241e+08
5.000000000000000000e+00 7.200000000000900000e+13 0.000000000000000000e+00 9.518951292338201364e-01 6.325270876331738623e-02 1.605481781056442570e-01 7.132922228038035550e-02 0.000000000000000000e+00 9.963387005441335376e-01 8.739237592640533570e-02 1.820879864430516720e+09 1.173496841598402739e+09
6.000000000000000000e+00 7.200000000000100000e+13 0.000000000000000000e+00 1.114370303954957064e+00 4.186666732411471747e-02 1.393182982060268416e-01 2.457049248061778796e-02 0.000000000000000000e+00 1.236388737650561120e+00 5.373420758625215704e-02 1.299097656860619307e+09 2.849937032567754984e+08
7.000000000000000000e+00 7.200000000000100000e+13 0.000000000000000000e+00 1.073607305785715837e+00 5.835560606098889186e-02 2.093158181596967427e-01 6.911954252863948545e-02 0.000000000000000000e+00 1.222296267019455041e+00 4.695455157299478072e-02 1.277899422185913563e+09 3.370829966422585249e+08
8.000000000000000000e+00 7.200000000003500000e+13 0.000000000000000000e+00 1.393091761458998157e+00 2.111855671881697483e-01 2.075836244857239277e-01 7.175280376084354483e-02 0.000000000000000000e+00 1.314442193096724720e+00 2.092364000186306972e-01 1.640776362935010910e+09 1.083191451564889669e+09
9.000000000000000000e+00 7.200000000000100000e+13 0.000000000000000000e+00 9.627847843765476865e-01 7.427338758573361066e-02 2.135197197151798287e-01 5.345408367314122972e-02 0.000000000000000000e+00 1.050395466468204697e+00 6.680835399005018160e-02 2.182974092082352638e+09 8.225799841814553738e+08
1.000000000000000000e+01 7.200000000000100000e+13 0.000000000000000000e+00 1.118207525368538846e+00 7.969048655113034063e-02 1.538273736362346378e-01 6.154956121680146830e-02 0.000000000000000000e+00 1.320632348334119577e+00 1.047084803474667286e-01 1.610358656860506058e+09 1.042269584366284132e+09
1.100000000000000000e+01 7.200000000000100000e+13 0.000000000000000000e+00 1.005804338854324298e+00 1.153599675364711113e-01 2.475639860493532574e-01 9.832697435233475614e-02 0.000000000000000000e+00 7.739883345614001486e-01 9.575143810374321662e-02 2.902624273160708904e+09 1.570857311261669397e+09
1.200000000000000000e+01 7.200000000000300000e+13 0.000000000000000000e+00 1.608120870650199707e+00 9.784496050996335792e-02 1.159879989951584922e-01 3.874103635699278209e-02 0.000000000000000000e+00 1.392489019148900553e+00 1.401192365127418571e-01 1.569403112046080112e+09 5.436705031843726635e+08
1.300000000000000000e+01 7.200000000003200000e+13 0.000000000000000000e+00 1.275259852617333545e+00 1.540737667301594893e-01 2.887773665116942223e-01 1.250924198472053162e-01 0.000000000000000000e+00 1.679397171708591818e+00 2.149406491236708350e-01 1.146310738654721975e+09 8.735121206022849083e+08
1.400000000000000000e+01 7.200000000006300000e+13 0.000000000000000000e+00 1.208204891750512822e+00 2.537486847259531331e-01 2.061545953207209181e-01 1.866595768498824637e-01 0.000000000000000000e+00 6.083537698675608452e-01 2.908072889951029416e-01 3.455174280549691677e+09 3.128435571114229679e+09
1.500000000000000000e+01 7.200000000000200000e+13 0.000000000000000000e+00 1.172901518484869676e+00 5.800002607163057267e-02 9.696142773971068440e-02 4.861988146953886286e-02 0.000000000000000000e+00 1.345006183101340236e+00 9.600877561881739075e-02 9.531276688604547977e+08 6.628900104241627455e+08
1.600000000000000000e+01 7.200000000000100000e+13 0.000000000000000000e+00 1.065009196506232492e+00 2.494752235235178917e-01 2.492585255641810438e-01 1.604718287729425819e-01 0.000000000000000000e+00 1.106467903684330345e+00 2.211572327846051400e-01 1.378612646378412247e+09 7.267425859315532446e+08
1.700000000000000000e+01 7.200000000000100000e+13 0.000000000000000000e+00 1.098670824478670482e+00 8.398838989517652676e-02 2.922699663010203119e-01 1.427051215284953489e-01 0.000000000000000000e+00 7.650022711024001554e-01 1.233252092120399740e-01 2.233123360626995087e+09 1.887261634551861048e+09
1.800000000000000000e+01 7.200000000000300000e+13 0.000000000000000000e+00 1.683989186763259038e+00 1.317059265358985765e-01 1.789081856746614352e-01 8.045330940338282777e-02 0.000000000000000000e+00 1.856065005630885389e+00 2.149564971752391807e-01 2.138623775380264044e+09 1.192834111649784565e+09
1.900000000000000000e+01 7.200000000000100000e+13 0.000000000000000000e+00 1.215685952381418522e+00 6.645925178922314214e-02 8.659116170640920873e-02 1.154764981113817410e-02 0.000000000000000000e+00 1.215928757958665729e+00 5.275966694615327746e-02 9.374580963247307539e+08 1.600950737795084119e+08
2.000000000000000000e+01 7.200000000002700000e+13 0.000000000000000000e+00 1.217129010194780259e+00 1.309705937853056501e-01 2.443531105017416327e-01 1.519662046987326764e-01 0.000000000000000000e+00 1.204283184713788923e+00 6.821624936838029118e-02 1.621869937882043123e+09 1.029192527549040675e+09
2.100000000000000000e+01 7.200000000000100000e+13 0.000000000000000000e+00 1.123532600029664152e+00 1.609346785377102629e-01 3.509207752462533136e-01 1.085636952225699503e-01 0.000000000000000000e+00 1.183392321623073729e+00 1.913818058003385336e-01 2.039356414943094730e+09 7.555186396666834354e+08
2.200000000000000000e+01 7.200000000000100000e+13 0.000000000000000000e+00 1.793392843924895175e+00 1.451658822629765533e-01 1.599121736077676048e-01 4.270863424811426751e-02 0.000000000000000000e+00 1.666349981819122528e+00 1.881117484396667150e-01 1.647611975685645819e+09 4.956623546999073625e+08
2.300000000000000000e+01 7.200000000000700000e+13 0.000000000000000000e+00 1.056982838307593431e+00 1.851332067610485244e-01 2.565651388249520770e-01 9.170256670995284576e-02 0.000000000000000000e+00 8.301006956987342367e-01 1.564566731594341509e-01 1.806433128541823387e+09 1.507161703783854246e+09
2.400000000000000000e+01 7.200000000000500000e+13 0.000000000000000000e+00 1.265997920648227915e+00 4.716962624999389286e-02 1.375600758347200470e-01 5.790883275794981438e-02 0.000000000000000000e+00 1.215963299608789683e+00 5.542519019553999310e-02 1.257875422374973774e+09 7.900923854337614775e+08
2.500000000000000000e+01 7.200000000003800000e+13 0.000000000000000000e+00 1.537248224814282693e+00 1.911250933925518480e-01 2.337894789258993244e-01 1.937339978338721014e-01 0.000000000000000000e+00 1.422978338131781317e+00 2.029635865915230264e-01 2.456346741624042988e+09 2.035497390675406694e+09
2.600000000000000000e+01 7.200000000000300000e+13 0.000000000000000000e+00 1.073665466345362862e+00 9.718278518389214526e-02 7.195203590547774586e-02 4.698275022981669019e-02 0.000000000000000000e+00 1.400085404991540550e+00 9.533389508411445334e-02 1.112880811555954456e+09 8.130404270154336691e+08
2.700000000000000000e+01 7.200000000000100000e+13 0.000000000000000000e+00 1.041802471715522760e+00 2.364800685425668680e-01 2.551734941537840973e-01 7.263387600332732452e-02 0.000000000000000000e+00 1.305792877323717516e+00 2.149726930880399844e-01 2.469897708135438919e+09 1.211182593927328348e+09
2.800000000000000000e+01 7.200000000000200000e+13 0.000000000000000000e+00 1.400217697315914833e+00 2.524229756188763885e-01 3.889011442438748967e-01 1.190485688640670198e-01 0.000000000000000000e+00 1.738532495198154448e+00 2.278726761103815612e-01 2.756772932844729900e+09 1.159770323003865004e+09
2.900000000000000000e+01 7.200000000000100000e+13 0.000000000000000000e+00 1.297570815350660434e+00 7.560968199056997130e-02 1.209465723648361218e-01 2.930856106354549906e-02 0.000000000000000000e+00 1.246965418567146822e+00 9.646999519378059162e-02 1.385322608080709457e+09 3.678284724253966212e+08
3.000000000000000000e+01 7.200000000000100000e+13 0.000000000000000000e+00 1.131340194854236980e+00 1.276134770015512898e-01 1.810014370971048392e-01 5.664381221384478388e-02 0.000000000000000000e+00 1.242864236025074565e+00 1.372939725725611515e-01 1.885009322571881056e+09 8.105630599695084095e+08
3.100000000000000000e+01 7.200000000000100000e+13 0.000000000000000000e+00 1.104093319100694304e+00 2.137400947218601743e-01 1.410777266997384760e-01 2.543032028648299636e-02 0.000000000000000000e+00 1.538614538740426863e+00 1.573918527968880265e-01 9.085658467705035210e+08 3.567622478467697501e+08
3.200000000000000000e+01 7.200000000000100000e+13 0.000000000000000000e+00 1.152073222015199905e+00 4.677620039848826017e-02 1.224708514697856049e-01 1.930252278990883877e-02 0.000000000000000000e+00 1.389087350488926953e+00 3.588609069347891561e-02 1.018563492878527999e+09 2.742811218284096122e+08
3.300000000000000000e+01 7.200000000000100000e+13 0.000000000000000000e+00 1.264628119205241097e+00 8.408002758838710455e-02 1.603765776679162425e-01 6.358275901582988165e-02 0.000000000000000000e+00 1.116974270842184147e+00 9.756941362670230877e-02 1.948692985783531427e+09 8.183863502476477623e+08
3.400000000000000000e+01 7.200000000000100000e+13 0.000000000000000000e+00 1.212192578877475890e+00 4.090963106423124024e-02 1.264089935043520019e-01 4.299781849806156436e-02 0.000000000000000000e+00 1.385236152063568538e+00 5.100963292454825659e-02 7.702434376888803244e+08 2.219066867097972333e+08
3.500000000000000000e+01 7.200000000000100000e+13 0.000000000000000000e+00 1.212956093129567092e+00 1.464627138972947884e-01 1.577860664623129960e-01 5.866872373683035269e-02 0.000000000000000000e+00 1.145458432337494337e+00 1.268246920151551438e-01 1.971065121689871311e+09 8.080326823484601974e+08
3.600000000000000000e+01 7.200000000000200000e+13 1.000000000000000000e+00 1.022340342600533303e+00 2.164519869931624471e-02 7.027875615379822194e-02 2.616598464233536175e-02 0.000000000000000000e+00 1.238345409910620143e+00 2.581751721539232367e-02 3.362840807916700244e+08 1.137025201838899404e+08
3.700000000000000000e+01 7.200000000000100000e+13 0.000000000000000000e+00 1.163321549298884205e+00 3.827025593374444590e-02 7.158754729295298269e-02 1.521232153069235898e-02 0.000000000000000000e+00 1.339500084599210883e+00 4.466408084023573699e-02 6.601845532640297413e+08 2.168768244528806210e+08
3.800000000000000000e+01 7.200000000000100000e+13 1.000000000000000000e+00 1.124562999165948263e+00 2.430078447459601415e-02 6.448358478892715628e-02 8.701471345338118030e-03 0.000000000000000000e+00 1.146945409965728579e+00 2.898036186300629105e-02 4.959860672860038280e+08 1.102209675472506136e+08
3.900000000000000000e+01 7.200000000000100000e+13 0.000000000000000000e+00 1.157445325884512766e+00 3.693742566426840013e-02 9.525907152523058197e-02 1.986392044442861562e-02 0.000000000000000000e+00 1.344399950016859524e+00 4.914862723489057950e-02 8.631624310837544203e+08 2.862445240979779959e+08
4.000000000000000000e+01 7.200000000005000000e+13 0.000000000000000000e+00 8.907913316539849413e-01 1.785500760373400775e-01 3.993333822798159072e-01 1.671700367432345513e-01 0.000000000000000000e+00 1.292669814765543546e+00 9.265359944513945623e-02 1.668585013249805689e+09 1.668585013249805689e+09
4.100000000000000000e+01 7.200000000000100000e+13 0.000000000000000000e+00 1.668955540091411338e+00 1.047566462696394446e-01 2.673381594844945752e-01 6.302174373367766536e-02 0.000000000000000000e+00 1.626963807309348198e+00 1.154180959467501350e-01 2.997124666004416466e+09 7.613499718837496042e+08
4.200000000000000000e+01 7.200000000000400000e+13 0.000000000000000000e+00 1.147691243016303542e+00 4.742663703863828073e-02 1.236001664352992108e-01 5.470161061603451280e-02 0.000000000000000000e+00 1.289135091362935137e+00 4.375930019171556107e-02 1.747674818769083261e+09 9.156416067720725536e+08
4.300000000000000000e+01 7.200000000000100000e+13 0.000000000000000000e+00 1.171063446589968970e+00 5.713876827874876663e-02 2.076321289156831951e-01 4.675432266422714644e-02 0.000000000000000000e+00 1.167721740598751001e+00 3.877470633837954567e-02 2.249778439596133709e+09 6.802137931911374331e+08
4.400000000000000000e+01 7.200000000000300000e+13 0.000000000000000000e+00 1.088376161541795950e+00 8.811995230804554879e-02 1.062154810601218663e-01 3.200541139375346483e-02 0.000000000000000000e+00 1.229325625594174909e+00 9.081395888734558608e-02 7.720878327003232241e+08 1.879912764862510860e+08
4.500000000000000000e+01 7.200000000000100000e+13 0.000000000000000000e+00 2.038939609129062802e+00 1.115812895131359228e-01 1.354683402655456614e-01 4.702265180558228008e-02 0.000000000000000000e+00 2.263869149128625580e+00 1.541362902885306807e-01 1.069850191565006971e+09 4.672847372221817970e+08
4.600000000000000000e+01 7.200000000000100000e+13 0.000000000000000000e+00 1.494371329326917186e+00 5.764657438351342145e-02 1.581894652360482101e-01 2.921900180643573208e-02 0.000000000000000000e+00 1.400531407826518970e+00 3.436448037905126540e-02 1.418140770947081089e+09 3.710324244968976974e+08
4.700000000000000000e+01 7.200000000001200000e+13 0.000000000000000000e+00 1.360727657357130749e+00 2.481210515491426294e-01 3.677638452694433346e-01 2.302518265771612838e-01 0.000000000000000000e+00 1.784388947858383423e+00 1.503056751501871402e-01 1.064761679439416647e+09 6.229997530070841312e+08
4.800000000000000000e+01 7.200000000000100000e+13 0.000000000000000000e+00 1.456514560709224027e+00 4.977897952819257399e-02 1.173081132679574395e-01 4.847643385184136067e-02 0.000000000000000000e+00 1.378695854565800571e+00 5.498748756004687155e-02 1.297828225449827671e+09 5.571187938620160818e+08
4.900000000000000000e+01 7.200000000000400000e+13 0.000000000000000000e+00 1.010646342327998326e+00 1.046490017887713869e-01 1.377616578530543034e-01 2.913051130125792962e-02 0.000000000000000000e+00 1.395985551713965656e+00 4.567828161074698884e-02 8.862333617374136448e+08 3.491131677771475315e+08
5.000000000000000000e+01 7.200000000000400000e+13 0.000000000000000000e+00 1.139445062270440179e+00 1.281961547356523790e-01 2.384365419479497206e-01 1.283294768731662039e-01 0.000000000000000000e+00 1.399830742102182946e+00 9.929153106876778545e-02 1.386722537475498915e+09 6.065739999785211086e+08
5.100000000000000000e+01 7.200000000000600000e+13 0.000000000000000000e+00 1.251386647818990561e+00 9.759045807032622200e-02 2.195020301749824043e-01 1.318958231756866550e-01 0.000000000000000000e+00 1.336420301305057512e+00 4.249281586651860315e-02 8.008959668630000353e+08 3.085915727322338820e+08
5.200000000000000000e+01 7.200000000000100000e+13 0.000000000000000000e+00 1.288259012538263359e+00 1.891187371158014469e-02 5.643528883222016096e-02 1.647732086241052163e-02 0.000000000000000000e+00 1.108685050458314114e+00 1.555622555282194092e-02 5.378868753100328445e+08 2.299337213612687290e+08
5.300000000000000000e+01 7.200000000009100000e+13 0.000000000000000000e+00 1.138195637265323690e+00 1.287234809888145592e-01 1.136863367088264409e-01 8.695487141946940668e-02 0.000000000000000000e+00 1.363404690286081689e+00 1.394421393372438922e-01 1.452368119558952570e+09 1.452368119558952570e+09
5.400000000000000000e+01 7.200000000000200000e+13 0.000000000000000000e+00 1.301208725608567374e+00 9.885587370181160571e-02 1.246243012407727280e-01 3.296560389508402383e-02 0.000000000000000000e+00 1.210608353578992880e+00 1.278051689748060382e-01 1.452318387271611691e+09 4.228344366379090548e+08
5.500000000000000000e+01 7.200000000000100000e+13 0.000000000000000000e+00 1.171272263965787985e+00 3.410440052665655170e-02 1.125381035037166244e-01 2.028712181994711539e-02 0.000000000000000000e+00 1.378840451352276730e+00 3.055245597566560306e-02 1.043889625140322804e+09 3.165574482240331173e+08
5.600000000000000000e+01 7.200000000000100000e+13 0.000000000000000000e+00 1.281843386842332899e+00 5.390173460002457839e-02 1.243218864611638219e-01 3.582602046119352096e-02 0.000000000000000000e+00 1.246186301389990980e+00 8.493225579461867458e-02 1.381928754381180525e+09 4.648670690561674237e+08
5.700000000000000000e+01 7.200000000001000000e+13 0.000000000000000000e+00 1.175193356642159737e+00 6.944707071565124623e-02 7.128818994217626936e-02 2.689346416681268753e-02 0.000000000000000000e+00 1.219534453517858275e+00 1.096022715685123911e-01 8.724586036767642498e+08 3.968695759219806194e+08
5.800000000000000000e+01 7.200000000000100000e+13 0.000000000000000000e+00 1.141292448865019571e+00 6.951859587306762067e-02 1.243437570094669681e-01 2.058349017972327388e-02 0.000000000000000000e+00 1.297337506462966639e+00 9.213864747966651891e-02 1.047295988941746950e+09 2.635633642781616449e+08
5.900000000000000000e+01 7.200000000000100000e+13 0.000000000000000000e+00 1.132735067695417097e+00 1.043047677016000901e-01 1.625171436222440369e-01 7.022999791722454865e-02 0.000000000000000000e+00 1.283008862093161229e+00 1.289715713744688796e-01 1.241218096867803812e+09 5.784316477262089252e+08
6.000000000000000000e+01 7.200000000000100000e+13 0.000000000000000000e+00 1.254980733302908824e+00 5.043169218076389709e-02 6.374363338169787563e-02 1.663492861054497590e-02 0.000000000000000000e+00 1.193439392908721031e+00 6.093455317444827074e-02 6.966926210493825674e+08 2.274881501150979698e+08
6.100000000000000000e+01 7.200000000000600000e+13 0.000000000000000000e+00 1.124894780327712063e+00 7.665506109794915923e-02 1.068543805892763904e-01 3.488554966345998321e-02 0.000000000000000000e+00 1.272701040187954602e+00 3.210594082676090227e-02 1.536600081648807049e+09 5.796088845034431219e+08
6.200000000000000000e+01 7.200000000003600000e+13 0.000000000000000000e+00 1.317949123890301832e+00 2.447190728950228780e-02 2.835555361063650873e-02 2.320697278846849121e-02 0.000000000000000000e+00 1.361826281026931929e+00 4.096591523655549599e-02 4.245085622868332863e+08 3.474296001671779752e+08
6.300000000000000000e+01 7.200000000000100000e+13 0.000000000000000000e+00 1.200625632436234991e+00 2.290294990790540594e-02 6.991485523861934448e-02 7.428439211893306943e-03 0.000000000000000000e+00 1.394207132086634715e+00 3.393064813688713433e-02 6.307454116907533407e+08 9.589741475735050440e+07
6.400000000000000000e+01 7.200000000000300000e+13 0.000000000000000000e+00 1.122616192384331413e+00 4.590421733895565237e-02 1.709979539806877058e-01 4.670719438688208935e-02 0.000000000000000000e+00 1.368879339463016320e+00 3.979532334900130752e-02 7.583528320373356342e+08 2.438144017990864813e+08
6.500000000000000000e+01 7.200000000000100000e+13 0.000000000000000000e+00 1.236397029405712056e+00 6.115008202708971385e-02 1.336883120705351369e-01 2.072749946998890189e-02 0.000000000000000000e+00 1.434288154283912542e+00 3.827101018166297747e-02 1.172461455791691542e+09 2.959658495155591965e+08
6.600000000000000000e+01 7.200000000000400000e+13 0.000000000000000000e+00 1.450240688252209198e+00 7.430810509759439020e-02 2.568342654363266475e-01 1.108336074812725502e-01 0.000000000000000000e+00 1.313323504538927766e+00 1.020525367596428756e-01 1.267593422189696074e+09 4.036716986386173964e+08
6.700000000000000000e+01 7.200000000000100000e+13 0.000000000000000000e+00 1.007419597957892377e+00 1.291204535085533900e-01 1.282128445977164244e-01 2.786677819820200866e-02 0.000000000000000000e+00 1.249442115478538007e+00 7.579837886720637574e-02 1.344609070341725826e+09 4.468113265671128035e+08
6.800000000000000000e+01 7.200000000000100000e+13 0.000000000000000000e+00 1.358397045505737255e+00 5.761514727819984361e-02 1.129078431961550028e-01 1.527923443333476308e-02 0.000000000000000000e+00 1.406558239112365660e+00 7.376872122381721020e-02 1.229635272184372425e+09 1.932406973227467835e+08
6.900000000000000000e+01 7.200000000000500000e+13 0.000000000000000000e+00 9.960102502899941257e-01 8.270618267996948658e-02 1.105559006410943568e-01 7.329702609404147029e-02 0.000000000000000000e+00 1.214521654566461883e+00 1.170602576914539367e-01 1.219973175862441778e+09 1.075333325525578737e+09
7.000000000000000000e+01 7.200000000000100000e+13 0.000000000000000000e+00 1.321828285766635247e+00 6.541365501395564330e-02 1.511910546929640387e-01 6.293637471774274350e-02 0.000000000000000000e+00 1.264015746935306383e+00 5.587917958866379931e-02 1.208696570589891672e+09 4.658655669835218787e+08
7.100000000000000000e+01 7.200000000000100000e+13 0.000000000000000000e+00 1.213625307255277841e+00 8.420260649133025355e-02 2.273686140107142595e-01 6.424181158676015024e-02 0.000000000000000000e+00 1.237533174199122232e+00 1.434890009317808524e-01 2.211416145307024002e+09 8.731533049950410128e+08
7.200000000000000000e+01 7.200000000000400000e+13 0.000000000000000000e+00 1.218409847142623903e+00 2.823603468307658501e-02 3.766538333147879947e-02 1.643863358184043458e-02 0.000000000000000000e+00 1.237891133684730249e+00 4.820097402134412151e-02 4.777935942768208385e+08 2.300947021275220513e+08
7.300000000000000000e+01 7.200000000000100000e+13 0.000000000000000000e+00 1.140881003379163428e+00 7.873377581583677898e-02 1.110797944167805362e-01 2.209087738756095737e-02 0.000000000000000000e+00 1.123331251294788391e+00 8.654215082589661323e-02 1.021242830649997115e+09 2.956772832495136261e+08
7.400000000000000000e+01 7.200000000000100000e+13 1.000000000000000000e+00 1.048155843088800498e+00 1.862801421644031535e-02 3.729253621526583407e-02 1.205801131368726756e-02 0.000000000000000000e+00 1.217139604874634129e+00 3.981462631487606152e-02 4.438135742724848390e+08 1.795777097989335358e+08
7.500000000000000000e+01 7.200000000000100000e+13 0.000000000000000000e+00 1.287192537499862288e+00 7.532276107142674149e-02 8.017959044021434611e-02 2.290326011068933437e-02 0.000000000000000000e+00 1.594896890305744108e+00 7.902812782183470108e-02 8.659130046684682369e+08 3.574408309521209002e+08
7.600000000000000000e+01 7.200000000000100000e+13 0.000000000000000000e+00 1.060266563572989540e+00 2.186935224575411313e-02 1.283296933849923660e-01 2.824428043193235108e-02 0.000000000000000000e+00 1.228109669197865905e+00 8.106059646434163324e-02 9.919761524932291508e+08 3.250724370141773820e+08
7.700000000000000000e+01 7.200000000000100000e+13 0.000000000000000000e+00 1.024313915953857679e+00 4.883570886111836956e-02 1.550723509569553460e-01 4.660534889324212393e-02 0.000000000000000000e+00 1.396562028845515391e+00 8.479500732509630267e-02 1.167550311196760654e+09 3.552907816042981744e+08
7.800000000000000000e+01 7.200000000000200000e+13 0.000000000000000000e+00 1.159411809173292562e+00 9.345939084862697754e-02 2.055997259439707736e-01 1.197015834348355706e-01 0.000000000000000000e+00 1.357029105063068952e+00 4.790530751644725416e-02 8.504375412153846025e+08 3.247863323615271449e+08
7.900000000000000000e+01 7.200000000000200000e+13 0.000000000000000000e+00 1.057653301099249266e+00 1.142427363505756216e-01 2.609571163243868397e-01 1.231258341325782435e-01 0.000000000000000000e+00 1.179869535199084885e+00 3.774150840607015667e-02 1.241316481201743364e+09 2.901608393729285598e+08
8.000000000000000000e+01 7.200000000000700000e+13 0.000000000000000000e+00 1.123980111545737293e+00 4.288176669141813280e-02 8.888284236052478027e-02 2.680769364222019072e-02 0.000000000000000000e+00 1.102286129129225190e+00 5.387634940237369385e-02 1.139839783038653851e+09 3.735827073643206358e+08
8.100000000000000000e+01 7.200000000000100000e+13 0.000000000000000000e+00 1.190636121611235998e+00 1.696092893991235084e-01 1.311975612847159356e-01 6.703823731759422921e-02 0.000000000000000000e+00 1.415888028984460867e+00 2.024764261830035439e-01 1.824888239080725193e+09 9.518486468913850784e+08
8.200000000000000000e+01 7.200000000000200000e+13 0.000000000000000000e+00 1.245944750460621586e+00 1.444851485681738767e-01 1.638328750474088991e-01 3.967408543943729687e-02 0.000000000000000000e+00 1.201015840248138122e+00 1.961885890048840342e-01 2.333225259926882744e+09 6.510703510333876610e+08
8.300000000000000000e+01 7.200000000000100000e+13 0.000000000000000000e+00 1.244182773171302880e+00 8.012860761280282684e-02 1.954812974082389132e-01 4.642121763619697777e-02 0.000000000000000000e+00 1.611344948569060964e+00 9.748364197669416586e-02 2.118989997387338161e+09 7.509182194866801500e+08
8.400000000000000000e+01 7.200000000002100000e+13 0.000000000000000000e+00 2.561408974237953551e+00 2.144668138622874212e-02 1.124245797920004342e-01 4.289054226518587004e-02 0.000000000000000000e+00 2.493185104617483994e+00 7.351717660165650592e-02 1.548021240157850981e+09 5.905778838687740564e+08
8.500000000000000000e+01 7.200000000000100000e+13 0.000000000000000000e+00 1.296136308197450404e+00 6.523845945416220649e-02 1.456015273335062310e-01 3.836539292815768776e-02 0.000000000000000000e+00 1.331981206612582014e+00 6.799539403244458935e-02 1.580611403961082697e+09 6.057125181585203409e+08
8.600000000000000000e+01 7.200000000000700000e+13 0.000000000000000000e+00 1.472071423172694127e+00 2.097466772090052223e-01 2.100425448505668924e-01 1.798011685047060104e-01 0.000000000000000000e+00 3.699344840078975238e-01 1.875773574267878552e-01 3.454806867577841759e+09 3.199481840505244255e+09
8.700000000000000000e+01 7.200000000000100000e+13 0.000000000000000000e+00 1.145541498896468502e+00 8.439118841899245771e-02 1.248761199449911902e-01 5.915574369332588650e-02 0.000000000000000000e+00 1.096927311188294896e+00 7.970029281197099635e-02 1.558194658427638292e+09 7.707000319523209333e+08
8.800000000000000000e+01 7.200000000000200000e+13 0.000000000000000000e+00 1.070697822080667994e+00 5.935940975735198855e-02 1.208123582224192305e-01 4.848453035022027430e-02 0.000000000000000000e+00 1.122174952166829165e+00 5.266352052839034376e-02 1.374099949277933121e+09 7.226398678784178495e+08
8.900000000000000000e+01 7.200000000000300000e+13 0.000000000000000000e+00 1.169016644462506527e+00 1.125048463730137921e-01 8.899280890881275385e-02 4.019923862383036062e-02 0.000000000000000000e+00 1.279836134998723729e+00 4.384496687189824021e-02 3.295593410532279015e+08 1.970518314768885970e+08
9.000000000000000000e+01 7.200000000000400000e+13 0.000000000000000000e+00 1.239320614687717370e+00 6.589638319108133413e-02 1.579527427274411699e-01 4.633222160459514460e-02 0.000000000000000000e+00 1.266611124018338419e+00 9.280683542014887821e-02 1.763481953653544426e+09 6.172648675605697632e+08
9.100000000000000000e+01 7.200000000000800000e+13 0.000000000000000000e+00 1.364241882597308386e+00 4.681259618955419671e-02 1.041321596015048062e-01 4.802367439731587695e-02 0.000000000000000000e+00 1.550942178144173456e+00 6.586553848995506388e-02 1.370375272628652811e+09 6.930743198086068630e+08
9.200000000000000000e+01 7.200000000000100000e+13 0.000000000000000000e+00 1.350656791870705087e+00 1.636314759988295731e-01 2.234400890551456742e-01 5.155134525610089585e-02 0.000000000000000000e+00 1.508108413260332181e+00 1.615043066557738938e-01 1.793795889814509392e+09 7.297621588915508986e+08
9.300000000000000000e+01 7.200000000000100000e+13 0.000000000000000000e+00 1.300877028305672090e+00 2.007972249984354418e-01 2.980702769762200721e-01 9.592539545464119632e-02 0.000000000000000000e+00 1.107941748294355433e+00 1.872519072507307092e-01 2.121852850149340391e+09 9.260920948242542744e+08
9.400000000000000000e+01 7.200000000001800000e+13 0.000000000000000000e+00 1.650965951194668602e+00 3.334060353321068731e-02 1.033380031471976768e+00 1.000000000000000000e+00 0.000000000000000000e+00 1.473871061864107102e+00 3.445768653349421534e-02 1.027344261502303886e+10 9.941591962435396194e+09
9.500000000000000000e+01 7.200000000000100000e+13 0.000000000000000000e+00 1.808035560801254160e+00 4.466121108663970163e-02 3.008548359565398900e-01 6.643444572826752437e-02 0.000000000000000000e+00 1.804255857915136207e+00 9.644054176374089460e-02 1.690315547181210756e+09 2.823025792116234899e+08
9.600000000000000000e+01 7.200000000007000000e+13 0.000000000000000000e+00 9.607836123503366021e-01 6.789736854405188302e-03 1.033382502418007665e+00 1.000000000000000000e+00 0.000000000000000000e+00 9.607836123503366021e-01 6.789748316610231919e-03 1.028494940038289070e+10 9.952703259748620987e+09
9.700000000000000000e+01 7.200000000001200000e+13 0.000000000000000000e+00 1.038009351631971722e+00 6.397861301581171667e-02 1.140308712106866962e-01 7.196558279745809972e-02 0.000000000000000000e+00 8.256211366946460961e-01 4.529749721864704398e-02 1.505158821954079628e+09 1.104070083594961643e+09
9.800000000000000000e+01 7.200000000000300000e+13 0.000000000000000000e+00 1.421447224310043778e+00 8.976602266144086129e-02 7.744387679383969714e-02 2.357465873293664721e-02 0.000000000000000000e+00 1.455512394368933204e+00 1.068220823889484694e-01 8.364395896643702984e+08 3.531983511857997775e+08
9.900000000000000000e+01 7.200000000000200000e+13 0.000000000000000000e+00 1.059345131533979023e+00 1.235665342278830375e-01 2.497342117410442097e-01 1.016447133428949878e-01 0.000000000000000000e+00 8.543419525347070165e-01 1.207999770031946835e-01 3.194555594767249584e+09 1.603539126998690605e+09
1.000000000000000000e+02 7.200000000001000000e+13 0.000000000000000000e+00 1.058814168780945142e+00 1.555366362287741167e-01 2.190782544123291986e-01 1.153047352602473846e-01 0.000000000000000000e+00 1.291477779220454813e+00 1.535692664108299077e-01 2.774472649651993275e+09 1.838385003167404175e+09
1.010000000000000000e+02 7.200000000000400000e+13 0.000000000000000000e+00 1.090904891693854628e+00 1.795355821183711453e-01 2.432072106634543540e-01 6.548256582823773486e-02 0.000000000000000000e+00 1.141711273084351497e+00 1.919411775311373747e-01 2.751581930335246086e+09 1.030340997784977436e+09
1.020000000000000000e+02 7.200000000000600000e+13 0.000000000000000000e+00 1.218827304901509478e+00 1.948320171760658387e-02 2.333024025144595642e-02 9.828494338160367882e-03 0.000000000000000000e+00 1.280431392740776664e+00 3.752013860320842914e-02 3.813707694773899317e+08 1.606627453532579243e+08
1.030000000000000000e+02 7.200000000000200000e+13 0.000000000000000000e+00 1.224879450119768842e+00 7.896360501916027674e-02 3.527726479026513928e-01 1.129402453502176551e-01 0.000000000000000000e+00 6.114556874475189918e-01 1.610378962326263486e-01 4.741827132181040764e+09 1.884312617602842569e+09
1.040000000000000000e+02 7.200000000000100000e+13 1.000000000000000000e+00 1.081424591202898799e+00 1.197641315738092946e-02 8.685101956787726063e-02 2.349243244979544454e-02 0.000000000000000000e+00 9.681650042773722875e-01 4.277838591615531344e-02 1.068503079751533389e+09 3.655269128895990252e+08
1.050000000000000000e+02 7.200000000000300000e+13 0.000000000000000000e+00 6.068302989506801914e-01 1.558555512898660012e-01 4.478240083352494905e-01 1.900045987583352525e-01 0.000000000000000000e+00 1.333007782782277717e+00 7.545672058094894663e-02 1.926779820461783648e+09 7.309750226822913885e+08
1.060000000000000000e+02 7.200000000000100000e+13 0.000000000000000000e+00 1.576923072611980281e+00 1.906054058544526253e-02 1.648674139269084293e-01 4.226493050656131290e-02 0.000000000000000000e+00 1.741573710798724361e+00 2.836244068746815103e-02 1.775945488494248390e+09 5.537627529456403255e+08
1.070000000000000000e+02 7.200000000000100000e+13 0.000000000000000000e+00 1.136667438470461589e+00 8.089835867573479111e-02 9.936291457761162182e-02 2.495057121456479080e-02 0.000000000000000000e+00 1.143454612976112506e+00 1.151977697581394455e-01 1.095904709933623314e+09 3.347854618946306109e+08
1.080000000000000000e+02 7.200000000000100000e+13 0.000000000000000000e+00 1.359444097177727739e+00 5.630670551516317457e-02 1.341605704929131060e-01 4.895438497053856974e-02 0.000000000000000000e+00 1.382637049116737904e+00 7.982382227031266375e-02 1.510389413971639395e+09 6.073001343738645315e+08
1.090000000000000000e+02 7.200000000000200000e+13 0.000000000000000000e+00 1.251946267812224844e+00 2.362065607978462156e-01 2.906821898019707473e-01 1.649736917631302036e-01 0.000000000000000000e+00 1.305169747873707875e+00 2.222524897735614069e-01 1.602906569443737507e+09 6.281978389715838432e+08
1.100000000000000000e+02 7.200000000000300000e+13 0.000000000000000000e+00 1.256983631869522888e+00 4.776927757758590853e-02 1.766565811095964500e-01 4.391948796474388905e-02 0.000000000000000000e+00 1.141742004451127723e+00 6.435935219001899521e-02 2.184361562933395863e+09 5.821845100704054832e+08
1.110000000000000000e+02 7.200000000000100000e+13 0.000000000000000000e+00 1.125478958150597064e+00 1.717670325989215652e-01 3.342892779322476082e-01 1.957178119502922253e-01 0.000000000000000000e+00 1.495425736855327870e+00 1.348026362487983465e-01 1.208980120348232269e+09 3.323514763829057813e+08
1.120000000000000000e+02 7.200000000000900000e+13 0.000000000000000000e+00 1.705728960425919372e+00 2.645915739869157679e-02 8.118562409621556120e-02 4.660847176665608438e-02 0.000000000000000000e+00 1.852790333802172063e+00 9.824911056779439544e-02 7.827018799381049871e+08 6.885058552894763947e+08
1.130000000000000000e+02 7.200000000000500000e+13 0.000000000000000000e+00 1.513631192209972776e+00 2.627195512050510551e-02 1.214649711719941738e-01 2.207501314281282156e-02 0.000000000000000000e+00 1.479125408173491252e+00 3.311053686596284601e-02 1.216165002766714811e+09 2.756629810418297052e+08
1.140000000000000000e+02 7.200000000000300000e+13 0.000000000000000000e+00 1.025775998490508822e+00 2.312766431348313792e-02 1.206856411808127916e-01 3.516535768199985368e-02 0.000000000000000000e+00 1.404559938856773993e+00 3.523894300337462870e-02 4.946432188659238815e+08 1.406537276150057018e+08
1.150000000000000000e+02 7.200000000000200000e+13 0.000000000000000000e+00 1.239000368814494379e+00 1.896920330043991854e-01 1.697807061753283386e-01 1.243046455782514659e-01 0.000000000000000000e+00 1.233547442879024736e+00 2.118276780813794780e-01 2.231844213469734192e+09 1.838564912660085678e+09
1.160000000000000000e+02 7.200000000000300000e+13 0.000000000000000000e+00 1.175298924052930793e+00 2.266323855668355217e-02 1.195853786412961056e-01 6.858003941115103919e-02 0.000000000000000000e+00 1.070537540923939934e+00 4.076383930350177542e-02 4.541398055625979900e+08 1.816905601597140431e+08
1.170000000000000000e+02 7.200000000000200000e+13 0.000000000000000000e+00 1.304949491953574015e+00 1.019178368241609040e-01 1.565534525271127519e-01 3.866968487824841427e-02 0.000000000000000000e+00 1.409802537699242686e+00 9.179775998248208835e-02 1.637945622251611948e+09 5.134018260903016925e+08
1.180000000000000000e+02 7.200000000000100000e+13 0.000000000000000000e+00 1.298015655669161106e+00 4.099957646599671629e-02 5.137426252975615948e-02 2.046130090716077876e-02 0.000000000000000000e+00 1.178711583764803894e+00 6.809749785143215384e-02 4.561535287768413424e+08 2.296443347288893163e+08
1.190000000000000000e+02 7.200000000000100000e+13 0.000000000000000000e+00 1.111627831540307199e+00 4.655772107648751407e-02 1.294825573603826385e-01 2.091635409526303516e-02 0.000000000000000000e+00 1.200000438136713532e+00 3.980592784795239369e-02 1.193567312191737175e+09 3.266735896074442267e+08
1.200000000000000000e+02 7.200000000000100000e+13 0.000000000000000000e+00 1.185850029072043732e+00 6.279506525992366306e-02 1.496293660671406123e-01 3.728701492840184178e-02 0.000000000000000000e+00 1.022117899405277752e+00 6.743895593656826226e-02 1.630104957035036325e+09 5.789671421092284918e+08
1.210000000000000000e+02 7.200000000000100000e+13 0.000000000000000000e+00 1.460604081645146657e+00 2.074749481779798455e-01 2.283510637397737630e-01 1.310369810203229068e-01 0.000000000000000000e+00 1.786334977317312500e+00 1.465710790150175080e-01 1.507732479403518438e+09 1.001087698789569259e+09
1.220000000000000000e+02 7.200000000000100000e+13 0.000000000000000000e+00 1.237901030434177541e+00 3.564882891745012328e-02 1.233525189786059406e-01 2.080722639933166307e-02 0.000000000000000000e+00 1.321430656524906322e+00 2.815844766930740775e-02 8.941743773995575905e+08 3.077424903624227643e+08
1.230000000000000000e+02 7.200000000022600000e+13 0.000000000000000000e+00 1.137509132416426150e+00 1.303998809910639767e-01 1.000000000000000000e+00 1.000000000000000000e+00 0.000000000000000000e+00 1.571290857464989754e+00 7.030873401189424721e-02 1.394713663571209145e+10 1.394713663571209145e+10
1.240000000000000000e+02 7.200000000000100000e+13 0.000000000000000000e+00 1.596717808596483712e+00 5.253512322041108823e-02 1.093533921740396098e-01 1.909492595023438294e-02 0.000000000000000000e+00 1.745706376547347727e+00 3.547177350800885531e-02 1.028938921750565052e+09 2.514219475114394128e+08
1.250000000000000000e+02 7.200000000000300000e+13 0.000000000000000000e+00 9.228040224997272611e-01 1.915359396095184519e-01 2.559001793210253783e-01 2.084818845009577259e-01 0.000000000000000000e+00 1.373338961833358018e+00 4.456972573934760151e-02 3.056231878722307086e+08 7.657179331360144913e+07
1.260000000000000000e+02 7.200000000000100000e+13 0.000000000000000000e+00 1.166817930597465303e+00 5.035987749657452189e-02 9.413907563686746416e-02 1.326912176842900797e-02 0.000000000000000000e+00 1.281454098025639254e+00 3.132333602236508918e-02 1.051876204988394141e+09 1.856506976767532527e+08
1.270000000000000000e+02 7.200000000000600000e+13 0.000000000000000000e+00 1.291385752772781226e+00 4.982252075402011926e-02 7.247773324115353022e-02 4.823350295093967177e-02 0.000000000000000000e+00 1.315173946058407983e+00 5.210310496015901904e-02 8.541452535058956146e+08 5.684286161161961555e+08
1.280000000000000000e+02 7.200000000000100000e+13 0.000000000000000000e+00 1.337452023279075863e+00 3.199976203299555177e-02 8.697432268660387766e-02 1.623387105039303738e-02 0.000000000000000000e+00 1.258017343683393907e+00 2.146856064042575868e-02 1.002530241752126217e+09 2.192290791526752114e+08
1.290000000000000000e+02 7.200000000000100000e+13 1.000000000000000000e+00 1.092522338192190023e+00 2.183754692292548538e-02 9.995203437530887636e-02 3.533301080470891559e-02 0.000000000000000000e+00 1.370563056472295926e+00 2.870578159722971673e-02 5.329584119509599209e+08 5.861797244523812830e+07
1.300000000000000000e+02 7.200000000003200000e+13 0.000000000000000000e+00 1.552431394381040608e+00 5.452747474848990139e-02 7.051724904718767450e-02 3.995468787308229658e-02 0.000000000000000000e+00 1.486580910667250954e+00 7.809164393167897233e-02 1.046098566703185678e+09 6.519847778315325975e+08
1.310000000000000000e+02 7.200000000000100000e+13 0.000000000000000000e+00 1.258439043180291206e+00 7.321466976791554671e-02 1.357672408086283700e-01 5.252274813736939468e-02 0.000000000000000000e+00 1.219242218289924962e+00 8.927802632303007135e-02 1.681849026188106775e+09 7.816974644018135071e+08
1.320000000000000000e+02 7.200000000001600000e+13 0.000000000000000000e+00 1.334307735102968628e+00 1.312949312948744340e-01 1.063504001279473171e-01 8.614131547792031052e-02 0.000000000000000000e+00 1.525015257398949053e+00 6.425412312097594780e-02 5.243536399298889935e+07 5.243536399298889935e+07
1.330000000000000000e+02 7.200000000000100000e+13 0.000000000000000000e+00 1.166696893555563941e+00 6.199385751014560401e-03 1.020014254444718271e-01 1.625885460761094387e-02 0.000000000000000000e+00 1.377130767188711857e+00 2.724140496398270994e-02 8.296549427617465258e+08 2.356672597569546402e+08
1.340000000000000000e+02 7.200000000000500000e+13 0.000000000000000000e+00 3.021379352002706131e+00 4.825713967068933491e-02 1.262597219621793554e-01 3.461542782250515149e-02 0.000000000000000000e+00 3.073720825090127118e+00 6.977864388076714108e-02 1.471093342919950485e+09 4.033156785127961636e+08
1.350000000000000000e+02 7.200000000000100000e+13 0.000000000000000000e+00 1.209186627156307203e+00 6.077235887834645661e-02 1.342694318770137341e-01 2.754933025428809787e-02 0.000000000000000000e+00 1.219483343491334804e+00 6.688847742066225677e-02 1.580751744163065195e+09 3.804395672286753058e+08
1.360000000000000000e+02 7.200000000002200000e+13 0.000000000000000000e+00 1.091920229511473384e+00 1.161582682321016385e-01 1.373525923257070680e-01 7.541632138353450421e-02 0.000000000000000000e+00 1.412381569627706890e+00 1.001395452014181980e-01 1.027481212952404141e+09 7.448771933539695740e+08
1.370000000000000000e+02 7.200000000000100000e+13 0.000000000000000000e+00 1.359371356740692649e+00 4.020823748831352240e-02 6.726680830358065799e-02 1.240172494541119490e-02 0.000000000000000000e+00 1.542263453231756731e+00 3.963209211398502352e-02 6.691357280356268883e+08 1.701354505732443929e+08
1.380000000000000000e+02 7.200000000000100000e+13 0.000000000000000000e+00 1.131786793210241004e+00 3.871394771311028465e-02 1.101959953149124205e-01 2.769866368524729824e-02 0.000000000000000000e+00 1.140833499032170684e+00 4.384001202698826344e-02 1.252315832099200010e+09 4.101625573340233564e+08
1.390000000000000000e+02 7.200000000000300000e+13 0.000000000000000000e+00 9.169527764613129017e-01 1.069913469798096095e-01 6.928854612749080211e-02 3.736453624439539656e-02 0.000000000000000000e+00 1.344225911525916306e+00 8.992509146252571084e-02 5.731994066857929230e+08 5.343048018465695977e+08
1.400000000000000000e+02 7.200000000000200000e+13 0.000000000000000000e+00 1.435088738925672347e+00 4.022010520936351169e-02 1.286899165925186328e-01 3.647800516504264706e-02 0.000000000000000000e+00 1.539982151162701207e+00 4.984133744892408485e-02 1.426630737381043196e+09 5.911748105435583591e+08
1.410000000000000000e+02 7.200000000000100000e+13 0.000000000000000000e+00 1.238112253490726511e+00 1.914923785332344475e-01 2.138948097306162255e-01 1.183308530992802227e-01 0.000000000000000000e+00 1.014984176644478264e+00 1.309142652178654775e-01 2.237466356511604786e+09 1.711396534218787909e+09
1.420000000000000000e+02 7.200000000000600000e+13 0.000000000000000000e+00 1.320583558581983397e+00 1.926457958482168664e-01 2.794595150660577065e-01 1.902265272966925103e-01 0.000000000000000000e+00 2.051951530825963044e+00 1.055244851881762674e-01 3.499121129488123655e+08 2.059052748808634579e+08
1.430000000000000000e+02 7.200000000000100000e+13 1.000000000000000000e+00 1.111838030618565565e+00 3.358997528515726694e-02 9.408140255993271972e-02 1.197400675515619684e-02 0.000000000000000000e+00 1.161901436527036813e+00 9.823446833217027926e-03 8.279421990639212132e+08 1.561976720839157104e+08
1.440000000000000000e+02 7.200000000000400000e+13 0.000000000000000000e+00 1.062256709861092219e+00 5.665012734066258299e-02 1.217278025378102507e-01 3.334293948126801355e-02 0.000000000000000000e+00 1.245237079301477978e+00 2.092087144169692964e-02 9.004432503286991119e+08 3.723873522336458564e+08
1.450000000000000000e+02 7.200000000000100000e+13 0.000000000000000000e+00 1.134954933276358657e+00 3.311046078985216412e-02 1.079856285630788199e-01 2.653504445179579938e-02 0.000000000000000000e+00 1.233926781100004311e+00 2.238148058835651155e-02 5.189943795304531455e+08 2.166973811640285254e+08
1.460000000000000000e+02 7.200000000000100000e+13 0.000000000000000000e+00 1.344811646473093703e+00 4.601302690707179122e-02 2.820256765023650969e-01 1.292117962021720190e-01 0.000000000000000000e+00 1.427612724676509126e+00 4.785243022105509225e-02 1.897537766638708115e+09 4.909328732326533794e+08
1.470000000000000000e+02 7.200000000000200000e+13 0.000000000000000000e+00 1.518845997978725215e+00 6.874450142318463963e-02 1.638081140108054445e-01 2.985227467975029234e-02 0.000000000000000000e+00 1.734872105728611169e+00 5.956045118952699863e-02 1.657489079957604408e+09 3.849433847572242618e+08
1.480000000000000000e+02 7.200000000000500000e+13 0.000000000000000000e+00 1.228721652488276694e+00 1.450703964358773281e-02 2.225049867917407859e-02 1.139058709364386239e-02 0.000000000000000000e+00 1.248725594402281924e+00 1.545927442959240533e-02 1.785316207740649879e+08 1.647329882411999106e+08
1.490000000000000000e+02 7.200000000000300000e+13 0.000000000000000000e+00 1.162250599449608846e+00 5.932305192019084183e-02 9.851194210059811829e-02 1.632845487601460033e-02 0.000000000000000000e+00 1.093864468560911130e+00 7.263046080442298047e-02 1.133309462500482798e+09 2.236601229727290273e+08
1.500000000000000000e+02 7.200000000000200000e+13 0.000000000000000000e+00 1.199877066326684449e+00 3.862665260974414150e-02 4.875654520342911913e-02 2.090193907165499576e-02 0.000000000000000000e+00 1.188376597856848793e+00 2.821346209123995821e-02 6.574583572470626831e+08 2.930526056228763461e+08
1.510000000000000000e+02 7.200000000000100000e+13 0.000000000000000000e+00 1.810663397617038761e+00 9.343481496497207939e-02 1.093869961079983466e-01 5.388354078140863979e-02 0.000000000000000000e+00 1.794265428203373425e+00 1.131970070474219575e-01 1.048749404643925667e+09 7.754147761211529970e+08
1.520000000000000000e+02 7.200000000000100000e+13 0.000000000000000000e+00 1.228753505421973813e+00 2.305700539204807650e-02 3.649057702247740509e-02 5.791458865931855063e-03 0.000000000000000000e+00 1.261884878016768630e+00 3.293673920871768857e-02 4.036133592636780739e+08 7.850199071680714190e+07
1.530000000000000000e+02 7.200000000000100000e+13 0.000000000000000000e+00 1.332110415895794819e+00 4.088919375935407691e-02 1.217961340084559307e-01 4.652228551253794614e-02 0.000000000000000000e+00 1.353771387731834031e+00 5.777888370230965798e-02 1.284722929336870670e+09 5.495700993184365034e+08
1.540000000000000000e+02 7.200000000000200000e+13 0.000000000000000000e+00 1.261001479893903765e+00 5.412340427568870099e-02 5.676664972372066909e-02 1.850677991113151497e-02 0.000000000000000000e+00 1.271330605300972305e+00 3.070195222881807670e-02 5.262701811623155475e+08 2.258946319485526085e+08
1.550000000000000000e+02 7.200000000000300000e+13 0.000000000000000000e+00 1.244675540208601605e+00 1.152514445844184804e-01 1.375515473491106810e-01 4.067665189202739062e-02 0.000000000000000000e+00 1.079967783976025775e+00 1.514369263130563859e-01 1.667000905254585981e+09 4.929643965010164380e+08
1.560000000000000000e+02 7.200000000000100000e+13 0.000000000000000000e+00 1.250831063239647323e+00 1.116403439793951444e-02 7.393163080217175775e-02 9.808641125640437178e-03 0.000000000000000000e+00 1.207896749116718960e+00 5.723612959113240362e-02 6.638030382990928888e+08 1.393286630917112827e+08
1.570000000000000000e+02 7.200000000000100000e+13 0.000000000000000000e+00 1.105145062613428708e+00 1.289228883479948129e-01 4.566880769719482425e-01 1.531691273905215755e-01 0.000000000000000000e+00 6.939322960735163637e-01 8.274209726368880746e-02 1.691890853286053181e+09 9.432285408223911524e+08
1.580000000000000000e+02 7.200000000000700000e+13 0.000000000000000000e+00 1.588680651773366481e+00 1.467525340204418050e-01 1.668847148405431802e-01 8.868600952498111034e-02 0.000000000000000000e+00 1.472855764192887662e+00 1.991845041308625275e-01 2.190259251478081703e+09 1.163949334870858431e+09
1.590000000000000000e+02 7.200000000000300000e+13 0.000000000000000000e+00 1.122081063173634430e+00 9.896986443240764209e-02 1.812505546545572499e-01 5.280190908669663008e-02 0.000000000000000000e+00 9.572025645867319188e-01 1.084781257523468601e-01 1.332280606399421215e+09 5.565268634714837074e+08
1.600000000000000000e+02 7.200000000000100000e+13 0.000000000000000000e+00 1.454051065320141500e+00 6.271997681469125563e-02 1.640909895209997360e-01 2.793373737092599146e-02 0.000000000000000000e+00 1.536662102125567309e+00 8.618188772766183225e-02 1.585527589229242802e+09 3.810989680299493074e+08
1.610000000000000000e+02 7.200000000000100000e+13 0.000000000000000000e+00 1.157911433593358463e+00 3.089332002607167449e-02 8.438206181360112523e-02 1.688856164505083204e-02 0.000000000000000000e+00 1.344323635828441166e+00 3.180050598247933374e-02 9.018474714126471281e+08 2.458934229301110506e+08
1.620000000000000000e+02 7.200000000000400000e+13 0.000000000000000000e+00 2.299597738618475606e+00 7.799426499592369832e-02 1.183471756407808995e-01 3.688215258171149286e-02 0.000000000000000000e+00 2.202456197173295660e+00 9.978928709057383051e-02 1.329943720431507587e+09 4.763455679160720706e+08
1.630000000000000000e+02 7.200000000000300000e+13 0.000000000000000000e+00 1.280391160704269726e+00 4.647011580686502552e-02 4.091699658062009776e-02 2.194153329946681510e-02 0.000000000000000000e+00 1.410997718859770211e+00 1.910466724784893461e-02 2.362474389112146497e+08 1.499211074075507224e+08
1.640000000000000000e+02 7.200000000000300000e+13 0.000000000000000000e+00 1.301128902670223964e+00 1.270680428143387553e-01 1.772849548005961118e-01 6.567924040014634646e-02 0.000000000000000000e+00 1.395434302264360937e+00 1.557079992091777720e-01 2.410150957019049644e+09 9.309350170677579641e+08
1.650000000000000000e+02 7.200000000000200000e+13 0.000000000000000000e+00 1.169867298853959570e+00 1.915430339296208262e-01 2.476642580862155885e-01 5.987150500464027275e-02 0.000000000000000000e+00 9.638398761318297536e-01 1.243977982053228321e-01 1.820420523398630142e+09 1.081050204122033596e+09
1.660000000000000000e+02 7.200000000000100000e+13 0.000000000000000000e+00 1.316021823193941342e+00 1.145410983340172106e-01 1.516799523069948807e-01 7.319454615196847869e-02 0.000000000000000000e+00 1.119313052763124317e+00 1.169332385459852797e-01 2.080379656536144733e+09 1.033772669363641977e+09
1.670000000000000000e+02 7.200000000000200000e+13 1.000000000000000000e+00 1.131299674915482889e+00 2.824331378239504364e-02 3.497618858165903871e-02 1.002524299815479164e-02 0.000000000000000000e+00 1.087933061106768573e+00 2.743704092536172409e-02 3.470596608031368852e+08 1.386655807549009323e+08
1.680000000000000000e+02 7.200000000004900000e+13 0.000000000000000000e+00 9.820058069877103391e-01 2.385743736972496809e-01 2.232416824398176514e-01 1.584851776812135071e-01 0.000000000000000000e+00 1.087328094513287491e+00 2.518941495953905263e-01 3.035365297421761036e+09 3.035365297421761036e+09
1.690000000000000000e+02 7.200000000000100000e+13 0.000000000000000000e+00 1.377243487254925514e+00 2.206351995936617072e-01 2.040882267659200888e-01 8.774566849787081291e-02 0.000000000000000000e+00 1.307875675110259373e+00 2.715605856535790452e-01 2.544210522942641735e+09 1.101136721671641350e+09
1.700000000000000000e+02 7.200000000001100000e+13 0.000000000000000000e+00 1.529360643616648030e+00 2.387023118498313515e-02 1.318233745166462190e-01 4.631104404413845244e-02 0.000000000000000000e+00 1.383843125005178809e+00 5.621641432302791619e-02 1.693784273755276203e+09 6.101861718716818094e+08
1.710000000000000000e+02 7.200000000000800000e+13 0.000000000000000000e+00 1.141546098640129348e+00 1.025473373919111586e-01 6.119241871357768842e-02 3.885938795393618223e-02 0.000000000000000000e+00 1.454628977488418906e+00 1.171208931850452051e-01 6.385845311897426844e+08 5.945951737703083754e+08
1.720000000000000000e+02 7.200000000000200000e+13 0.000000000000000000e+00 1.266347572524189724e+00 1.078993142812702810e-01 2.042448803827751069e-01 7.387987306598267634e-02 0.000000000000000000e+00 1.293833654163298874e+00 1.350050633256512367e-01 1.505179059449746609e+09 9.369781738141248226e+08
1.730000000000000000e+02 7.200000000000100000e+13 0.000000000000000000e+00 1.411391732985737502e+00 9.388485202358577697e-02 1.902433247837503061e-01 7.540823498270306235e-02 0.000000000000000000e+00 8.809895811553956069e-01 1.295208351473184916e-01 2.349185387712086201e+09 1.098216875665511370e+09
1.740000000000000000e+02 7.200000000000100000e+13 0.000000000000000000e+00 1.169182395105813566e+00 4.241927689514297245e-02 9.279042970060356887e-02 2.236296817189017960e-02 0.000000000000000000e+00 1.191527987614496409e+00 3.930511113210963248e-02 1.142633506501702309e+09 3.152256748511767983e+08
1.750000000000000000e+02 7.200000000000500000e+13 0.000000000000000000e+00 1.194145571566637143e+00 5.987893836907595690e-02 1.184870259059749853e-01 3.714722265556891223e-02 0.000000000000000000e+00 1.310144257202310092e+00 7.719021788732985390e-02 9.736530159121762514e+08 4.238135482199087739e+08
1.760000000000000000e+02 7.200000000000100000e+13 1.000000000000000000e+00 9.775291840535152987e-01 1.396737882812108117e-02 7.509550686633083283e-02 1.470944034228141573e-02 0.000000000000000000e+00 1.223378886265190424e+00 2.597236791171129294e-02 5.403992415177648067e+08 1.638812821693503857e+08
1.770000000000000000e+02 7.200000000001200000e+13 0.000000000000000000e+00 8.329417059240944443e-01 2.417107083657605293e-01 3.948744123706133258e-01 2.808949645167458375e-01 0.000000000000000000e+00 1.233538918126825479e+00 7.570217504530919739e-02 1.154798695991858482e+09 1.060629370669970036e+09
1.780000000000000000e+02 7.200000000000100000e+13 0.000000000000000000e+00 1.641317495311261920e+00 1.359252723751384895e-01 1.484012180991556573e-01 6.703199826802337669e-02 0.000000000000000000e+00 1.521297837539259179e+00 1.608584982198610347e-01 1.699571271954931974e+09 8.221393650094590187e+08
1.790000000000000000e+02 7.200000000000100000e+13 0.000000000000000000e+00 1.234360555738338805e+00 5.559921319368917730e-02 1.100728371281387979e-01 1.977320369296641650e-02 0.000000000000000000e+00 1.138087860519098937e+00 3.286518143160632038e-02 1.214580132944075823e+09 2.347178421057648659e+08
1.800000000000000000e+02 7.200000000000100000e+13 0.000000000000000000e+00 1.020860589109123584e+00 4.789277613910215836e-02 1.548866658580725919e-01 4.780929521450617836e-02 0.000000000000000000e+00 1.395445349990853234e+00 3.168035070578158197e-02 3.177916291610300541e+08 8.076631458752784133e+07
1.810000000000000000e+02 7.200000000000200000e+13 0.000000000000000000e+00 1.116044361461117074e+00 1.093348088159822179e-01 2.395369640702228187e-01 1.176430879911967153e-01 0.000000000000000000e+00 4.949827417173697786e-01 1.518730667468189965e-01 7.210310610337826014e+08 1.691355105471600890e+08
1.820000000000000000e+02 7.200000000000100000e+13 0.000000000000000000e+00 9.859839448939020645e-01 5.632755481503258499e-02 3.490383403143532820e-02 7.192676149794716839e-03 0.000000000000000000e+00 1.180015701712374909e+00 5.409432203742863682e-02 2.151391073990433812e+08 4.144388500246284902e+07
1.830000000000000000e+02 7.200000000000100000e+13 0.000000000000000000e+00 1.171683146959665356e+00 1.200719420848081892e-01 1.479645527777578295e-01 7.936030008838809713e-02 0.000000000000000000e+00 1.173643712861175636e+00 1.297925212939355089e-01 1.905276900851550579e+09 1.108789049521218061e+09
1.840000000000000000e+02 7.200000000000400000e+13 0.000000000000000000e+00 1.285513805237385121e+00 7.868007206107059670e-02 8.898280933014582339e-02 2.814720981398759897e-02 0.000000000000000000e+00 1.281826802161572409e+00 8.125507708234296078e-02 1.035156964906688571e+09 3.965493731570549011e+08
1.850000000000000000e+02 7.200000000000300000e+13 1.000000000000000000e+00 1.125537658187027779e+00 8.231965252332483843e-03 7.084687471228164057e-02 2.722733990744554550e-02 0.000000000000000000e+00 1.287460550604403009e+00 5.321906258607735779e-02 7.634484027484135628e+08 4.245872826466358304e+08
1.860000000000000000e+02 7.200000000000200000e+13 0.000000000000000000e+00 1.598373719992566055e+00 7.910363239968884463e-02 1.204418617724459101e-01 2.856774855137819702e-02 0.000000000000000000e+00 1.901431502443623467e+00 6.187114190502214506e-02 1.022381057922526956e+09 2.824638152137248516e+08
1.870000000000000000e+02 7.200000000000100000e+13 0.000000000000000000e+00 1.499971822540542066e+00 3.626838747872725144e-02 6.613636564970537535e-02 2.576184851616713373e-02 0.000000000000000000e+00 1.601290143094219909e+00 3.211941044558021263e-02 8.468475838683005571e+08 3.298693382616268396e+08
1.880000000000000000e+02 7.200000000000100000e+13 0.000000000000000000e+00 1.177088710099257529e+00 1.736762725092204362e-02 7.917077277859949080e-02 3.494727801898945413e-02 0.000000000000000000e+00 1.132298720351588850e+00 1.435733825766355443e-02 3.217969393843485713e+08 8.355731051707117260e+07
1.890000000000000000e+02 7.200000000002500000e+13 0.000000000000000000e+00 1.266689755306958043e+00 5.047826652778835549e-02 3.502017112821347034e-02 2.342119455882478787e-02 0.000000000000000000e+00 1.449922957064265328e+00 5.849474850722197888e-02 3.869678896310542822e+08 2.827537836663194895e+08
1.900000000000000000e+02 7.200000000000100000e+13 1.000000000000000000e+00 1.089025097973849165e+00 2.778360155440134233e-02 8.255970715115648617e-02 1.608690582923583481e-02 0.000000000000000000e+00 1.294336596970297570e+00 3.262152519730650985e-02 9.326636322094670534e+08 2.481184047263062596e+08
1.910000000000000000e+02 7.200000000000100000e+13 0.000000000000000000e+00 1.154181637663360682e+00 2.307938206823955882e-02 8.834926114925770180e-02 8.645194022204927276e-03 0.000000000000000000e+00 1.301519707206576282e+00 1.902923776829500493e-02 8.392816902049065828e+08 1.234827905928572118e+08
1.920000000000000000e+02 7.200000000005200000e+13 0.000000000000000000e+00 1.333078554795075421e+00 6.294253927194312648e-02 1.152251592372449396e-01 6.386316732407192054e-02 0.000000000000000000e+00 1.452289665249612893e+00 8.314923038467193772e-02 1.421258621710157156e+09 1.052456713919222593e+09
1.930000000000000000e+02 7.200000000000100000e+13 0.000000000000000000e+00 1.254431642424388205e+00 4.039019125515339037e-02 9.713474878794289835e-02 1.503639547498683213e-02 0.000000000000000000e+00 1.141014067785712349e+00 4.596900951908006183e-02 9.750848790941170454e+08 1.991976115403669477e+08
1.940000000000000000e+02 7.200000000000100000e+13 0.000000000000000000e+00 1.099678044326624304e+00 4.018767292347073111e-02 1.258566346622883858e-01 1.841497027598323205e-02 0.000000000000000000e+00 9.929673827203003844e-01 5.989897262197289851e-02 1.374915814929561615e+09 2.428693288575006127e+08
1.950000000000000000e+02 7.200000000000200000e+13 0.000000000000000000e+00 1.162310538925111159e+00 9.727795558958379774e-02 9.216167230703940783e-02 2.748479275710850184e-02 0.000000000000000000e+00 1.204931473937983499e+00 8.304889619157126979e-02 1.390962383781699181e+09 4.395260348940345645e+08
1.960000000000000000e+02 7.200000000000100000e+13 0.000000000000000000e+00 1.169335246242982018e+00 2.151769146994878326e-02 7.926470255167555878e-02 2.101686175250331093e-02 0.000000000000000000e+00 1.244034002186177545e+00 2.993301036672657914e-02 7.692326554501897097e+08 2.613943753327292502e+08
1.970000000000000000e+02 7.200000000000100000e+13 0.000000000000000000e+00 1.015947665196760497e+00 1.674185742184028935e-01 1.906862935828767258e-01 9.628198813848017068e-02 0.000000000000000000e+00 1.381677679011952709e+00 8.521980972141143806e-02 1.555931482311384678e+08 4.304443450341239572e+07
1.980000000000000000e+02 7.200000000000300000e+13 0.000000000000000000e+00 1.176319927864228454e+00 6.123637990578909007e-02 9.049618080978180656e-02 3.484093571533167233e-02 0.000000000000000000e+00 1.340638679202616590e+00 8.277106431132018327e-02 9.772797071887935400e+08 5.053319727446926832e+08
1.990000000000000000e+02 7.200000000000500000e+13 0.000000000000000000e+00 1.006200516265654654e+00 9.823491427768221707e-02 1.457890499745286839e-01 8.321891450233873111e-02 0.000000000000000000e+00 1.245872397549917299e+00 6.573783356550505497e-02 1.143034180695490360e+09 8.318157315971986055e+08
2.000000000000000000e+02 7.200000000000100000e+13 0.000000000000000000e+00 1.039320361499305623e+00 4.636249645897737304e-02 1.301083341604996890e-01 4.386371239609871547e-02 0.000000000000000000e+00 1.044524274733695357e+00 4.061181502086677608e-02 1.238868818217304707e+09 7.122308271831071377e+08
2.010000000000000000e+02 7.200000000000100000e+13 0.000000000000000000e+00 1.199423386102996814e+00 7.646839010485072252e-02 1.148296452373089999e-01 3.864038906067064627e-02 0.000000000000000000e+00 1.145871151164146395e+00 1.061109190579473671e-01 1.534664880396232605e+09 5.451685990161138773e+08
2.020000000000000000e+02 7.200000000000100000e+13 0.000000000000000000e+00 1.663250865980447246e+00 1.650886189485717692e-01 3.123715713142518613e-01 1.437970687217039467e-01 0.000000000000000000e+00 2.056449420657892713e+00 1.391785704594796225e-01 1.949839769864656448e+09 7.069870673271591663e+08
2.030000000000000000e+02 7.200000000000100000e+13 0.000000000000000000e+00 1.365614188825940989e+00 4.517540051661860651e-02 5.249603092431973095e-02 1.380397651537226301e-02 0.000000000000000000e+00 1.274953810807913923e+00 8.368372061051634891e-02 4.874020335995795727e+08 2.038769844813843668e+08
2.040000000000000000e+02 7.200000000000400000e+13 0.000000000000000000e+00 1.324430994360900282e+00 1.630077890404194596e-01 3.037411136239569487e-01 1.721983935116587483e-01 0.000000000000000000e+00 1.562211100675235498e+00 1.581650816288813211e-01 1.686047820069281101e+09 9.814866973745489120e+08
2.050000000000000000e+02 7.200000000000500000e+13 0.000000000000000000e+00 1.082930073783343161e+00 9.230696544176181240e-02 8.890891131219860744e-02 3.467571117348609150e-02 0.000000000000000000e+00 1.254962213413810090e+00 1.005675692785913539e-01 9.941934015285125971e+08 5.398800705467371941e+08
2.060000000000000000e+02 7.200000000000100000e+13 0.000000000000000000e+00 1.777474508632250982e+00 8.590685506208844968e-02 1.305331570424991261e-01 2.662199192865328037e-02 0.000000000000000000e+00 1.870545356875629839e+00 1.027658165721515304e-01 1.397776190128388166e+09 3.518670483918226957e+08
2.070000000000000000e+02 7.200000000000500000e+13 0.000000000000000000e+00 1.016947625879111472e+00 1.218674795179381792e-01 2.039741451301118891e-01 9.701848575512335426e-02 0.000000000000000000e+00 1.164580764994257001e+00 8.005267121026123089e-02 8.062031208007968664e+08 4.465478133780587316e+08
2.080000000000000000e+02 7.200000000001900000e+13 0.000000000000000000e+00 1.244939565945178961e+00 2.594656859399052315e-02 4.348676628270806838e-02 1.688663293181756272e-02 0.000000000000000000e+00 1.345152774485453895e+00 4.864963609346044382e-02 6.427065233537161350e+08 2.495736075706886053e+08
2.090000000000000000e+02 7.200000000000100000e+13 0.000000000000000000e+00 1.053580989551619940e+00 7.982550700602991656e-02 1.298959347858767432e-01 5.298938476235736522e-02 0.000000000000000000e+00 1.519849048850265394e+00 9.761450330827872723e-02 1.026313331148230910e+09 4.677186434503071904e+08
2.100000000000000000e+02 7.200000000000200000e+13 0.000000000000000000e+00 1.405236713123183101e+00 1.199995850410697784e-01 3.102402833341647015e-01 9.356611961889559070e-02 0.000000000000000000e+00 1.437103982215956588e+00 1.301137316128815613e-01 2.175790466718665600e+09 5.796794492958146334e+08
2.110000000000000000e+02 7.200000000000100000e+13 0.000000000000000000e+00 1.283080885662382542e+00 1.814307287671637070e-01 2.158604915426516335e-01 1.263613854934973468e-01 0.000000000000000000e+00 1.111302085217316771e+00 1.955009886997549906e-01 2.790049096034632683e+09 1.701925697593122244e+09
2.120000000000000000e+02 7.200000000000200000e+13 0.000000000000000000e+00 1.504776444261794577e+00 1.556170356852201730e-01 1.219976389482515661e-01 1.189390701429453440e-01 0.000000000000000000e+00 1.133458110586995415e+00 1.076761438756680123e-01 1.795236887482878447e+09 1.785409271043695927e+09
2.130000000000000000e+02 7.200000000000100000e+13 0.000000000000000000e+00 1.866146667725578689e+00 1.391251257639932737e-01 2.303089671488441348e-01 1.166310666486413405e-01 0.000000000000000000e+00 2.114925383986570484e+00 2.369137667340861231e-01 1.542772617974503517e+09 6.765191524814535379e+08
2.140000000000000000e+02 7.200000000000400000e+13 0.000000000000000000e+00 1.215095738940833225e+00 2.220589797169591692e-02 2.205237583630414652e-02 8.391284530611581305e-03 0.000000000000000000e+00 1.360314536795487195e+00 3.988051068951622286e-02 2.821442367849705219e+08 1.169428508130621612e+08
2.150000000000000000e+02 7.200000000000100000e+13 0.000000000000000000e+00 1.126526889079356275e+00 4.469059824751690085e-02 1.314974335710130671e-01 1.454296344805130689e-02 0.000000000000000000e+00 1.090813211258298443e+00 7.027430635028984740e-02 1.509504387397523642e+09 2.057775407686010301e+08
2.160000000000000000e+02 7.200000000000100000e+13 0.000000000000000000e+00 1.421057954126482947e+00 1.250836060837580699e-01 1.676112809437400042e-01 7.115529480742611990e-02 0.000000000000000000e+00 1.437048492591147308e+00 1.468120638571927816e-01 2.190769226024663448e+09 9.754243748293894529e+08
2.170000000000000000e+02 7.200000000000400000e+13 0.000000000000000000e+00 1.919528181532831779e+00 1.444982267619046024e-01 1.376715868602327864e-01 3.330694853917198772e-02 0.000000000000000000e+00 1.970887138169274078e+00 1.722956047213705655e-01 1.540785255512295246e+09 4.499571081195855737e+08
2.180000000000000000e+02 7.200000000000200000e+13 0.000000000000000000e+00 1.188350024742503175e+00 1.511779838585418645e-01 1.775494782453264087e-01 1.046122743326286242e-01 0.000000000000000000e+00 1.073895883209545543e+00 1.851056483021032983e-01 2.270677924187340260e+09 1.361815473176316023e+09
2.190000000000000000e+02 7.200000000000300000e+13 0.000000000000000000e+00 1.106664047639284387e+00 1.123631559687281040e-01 1.305328996336996283e-01 5.068971916971917041e-02 0.000000000000000000e+00 1.316487133086207129e+00 1.329797059659593994e-01 1.370852704134773731e+09 7.978066140015771389e+08
2.200000000000000000e+02 7.200000000000100000e+13 0.000000000000000000e+00 1.092431357298126349e+00 2.905329669849939234e-01 1.755899833373006369e-01 7.260380181589418114e-02 0.000000000000000000e+00 8.588496952151853936e-01 2.885636446792796961e-01 2.815821808452576160e+09 1.184657035295175791e+09
2.210000000000000000e+02 7.200000000000100000e+13 0.000000000000000000e+00 1.446448551841840846e+00 8.381604135249266785e-02 1.500111824963992757e-01 5.361650996067515718e-02 0.000000000000000000e+00 1.211502901511150254e+00 5.351701672212597766e-02 2.050927475812028170e+09 9.121540179415374994e+08
2.220000000000000000e+02 7.200000000000100000e+13 0.000000000000000000e+00 1.072360581950299707e+00 6.937653123338241579e-02 1.159093263581880834e-01 2.097110578545167275e-02 0.000000000000000000e+00 1.324675807019251916e+00 9.072242003085843887e-02 1.149102500769936323e+09 3.170952124115857482e+08
2.230000000000000000e+02 7.200000000000100000e+13 0.000000000000000000e+00 1.341635433088963936e+00 9.733103386807825941e-02 2.297913598534724322e-01 8.386888483743543121e-02 0.000000000000000000e+00 1.567789614134088350e+00 1.252243414457003545e-01 2.356535450963529587e+09 1.210710260094166994e+09
2.240000000000000000e+02 7.200000000000300000e+13 0.000000000000000000e+00 1.172985280182452517e+00 3.840937838411135480e-02 2.109663410138248874e-01 9.165870967741936159e-02 0.000000000000000000e+00 1.182976896626499297e+00 4.629016167716926144e-02 2.584105941646679878e+09 1.191221432079602003e+09
2.250000000000000000e+02 7.200000000000100000e+13 0.000000000000000000e+00 1.174408752003440082e+00 4.798311646743380621e-02 7.038281062520962417e-02 2.355523359347715465e-02 0.000000000000000000e+00 1.191759296187912653e+00 2.174087360919717965e-02 2.998201873210927844e+08 1.347344210628610849e+08
2.260000000000000000e+02 7.200000000000200000e+13 0.000000000000000000e+00 1.165902188633838321e+00 1.190256659047134041e-01 1.984039680383539728e-01 6.876308429884138429e-02 0.000000000000000000e+00 1.049926121296876014e+00 1.553453415393988568e-01 2.401577125243390083e+09 9.155775814458180666e+08
2.270000000000000000e+02 7.200000000000100000e+13 0.000000000000000000e+00 1.124534963564923107e+00 9.239908048210700164e-02 2.419399986452418494e-01 1.085921117734373192e-01 0.000000000000000000e+00 1.065949434383738126e+00 9.821050689600603623e-02 2.546843840343136787e+09 1.555981165059586525e+09
2.280000000000000000e+02 7.200000000000100000e+13 0.000000000000000000e+00 1.280814097339766811e+00 6.531348393538198571e-02 6.889214478589666957e-02 1.496789877713511872e-02 0.000000000000000000e+00 1.263801013720280642e+00 7.317054305464475161e-02 7.834747954342788458e+08 2.202291089189570248e+08
2.290000000000000000e+02 7.200000000000100000e+13 0.000000000000000000e+00 1.420867208059603204e+00 1.365271201270173707e-01 2.001457229282351258e-01 6.109579000981378571e-02 0.000000000000000000e+00 1.449131470643754582e+00 1.279823090408807873e-01 1.942106643501857042e+09 9.447613509111061096e+08
2.300000000000000000e+02 7.200000000000100000e+13 0.000000000000000000e+00 1.482904783716977981e+00 1.216447229513570039e-01 3.340974955918267209e-01 2.089247828915730687e-01 0.000000000000000000e+00 1.483899934100015194e+00 7.327415847702231644e-02 1.198820994658620358e+09 6.442529278259268999e+08
2.310000000000000000e+02 7.200000000000200000e+13 1.000000000000000000e+00 1.137909131856782663e+00 1.462980442964142286e-02 4.995008179610420374e-02 2.104390261885780503e-02 0.000000000000000000e+00 1.347776139366667181e+00 3.141515922977865943e-02 2.661831448533942103e+08 1.099209107389434576e+08
2.320000000000000000e+02 7.200000000001100000e+13 0.000000000000000000e+00 1.279589442331621196e+00 1.734936566219017762e-01 2.183978313911374980e-01 9.459023268226353365e-02 0.000000000000000000e+00 1.375695771395802014e+00 1.124059679926485422e-01 8.549053714911662340e+08 6.275333538476934433e+08
2.330000000000000000e+02 7.200000000000100000e+13 0.000000000000000000e+00 1.503915881448063763e+00 1.483886073477153622e-01 1.391142030100112614e-01 3.262560498574554324e-02 0.000000000000000000e+00 1.514831556707419313e+00 2.292244416240463434e-01 1.386978229642752409e+09 3.953185575792018175e+08
2.340000000000000000e+02 7.200000000000100000e+13 1.000000000000000000e+00 1.114291881419467556e+00 2.486592592975366695e-02 6.790383034429144093e-02 8.905230090735682946e-03 0.000000000000000000e+00 1.252791430440886034e+00 3.008676833204146361e-02 5.113839567540131211e+08 1.054530245297351629e+08
2.350000000000000000e+02 7.200000000000500000e+13 0.000000000000000000e+00 1.129305950840934880e+00 1.459881096188428706e-01 2.995275548421615919e-01 1.007280734247026355e-01 0.000000000000000000e+00 1.301846621511447033e+00 6.045453821083576762e-02 1.368256049930555344e+09 6.346787310279843807e+08
2.360000000000000000e+02 7.200000000001000000e+13 0.000000000000000000e+00 1.072455904536825377e+00 5.001997473976134423e-02 9.480807550799867645e-02 4.768472537151209611e-02 0.000000000000000000e+00 1.583429580922524282e+00 5.405644146344356499e-02 5.214992910879579782e+08 3.523545588238151073e+08
2.370000000000000000e+02 7.200000000000100000e+13 0.000000000000000000e+00 1.073408691973063434e+00 2.381196827403836425e-01 1.891850376373567788e-01 1.064571033834452590e-01 0.000000000000000000e+00 1.020210757115593170e+00 2.563693062864184635e-01 2.787361840119471550e+09 1.692385239220451117e+09
2.380000000000000000e+02 7.200000000000100000e+13 0.000000000000000000e+00 1.702941297245451624e+00 4.899122262044673659e-02 8.295513789767071378e-02 1.742014217553412153e-02 0.000000000000000000e+00 1.760259354986035252e+00 6.622750109321161316e-02 1.014253333483478427e+09 2.391854329245633483e+08
2.390000000000000000e+02 7.200000000000400000e+13 0.000000000000000000e+00 1.325401184921780606e+00 5.117587695862619440e-02 4.183000812923758083e-02 4.183000812923758083e-02 0.000000000000000000e+00 1.341224034980158519e+00 7.543294393092586647e-02 5.199874201827590466e+08 5.199874201827590466e+08
2.400000000000000000e+02 7.200000000000100000e+13 0.000000000000000000e+00 1.024106881507467648e+00 1.264305220228099935e-01 1.506805361845262592e-01 2.558974872610268736e-02 0.000000000000000000e+00 1.010603377292963456e+00 1.336771176759971591e-01 1.617139990293933630e+09 3.915447134598011374e+08
2.410000000000000000e+02 7.200000000000100000e+13 0.000000000000000000e+00 1.092283512728218886e+00 1.367856666838157265e-01 2.291311890220398551e-01 1.080984156080735809e-01 0.000000000000000000e+00 1.203983607357424157e+00 1.325163277224316039e-01 2.971933563544626713e+09 1.668049972457557201e+09
2.420000000000000000e+02 7.200000000000100000e+13 0.000000000000000000e+00 6.530064918145240815e-01 2.054298258522644083e-01 3.848795517252572296e-01 2.805669166098613831e-01 0.000000000000000000e+00 1.538390351192164163e+00 6.586229121330884617e-02 1.057756185817741632e+09 5.374645217012383938e+08
2.430000000000000000e+02 7.200000000000100000e+13 0.000000000000000000e+00 1.309434613217312027e+00 6.099193582768036581e-02 1.099762949331454381e-01 2.649595862507738916e-02 0.000000000000000000e+00 1.379913991444604360e+00 9.125227595578773443e-02 1.128200821637681484e+09 3.668529197418302298e+08
2.440000000000000000e+02 7.200000000000900000e+13 0.000000000000000000e+00 1.264736863019486623e+00 2.170967000736357885e-02 3.160441462246620786e-02 3.160441462246620786e-02 0.000000000000000000e+00 1.323038143015407453e+00 2.315552602597169621e-02 5.042008146428303719e+08 5.042008146428303719e+08
2.450000000000000000e+02 7.200000000000100000e+13 0.000000000000000000e+00 1.399167071784957805e+00 2.083333180351407132e-01 2.947929888399016818e-01 1.943265756659799948e-01 0.000000000000000000e+00 2.074688600019562568e+00 1.860106627594568240e-01 1.259101345759093046e+09 9.809691689492737055e+08
2.460000000000000000e+02 7.200000000000100000e+13 0.000000000000000000e+00 1.042983551271623011e+00 5.991547626586492953e-02 7.685929526200717399e-02 2.547845428618369934e-02 0.000000000000000000e+00 1.394755680769216966e+00 3.508807332671408374e-02 4.849982201866213679e+08 2.131721805983438194e+08
2.470000000000000000e+02 7.200000000001400000e+13 0.000000000000000000e+00 1.359601111496744119e+00 1.286132933547679824e-01 1.696382131359729095e-01 9.873178785967939852e-02 0.000000000000000000e+00 1.263609591529630372e+00 1.684892133450286433e-01 2.145414077879965305e+09 1.248660686131080627e+09
2.480000000000000000e+02 7.200000000000600000e+13 0.000000000000000000e+00 1.211540466997676146e+00 1.487712854332644830e-01 1.443521095769844387e-01 1.071648605533857684e-01 0.000000000000000000e+00 8.213498332022532988e-01 1.250277249899428844e-01 2.357781026997876644e+09 2.076769923408978701e+09
2.490000000000000000e+02 7.200000000000200000e+13 0.000000000000000000e+00 1.291357660721149436e+00 5.144926411780070818e-02 6.523381480371591434e-02 2.144764758765358229e-02 0.000000000000000000e+00 1.239703671488926018e+00 6.113199140218873728e-02 7.819278475880203247e+08 3.242318103623140454e+08
2.500000000000000000e+02 7.200000000000600000e+13 0.000000000000000000e+00 1.058422148703632715e+00 1.091153841630963101e-01 1.389640088397789963e-01 3.590841988950276009e-02 0.000000000000000000e+00 1.327116750814725687e+00 1.069927683557536230e-01 1.005227638330098867e+09 5.714298866972881556e+08
2.510000000000000000e+02 7.200000000000100000e+13 0.000000000000000000e+00 1.482673192106942928e+00 4.486508304851730827e-02 9.046775901455435254e-02 1.405853952926976527e-02 0.000000000000000000e+00 1.714655615762495922e+00 5.475566788005525876e-02 8.603430686116061211e+08 2.114680130509555638e+08
2.520000000000000000e+02 7.200000000000300000e+13 0.000000000000000000e+00 2.123061636385973117e+00 1.314505412433333020e-01 5.656335959720891482e-02 3.682955823499065723e-02 0.000000000000000000e+00 2.036234695959538321e+00 1.565311894646316537e-01 7.079407302193267345e+08 5.040838765129328370e+08
2.530000000000000000e+02 7.200000000000200000e+13 0.000000000000000000e+00 1.185287666661940076e+00 2.491990559909367658e-02 7.851569080058551364e-02 2.612309049281237236e-02 0.000000000000000000e+00 1.291007948285617823e+00 3.936495667657284592e-02 6.833341869355893135e+08 3.360036141951580048e+08
2.540000000000000000e+02 7.200000000000100000e+13 1.000000000000000000e+00 1.072717928927074293e+00 2.276700217727319758e-02 7.604225838015862826e-02 1.604999588980432837e-02 0.000000000000000000e+00 1.298600132131847662e+00 3.178286005330158842e-02 7.096729676016522646e+08 2.120567399933658838e+08
2.550000000000000000e+02 7.200000000000100000e+13 0.000000000000000000e+00 1.166441665409737150e+00 4.900110858187758239e-02 1.059069904599347772e-01 4.162173488981681796e-02 0.000000000000000000e+00 1.362698047667595613e+00 4.858056475927117340e-02 7.555306563812997341e+08 2.382416123360612988e+08
2.560000000000000000e+02 7.200000000000900000e+13 0.000000000000000000e+00 2.046437145711414995e+00 9.268276742908872212e-02 1.437771843407425754e-01 3.919010805291563149e-02 0.000000000000000000e+00 2.083361845782305100e+00 9.964127468158721912e-02 1.560315060955202818e+09 5.238428339281045794e+08
2.570000000000000000e+02 7.200000000000100000e+13 0.000000000000000000e+00 1.090669235577771623e+00 6.461966196210283675e-02 1.598506854936907473e-01 5.835761123488080598e-02 0.000000000000000000e+00 1.125778080306806928e+00 7.230611971720103670e-02 1.340893422793194056e+09 4.892231816496165991e+08
2.580000000000000000e+02 7.200000000000100000e+13 0.000000000000000000e+00 1.582542296857031738e+00 1.393676879156577064e-01 2.268512137324534828e-01 1.138397110150443925e-01 0.000000000000000000e+00 1.484420365254318197e+00 2.005047626725357524e-01 1.440784147680116415e+09 6.967787173911179304e+08
2.590000000000000000e+02 7.200000000000100000e+13 0.000000000000000000e+00 1.256440817459722803e+00 8.228757478818660154e-02 1.744416217856781526e-01 9.578426179948464070e-02 0.000000000000000000e+00 1.580343122969981584e+00 5.342181329329828698e-02 8.398906223368968964e+08 3.685064665461509228e+08
2.600000000000000000e+02 7.200000000000200000e+13 0.000000000000000000e+00 1.372730763118801933e+00 2.014170801553983592e-01 3.404384871849088778e-01 2.160486928153932118e-01 0.000000000000000000e+00 1.305743434730504582e+00 1.377037866714277137e-01 1.618580455223662376e+09 4.848642025178975463e+08
2.610000000000000000e+02 7.200000000000100000e+13 0.000000000000000000e+00 1.151194784848435848e+00 3.040340380692268044e-02 1.195673939948157655e-01 3.240382698138764145e-02 0.000000000000000000e+00 1.327025451079031360e+00 7.099128057624645716e-02 8.301820319172687531e+08 5.409184008538657427e+08
2.620000000000000000e+02 7.200000000000200000e+13 0.000000000000000000e+00 1.310323484376052727e+00 4.022530654001140599e-02 7.973467929368424634e-02 2.502531511288129396e-02 0.000000000000000000e+00 1.443339238728887253e+00 5.705713385824029427e-02 1.116538688570964098e+09 3.504338735005718470e+08
2.630000000000000000e+02 7.200000000000100000e+13 0.000000000000000000e+00 1.855769659328827315e+00 1.827094192847920628e-01 2.378100768765064044e-01 1.109212615514661299e-01 0.000000000000000000e+00 1.736475436499175684e+00 2.513644094554735031e-01 3.075959210742841721e+09 1.828457541133232594e+09
2.640000000000000000e+02 7.200000000000700000e+13 0.000000000000000000e+00 2.822147608325817902e+00 3.811055628070044582e-02 2.180818318913246567e-01 7.297788599846793955e-02 0.000000000000000000e+00 2.215349433777527466e+00 4.084299193854219051e-02 2.091306061211367607e+09 8.675049606364444494e+08
2.650000000000000000e+02 7.200000000000100000e+13 0.000000000000000000e+00 1.198697207953552057e+00 6.788557873882131166e-02 2.726149490761758942e-01 1.104280342290330091e-01 0.000000000000000000e+00 1.302076345800409207e+00 9.617588614956876225e-02 9.952138211206797361e+08 4.426415798070525527e+08
2.660000000000000000e+02 7.200000000000700000e+13 0.000000000000000000e+00 1.229715856917957151e+00 1.965066028105076912e-01 1.349833808978587457e-01 5.336547499017379320e-02 0.000000000000000000e+00 1.170816259482194477e+00 2.412920725501649655e-01 1.852745209267699480e+09 8.050599786496151686e+08
2.670000000000000000e+02 7.200000000000200000e+13 0.000000000000000000e+00 1.183239213584951433e+00 1.332387634158805068e-01 3.567210851182759934e-01 1.826231223909708379e-01 0.000000000000000000e+00 1.739804353232164980e+00 8.588447844548111054e-02 8.390950467542319298e+08 5.507773037423269749e+08
2.680000000000000000e+02 7.200000000000100000e+13 0.000000000000000000e+00 1.378225616570339485e+00 3.345441389073508520e-02 8.806356682960247984e-02 1.941699174954308188e-02 0.000000000000000000e+00 1.429356289887848908e+00 4.728735198138225848e-02 1.132711429529078960e+09 2.669542655416015387e+08
2.690000000000000000e+02 7.200000000007400000e+13 0.000000000000000000e+00 2.250548128130212433e+00 9.962620961566927280e-02 1.141631167976704164e+00 1.000000000000000000e+00 0.000000000000000000e+00 2.250548128130212433e+00 9.962977535963679632e-02 8.780923242425071716e+09 7.691558787753991127e+09
2.700000000000000000e+02 7.200000000000200000e+13 0.000000000000000000e+00 1.174258151041471354e+00 8.998315748686365467e-02 6.877068533881187939e-02 1.791078286046168810e-02 0.000000000000000000e+00 1.002999829041187896e+00 8.761588260216832125e-02 5.317031272901189923e+08 2.783141615192021728e+08
2.710000000000000000e+02 7.200000000000200000e+13 0.000000000000000000e+00 1.490498512648702922e+00 8.499907220077010384e-02 9.798696405602401460e-02 3.373136105950168967e-02 0.000000000000000000e+00 1.712142457608608170e+00 1.198338822259082115e-01 1.246690674922751665e+09 4.425104891837236285e+08
2.720000000000000000e+02 7.200000000000400000e+13 0.000000000000000000e+00 2.024252031123031426e+00 4.242080819963352928e-02 1.279264625295604696e-01 3.149792057408464657e-02 0.000000000000000000e+00 1.994044009920279414e+00 6.782483871946183573e-02 1.538478794117491722e+09 4.706758866114873290e+08
2.730000000000000000e+02 7.200000000010200000e+13 0.000000000000000000e+00 1.686493099547320407e+00 6.606893681560481457e-02 1.051659179032872871e+00 1.000000000000000000e+00 0.000000000000000000e+00 1.686493099547320407e+00 6.607370693834267728e-02 9.734548836446687698e+09 9.256372245425344467e+09
2.740000000000000000e+02 7.200000000000100000e+13 0.000000000000000000e+00 1.337486961059708213e+00 2.443162433768238453e-02 1.449689505770918874e-01 2.632238753753607732e-02 0.000000000000000000e+00 1.227001302432070950e+00 1.063113580991919757e-02 1.595377085231823206e+09 3.259491776959111094e+08
2.750000000000000000e+02 7.200000000003300000e+13 0.000000000000000000e+00 1.132541534867621102e+00 5.101251400643416756e-02 -1.000000000000000000e+00 -1.000000000000000000e+00 0.000000000000000000e+00 1.219919413048971224e+00 2.812446937358271948e-02 -1.000000000000000000e+00 -1.000000000000000000e+00
2.760000000000000000e+02 7.200000000000100000e+13 0.000000000000000000e+00 1.163422090782744167e+00 9.356757403968828102e-02 1.826135414217834041e-01 7.910459988744274196e-02 0.000000000000000000e+00 1.339742742400125586e+00 3.755126713753178386e-02 9.687910770800915956e+08 3.466975694243690968e+08
2.770000000000000000e+02 -1.000000000000000000e+00 -1.000000000000000000e+00 -1.000000000000000000e+00 -1.000000000000000000e+00 -1.000000000000000000e+00 -1.000000000000000000e+00 -1.000000000000000000e+00 -1.000000000000000000e+00 -1.000000000000000000e+00 -1.000000000000000000e+00 -1.000000000000000000e+00
2.780000000000000000e+02 7.200000000001400000e+13 0.000000000000000000e+00 1.741517950272872595e+00 1.565445441818205663e-01 1.314456971793146745e-01 1.007858816729955559e-01 0.000000000000000000e+00 1.554414815414473905e+00 2.048421418011485973e-01 1.644638419832981586e+09 1.261025174144947052e+09
2.790000000000000000e+02 7.200000000007600000e+13 0.000000000000000000e+00 1.002831904794733608e+00 1.127855776847186409e-01 1.732671428330209429e-01 1.732671428330209429e-01 1.000000000000000000e+00 1.018592072215390720e+00 1.832791690619329714e-02 -1.000000000000000000e+00 -1.000000000000000000e+00
2.800000000000000000e+02 7.200000000000200000e+13 0.000000000000000000e+00 1.143919766622746303e+00 6.810762368236178421e-02 4.243583755327033913e-01 2.137637765141341406e-01 0.000000000000000000e+00 1.518319758567026945e+00 9.422463097363877049e-02 9.402517849728941917e+08 4.736118435258839726e+08
2.810000000000000000e+02 7.200000000000600000e+13 0.000000000000000000e+00 1.304904394734777817e+00 7.464822980106497474e-02 1.165081415125495401e-01 4.600024768824306776e-02 0.000000000000000000e+00 1.508059421569585723e+00 6.793846205229552015e-02 8.510745923493618965e+08 5.061561460303586125e+08
2.820000000000000000e+02 7.200000000000100000e+13 0.000000000000000000e+00 1.882745384378496700e+00 2.322909067417018580e-01 4.789284065100516408e-01 3.301069926719778502e-01 0.000000000000000000e+00 1.837047841586201269e+00 1.460312130722530022e-01 1.575321769701391459e+09 5.240189658260244727e+08
2.830000000000000000e+02 7.200000000000100000e+13 0.000000000000000000e+00 1.258326292032476479e+00 3.831661981283514262e-02 8.562417689464060788e-02 2.064417685658893192e-02 0.000000000000000000e+00 1.351759798099225085e+00 6.144510723657040097e-02 9.367133358925795555e+08 2.945191218167387843e+08
2.840000000000000000e+02 7.200000000000100000e+13 0.000000000000000000e+00 1.058113655016173160e+00 6.471932788956988314e-02 6.930842964290769015e-02 1.204359370051148043e-02 0.000000000000000000e+00 1.264210536614154723e+00 6.911346744765757555e-02 7.955551753255540133e+08 1.940463881132000685e+08
2.850000000000000000e+02 7.200000000000100000e+13 0.000000000000000000e+00 1.277144781689425690e+00 6.908986565026763171e-02 1.245870352485404092e-01 5.328367981666393832e-02 0.000000000000000000e+00 1.060711273796422605e+00 1.120312524582069980e-01 1.774876993211319208e+09 8.467971066943762302e+08
2.860000000000000000e+02 7.200000000000800000e+13 0.000000000000000000e+00 1.065771556007096166e+00 8.038466299056828968e-02 9.860322973310178818e-02 2.843059392483884840e-02 0.000000000000000000e+00 1.195683834777827359e+00 4.517035871265681624e-02 8.893053200038245916e+08 3.097576338351376057e+08
2.870000000000000000e+02 7.200000000000800000e+13 0.000000000000000000e+00 3.387417998339987246e+00 2.347611191422305232e-01 2.000717433282170610e-01 9.134201583787449064e-02 0.000000000000000000e+00 3.282668804289024411e+00 3.026233565394281233e-01 2.613066233019300938e+09 1.192985742370954275e+09
2.880000000000000000e+02 7.200000000000200000e+13 0.000000000000000000e+00 1.234786319381397712e+00 1.009228538701716603e-02 4.686242522652891290e-02 1.983661312984292407e-02 0.000000000000000000e+00 1.398930833419250286e+00 5.437774622177353467e-02 5.879237550223966837e+08 2.684370415564669371e+08
2.890000000000000000e+02 7.200000000000100000e+13 0.000000000000000000e+00 1.278158558519807197e+00 6.185435982980300174e-02 1.116739311816669356e-01 5.117552685786721373e-02 0.000000000000000000e+00 1.322020696342456114e+00 9.701055297962773993e-02 1.448585787949137449e+09 6.945888456741468906e+08
2.900000000000000000e+02 7.200000000000100000e+13 0.000000000000000000e+00 1.165858608463741231e+00 7.630003847221324131e-02 8.449363917710028815e-02 3.430733629958516301e-02 0.000000000000000000e+00 1.212958686655492224e+00 9.768986166657286918e-02 1.000073879498236418e+09 4.323934545425074697e+08
2.910000000000000000e+02 7.200000000004700000e+13 0.000000000000000000e+00 1.049700539083598727e+00 8.016307320434547246e-02 5.128677053076313719e-02 4.607428923510254598e-02 0.000000000000000000e+00 1.124621789824939544e+00 8.201036910608269781e-02 7.830874301999210119e+08 7.034990969798438549e+08
2.920000000000000000e+02 7.200000000000200000e+13 0.000000000000000000e+00 1.160147088792147896e+00 2.512647203928992240e-02 7.567886383443602621e-03 3.115654191267630026e-03 0.000000000000000000e+00 1.205627110093150378e+00 2.024380072881241943e-02 6.691516908323515952e+07 4.421987027206585556e+07
2.930000000000000000e+02 7.200000000000200000e+13 0.000000000000000000e+00 1.017472691406872132e+00 2.519497453268720322e-01 3.861886792182553374e-01 1.302140582249831646e-01 0.000000000000000000e+00 1.161090480954842352e+00 2.639180165728035043e-01 3.005350887172414303e+09 1.944688867779486895e+09
2.940000000000000000e+02 7.200000000000200000e+13 0.000000000000000000e+00 1.253845823519063263e+00 3.918521522753509040e-02 1.188847387872195571e-01 2.772188615155620969e-02 0.000000000000000000e+00 1.294188297554041966e+00 6.676141653428087352e-02 1.300464121652365685e+09 3.799061387606873512e+08
2.950000000000000000e+02 7.200000000000200000e+13 0.000000000000000000e+00 1.038120569751860289e+00 8.581547469215236590e-02 1.281801427955766293e-01 4.970254623973129060e-02 0.000000000000000000e+00 1.132063265694860155e+00 1.083778513836401447e-01 1.747388653642151117e+09 6.775594367603398561e+08
2.960000000000000000e+02 7.200000000000100000e+13 0.000000000000000000e+00 1.161654166566680857e+00 1.097974411846133480e-01 1.252910499952243906e-01 5.841301510150802984e-02 0.000000000000000000e+00 1.287011014163875089e+00 8.859588046470548428e-02 1.648041661532307386e+09 9.000596720810154676e+08
2.970000000000000000e+02 7.200000000000300000e+13 0.000000000000000000e+00 1.160782107688481890e+00 1.670972020261768387e-01 1.042255121167837972e-01 3.758222011081448211e-02 0.000000000000000000e+00 1.450516760197642974e+00 9.300939633794005901e-02 8.361764795545630455e+08 3.246915919731608033e+08
2.980000000000000000e+02 7.200000000003000000e+13 0.000000000000000000e+00 1.406475384162475306e+00 9.411788126362408136e-02 6.731903311515780031e-02 3.385170274123517481e-02 0.000000000000000000e+00 1.044387144078138041e+00 5.990709646628039620e-02 1.122608276702766418e+09 5.645090239603518248e+08
2.990000000000000000e+02 7.200000000000200000e+13 0.000000000000000000e+00 1.295864954378771250e+00 9.948405181854309831e-02 1.004866227804998430e-01 3.947534909817312920e-02 0.000000000000000000e+00 1.429001329510880769e+00 7.733833146969905370e-02 8.569095734450893402e+08 6.170292927605623007e+08
3.000000000000000000e+02 7.200000000000500000e+13 0.000000000000000000e+00 1.334354684898411580e+00 2.460353240201444691e-01 2.298932424785687378e-01 9.894972315209976665e-02 0.000000000000000000e+00 1.389494684084612519e+00 2.821338087259512295e-01 2.333828526612301350e+09 1.471835514916111231e+09
3.010000000000000000e+02 7.200000000000200000e+13 0.000000000000000000e+00 1.102138015670005800e+00 5.179963666428376301e-02 7.342166510285096093e-02 2.717358354384698596e-02 0.000000000000000000e+00 1.290913257997393870e+00 8.825577846701798679e-02 9.527201424413101673e+08 3.593194683033017516e+08
3.020000000000000000e+02 7.200000000000100000e+13 0.000000000000000000e+00 1.416776925996795944e+00 1.098543330583152677e-01 2.137920771269304632e-01 8.640354564561820994e-02 0.000000000000000000e+00 1.478199172092207636e+00 5.838651211180220790e-02 9.530732132624365091e+08 3.393966418307724595e+08
3.030000000000000000e+02 7.200000000000100000e+13 0.000000000000000000e+00 8.960600030655734294e-01 1.149997479370363784e-01 2.188175043735487713e-01 1.621234772098349153e-01 0.000000000000000000e+00 1.440413763845959094e+00 6.952807248968738418e-02 5.956724381431689262e+08 3.772620489649515748e+08
3.040000000000000000e+02 7.200000000001700000e+13 0.000000000000000000e+00 1.302080475101392798e+00 5.153418265404238058e-02 9.470767101952552725e-02 3.326738299094340878e-02 0.000000000000000000e+00 1.426511176879474041e+00 6.732585612345609594e-02 1.232209320840475798e+09 4.712582381112269759e+08
3.050000000000000000e+02 7.200000000000300000e+13 0.000000000000000000e+00 1.141273082404983485e+00 9.638786973315588424e-02 1.995618596066475459e-01 8.252480870396938784e-02 0.000000000000000000e+00 1.404952872953328713e+00 9.970801028111668518e-02 2.712226558020985126e+09 1.355598335027878523e+09
3.060000000000000000e+02 7.200000000000300000e+13 0.000000000000000000e+00 1.307523447424351337e+00 7.569556487664111377e-02 1.103335122036395860e-01 2.985451881758209927e-02 0.000000000000000000e+00 1.263501288052623517e+00 8.081524304047890683e-02 1.418294686939751863e+09 4.294653091863625050e+08
3.070000000000000000e+02 7.200000000000100000e+13 0.000000000000000000e+00 1.314609013000548332e+00 1.046882543381553315e-02 4.429593464046034657e-02 6.883128686160366015e-03 0.000000000000000000e+00 1.418756403291967061e+00 6.994910602721866356e-03 4.598818766857141852e+08 9.399075586572922766e+07
3.080000000000000000e+02 7.200000000000100000e+13 0.000000000000000000e+00 1.474530255224289155e+00 2.414873355293950530e-01 3.014015145402377804e-01 1.671988272587172641e-01 0.000000000000000000e+00 2.021414775381376927e+00 1.343196709767541797e-01 9.792441232402402163e+08 2.039606398040961027e+08
3.090000000000000000e+02 7.200000000000600000e+13 0.000000000000000000e+00 8.460032612794667894e-01 2.079715045761146575e-01 2.784696610489495461e-01 1.531752142115015702e-01 0.000000000000000000e+00 1.071456113600244286e+00 1.679863866343131451e-01 1.980809679082872391e+09 1.361974145252320290e+09
3.100000000000000000e+02 7.200000000000100000e+13 0.000000000000000000e+00 1.239233929653531741e+00 5.326847672254085564e-02 1.083291423856428265e-01 3.366699327866879560e-02 0.000000000000000000e+00 1.408507798737411720e+00 7.357597344938039685e-02 7.608264435921723843e+08 1.773920410709236860e+08
3.110000000000000000e+02 7.200000000000300000e+13 0.000000000000000000e+00 1.325618855357445058e+00 1.695215080275503661e-01 2.890689697991041807e-01 2.068103537481336962e-01 0.000000000000000000e+00 1.131706740889172558e+00 1.118162404827107714e-01 1.291029978563860178e+09 7.641162140201829672e+08
3.120000000000000000e+02 7.200000000000800000e+13 0.000000000000000000e+00 1.083644492159113515e+00 5.768749810006967849e-02 1.189383349298552689e-01 7.053323832848085173e-02 0.000000000000000000e+00 1.241262089404345792e+00 1.056899533835146433e-02 5.596819647448667288e+08 3.331142958253626227e+08
3.130000000000000000e+02 7.200000000001700000e+13 1.000000000000000000e+00 1.108313318171313844e+00 3.610928847770628752e-02 3.804731217760172479e-02 1.600596707341020442e-02 0.000000000000000000e+00 1.255863019170821104e+00 3.914312858671872841e-02 2.041547779298086166e+08 2.041547779298086166e+08
3.140000000000000000e+02 7.200000000000100000e+13 0.000000000000000000e+00 1.294464923289387670e+00 5.542649400011061961e-02 1.204438744941716544e-01 6.744035755269674193e-02 0.000000000000000000e+00 1.534458484501270981e+00 8.491397319841725855e-02 1.361665153383494377e+09 9.108461608470948935e+08
3.150000000000000000e+02 7.200000000000600000e+13 0.000000000000000000e+00 2.188552087940089486e+00 1.317744512286359582e-01 2.042314974657196136e-01 5.342185038125211310e-02 0.000000000000000000e+00 2.146216206851612185e+00 1.687880003694968989e-01 2.504083571047796249e+09 7.775197138648469448e+08
3.160000000000000000e+02 7.200000000000200000e+13 0.000000000000000000e+00 1.161893230655851150e+00 6.551635560548656201e-02 6.566700154086974051e-02 1.692755466418822963e-02 0.000000000000000000e+00 1.311615680696535780e+00 9.340187604147125178e-02 5.713906483595250845e+08 2.333571244679973125e+08
3.170000000000000000e+02 7.200000000000500000e+13 0.000000000000000000e+00 1.276433675932954870e+00 8.182562600816921383e-02 1.815717105180310875e-01 6.914526186608419001e-02 0.000000000000000000e+00 9.125679448247229208e-01 8.145809086189507997e-02 2.475116638014025211e+09 1.020098925574912667e+09
3.180000000000000000e+02 7.200000000003200000e+13 0.000000000000000000e+00 9.517658879085606483e-01 1.833752912720805830e-02 1.095148870396832064e-01 6.484758062256591737e-02 0.000000000000000000e+00 1.343269010708591393e+00 6.006188237248050871e-02 1.209343249159721136e+09 1.209343249159721136e+09
3.190000000000000000e+02 7.200000000000100000e+13 0.000000000000000000e+00 1.188538001395008648e+00 5.536873084106662402e-02 8.520266653673992663e-02 5.419233767540109631e-02 0.000000000000000000e+00 1.576042877556514066e+00 4.671525739363726476e-02 4.132199992028374672e+08 2.119770970105197132e+08
3.200000000000000000e+02 7.200000000000300000e+13 0.000000000000000000e+00 1.102851972698104310e+00 6.983223755440462477e-02 5.967488778701408175e-02 3.434487061073031311e-02 0.000000000000000000e+00 1.286702466514428211e+00 7.245878107443294580e-02 7.938142411493338346e+08 5.164931418669239283e+08
3.210000000000000000e+02 7.200000000000500000e+13 0.000000000000000000e+00 1.339285898960514531e+00 3.872296683076981855e-02 6.752573318948434933e-02 2.748593619269892874e-02 0.000000000000000000e+00 1.462626345429071772e+00 3.600502668996621858e-02 5.704497653983674049e+08 4.294248124019225836e+08
3.220000000000000000e+02 7.200000000000100000e+13 0.000000000000000000e+00 1.279245220922918147e+00 1.197525771332356853e-01 2.339882662180632900e-01 1.057840921038797205e-01 0.000000000000000000e+00 1.439581841597022072e+00 1.028403082773025473e-01 2.856944606886168480e+09 1.702182846200055838e+09
3.230000000000000000e+02 7.200000000000500000e+13 0.000000000000000000e+00 1.299335627023317841e+00 8.773928040018073859e-02 1.784472232181473217e-01 6.259863510891082450e-02 0.000000000000000000e+00 1.352975424933790860e+00 9.164494420455583656e-02 2.023094144290197611e+09 9.186702161550060511e+08
3.240000000000000000e+02 7.200000000000100000e+13 0.000000000000000000e+00 1.214051266770100890e+00 2.888606289510425862e-02 7.740336734620449632e-02 1.843023883367993915e-02 0.000000000000000000e+00 1.225115919301462020e+00 6.608960335192165525e-02 1.039294006808391809e+09 2.564889856591508389e+08
