# rID[0] Hid[1]   R200: DS[2], eta[3], detla[4], fm[5], fm2[6];   R500: DS[7], eta[8], detla[9], fm[10], fm2[11]
1.000000000000000000e+00 4.900000000005000000e+13 0.000000000000000000e+00 1.752966868399504108e+00 5.077879950387421265e-02 -1.000000000000000000e+00 -1.000000000000000000e+00 0.000000000000000000e+00 7.767469263765990339e-01 1.341231876576010895e-01 -1.000000000000000000e+00 -1.000000000000000000e+00
2.000000000000000000e+00 4.900000000001300000e+13 0.000000000000000000e+00 1.181266795112955847e+00 7.118944740703003760e-02 1.030266690009337127e-01 5.384074463118580789e-02 0.000000000000000000e+00 1.233794171394089423e+00 1.059247941388999914e-01 1.295821790884595394e+09 6.771839835946851969e+08
3.000000000000000000e+00 4.900000000000100000e+13 0.000000000000000000e+00 1.227713844292995793e+00 6.548718925507607258e-02 5.030591213067234224e-02 4.034621554845468222e-02 0.000000000000000000e+00 1.428422884757357236e+00 7.084660609229732897e-02 7.327762198873279095e+08 5.876992596726984978e+08
4.000000000000000000e+00 4.900000000006600000e+13 0.000000000000000000e+00 1.239716024667123273e+00 6.020181678958211324e-02 1.157514997258345668e-01 1.157514997258345668e-01 0.000000000000000000e+00 1.197481827967655788e+00 1.116059027538989640e-01 1.529756870524532557e+09 1.529756870524532557e+09
5.000000000000000000e+00 4.900000000006700000e+13 0.000000000000000000e+00 9.360139149808873738e-01 9.405493422843314022e-02 -1.000000000000000000e+00 -1.000000000000000000e+00 0.000000000000000000e+00 9.928111239249332032e-01 1.182508189847477215e-01 -1.000000000000000000e+00 -1.000000000000000000e+00
6.000000000000000000e+00 4.900000000000100000e+13 0.000000000000000000e+00 1.207802956603097000e+00 3.205648989535488103e-02 9.857453596108535498e-02 4.824200820153182884e-02 0.000000000000000000e+00 1.341140917025463786e+00 3.191243450058024733e-02 1.830511354272349477e+08 9.849227155931949615e+07
7.000000000000000000e+00 4.900000000000400000e+13 0.000000000000000000e+00 1.319609048248567396e+00 1.243689367241377630e-01 1.084161749508284200e-01 9.153682034870153084e-02 0.000000000000000000e+00 1.266647372180275566e+00 1.559788446272228346e-01 1.224207041174094200e+09 1.068430298247318149e+09
8.000000000000000000e+00 4.900000000016200000e+13 0.000000000000000000e+00 1.072003088539275950e+00 1.297765358743522834e-01 2.035351232155536150e-01 2.035351232155536150e-01 0.000000000000000000e+00 1.112884830620535004e+00 9.747049526251119755e-02 -1.000000000000000000e+00 -1.000000000000000000e+00
9.000000000000000000e+00 4.900000000000900000e+13 0.000000000000000000e+00 1.414656526251046653e+00 6.177584905690024913e-02 4.944919450551588797e-02 4.527365410432515613e-02 0.000000000000000000e+00 1.484965915786013113e+00 7.692867629729645274e-02 6.516187956393883228e+08 5.965954401615957022e+08
1.000000000000000000e+01 4.900000000001100000e+13 0.000000000000000000e+00 1.366761508551456838e+00 8.900111601674326467e-02 1.941650527221863431e-01 9.578330105444372855e-02 0.000000000000000000e+00 1.474563359612924840e+00 6.976201314854188484e-02 1.305043298578855515e+09 5.235359401823273301e+08
1.100000000000000000e+01 4.900000000034500000e+13 0.000000000000000000e+00 9.802473513505283176e-01 1.051584237050633280e-01 -1.000000000000000000e+00 -1.000000000000000000e+00 0.000000000000000000e+00 8.470825566000045326e-01 1.309986132454250551e-01 -1.000000000000000000e+00 -1.000000000000000000e+00
1.200000000000000000e+01 4.900000000000500000e+13 1.000000000000000000e+00 1.027824213482935400e+00 2.015425163954069274e-02 5.988190174281610156e-02 5.988190174281610156e-02 1.000000000000000000e+00 1.098259003375365861e+00 1.537503088906681803e-02 -1.000000000000000000e+00 -1.000000000000000000e+00
1.300000000000000000e+01 4.900000000018300000e+13 0.000000000000000000e+00 6.211459094837138428e-01 5.187454931163571620e-02 -1.000000000000000000e+00 -1.000000000000000000e+00 0.000000000000000000e+00 8.453472708942565417e-01 6.377403747185728111e-02 -1.000000000000000000e+00 -1.000000000000000000e+00
1.400000000000000000e+01 4.900000000016800000e+13 0.000000000000000000e+00 1.193950305568038939e+00 1.584151810002573380e-01 -1.000000000000000000e+00 -1.000000000000000000e+00 0.000000000000000000e+00 8.583724516376730618e-01 1.566700653817483802e-01 -1.000000000000000000e+00 -1.000000000000000000e+00
1.500000000000000000e+01 4.900000000000100000e+13 0.000000000000000000e+00 2.103170700895177436e+00 1.611623832357674535e-01 9.434023154461110283e-02 7.095853052057431165e-02 0.000000000000000000e+00 1.870573758678942378e+00 1.967502380018408825e-01 1.134606103425001383e+09 1.011672725978260159e+09
1.600000000000000000e+01 4.900000000000100000e+13 0.000000000000000000e+00 9.818748510165058452e-01 9.509575853033002887e-03 1.140144840546235550e-01 6.666919928681416807e-02 0.000000000000000000e+00 1.173166502848120407e+00 2.613565766981922056e-02 1.831914298521087468e+08 8.742114249485801160e+07
1.700000000000000000e+01 4.900000000001200000e+13 0.000000000000000000e+00 1.019773624796978195e+00 4.851442605727623869e-02 3.300186105545374615e-02 3.300186105545374615e-02 0.000000000000000000e+00 8.876574772811394176e-01 6.435791350462119476e-02 4.262666700956995487e+08 4.262666700956995487e+08
1.800000000000000000e+01 4.900000000000600000e+13 0.000000000000000000e+00 1.381139257470408888e+00 8.232105867552856615e-02 4.278917475120366798e-03 4.278917475120366798e-03 0.000000000000000000e+00 1.515185084271465810e+00 8.812658265055837992e-02 6.248111296432336420e+07 6.248111296432336420e+07
1.900000000000000000e+01 4.900000000000100000e+13 0.000000000000000000e+00 1.675144514937598306e+00 1.739753760269729943e-01 2.249768552214038153e-01 1.730419570240234461e-01 0.000000000000000000e+00 1.367839503437176418e+00 2.251954963441585578e-01 2.530235613946197987e+09 2.328921832576443195e+09
2.000000000000000000e+01 4.900000000027600000e+13 0.000000000000000000e+00 9.139933994155556851e-01 1.600796319283102065e-01 2.153810326090081495e-01 2.153810326090081495e-01 0.000000000000000000e+00 1.001183356871088170e+00 8.754239532744349794e-02 -1.000000000000000000e+00 -1.000000000000000000e+00
2.100000000000000000e+01 4.900000000007900000e+13 0.000000000000000000e+00 1.002578549038625866e+00 6.424815960400614978e-02 5.387031828151422203e-02 5.387031828151422203e-02 0.000000000000000000e+00 9.173307112880428882e-01 8.712626341428666987e-02 6.342225937376606464e+08 6.342225937376606464e+08
2.200000000000000000e+01 4.900000000005300000e+13 0.000000000000000000e+00 1.044523832882797487e+00 5.062536431245446417e-02 8.603716657698516623e-02 8.603716657698516623e-02 0.000000000000000000e+00 9.050309054827958555e-01 6.502246615260473539e-02 1.088128892070458651e+09 1.088128892070458651e+09
2.300000000000000000e+01 4.900000000046600000e+13 0.000000000000000000e+00 1.120488802767968473e+00 7.991890165437781635e-02 -1.000000000000000000e+00 -1.000000000000000000e+00 0.000000000000000000e+00 7.905327181454826491e-01 8.921969986801975283e-02 -1.000000000000000000e+00 -1.000000000000000000e+00
2.400000000000000000e+01 4.900000000006500000e+13 1.000000000000000000e+00 8.939327836633694790e-01 1.804069304449257977e-02 -1.000000000000000000e+00 -1.000000000000000000e+00 0.000000000000000000e+00 1.047713316310013409e+00 4.803284627670259543e-02 -1.000000000000000000e+00 -1.000000000000000000e+00
2.500000000000000000e+01 4.900000000100000000e+13 0.000000000000000000e+00 1.608997445865595691e-02 9.868323791111714705e-02 -1.000000000000000000e+00 -1.000000000000000000e+00 0.000000000000000000e+00 9.955948086346485537e-01 1.373386142658864495e-01 -1.000000000000000000e+00 -1.000000000000000000e+00
2.600000000000000000e+01 4.900000000001500000e+13 1.000000000000000000e+00 1.011014032640953131e+00 2.804469430898738971e-02 5.180088081783376652e-02 3.904964391620241448e-02 0.000000000000000000e+00 1.005787139003537556e+00 5.221881065841443847e-02 6.811532046887718439e+08 5.134814249397737980e+08
2.700000000000000000e+01 4.900000000001400000e+13 0.000000000000000000e+00 1.096788230646154494e+00 1.855722760263132098e-01 1.499532998900287850e-01 1.111817710317280911e-01 0.000000000000000000e+00 1.200300269740412373e+00 2.218454366828430113e-01 1.843716804629277468e+09 1.367010260994412899e+09
2.800000000000000000e+01 4.900000000016800000e+13 0.000000000000000000e+00 8.532013108115835687e-01 2.446101128411989067e-01 -1.000000000000000000e+00 -1.000000000000000000e+00 0.000000000000000000e+00 9.625625420404210209e-01 9.874559379145066151e-02 -1.000000000000000000e+00 -1.000000000000000000e+00
2.900000000000000000e+01 4.900000000000300000e+13 1.000000000000000000e+00 1.127571669468360405e+00 3.488698991591375562e-03 3.419237879051787582e-02 1.076476173887637097e-02 0.000000000000000000e+00 1.382314592783506546e+00 1.990161756795224071e-02 3.544834301443639398e+08 1.592166144123157859e+08
3.000000000000000000e+01 4.900000000004300000e+13 0.000000000000000000e+00 8.799154951560445026e-01 3.717697662692433930e-02 1.035592187945750531e-01 1.035592187945750531e-01 1.000000000000000000e+00 8.787901940081203067e-01 1.160834030637020176e-02 -1.000000000000000000e+00 -1.000000000000000000e+00
3.100000000000000000e+01 4.900000000006200000e+13 0.000000000000000000e+00 4.988306139126501004e-01 9.801021019155031766e-02 1.539565628734563818e-01 1.118821371663789727e-01 0.000000000000000000e+00 1.168388305639022295e+00 1.517224120523102959e-01 1.548041549594379187e+09 1.548041549594379187e+09
3.200000000000000000e+01 4.900000000000100000e+13 0.000000000000000000e+00 1.057799442297934656e+00 1.606008485520840634e-01 3.862438562596599567e-01 1.473031298299845304e-01 0.000000000000000000e+00 9.489390646130820839e-01 2.111100102290109637e-01 3.043486113280627728e+09 1.947683215846806765e+09
3.300000000000000000e+01 4.900000000001200000e+13 0.000000000000000000e+00 1.336458057167047020e+00 7.601010825666026927e-02 1.053386628947933779e-01 6.416851679438516365e-02 0.000000000000000000e+00 1.344390540275431700e+00 1.123339742246772521e-01 1.254032926535363436e+09 7.639116606925702095e+08
3.400000000000000000e+01 4.900000000000100000e+13 0.000000000000000000e+00 1.276785619449720466e+00 7.847206219707326957e-02 1.395173204376262688e-01 8.551520201277590383e-02 0.000000000000000000e+00 1.262632130382446816e+00 1.185363023167887025e-01 1.211970195975395441e+09 1.009918155993661761e+09
3.500000000000000000e+01 4.900000000000700000e+13 0.000000000000000000e+00 1.089562946654591080e+00 1.536883459009454334e-01 2.248621520846672550e-01 1.886444954992279044e-01 0.000000000000000000e+00 1.043919596316612575e+00 1.386562571080307282e-01 2.975933484365904331e+09 2.496611660045324802e+09
3.600000000000000000e+01 4.900000000000100000e+13 0.000000000000000000e+00 1.204249666403459651e+00 5.280924551970613695e-02 4.917559754680082135e-02 2.832300288449227793e-02 0.000000000000000000e+00 1.153870395391575210e+00 6.130608860137883726e-02 5.536422088595166206e+08 3.439051883571249247e+08
3.700000000000000000e+01 4.900000000000200000e+13 0.000000000000000000e+00 1.252173377992419567e+00 9.200899552022662187e-02 1.844783505604732643e-01 8.576256016765081147e-02 0.000000000000000000e+00 1.139378714315212537e+00 1.228638407307489494e-01 1.792277946690207005e+09 9.909638973930120468e+08
3.800000000000000000e+01 4.900000000000100000e+13 0.000000000000000000e+00 1.253710772798294126e+00 3.108434340537473764e-02 9.886788568934722077e-02 4.016220410076535435e-02 0.000000000000000000e+00 1.417960383507345989e+00 2.189739339612174762e-02 3.589227543030169010e+08 1.961666135197760165e+08
3.900000000000000000e+01 4.900000000000100000e+13 0.000000000000000000e+00 1.006813453722737339e+00 3.086634697689818463e-01 3.379899320113874950e-01 1.887022125163703712e-01 0.000000000000000000e+00 1.526864290961946757e+00 8.486474986071707027e-02 5.266322706058730483e+08 3.046572255655056238e+08
4.000000000000000000e+01 4.900000000109300000e+13 0.000000000000000000e+00 9.025513883294059569e-01 2.049417753945649012e-01 1.000000000000000000e+00 1.000000000000000000e+00 0.000000000000000000e+00 7.517454182321670064e-01 1.823002863833118881e-01 1.047881756267621231e+10 1.047881756267621231e+10
4.100000000000000000e+01 4.900000000003100000e+13 0.000000000000000000e+00 1.050705041582344013e+00 6.580246191907869469e-02 3.127675233729988041e-02 3.127675233729988041e-02 0.000000000000000000e+00 9.139474801080135213e-01 7.523300541005686903e-02 4.576776814724777937e+08 4.576776814724777937e+08
4.200000000000000000e+01 4.900000000000700000e+13 0.000000000000000000e+00 1.049188509270280623e+00 5.056023542791298481e-02 1.847198926534720023e-02 1.847198926534720023e-02 0.000000000000000000e+00 1.127877032676411595e+00 4.511192650579427810e-02 2.301164579562785327e+08 2.301164579562785327e+08
4.300000000000000000e+01 4.900000000008800000e+13 0.000000000000000000e+00 1.268080402156890774e+00 1.493512298961382212e-01 1.489682158231286913e-01 8.111364776194257553e-02 0.000000000000000000e+00 1.067946726425598847e+00 2.110919116023494968e-01 2.059197353652556658e+09 1.121239238139314413e+09
4.400000000000000000e+01 4.900000000003500000e+13 0.000000000000000000e+00 1.016167411081574157e+00 8.626062698598085943e-02 -1.000000000000000000e+00 -1.000000000000000000e+00 0.000000000000000000e+00 1.062890904473891007e+00 1.010112456126258940e-01 -1.000000000000000000e+00 -1.000000000000000000e+00
4.500000000000000000e+01 4.900000000000300000e+13 0.000000000000000000e+00 1.245043615363492728e+00 7.562510607820556452e-02 1.028898871522230946e-01 7.402967525911537117e-02 0.000000000000000000e+00 1.289388292447172235e+00 8.691615436433804132e-02 1.525346463872611046e+09 1.097492732313580990e+09
4.600000000000000000e+01 4.900000000000400000e+13 0.000000000000000000e+00 1.137364606107544862e+00 8.213599258506239231e-02 2.314003229840077280e-01 1.342656670024755250e-01 0.000000000000000000e+00 1.079415677399234053e+00 3.292575293875427828e-02 1.256781361967763186e+09 6.436398962919089794e+08
4.700000000000000000e+01 4.900000000004500000e+13 0.000000000000000000e+00 1.008614283012326140e+00 5.803020106149525681e-02 9.593504931342353159e-02 9.593504931342353159e-02 0.000000000000000000e+00 1.050758418674053285e+00 9.305271800870472398e-02 -1.000000000000000000e+00 -1.000000000000000000e+00
4.800000000000000000e+01 4.900000000000100000e+13 0.000000000000000000e+00 1.353770499429203689e+00 1.167880061009923531e-01 8.497434302332498857e-02 4.308706375066075761e-02 0.000000000000000000e+00 1.429654503864973725e+00 1.708297115799325694e-01 7.527114944504340887e+08 6.008935371096655130e+08
4.900000000000000000e+01 4.900000000001700000e+13 0.000000000000000000e+00 9.605178048154185966e-01 7.934900852032723828e-02 -1.000000000000000000e+00 -1.000000000000000000e+00 0.000000000000000000e+00 8.236004249784359965e-01 5.317994371316339675e-02 -1.000000000000000000e+00 -1.000000000000000000e+00
5.000000000000000000e+01 4.900000000005300000e+13 0.000000000000000000e+00 1.047679708665093523e+00 2.581287413200782921e-01 1.295483473930055252e-01 1.295483473930055252e-01 0.000000000000000000e+00 8.704422528042302654e-01 2.347669067824093014e-01 2.186408172876445770e+09 2.186408172876445770e+09
5.100000000000000000e+01 4.900000000010200000e+13 0.000000000000000000e+00 6.128752498706131480e-01 1.270448710455860108e-01 2.080352605881183314e-01 2.080352605881183314e-01 0.000000000000000000e+00 6.732884616215453200e-01 3.951305932256791997e-02 -1.000000000000000000e+00 -1.000000000000000000e+00
5.200000000000000000e+01 4.900000000000100000e+13 0.000000000000000000e+00 1.305182534204639699e+00 1.409926636571774139e-01 2.247359750700967662e-01 1.441825267557657886e-01 0.000000000000000000e+00 1.116005962208868496e+00 1.465364449740474695e-01 2.775987513803974628e+09 1.949343808972554684e+09
5.300000000000000000e+01 4.900000000027500000e+13 0.000000000000000000e+00 8.807779474582206891e-01 1.578292106704548003e-01 1.909871540326065764e-01 1.909871540326065764e-01 0.000000000000000000e+00 1.022783835139360109e+00 6.572629572226615369e-02 -1.000000000000000000e+00 -1.000000000000000000e+00
5.400000000000000000e+01 4.900000000000400000e+13 0.000000000000000000e+00 1.258834826753168601e+00 5.855183238437334375e-02 1.541438282206065297e-02 1.541438282206065297e-02 0.000000000000000000e+00 1.452817449944050932e+00 3.580757727438169807e-02 2.267386921791620553e+08 2.267386921791620553e+08
5.500000000000000000e+01 4.900000000000100000e+13 0.000000000000000000e+00 1.276823459554045526e+00 6.176667656729627892e-02 1.011119657627313900e-01 3.756408475282684706e-02 0.000000000000000000e+00 1.430123463321713695e+00 7.295203769376969183e-02 1.001780652954762101e+09 4.893099440537700057e+08
5.600000000000000000e+01 4.900000000002700000e+13 0.000000000000000000e+00 5.263416208951674502e-01 2.707233590256376554e-01 -1.000000000000000000e+00 -1.000000000000000000e+00 0.000000000000000000e+00 1.135838378189706122e+00 7.027486262180526744e-02 -1.000000000000000000e+00 -1.000000000000000000e+00
5.700000000000000000e+01 4.900000000003200000e+13 1.000000000000000000e+00 1.090919950833378893e+00 3.301747372786772300e-02 -1.000000000000000000e+00 -1.000000000000000000e+00 1.000000000000000000e+00 1.130840746820429121e+00 1.900670487079315213e-02 -1.000000000000000000e+00 -1.000000000000000000e+00
5.800000000000000000e+01 4.900000000000300000e+13 0.000000000000000000e+00 1.276572178263444490e+00 2.272671833594570034e-01 2.705689899119825270e-01 2.221444846658459094e-01 0.000000000000000000e+00 8.743755896210718692e-01 2.789246026228827113e-01 3.905411086161526203e+09 3.302791469618096352e+09
5.900000000000000000e+01 -1.000000000000000000e+00 -1.000000000000000000e+00 -1.000000000000000000e+00 -1.000000000000000000e+00 -1.000000000000000000e+00 -1.000000000000000000e+00 -1.000000000000000000e+00 -1.000000000000000000e+00 -1.000000000000000000e+00 -1.000000000000000000e+00 -1.000000000000000000e+00
6.000000000000000000e+01 4.900000000000300000e+13 0.000000000000000000e+00 1.155754589465904258e+00 3.795233525940703428e-02 5.580024998511993323e-02 2.888637581096363191e-02 0.000000000000000000e+00 1.216561872380361731e+00 1.921669417683662465e-02 7.338137573358483315e+08 3.798767922242495418e+08
6.100000000000000000e+01 4.900000000002900000e+13 0.000000000000000000e+00 9.107324440274191524e-01 4.292926136272310483e-02 -1.000000000000000000e+00 -1.000000000000000000e+00 0.000000000000000000e+00 9.525581765697873626e-01 5.526470532579217526e-02 -1.000000000000000000e+00 -1.000000000000000000e+00
6.200000000000000000e+01 4.900000000001800000e+13 0.000000000000000000e+00 9.336592250729064402e-01 1.356546837941656480e-01 2.263128476409662637e-01 1.716163212879192046e-01 0.000000000000000000e+00 7.606187131446445759e-01 1.968780939130294894e-01 2.956568604193803787e+09 2.242008939289453983e+09
6.300000000000000000e+01 4.900000000000100000e+13 0.000000000000000000e+00 1.240230518678487215e+00 3.585011163623424979e-02 7.205524474896506104e-02 3.294497975017735697e-02 0.000000000000000000e+00 1.288443826794422042e+00 6.044696639180346248e-02 4.605568271070901155e+08 1.658803762664193213e+08
6.400000000000000000e+01 4.900000000000300000e+13 0.000000000000000000e+00 1.122742620160862792e+00 7.903014744592891383e-02 1.008122426450295261e-01 4.307832422586520965e-02 0.000000000000000000e+00 1.242556106875497779e+00 8.249230332953505496e-02 6.687786571217108518e+07 6.687786571217108518e+07
6.500000000000000000e+01 4.900000000001900000e+13 0.000000000000000000e+00 1.039006326416334502e+00 1.687293345120894628e-01 9.522861768182044884e-02 9.522861768182044884e-02 0.000000000000000000e+00 8.003745277525995405e-01 2.233488807883032834e-01 1.158060949944761753e+09 1.158060949944761753e+09
6.600000000000000000e+01 4.900000000005300000e+13 0.000000000000000000e+00 1.054259838667154225e+00 3.308721341916814884e-02 1.000000000000000000e+00 1.000000000000000000e+00 0.000000000000000000e+00 1.054259838667154225e+00 3.309972889331797702e-02 1.006404202868208504e+10 1.006404202868208504e+10
6.700000000000000000e+01 4.900000000000200000e+13 0.000000000000000000e+00 1.392900827093888294e+00 9.788109337456067649e-02 2.218306898102223867e-01 1.140804074949972741e-01 0.000000000000000000e+00 1.425142025386670674e+00 1.260410512371022140e-01 1.343420968779575825e+09 9.670080630168997049e+08
6.800000000000000000e+01 4.900000000000100000e+13 0.000000000000000000e+00 8.153050326039367190e-01 1.880716318339601678e-01 1.297669167455750561e-01 7.577783131720053356e-02 0.000000000000000000e+00 1.284874426531354974e+00 1.760399432204327042e-01 1.437433412436522484e+09 9.613734838690993786e+08
6.900000000000000000e+01 4.900000000000900000e+13 0.000000000000000000e+00 9.064510397289499144e-01 1.031804859778820971e-01 2.126775502724494449e-01 1.270153444828311107e-01 0.000000000000000000e+00 9.860642884332327940e-01 1.817982247221017478e-01 2.643460918303353310e+09 2.233798358337788105e+09
7.000000000000000000e+01 4.900000000000500000e+13 0.000000000000000000e+00 1.237306775575296669e+00 8.830402436870882221e-02 1.780397773085045099e-01 1.100771741217124178e-01 0.000000000000000000e+00 1.243223646200653176e+00 1.063026970869201532e-01 1.990784231079586029e+09 1.308129256523098230e+09
7.100000000000000000e+01 4.900000000002500000e+13 0.000000000000000000e+00 1.157479969562432043e+00 8.034786934437126993e-02 6.485750670323159328e-02 6.485750670323159328e-02 0.000000000000000000e+00 1.177898686860626487e+00 8.851864081258230266e-02 -1.000000000000000000e+00 -1.000000000000000000e+00
7.200000000000000000e+01 4.900000000001100000e+13 0.000000000000000000e+00 8.844656846717900978e-01 4.994254010293311397e-02 1.003571307559380649e-01 1.003571307559380649e-01 1.000000000000000000e+00 8.813344127631704827e-01 3.987652990342033937e-02 -1.000000000000000000e+00 -1.000000000000000000e+00
7.300000000000000000e+01 4.900000000001100000e+13 1.000000000000000000e+00 1.096035959285601713e+00 1.911137939313944240e-02 1.910272883888714315e-02 1.910272883888714315e-02 0.000000000000000000e+00 1.090099217490066552e+00 5.209677575629765439e-02 2.732565425604075789e+08 2.732565425604075789e+08
7.400000000000000000e+01 4.900000000000100000e+13 0.000000000000000000e+00 1.468380730175283366e+00 9.238064962380389267e-02 1.130647523815418720e-01 7.554624214555408224e-02 0.000000000000000000e+00 1.597314104116406286e+00 9.149951374570922114e-02 9.525396377953734398e+08 9.397548791870520115e+08
7.500000000000000000e+01 4.900000000003500000e+13 1.000000000000000000e+00 1.053232550723504302e+00 7.945503140894360009e-03 -1.000000000000000000e+00 -1.000000000000000000e+00 1.000000000000000000e+00 9.621138580950491237e-01 3.129692978390900132e-02 -1.000000000000000000e+00 -1.000000000000000000e+00
7.600000000000000000e+01 4.900000000000500000e+13 0.000000000000000000e+00 9.998496758456051348e-01 1.724206114898004516e-01 7.691831165815141147e-02 5.343056200650255633e-02 0.000000000000000000e+00 1.276412284012305998e+00 8.981307176678485216e-02 3.826968387741014957e+08 3.826968387741014957e+08
7.700000000000000000e+01 4.900000000000200000e+13 1.000000000000000000e+00 1.094502194346429924e+00 2.760033681060499247e-02 5.004423501149186243e-02 2.525796056962683125e-02 0.000000000000000000e+00 1.020855409489287435e+00 2.026101531687739613e-02 3.154869448129714131e+08 3.154869448129714131e+08
7.800000000000000000e+01 4.900000000003400000e+13 0.000000000000000000e+00 9.240321151302559599e-01 1.382435000289250204e-01 2.590713323380548494e-01 2.149131558824600441e-01 0.000000000000000000e+00 9.749468747685701153e-01 5.344149669979048750e-02 6.886311137158769369e+08 6.886311137158769369e+08
7.900000000000000000e+01 4.900000000003100000e+13 0.000000000000000000e+00 1.191620233682875174e+00 1.441176810060665059e-01 2.144533172872576943e-01 1.565863868652821456e-01 0.000000000000000000e+00 1.094186850137295330e+00 2.093266575876480406e-01 2.612452754285840511e+09 1.907522545346892118e+09
8.000000000000000000e+01 4.900000000000800000e+13 0.000000000000000000e+00 1.308836600955800344e+00 7.728928712673502344e-02 6.401416792747147144e-02 2.891680252082771269e-02 0.000000000000000000e+00 1.489160963886063893e+00 4.307100784956606476e-02 3.905839315836558342e+08 2.427204429532427490e+08
8.100000000000000000e+01 4.900000000004200000e+13 0.000000000000000000e+00 9.715537548390187350e-01 1.201559703609699908e-01 -1.000000000000000000e+00 -1.000000000000000000e+00 0.000000000000000000e+00 1.125323962965693481e+00 5.280895370140020056e-02 -1.000000000000000000e+00 -1.000000000000000000e+00
8.200000000000000000e+01 4.900000000015800000e+13 0.000000000000000000e+00 1.096451595262952772e+00 5.390175785417971460e-02 -1.000000000000000000e+00 -1.000000000000000000e+00 0.000000000000000000e+00 9.480723182142115624e-01 8.747801610377753390e-02 -1.000000000000000000e+00 -1.000000000000000000e+00
8.300000000000000000e+01 4.900000000002200000e+13 0.000000000000000000e+00 1.008347581356359157e+00 6.933945445612504921e-02 -1.000000000000000000e+00 -1.000000000000000000e+00 0.000000000000000000e+00 1.091802176944001834e+00 6.411132123654196546e-02 -1.000000000000000000e+00 -1.000000000000000000e+00
8.400000000000000000e+01 4.900000000008400000e+13 0.000000000000000000e+00 1.035629257427739258e+00 7.316324374009258724e-02 -1.000000000000000000e+00 -1.000000000000000000e+00 0.000000000000000000e+00 1.001372519612226286e+00 4.570138863734985596e-02 -1.000000000000000000e+00 -1.000000000000000000e+00
8.500000000000000000e+01 4.900000000038600000e+13 0.000000000000000000e+00 1.170248772498549528e+00 2.838082112768618853e-02 -1.000000000000000000e+00 -1.000000000000000000e+00 0.000000000000000000e+00 1.066561518790536622e+00 4.993367479539507353e-02 -1.000000000000000000e+00 -1.000000000000000000e+00
8.600000000000000000e+01 4.900000000088500000e+13 0.000000000000000000e+00 1.091582834139555036e+00 1.011726000111698859e-01 -1.000000000000000000e+00 -1.000000000000000000e+00 0.000000000000000000e+00 1.051706400171672495e+00 4.073102542383197355e-02 -1.000000000000000000e+00 -1.000000000000000000e+00
8.700000000000000000e+01 4.900000000000200000e+13 0.000000000000000000e+00 1.137899229919639543e+00 5.345178130537274475e-02 1.013863980272375759e-01 4.581427824170076352e-02 0.000000000000000000e+00 1.190063370868950532e+00 4.611746704656274898e-02 9.269739595150611401e+08 5.876406425985183716e+08
8.800000000000000000e+01 4.900000000000300000e+13 0.000000000000000000e+00 1.162886653176954388e+00 4.446647290910688000e-02 2.151275285839929566e-02 2.151275285839929566e-02 0.000000000000000000e+00 1.354250264418207950e+00 5.146677485549932402e-02 3.215023468975110054e+08 3.215023468975110054e+08
8.900000000000000000e+01 4.900000000000100000e+13 0.000000000000000000e+00 1.219726470246164540e+00 3.988184880917415576e-02 1.288447129327036922e-01 8.299733361369815432e-02 0.000000000000000000e+00 1.309117049431675950e+00 1.096716481011518751e-01 1.160264506551591873e+09 1.135353658680805922e+09
9.000000000000000000e+01 4.900000000001600000e+13 0.000000000000000000e+00 1.076378394232173408e+00 5.522130378058509592e-02 1.238421636367393816e-02 1.238421636367393816e-02 0.000000000000000000e+00 1.098028033191185582e+00 5.641441737188265110e-02 -1.000000000000000000e+00 -1.000000000000000000e+00
9.100000000000000000e+01 4.900000000009400000e+13 0.000000000000000000e+00 1.392013786286240284e+00 2.132463483653354586e-01 2.871684086793531709e-01 2.265737376008367387e-01 0.000000000000000000e+00 1.036534442358018504e+00 9.142417980049133419e-02 -1.000000000000000000e+00 -1.000000000000000000e+00
9.200000000000000000e+01 4.900000000000200000e+13 0.000000000000000000e+00 1.214871193079850586e+00 9.327924927434672053e-02 1.914780969172872882e-01 1.300021147628280804e-01 0.000000000000000000e+00 1.289765752937418020e+00 8.231198235153187881e-02 7.255739942731384039e+08 6.353848011226197481e+08
9.300000000000000000e+01 4.900000000000400000e+13 0.000000000000000000e+00 9.580002669798899362e-01 1.916072176881484512e-01 3.504042534326392011e-01 2.128989968080255424e-01 0.000000000000000000e+00 9.852685549271189558e-01 1.231662119064005356e-01 2.055933987103948355e+09 1.259504621234473467e+09
9.400000000000000000e+01 4.900000000006700000e+13 1.000000000000000000e+00 9.179451174417020409e-01 3.189672446052261440e-02 -1.000000000000000000e+00 -1.000000000000000000e+00 1.000000000000000000e+00 9.669286335917439690e-01 3.014357348018324723e-02 -1.000000000000000000e+00 -1.000000000000000000e+00
9.500000000000000000e+01 4.900000000000200000e+13 0.000000000000000000e+00 1.168623503351832404e+00 2.122458216733899908e-02 2.614710959606663526e-02 1.013869991279685821e-02 0.000000000000000000e+00 1.445393726214289298e+00 4.797463943598077180e-02 1.997001966533527970e+08 1.324256271556443721e+08
9.600000000000000000e+01 4.900000000102600000e+13 0.000000000000000000e+00 7.651141313924020304e-01 1.605807312432996625e-01 -1.000000000000000000e+00 -1.000000000000000000e+00 0.000000000000000000e+00 8.102311133945345745e-01 6.378523628559060188e-02 -1.000000000000000000e+00 -1.000000000000000000e+00
9.700000000000000000e+01 4.900000000001900000e+13 0.000000000000000000e+00 1.106340622801122553e+00 8.994145315176346744e-02 -1.000000000000000000e+00 -1.000000000000000000e+00 0.000000000000000000e+00 1.141738555408241984e+00 1.078048461637052535e-01 -1.000000000000000000e+00 -1.000000000000000000e+00
9.800000000000000000e+01 4.900000000012300000e+13 0.000000000000000000e+00 8.598140687798287995e-01 7.462157456347649764e-02 -1.000000000000000000e+00 -1.000000000000000000e+00 0.000000000000000000e+00 7.580561110197422403e-01 7.771048857353418660e-02 -1.000000000000000000e+00 -1.000000000000000000e+00
9.900000000000000000e+01 4.900000000000200000e+13 0.000000000000000000e+00 1.151361764210923067e+00 7.221631165516387285e-02 5.289985926688023365e-02 3.067710179236875570e-02 0.000000000000000000e+00 1.099009262565574074e+00 5.791346484975131576e-02 3.933207336490057707e+08 3.933207336490057707e+08
1.000000000000000000e+02 4.900000000023800000e+13 0.000000000000000000e+00 8.352547461145860552e-01 5.812479156064417896e-02 -1.000000000000000000e+00 -1.000000000000000000e+00 1.000000000000000000e+00 8.529856250620384550e-01 2.064761428306492730e-02 -1.000000000000000000e+00 -1.000000000000000000e+00
1.010000000000000000e+02 4.900000000040200000e+13 0.000000000000000000e+00 1.107997410853171383e+00 1.358843196579494206e-01 -1.000000000000000000e+00 -1.000000000000000000e+00 0.000000000000000000e+00 1.091563041506067977e+00 1.241913696688389246e-01 -1.000000000000000000e+00 -1.000000000000000000e+00
1.020000000000000000e+02 4.900000000000200000e+13 0.000000000000000000e+00 1.028818758450936732e+00 6.225518337346713088e-02 5.538982676208106803e-02 3.143729450446219181e-02 0.000000000000000000e+00 9.272127151312907767e-01 5.864664359980705649e-02 4.301950080024590492e+08 4.301950080024590492e+08
1.030000000000000000e+02 4.900000000002000000e+13 0.000000000000000000e+00 8.118340945207678239e-01 9.748365154553406686e-02 -1.000000000000000000e+00 -1.000000000000000000e+00 0.000000000000000000e+00 1.110327272221501849e+00 7.418109728227340050e-02 -1.000000000000000000e+00 -1.000000000000000000e+00
1.040000000000000000e+02 4.900000000000200000e+13 0.000000000000000000e+00 1.174617486550666223e+00 1.155252004073183125e-01 2.160987838437638808e-01 1.093329782512205972e-01 0.000000000000000000e+00 1.567993830248746612e+00 1.156519564106491954e-01 1.567305835342040777e+09 1.276940316520590782e+09
1.050000000000000000e+02 4.900000000002600000e+13 1.000000000000000000e+00 1.083693939103035353e+00 3.930020299382708249e-02 -1.000000000000000000e+00 -1.000000000000000000e+00 1.000000000000000000e+00 1.115378322368725694e+00 3.935234746756158947e-02 -1.000000000000000000e+00 -1.000000000000000000e+00
1.060000000000000000e+02 4.900000000013400000e+13 0.000000000000000000e+00 9.997414626629879120e-01 7.094431603809274456e-02 -1.000000000000000000e+00 -1.000000000000000000e+00 0.000000000000000000e+00 7.366178907622223937e-01 8.002429402058908181e-02 -1.000000000000000000e+00 -1.000000000000000000e+00
1.070000000000000000e+02 4.900000000003800000e+13 0.000000000000000000e+00 1.103164216653071961e+00 4.894187246533630853e-02 -1.000000000000000000e+00 -1.000000000000000000e+00 0.000000000000000000e+00 1.173009503578712476e+00 5.107146841363786188e-02 -1.000000000000000000e+00 -1.000000000000000000e+00
1.080000000000000000e+02 4.900000000000400000e+13 0.000000000000000000e+00 1.030200758624457924e+00 1.191461096515707002e-01 8.416898947733425507e-02 4.676944826022592233e-02 0.000000000000000000e+00 1.061983871553834780e+00 1.410816792510008466e-01 5.680587961717946529e+08 5.680587961717946529e+08
1.090000000000000000e+02 4.900000000002900000e+13 0.000000000000000000e+00 8.445042268751699055e-01 1.401380139205443132e-01 2.705445521048649993e-01 2.705445521048649993e-01 0.000000000000000000e+00 1.036392891616148448e+00 4.879116682427829532e-02 -1.000000000000000000e+00 -1.000000000000000000e+00
1.100000000000000000e+02 4.900000000006200000e+13 0.000000000000000000e+00 8.891646872280772884e-01 1.108806044964952275e-01 1.947961338590054881e-01 1.947961338590054881e-01 0.000000000000000000e+00 1.096970294141209612e+00 4.254448508185846439e-02 -1.000000000000000000e+00 -1.000000000000000000e+00
1.110000000000000000e+02 4.900000000000800000e+13 0.000000000000000000e+00 1.045175669725668000e+00 2.221943224804833472e-01 3.071920910418531325e-01 2.395669993472013815e-01 0.000000000000000000e+00 1.428862180771389712e+00 1.085273115613124423e-01 -1.000000000000000000e+00 -1.000000000000000000e+00
1.120000000000000000e+02 4.900000000003000000e+13 0.000000000000000000e+00 1.124876062667132359e+00 8.024961049635322141e-02 -1.000000000000000000e+00 -1.000000000000000000e+00 0.000000000000000000e+00 9.503909059769030110e-01 1.361788648354634312e-01 -1.000000000000000000e+00 -1.000000000000000000e+00
1.130000000000000000e+02 4.900000000000600000e+13 0.000000000000000000e+00 1.476624939639515022e+00 7.650827716560774927e-02 1.031106375678335629e-01 6.157834382251758248e-02 0.000000000000000000e+00 1.557043533705439575e+00 7.791126363865978621e-02 8.411078610173695087e+08 6.946123927826210260e+08
1.140000000000000000e+02 4.900000000000300000e+13 0.000000000000000000e+00 9.277450568643104134e-01 1.439789246145893598e-01 1.887926796949025710e-01 1.797116023423233622e-01 0.000000000000000000e+00 1.485241916165271014e+00 1.876338437375782778e-02 1.650110666012658179e+08 8.514059394858248532e+07
1.150000000000000000e+02 4.900000000005600000e+13 0.000000000000000000e+00 9.286502272682602976e-01 7.357629918626389098e-02 4.536044858433394000e-02 4.536044858433394000e-02 0.000000000000000000e+00 1.076320464609400007e+00 9.357407306823345428e-02 6.091268041750955582e+08 6.091268041750955582e+08
1.160000000000000000e+02 4.900000000001300000e+13 1.000000000000000000e+00 9.241308369065682760e-01 2.325627472529174719e-02 -1.000000000000000000e+00 -1.000000000000000000e+00 1.000000000000000000e+00 1.004097597842346534e+00 2.106076393167658975e-02 -1.000000000000000000e+00 -1.000000000000000000e+00
1.170000000000000000e+02 4.900000000000300000e+13 0.000000000000000000e+00 1.008857582901476535e+00 4.297797731947608502e-02 1.064546551799963776e-02 1.064546551799963776e-02 0.000000000000000000e+00 1.040112917496976541e+00 1.856931004882759681e-02 1.415184540243773460e+08 1.415184540243773460e+08
1.180000000000000000e+02 4.900000000000100000e+13 0.000000000000000000e+00 1.180593821862787385e+00 9.773831217299697172e-02 1.797178755453822940e-01 1.398887495064696229e-01 0.000000000000000000e+00 1.309400677713061345e+00 5.333579596525300781e-02 5.663525449452598095e+08 5.663525449452598095e+08
1.190000000000000000e+02 4.900000000010700000e+13 0.000000000000000000e+00 1.409938935111103797e+00 1.894066999976940224e-01 1.217530250985072032e-01 1.217530250985072032e-01 0.000000000000000000e+00 1.249914287999877471e+00 2.725366622291557905e-01 1.472144095087746382e+09 1.472144095087746382e+09
1.200000000000000000e+02 4.900000000000200000e+13 0.000000000000000000e+00 1.060223215171426592e+00 1.043414423121594575e-01 1.256672536146635766e-01 7.670752533110697380e-02 0.000000000000000000e+00 1.309267069160491737e+00 1.369106445872939892e-01 1.622760867682318687e+09 1.051158205191848755e+09
1.210000000000000000e+02 4.900000000001600000e+13 0.000000000000000000e+00 7.011822724633839377e-01 1.999298617163575431e-01 2.385998034947116875e-01 2.385998034947116875e-01 0.000000000000000000e+00 9.070532447077382932e-01 5.659556499297832555e-02 -1.000000000000000000e+00 -1.000000000000000000e+00
1.220000000000000000e+02 4.900000000000100000e+13 0.000000000000000000e+00 1.196917059116104465e+00 2.749660682913843482e-02 1.004595544427517792e-02 7.738578259098930975e-03 0.000000000000000000e+00 1.271968503680485973e+00 3.828149713342317295e-02 2.764254439990113676e+07 2.764254439990113676e+07
1.230000000000000000e+02 4.900000000013400000e+13 0.000000000000000000e+00 1.021774157355156865e+00 6.111900482692576159e-02 -1.000000000000000000e+00 -1.000000000000000000e+00 0.000000000000000000e+00 9.882642838765701709e-01 5.846039737744050668e-02 -1.000000000000000000e+00 -1.000000000000000000e+00
1.240000000000000000e+02 4.900000000000100000e+13 0.000000000000000000e+00 1.202231520407459842e+00 1.723692822665569280e-01 1.040929057731138530e+00 1.000000000000000000e+00 0.000000000000000000e+00 1.173483536172542641e+00 2.333099680516517727e-02 2.069406809666712570e+10 2.069406809666712570e+10
1.250000000000000000e+02 4.900000000001700000e+13 0.000000000000000000e+00 9.982993793057836074e-01 5.677826875625217873e-02 -1.000000000000000000e+00 -1.000000000000000000e+00 0.000000000000000000e+00 9.573858329614142182e-01 5.054916823444779994e-02 -1.000000000000000000e+00 -1.000000000000000000e+00
1.260000000000000000e+02 4.900000000000600000e+13 0.000000000000000000e+00 1.201677621299753307e+00 1.080680386631023421e-01 5.898630504833512339e-02 4.137480736001494103e-02 0.000000000000000000e+00 1.255517922291270017e+00 1.289080961993428198e-01 4.933370376679956913e+08 4.933370376679956913e+08
1.270000000000000000e+02 4.900000000000300000e+13 0.000000000000000000e+00 1.120831311071333936e+00 1.733643814001677164e-01 3.632008383807883156e-01 3.194805117912100090e-01 0.000000000000000000e+00 9.052588858926711168e-01 8.803483268369276249e-02 2.908546390668358803e+08 2.602281784280456305e+08
1.280000000000000000e+02 4.900000000000300000e+13 0.000000000000000000e+00 1.240794771654114115e+00 7.805327650879176349e-02 1.867507834405409961e-01 1.229308922975424767e-01 0.000000000000000000e+00 1.166534582192143787e+00 1.293972338240919340e-01 1.789511671167072773e+09 1.789511671167072773e+09
1.290000000000000000e+02 4.900000000000100000e+13 0.000000000000000000e+00 1.127690582762857607e+00 1.242935424784592097e-01 2.705279345529913448e-01 1.104717206743991431e-01 0.000000000000000000e+00 1.177031189053167726e+00 1.135241364313391704e-01 2.330071248585307598e+09 6.028464466183402538e+08
1.300000000000000000e+02 4.900000000000500000e+13 0.000000000000000000e+00 8.001445966550325695e-01 1.990904939683114938e-01 3.718047629625657602e-01 2.987284467900941376e-01 0.000000000000000000e+00 1.111905377055807165e+00 4.043761542986328006e-02 1.124042936617976189e+09 7.782126648985438347e+08
1.310000000000000000e+02 4.900000000000100000e+13 0.000000000000000000e+00 1.078136012405889410e+00 1.655823616426028433e-01 1.449202801855849765e-01 1.236671476254018603e-01 0.000000000000000000e+00 1.064156002121175115e+00 1.408444342491694257e-01 1.719051077562487602e+09 1.657665052088202715e+09
1.320000000000000000e+02 4.900000000000900000e+13 0.000000000000000000e+00 1.144908388369632490e+00 7.033739846411868335e-02 1.184256971408400999e-01 6.783775073282279078e-02 0.000000000000000000e+00 1.120668015215280366e+00 1.161661031737210442e-01 1.061779052786619306e+09 7.841434720329753160e+08
1.330000000000000000e+02 4.900000000000200000e+13 0.000000000000000000e+00 9.861176179013306786e-01 6.712073599493290077e-02 8.607023587582070256e-02 2.736301369863013838e-02 0.000000000000000000e+00 1.165554699631083935e+00 6.823726946261443604e-02 1.265149991877979279e+09 4.022100811774830222e+08
1.340000000000000000e+02 4.900000000003400000e+13 0.000000000000000000e+00 9.696564626098906903e-01 7.428067115225790717e-02 4.292446099382343089e-02 4.292446099382343089e-02 0.000000000000000000e+00 1.053619887216022732e+00 9.397697548858435779e-02 5.423444564292019606e+08 5.423444564292019606e+08
1.350000000000000000e+02 4.900000000000100000e+13 0.000000000000000000e+00 1.104438757032443208e+00 1.797957433311216380e-01 3.181352452466943426e-01 2.039996766266899408e-01 0.000000000000000000e+00 1.122352296097534508e+00 9.702570500865023706e-02 1.158030085084192038e+09 5.487877122223047018e+08
1.360000000000000000e+02 4.900000000006800000e+13 0.000000000000000000e+00 7.701952901444213406e-01 3.275559926856246307e-01 4.642684900894362143e-01 3.867411888856525093e-01 0.000000000000000000e+00 1.338809936886260488e+00 1.561886339483400943e-01 1.624722425961844206e+09 1.624722425961844206e+09
1.370000000000000000e+02 4.900000000000100000e+13 0.000000000000000000e+00 1.244286283936680393e+00 4.475157827524749166e-02 8.038305397939375652e-02 3.404509481857548314e-02 0.000000000000000000e+00 1.574296312801609199e+00 4.424435718084952784e-02 9.876948691997363567e+08 4.858811415739149451e+08
1.380000000000000000e+02 4.900000000000200000e+13 0.000000000000000000e+00 1.079554726774039741e+00 7.569566289911837387e-02 7.140288868525548893e-02 5.659005479400819327e-02 0.000000000000000000e+00 1.138902588174154795e+00 9.551298849667476387e-02 7.885557041037672758e+08 7.885557041037672758e+08
1.390000000000000000e+02 4.900000000000400000e+13 1.000000000000000000e+00 1.038107035349055574e+00 2.738205724324716678e-02 -1.000000000000000000e+00 -1.000000000000000000e+00 1.000000000000000000e+00 1.066636342403737725e+00 1.063772275000657817e-02 -1.000000000000000000e+00 -1.000000000000000000e+00
1.400000000000000000e+02 4.900000000000200000e+13 0.000000000000000000e+00 1.144113106346960507e+00 1.052211969342364967e-01 6.039387241121697142e-02 3.193963293001332582e-02 0.000000000000000000e+00 1.175565360007838622e+00 8.595470883732496403e-02 7.353870873333213329e+08 3.889135220700883865e+08
1.410000000000000000e+02 4.900000000000100000e+13 0.000000000000000000e+00 1.820969908890450739e+00 1.515977391540722363e-01 2.111932543363486126e-01 2.111932543363486126e-01 0.000000000000000000e+00 1.684936871670898562e+00 2.106110290456090495e-01 2.540359665123485565e+09 2.540359665123485565e+09
1.420000000000000000e+02 4.900000000003700000e+13 0.000000000000000000e+00 1.025103537391598429e+00 1.638514183561024518e-01 1.373515672477315930e-01 1.373515672477315930e-01 0.000000000000000000e+00 8.877684447538902734e-01 1.742793072222786344e-01 -1.000000000000000000e+00 -1.000000000000000000e+00
1.430000000000000000e+02 4.900000000000100000e+13 0.000000000000000000e+00 1.057172889801923921e+00 8.429166296467449637e-02 3.533994986002950145e-02 2.423300035691402718e-02 0.000000000000000000e+00 1.165940020424223844e+00 7.422958833775855636e-02 4.912877698391653299e+08 3.368815391366843581e+08
1.440000000000000000e+02 4.900000000000500000e+13 0.000000000000000000e+00 1.408716514089641603e+00 1.451072956663057023e-01 2.030252962299053388e-01 1.935067091993058763e-01 0.000000000000000000e+00 1.222267198722315484e+00 1.507834663591582913e-01 2.379604914221212387e+09 2.379604914221212387e+09
1.450000000000000000e+02 4.900000000000100000e+13 0.000000000000000000e+00 1.047321274115163181e+00 4.396182065316097537e-02 3.971979017592356005e-03 3.971979017592356005e-03 0.000000000000000000e+00 1.152349485484512215e+00 2.962643279519536557e-02 5.986367126677754521e+07 5.986367126677754521e+07
1.460000000000000000e+02 4.900000000001400000e+13 0.000000000000000000e+00 1.117059689694725355e+00 6.943831265463799862e-02 4.816776588326079217e-02 4.816776588326079217e-02 0.000000000000000000e+00 1.117189458125954715e+00 6.548883915728921645e-02 6.077813498979390860e+08 6.077813498979390860e+08
1.470000000000000000e+02 4.900000000000700000e+13 0.000000000000000000e+00 9.655752546404320347e-01 1.170956739835641996e-01 2.698514758598896113e-01 2.331285859593336118e-01 0.000000000000000000e+00 1.004459129776902993e+00 5.260361335808875355e-02 5.777518303936450481e+08 5.777518303936450481e+08
1.480000000000000000e+02 4.900000000000500000e+13 0.000000000000000000e+00 1.022382267743547457e+00 4.184917801637646345e-02 -1.000000000000000000e+00 -1.000000000000000000e+00 0.000000000000000000e+00 1.094353464776395501e+00 4.269033937350614344e-02 -1.000000000000000000e+00 -1.000000000000000000e+00
1.490000000000000000e+02 4.900000000004900000e+13 0.000000000000000000e+00 1.474514903149778400e+00 1.327113596070279844e-01 1.032128605336043448e-01 1.032128605336043448e-01 0.000000000000000000e+00 1.058971949020139247e+00 1.779514840576622847e-01 1.220943263219703197e+09 1.220943263219703197e+09
1.500000000000000000e+02 4.900000000001700000e+13 1.000000000000000000e+00 1.063217002090823593e+00 3.023490239436431998e-02 9.067583348598644288e-02 9.067583348598644288e-02 0.000000000000000000e+00 1.117206697138459326e+00 4.812253038403373900e-02 -1.000000000000000000e+00 -1.000000000000000000e+00
1.510000000000000000e+02 4.900000000003400000e+13 0.000000000000000000e+00 1.164231887174449698e+00 1.393206431563531467e-01 1.614708979194711402e-01 1.614708979194711402e-01 0.000000000000000000e+00 1.013021035810032222e+00 1.171697697268752059e-01 -1.000000000000000000e+00 -1.000000000000000000e+00
1.520000000000000000e+02 4.900000000000100000e+13 0.000000000000000000e+00 1.253748135027308530e+00 1.968251074207156281e-01 2.781074635020199248e-01 1.240889295151639260e-01 0.000000000000000000e+00 1.093616353095653526e+00 1.942109773082620061e-01 2.218125764730195522e+09 1.634703168132877588e+09
1.530000000000000000e+02 4.900000000000700000e+13 0.000000000000000000e+00 1.101854261292706028e+00 4.286339345145428331e-02 -1.000000000000000000e+00 -1.000000000000000000e+00 0.000000000000000000e+00 1.115042990401954759e+00 4.711115373020532959e-02 -1.000000000000000000e+00 -1.000000000000000000e+00
1.540000000000000000e+02 4.900000000000500000e+13 0.000000000000000000e+00 9.345137317330924898e-01 7.401213721033690629e-02 1.063936802212434724e-01 6.281351360579057186e-02 0.000000000000000000e+00 1.223181046618014189e+00 2.441472160455652324e-02 6.013758680719618797e+08 4.953477703013460040e+08
1.550000000000000000e+02 4.900000000002900000e+13 0.000000000000000000e+00 8.736393939705608958e-01 6.780566293525185084e-02 3.812792642904809237e-01 2.059931804261776467e-01 1.000000000000000000e+00 9.900644426621026950e-01 2.310264363470834401e-02 -1.000000000000000000e+00 -1.000000000000000000e+00
1.560000000000000000e+02 4.900000000000100000e+13 0.000000000000000000e+00 1.325164764572043241e+00 7.720348372135817094e-02 9.070454124646661065e-02 4.595846757104826708e-02 0.000000000000000000e+00 1.330070170603140367e+00 8.590389109322396632e-02 1.006798136307900786e+09 6.116024732213069201e+08
1.570000000000000000e+02 4.900000000000100000e+13 0.000000000000000000e+00 1.073939752484393217e+00 1.135735501630798505e-01 1.635176965136104499e-01 1.085214690262018139e-01 0.000000000000000000e+00 1.153410928185135687e+00 7.410130084832829145e-02 7.876673805630775690e+08 6.163795105955402851e+08
1.580000000000000000e+02 4.900000000018400000e+13 0.000000000000000000e+00 9.340251421269732957e-01 5.692083162044727501e-02 -1.000000000000000000e+00 -1.000000000000000000e+00 0.000000000000000000e+00 8.065317352474393742e-01 6.123538881249671051e-02 -1.000000000000000000e+00 -1.000000000000000000e+00
1.590000000000000000e+02 4.900000000025800000e+13 0.000000000000000000e+00 1.036856494442039311e+00 1.617375170574677223e-01 -1.000000000000000000e+00 -1.000000000000000000e+00 0.000000000000000000e+00 9.041711791502755613e-01 1.172266184114180571e-01 -1.000000000000000000e+00 -1.000000000000000000e+00
1.600000000000000000e+02 4.900000000000100000e+13 1.000000000000000000e+00 1.085703443366412113e+00 2.759824100375151204e-02 7.833212225843994014e-02 3.546194776917428043e-02 0.000000000000000000e+00 1.352449722498283879e+00 4.993003135594344805e-02 8.847515218586734533e+08 5.233541025594902039e+08
1.610000000000000000e+02 4.900000000000600000e+13 0.000000000000000000e+00 3.663259469494107301e-01 2.630602657157337099e-01 5.862499579617239664e-01 4.837124733802787846e-01 0.000000000000000000e+00 1.351764903567185261e+00 6.272531079892583461e-02 -1.000000000000000000e+00 -1.000000000000000000e+00
1.620000000000000000e+02 4.900000000004500000e+13 0.000000000000000000e+00 1.006066768592808192e+00 6.411919774701367591e-02 6.937713071795655051e-02 4.079052816363913647e-02 0.000000000000000000e+00 1.142041364827231842e+00 7.714242464591002102e-02 8.755186459075285196e+08 5.147642690624974966e+08
1.630000000000000000e+02 4.900000000000200000e+13 0.000000000000000000e+00 1.285719809398656821e+00 1.306013376936661363e-01 2.160843330568595344e-01 6.985210077327154432e-02 0.000000000000000000e+00 1.285793345194619741e+00 1.779737644248491624e-01 2.616855052290888786e+09 8.865659961676200628e+08
1.640000000000000000e+02 4.900000000018600000e+13 0.000000000000000000e+00 1.127042632309377401e+00 1.022358866009029643e-01 -1.000000000000000000e+00 -1.000000000000000000e+00 0.000000000000000000e+00 1.047443711823742074e+00 1.090796622992267623e-01 -1.000000000000000000e+00 -1.000000000000000000e+00
1.650000000000000000e+02 4.900000000004000000e+13 0.000000000000000000e+00 7.993326758745810112e-01 2.188030356786582753e-01 3.216971096309370060e-01 1.613497253887471727e-01 0.000000000000000000e+00 9.153177520434437886e-01 7.620560190186999316e-02 -1.000000000000000000e+00 -1.000000000000000000e+00
1.660000000000000000e+02 4.900000000001300000e+13 0.000000000000000000e+00 1.038042309494640048e+00 1.539598878979500651e-01 2.488329396313490038e-01 1.841658838229526807e-01 0.000000000000000000e+00 1.685086357009540459e+00 1.080073670525828755e-01 8.060582436893936396e+08 8.060582436893936396e+08
1.670000000000000000e+02 4.900000000015100000e+13 0.000000000000000000e+00 9.276072783844884206e-01 8.990915104196287033e-02 9.801741427038020149e-02 9.801741427038020149e-02 0.000000000000000000e+00 6.811592191119016926e-01 1.283557661038058073e-01 1.259841816435477972e+09 1.259841816435477972e+09
1.680000000000000000e+02 4.900000000004500000e+13 0.000000000000000000e+00 1.026799122742664050e+00 1.017395916405845480e-01 8.629114965625390987e-02 6.257222245410259953e-02 0.000000000000000000e+00 9.382836248040526961e-01 8.050020178496407330e-02 3.064243919640044570e+08 3.064243919640044570e+08
1.690000000000000000e+02 4.900000000006400000e+13 0.000000000000000000e+00 9.710538004725300931e-01 1.225831598712016357e-01 7.013647186953361756e-02 7.013647186953361756e-02 0.000000000000000000e+00 8.042665029988290692e-01 1.621257825204062419e-01 8.546809921480281353e+08 8.546809921480281353e+08
1.700000000000000000e+02 4.900000000000700000e+13 0.000000000000000000e+00 1.025412703806597436e+00 6.189479408271309629e-02 -1.000000000000000000e+00 -1.000000000000000000e+00 0.000000000000000000e+00 1.056519631641264167e+00 6.014781867339438759e-02 -1.000000000000000000e+00 -1.000000000000000000e+00
1.710000000000000000e+02 4.900000000002500000e+13 1.000000000000000000e+00 1.143231735096091217e+00 2.267506312314587422e-02 -1.000000000000000000e+00 -1.000000000000000000e+00 1.000000000000000000e+00 1.074469874818434478e+00 2.363466336366781481e-02 -1.000000000000000000e+00 -1.000000000000000000e+00
1.720000000000000000e+02 4.900000000000300000e+13 0.000000000000000000e+00 1.231457017263905662e+00 2.540560662025913297e-02 4.363871158555038959e-02 2.373012215588631707e-02 0.000000000000000000e+00 1.205161496886676176e+00 2.011761655697417994e-02 1.938007175064066052e+08 1.938007175064066052e+08
1.730000000000000000e+02 4.900000000000500000e+13 0.000000000000000000e+00 1.146491689825898774e+00 4.472356733035103699e-02 1.030843004253223921e-01 8.630478890935794345e-02 0.000000000000000000e+00 1.080397750412064539e+00 9.829147433257802435e-02 1.342588457223213196e+09 1.124049083271717548e+09
1.740000000000000000e+02 4.900000000000100000e+13 0.000000000000000000e+00 1.216803609607034042e+00 1.607384491805204096e-01 8.375512896255352113e-02 7.067629468368362422e-02 0.000000000000000000e+00 1.132394662209739167e+00 1.603533176524362391e-01 1.061951204013477445e+09 8.961215529631118774e+08
1.750000000000000000e+02 4.900000000001000000e+13 1.000000000000000000e+00 1.088181394811428060e+00 3.381657215270415795e-02 8.564236749549752892e-02 4.748144795526764578e-02 0.000000000000000000e+00 1.042550408667930917e+00 5.756482579076678541e-02 5.807117480919126272e+08 5.807117480919126272e+08
1.760000000000000000e+02 4.900000000000100000e+13 0.000000000000000000e+00 1.129192932604456079e+00 1.253086661031768134e-01 1.457074929332836388e-01 6.777734451438553742e-02 0.000000000000000000e+00 1.238642025354621090e+00 1.405884209557647091e-01 1.799213626171818018e+09 8.502580588291521072e+08
1.770000000000000000e+02 4.900000000014300000e+13 0.000000000000000000e+00 1.067202795591739584e+00 7.928418309193052682e-02 8.044692164338593243e-02 8.044692164338593243e-02 0.000000000000000000e+00 8.750493347744945360e-01 9.015066237630582624e-02 1.050439316098980427e+09 1.050439316098980427e+09
1.780000000000000000e+02 4.900000000000100000e+13 0.000000000000000000e+00 1.295352368145861188e+00 1.868393504661587309e-02 8.650846831636152534e-03 7.588742913757422909e-03 0.000000000000000000e+00 1.441002391177961028e+00 3.673151854902658581e-02 1.511129576811576448e+07 1.511129576811576448e+07
1.790000000000000000e+02 4.900000000000500000e+13 0.000000000000000000e+00 1.213514814712707945e+00 8.748831451368077605e-02 9.878381249798783015e-02 6.004172434886191623e-02 0.000000000000000000e+00 1.289095127873413960e+00 1.005782775454447803e-01 4.677975179849287271e+08 2.373865360742554665e+08
1.800000000000000000e+02 4.900000000000400000e+13 0.000000000000000000e+00 1.187093876430539430e+00 8.543074627266379617e-02 1.098016899076008190e+00 1.000000000000000000e+00 0.000000000000000000e+00 1.187093876430539430e+00 8.544461411239946680e-02 1.098729348728610039e+10 1.000648851263765907e+10
1.810000000000000000e+02 4.900000000001100000e+13 0.000000000000000000e+00 1.079446303457203493e+00 4.302287337967485720e-02 -1.000000000000000000e+00 -1.000000000000000000e+00 1.000000000000000000e+00 1.115740692205285489e+00 1.144562333690317228e-02 -1.000000000000000000e+00 -1.000000000000000000e+00
1.820000000000000000e+02 4.900000000000100000e+13 0.000000000000000000e+00 1.202514762023698225e+00 2.446567900772448137e-02 6.691599743449677673e-02 2.501650999160232383e-02 0.000000000000000000e+00 1.388837263380629405e+00 4.098077261547998507e-02 4.482292232351299524e+08 1.292182452850318700e+08
1.830000000000000000e+02 4.900000000000700000e+13 0.000000000000000000e+00 1.632468227688223195e+00 1.072361582380968181e-01 1.012985781990521361e-01 6.640850768697260931e-02 0.000000000000000000e+00 1.533125627644858824e+00 1.658577272979088746e-01 1.182304837994647980e+09 9.791430277927794456e+08
1.840000000000000000e+02 4.900000000004700000e+13 1.000000000000000000e+00 8.928031609216381392e-01 1.802354196850325038e-02 -1.000000000000000000e+00 -1.000000000000000000e+00 1.000000000000000000e+00 8.872405459857478638e-01 3.966802187145249819e-02 -1.000000000000000000e+00 -1.000000000000000000e+00
1.850000000000000000e+02 4.900000000000100000e+13 1.000000000000000000e+00 1.017665193609120999e+00 2.913796495289092819e-02 3.710023694677160033e-02 1.957070322416857092e-02 0.000000000000000000e+00 1.088370922111880690e+00 2.059640019434935340e-02 3.995283298167265058e+08 2.713097353173834085e+08
1.860000000000000000e+02 4.900000000000700000e+13 0.000000000000000000e+00 1.210867587140992407e+00 7.286878028510980487e-02 1.498702451683398169e-02 1.498702451683398169e-02 0.000000000000000000e+00 1.049737606513713617e+00 7.196734225603211577e-02 1.671919916374958754e+08 1.671919916374958754e+08
1.870000000000000000e+02 4.900000000000300000e+13 0.000000000000000000e+00 1.789575793782039348e+00 1.102298875104587156e-01 9.322327980111755341e-02 9.101418009601540404e-02 0.000000000000000000e+00 1.938720428497422432e+00 1.586236400081036946e-01 1.328860033217205286e+09 1.297370213144741297e+09
1.880000000000000000e+02 4.900000000000100000e+13 0.000000000000000000e+00 1.354783178282291667e+00 1.116516591824221888e-01 1.407283827177110702e-01 7.093564327878938702e-02 0.000000000000000000e+00 1.360789402061664433e+00 1.372225333375307610e-01 1.613062404509444475e+09 8.644425540678533316e+08
1.890000000000000000e+02 4.900000000003100000e+13 0.000000000000000000e+00 1.010896363794257624e+00 9.164709348806071576e-02 1.727905416229646440e-01 1.203174353688652165e-01 1.000000000000000000e+00 9.520022918188724148e-01 3.605739921166623702e-02 -1.000000000000000000e+00 -1.000000000000000000e+00
1.900000000000000000e+02 4.900000000000200000e+13 0.000000000000000000e+00 1.344947814613148385e+00 1.522432689642695125e-01 8.631498835197543018e-02 8.203206756380120035e-02 0.000000000000000000e+00 1.213808148556764444e+00 1.907479483730350756e-01 1.366338822107688665e+09 1.298541547768363714e+09
1.910000000000000000e+02 4.900000000000200000e+13 0.000000000000000000e+00 1.155559589223939199e+00 7.172320582763176688e-02 1.042711550667507342e-01 5.346893634003493934e-02 0.000000000000000000e+00 1.291089715120770531e+00 8.150663843523849039e-02 5.004881611901884675e+08 2.019955499563434124e+08
1.920000000000000000e+02 4.900000000078900000e+13 0.000000000000000000e+00 1.101015280012929143e+00 2.237213205711254260e-01 -1.000000000000000000e+00 -1.000000000000000000e+00 0.000000000000000000e+00 8.648428409219605095e-01 2.756816767468219243e-01 -1.000000000000000000e+00 -1.000000000000000000e+00
1.930000000000000000e+02 4.900000000009600000e+13 0.000000000000000000e+00 9.449790347537611046e-01 1.523087532256660881e-01 -1.000000000000000000e+00 -1.000000000000000000e+00 0.000000000000000000e+00 9.363174067547230806e-01 1.911176654648096274e-01 -1.000000000000000000e+00 -1.000000000000000000e+00
1.940000000000000000e+02 4.900000000000900000e+13 0.000000000000000000e+00 1.134219437913820183e+00 4.346739371874274588e-02 1.348086451059181401e-01 8.094468068505442093e-02 0.000000000000000000e+00 1.133006323971272655e+00 6.705168779898432185e-02 1.221989143002470493e+09 1.221989143002470493e+09
1.950000000000000000e+02 4.900000000004700000e+13 0.000000000000000000e+00 1.053754382846405102e+00 5.929582433137960823e-02 -1.000000000000000000e+00 -1.000000000000000000e+00 0.000000000000000000e+00 1.057188196310203665e+00 6.718511515675307244e-02 -1.000000000000000000e+00 -1.000000000000000000e+00
1.960000000000000000e+02 4.900000000000100000e+13 0.000000000000000000e+00 8.851756683281394311e-01 1.506102274920124995e-01 2.420526862402186952e-01 1.541864879222151208e-01 0.000000000000000000e+00 8.848527333509822457e-01 7.766199839719752085e-02 5.303903975230418444e+08 5.303903975230418444e+08
1.970000000000000000e+02 4.900000000000100000e+13 0.000000000000000000e+00 1.327531480146695531e+00 3.664726476657464982e-02 1.211358447177553338e-01 3.813749584493572597e-02 0.000000000000000000e+00 1.295146603436304611e+00 7.824592449711445519e-02 9.235533420877289772e+08 4.167000783680120707e+08
1.980000000000000000e+02 4.900000000000500000e+13 0.000000000000000000e+00 1.434141759893069690e+00 9.152492104207529677e-02 1.375694713949929260e-01 1.081081081081081141e-01 0.000000000000000000e+00 1.060598693636034984e+00 1.312234323678391767e-01 2.063507409285390377e+09 1.621594382989149809e+09
1.990000000000000000e+02 4.900000000000100000e+13 0.000000000000000000e+00 1.037361953132523995e+00 4.328908139033703362e-02 -1.000000000000000000e+00 -1.000000000000000000e+00 1.000000000000000000e+00 1.086680209606892156e+00 3.498028240867446376e-02 -1.000000000000000000e+00 -1.000000000000000000e+00
2.000000000000000000e+02 4.900000000000100000e+13 0.000000000000000000e+00 1.312835323041471547e+00 2.753575912886066512e-02 7.191795356252503324e-02 5.110268403776470347e-02 0.000000000000000000e+00 1.383951666484453558e+00 2.913807949307262862e-02 9.884564614978790283e+08 7.023667350753736496e+08
2.010000000000000000e+02 4.900000000000100000e+13 1.000000000000000000e+00 1.114147041516299730e+00 1.559479795079994797e-02 1.689104656294679275e-03 1.689104656294679275e-03 0.000000000000000000e+00 1.263182859591965634e+00 1.546608377676614299e-02 2.205491545200065896e+07 2.205491545200065896e+07
2.020000000000000000e+02 4.900000000001600000e+13 0.000000000000000000e+00 9.282422381925308219e-01 7.943365196577413523e-02 -1.000000000000000000e+00 -1.000000000000000000e+00 1.000000000000000000e+00 1.110566174948130369e+00 2.629247593570766678e-02 -1.000000000000000000e+00 -1.000000000000000000e+00
2.030000000000000000e+02 4.900000000000300000e+13 0.000000000000000000e+00 1.212722417867022395e+00 4.751316020936793838e-02 1.050174762870771383e-01 5.856043368605735183e-02 0.000000000000000000e+00 1.413859930870465353e+00 5.370445208330822812e-02 1.369639496000034809e+09 7.637460517529579401e+08
2.040000000000000000e+02 4.900000000002500000e+13 0.000000000000000000e+00 7.962452542756950358e-01 1.416136687743448364e-01 1.814707534102887876e-01 1.814707534102887876e-01 0.000000000000000000e+00 7.935955088979409489e-01 4.432567318386695931e-02 -1.000000000000000000e+00 -1.000000000000000000e+00
2.050000000000000000e+02 4.900000000000400000e+13 0.000000000000000000e+00 1.046412028624502888e+00 4.648765536654825281e-02 1.137839525444895444e-01 1.137839525444895444e-01 0.000000000000000000e+00 9.802245859367326730e-01 4.484796211305779046e-02 -1.000000000000000000e+00 -1.000000000000000000e+00
2.060000000000000000e+02 4.900000000031300000e+13 0.000000000000000000e+00 1.080864630160946360e+00 7.805490803337353234e-02 -1.000000000000000000e+00 -1.000000000000000000e+00 0.000000000000000000e+00 1.022018237539982000e+00 6.412897663471046894e-02 -1.000000000000000000e+00 -1.000000000000000000e+00
2.070000000000000000e+02 4.900000000000600000e+13 0.000000000000000000e+00 9.858222695587780526e-01 4.652006722181110249e-02 -1.000000000000000000e+00 -1.000000000000000000e+00 1.000000000000000000e+00 1.027202445363299521e+00 1.022007473397886120e-02 -1.000000000000000000e+00 -1.000000000000000000e+00
2.080000000000000000e+02 4.900000000001500000e+13 0.000000000000000000e+00 1.087073963426953060e+00 1.653072638479714807e-01 1.696715755745887011e-01 1.306215504872230426e-01 0.000000000000000000e+00 1.035083533643065268e+00 2.402437894385496542e-01 1.582687195301567316e+09 1.582687195301567316e+09
2.090000000000000000e+02 4.900000000000400000e+13 0.000000000000000000e+00 1.852462795359231196e+00 1.107732641275070984e-01 1.982493141395147984e-01 1.411614931722203481e-01 0.000000000000000000e+00 1.796043189969493081e+00 1.559702117373382713e-01 2.595029105228284359e+09 1.847765198630674124e+09
2.100000000000000000e+02 4.900000000033200000e+13 0.000000000000000000e+00 6.403139399633820394e-01 8.585046182344875654e-02 -1.000000000000000000e+00 -1.000000000000000000e+00 0.000000000000000000e+00 8.068342493295668216e-01 1.484334087746122244e-01 -1.000000000000000000e+00 -1.000000000000000000e+00
2.110000000000000000e+02 4.900000000000100000e+13 1.000000000000000000e+00 1.142504518623423060e+00 3.789053443075088984e-02 4.214249804260930543e-02 3.354736885482342140e-02 0.000000000000000000e+00 1.280904604089874610e+00 7.695469226969718635e-02 5.591979091142178774e+08 4.451472834128929377e+08
2.120000000000000000e+02 4.900000000000100000e+13 0.000000000000000000e+00 1.287280110648776565e+00 1.019966095590441740e-01 2.226735337838957884e-01 1.213523505324410473e-01 0.000000000000000000e+00 1.207260610047214078e+00 1.356827176963663617e-01 2.467871876628112793e+09 1.464444305512139320e+09
2.130000000000000000e+02 4.900000000000500000e+13 0.000000000000000000e+00 1.332438274017297974e+00 5.705861026099411787e-02 9.900914471782230886e-02 6.076779111699456837e-02 0.000000000000000000e+00 1.439112723960306983e+00 9.261116747056158394e-02 2.785135349802893400e+08 1.396663681218339503e+08
2.140000000000000000e+02 4.900000000000500000e+13 0.000000000000000000e+00 1.883626119302617363e+00 1.487492539792087676e-01 2.275200122798265445e-01 9.090832341993169974e-02 0.000000000000000000e+00 1.725401074254982792e+00 1.890930652090304920e-01 3.027591008156340599e+09 1.209709949444995165e+09
2.150000000000000000e+02 4.900000000000300000e+13 0.000000000000000000e+00 1.201742623216931927e+00 4.591766039655695991e-02 1.210291753933076878e-02 1.210291753933076878e-02 0.000000000000000000e+00 1.327490286394798602e+00 3.602047085986791880e-02 1.711891242688855231e+08 1.711891242688855231e+08
2.160000000000000000e+02 4.900000000004700000e+13 0.000000000000000000e+00 9.010142450703585437e-01 8.199315627351537461e-02 -1.000000000000000000e+00 -1.000000000000000000e+00 0.000000000000000000e+00 8.476423659872035499e-01 6.631416323797498236e-02 -1.000000000000000000e+00 -1.000000000000000000e+00
2.170000000000000000e+02 4.900000000005300000e+13 0.000000000000000000e+00 9.706713357117622287e-01 9.919347946922796311e-02 -1.000000000000000000e+00 -1.000000000000000000e+00 0.000000000000000000e+00 9.333723698411851011e-01 1.134309563770480866e-01 -1.000000000000000000e+00 -1.000000000000000000e+00
2.180000000000000000e+02 4.900000000003100000e+13 0.000000000000000000e+00 1.372526766502127016e+00 1.950013169042299488e-01 3.687186298281107666e-01 1.423792682738490578e-01 0.000000000000000000e+00 1.184487003036520436e+00 1.723705082079048656e-01 3.242128128795728207e+09 1.396945256077149868e+09
2.190000000000000000e+02 4.900000000000900000e+13 1.000000000000000000e+00 1.031032281421178309e+00 3.413706940698335579e-02 -1.000000000000000000e+00 -1.000000000000000000e+00 1.000000000000000000e+00 1.047044695270131553e+00 2.713224456468238399e-02 -1.000000000000000000e+00 -1.000000000000000000e+00
2.200000000000000000e+02 4.900000000002300000e+13 0.000000000000000000e+00 8.582425934705141257e-01 6.004952815264436028e-02 4.389741449627254655e-02 4.389741449627254655e-02 0.000000000000000000e+00 1.086851998000564867e+00 1.002607744550489538e-01 6.198669935632276535e+08 6.198669935632276535e+08
2.210000000000000000e+02 4.900000000009700000e+13 0.000000000000000000e+00 8.612244773661617003e-01 2.512052422588802458e-01 3.463355042183310917e-01 2.346783163843969566e-01 0.000000000000000000e+00 6.996021221957274827e-01 8.334734922837054583e-02 -1.000000000000000000e+00 -1.000000000000000000e+00
2.220000000000000000e+02 4.900000000000400000e+13 0.000000000000000000e+00 1.927775797997425267e+00 1.611609088489857414e-02 8.786776823779239576e-02 4.744651994661450850e-02 0.000000000000000000e+00 1.933926205541846466e+00 4.699419000612763131e-02 1.035216326286380291e+09 5.589923706868666410e+08
2.230000000000000000e+02 4.900000000005900000e+13 0.000000000000000000e+00 1.108698967418974224e+00 9.958614680232671934e-02 1.063076502459526784e+00 1.000000000000000000e+00 0.000000000000000000e+00 1.098759864119037477e+00 9.942256945842495308e-02 1.072486606203340530e+10 1.008851765345243263e+10
2.240000000000000000e+02 4.900000000003600000e+13 0.000000000000000000e+00 9.595019695024019635e-01 4.270084707197862456e-02 -1.000000000000000000e+00 -1.000000000000000000e+00 0.000000000000000000e+00 1.011189174093898746e+00 5.903053238983031054e-02 -1.000000000000000000e+00 -1.000000000000000000e+00
2.250000000000000000e+02 4.900000000000100000e+13 0.000000000000000000e+00 1.147798469434702540e+00 1.445503139274387228e-01 3.764631295049329918e-01 1.542714590001696973e-01 0.000000000000000000e+00 1.381466777797642376e+00 1.929924844636756731e-01 2.499489300872759819e+09 1.090925190746225834e+09
2.260000000000000000e+02 4.900000000001200000e+13 0.000000000000000000e+00 1.211202388943169339e+00 6.901160152482874177e-02 5.474386904233450625e-03 5.474386904233450625e-03 0.000000000000000000e+00 1.247954839731572729e+00 6.038435030428174199e-02 7.790087596033649147e+07 7.790087596033649147e+07
2.270000000000000000e+02 4.900000000000100000e+13 1.000000000000000000e+00 1.117193604923033545e+00 2.153202820954447719e-02 9.440729172403483985e-03 9.440729172403483985e-03 0.000000000000000000e+00 1.202666260365264916e+00 1.937353366035754476e-02 1.363588286466680765e+08 1.363588286466680765e+08
2.280000000000000000e+02 4.900000000000100000e+13 0.000000000000000000e+00 1.167054882349007894e+00 9.704427184078726065e-02 1.301050941679984529e-01 1.008367670134774213e-01 0.000000000000000000e+00 1.087496485982075489e+00 1.041181295621486647e-01 1.792876430862771988e+09 1.389552531351475000e+09
2.290000000000000000e+02 4.900000000000700000e+13 0.000000000000000000e+00 1.088995292656528058e+00 4.962070281657603860e-02 9.128404049184186964e-02 5.278698321290813122e-02 0.000000000000000000e+00 1.183578649025540663e+00 5.178517128913391609e-02 8.648319880956952572e+08 7.621075414708338976e+08
2.300000000000000000e+02 4.900000000000100000e+13 0.000000000000000000e+00 1.144170894852546638e+00 4.108232658500531043e-02 -1.000000000000000000e+00 -1.000000000000000000e+00 0.000000000000000000e+00 1.186213967564787142e+00 3.970650077057855110e-02 -1.000000000000000000e+00 -1.000000000000000000e+00
2.310000000000000000e+02 4.900000000000500000e+13 0.000000000000000000e+00 1.876309886039420505e+00 1.288087226609623825e-01 1.155152543357638839e+00 1.000000000000000000e+00 0.000000000000000000e+00 1.958889543262884336e+00 1.280152131406686045e-01 1.056152366553821373e+10 9.799813694804565430e+09
2.320000000000000000e+02 4.900000000009000000e+13 0.000000000000000000e+00 1.153831870506635271e+00 8.616503960852214816e-02 4.323902655067678874e-02 4.323902655067678874e-02 0.000000000000000000e+00 1.177467347415301457e+00 9.718153825387079725e-02 5.236320733322622776e+08 5.236320733322622776e+08
2.330000000000000000e+02 4.900000000000300000e+13 0.000000000000000000e+00 1.641893950772199684e+00 6.420672758105877564e-02 3.642887107299338373e-02 2.915190640440011235e-02 0.000000000000000000e+00 1.845047600453986858e+00 6.686028336472912836e-02 4.959204756667391658e+08 3.968563083301286101e+08
2.340000000000000000e+02 4.900000000000100000e+13 0.000000000000000000e+00 1.223348748302864442e+00 1.638464600172146596e-02 5.579396827270963893e-02 1.738861292199742059e-02 0.000000000000000000e+00 1.341047402566595936e+00 4.402075547360825153e-02 6.918493145287357569e+08 2.354328340026062727e+08
2.350000000000000000e+02 4.900000000001200000e+13 0.000000000000000000e+00 1.088989162669500743e+00 4.035777639011538936e-02 1.357701857343568685e-01 8.872695469394804857e-02 1.000000000000000000e+00 1.112652194102705661e+00 2.725899593858990139e-02 -1.000000000000000000e+00 -1.000000000000000000e+00
2.360000000000000000e+02 4.900000000000300000e+13 0.000000000000000000e+00 1.076977934614369969e+00 4.002840179717322144e-02 6.240870593188774240e-02 6.240870593188774240e-02 0.000000000000000000e+00 1.113961850481633098e+00 6.196308452925592541e-02 7.418084345096954107e+08 7.418084345096954107e+08
2.370000000000000000e+02 4.900000000001200000e+13 0.000000000000000000e+00 1.159182025655979054e+00 8.901378543712186453e-02 1.642928025879819010e-01 9.590119289790427493e-02 0.000000000000000000e+00 1.080176946577294794e+00 1.317219018414767517e-01 1.284440144907004595e+09 1.284440144907004595e+09
2.380000000000000000e+02 4.900000000000100000e+13 0.000000000000000000e+00 1.008777841120443552e+00 3.442320545886141253e-02 5.531268435873041289e-01 1.789526272762476666e-01 0.000000000000000000e+00 1.705571356102469460e+00 4.898913223458693789e-02 -1.000000000000000000e+00 -1.000000000000000000e+00
2.390000000000000000e+02 4.900000000002800000e+13 0.000000000000000000e+00 1.402555579609769953e+00 1.773937727330336112e-01 2.399854423853390040e-01 1.878683907242676976e-01 0.000000000000000000e+00 1.063253198417844825e+00 1.971113967971915848e-01 2.935034241717022896e+09 2.578226881279814720e+09
2.400000000000000000e+02 4.900000000000300000e+13 0.000000000000000000e+00 1.289511572209274481e+00 4.983910555994081754e-02 3.450864211165718953e-02 2.068584681650008361e-02 0.000000000000000000e+00 1.354697195539878773e+00 8.920580233034081097e-02 3.297534148245535493e+08 3.297534148245535493e+08
2.410000000000000000e+02 4.900000000000300000e+13 0.000000000000000000e+00 1.178660063977043482e+00 1.523746092288795206e-01 2.437967505288266834e-01 1.366521895674872866e-01 0.000000000000000000e+00 1.095136240549582141e+00 1.940365483495549159e-01 2.536522450510367870e+09 1.629420818123771906e+09
2.420000000000000000e+02 4.900000000005000000e+13 0.000000000000000000e+00 1.030271829105699588e+00 2.113580401060833336e-01 2.562225330089497044e-01 1.823327457521767281e-01 0.000000000000000000e+00 8.460858483431958899e-01 1.159738893395555193e-01 -1.000000000000000000e+00 -1.000000000000000000e+00
2.430000000000000000e+02 4.900000000000600000e+13 0.000000000000000000e+00 1.312146767681184212e+00 1.611919132452201975e-01 2.274955228095206228e-01 2.274955228095206228e-01 0.000000000000000000e+00 1.341959372180274723e+00 6.016834123468035866e-02 -1.000000000000000000e+00 -1.000000000000000000e+00
2.440000000000000000e+02 4.900000000000800000e+13 0.000000000000000000e+00 6.880109468982121834e-01 1.387084114923197720e-01 6.290644453755643850e-01 2.819020214803666935e-01 0.000000000000000000e+00 8.796900190903491623e-01 3.161441621651315259e-01 2.602971187081458569e+09 2.602971187081458569e+09
2.450000000000000000e+02 4.900000000000600000e+13 0.000000000000000000e+00 1.516679090280186548e+00 9.122558912995502867e-02 1.933207079030798414e-01 1.188476498121168179e-01 0.000000000000000000e+00 1.483485903186338994e+00 1.191612697018688827e-01 2.448884135208064556e+09 1.505498957088289738e+09
2.460000000000000000e+02 4.900000000000100000e+13 0.000000000000000000e+00 1.264176707474225614e+00 1.698357866982132813e-01 3.081414536744345178e-01 1.315000254819685688e-01 0.000000000000000000e+00 1.177010888980475789e+00 2.408988737869548202e-01 2.261329665853273869e+09 6.802614853913596869e+08
2.470000000000000000e+02 4.900000000005100000e+13 0.000000000000000000e+00 9.319196637697200192e-01 6.678104225109354752e-02 -1.000000000000000000e+00 -1.000000000000000000e+00 0.000000000000000000e+00 9.452013485043816443e-01 1.003339156808273208e-01 -1.000000000000000000e+00 -1.000000000000000000e+00
2.480000000000000000e+02 4.900000000000100000e+13 0.000000000000000000e+00 1.169640852268047260e+00 5.757879298332953255e-02 7.289729509109124650e-02 5.086045044710771346e-02 0.000000000000000000e+00 1.275057056581511361e+00 5.346675365707089650e-02 7.175423633856713772e+08 7.175423633856713772e+08
2.490000000000000000e+02 4.900000000000100000e+13 0.000000000000000000e+00 1.204094065490506793e+00 1.184351247949538138e-01 1.347011604800592843e-01 6.752751509073150193e-02 0.000000000000000000e+00 1.113274773006576845e+00 1.433600573039159054e-01 1.529766506921729326e+09 7.668926571478580236e+08
2.500000000000000000e+02 4.900000000000500000e+13 0.000000000000000000e+00 1.647865043855148981e+00 1.498952844549171770e-01 1.300626743405953190e-01 1.100590845426832887e-01 0.000000000000000000e+00 1.557083081507572242e+00 1.826431771417607597e-01 1.651783991384138823e+09 1.488499455679273844e+09
2.510000000000000000e+02 4.900000000000100000e+13 0.000000000000000000e+00 1.493157671481292859e+00 7.890849850978395863e-02 9.139467687888942760e-02 4.697979894686452745e-02 0.000000000000000000e+00 1.429639480883487579e+00 1.036873959797462164e-01 1.052952593901439667e+09 5.412514475828871727e+08
2.520000000000000000e+02 4.900000000001100000e+13 0.000000000000000000e+00 1.188218715256105229e+00 4.325184725109668116e-02 1.109387672460503682e-01 7.076491762505220107e-02 0.000000000000000000e+00 1.191685496012309775e+00 6.130776234815055875e-02 1.260284093004983902e+09 8.039020284754104614e+08
2.530000000000000000e+02 4.900000000005300000e+13 0.000000000000000000e+00 8.513733181092658642e-01 6.977087567424943015e-02 -1.000000000000000000e+00 -1.000000000000000000e+00 0.000000000000000000e+00 1.026744276478985363e+00 4.278837941648006016e-02 -1.000000000000000000e+00 -1.000000000000000000e+00
2.540000000000000000e+02 4.900000000000100000e+13 0.000000000000000000e+00 1.099583998708596244e+00 4.745942850296742260e-02 2.669374634341472458e-02 8.142727419549775775e-03 0.000000000000000000e+00 1.306250074290406404e+00 6.086195579878805884e-02 1.997201638095838726e+08 1.156991268745112866e+08
2.550000000000000000e+02 4.900000000000300000e+13 0.000000000000000000e+00 1.251145365088423000e+00 7.271120334468368640e-02 4.804114097641250941e-02 2.463494240263302409e-02 0.000000000000000000e+00 1.476853158463812266e+00 5.692951713615287956e-02 7.183865931680535078e+08 3.683803503794367909e+08
2.560000000000000000e+02 4.900000000002400000e+13 1.000000000000000000e+00 9.228468563414672365e-01 3.314870730134549665e-02 -1.000000000000000000e+00 -1.000000000000000000e+00 1.000000000000000000e+00 1.058363214891903770e+00 2.093859446638862698e-02 -1.000000000000000000e+00 -1.000000000000000000e+00
2.570000000000000000e+02 4.900000000000100000e+13 1.000000000000000000e+00 1.008108098410278153e+00 3.121955869226001809e-02 7.509876340647529680e-02 4.366685306536566974e-02 0.000000000000000000e+00 9.357442180425700196e-01 5.479904659105839376e-02 7.840871388532619476e+08 6.262926776005299091e+08
2.580000000000000000e+02 4.900000000000100000e+13 0.000000000000000000e+00 1.129961888410079052e+00 4.339457034821012082e-02 7.423879379371818577e-02 3.915215059449169560e-02 0.000000000000000000e+00 1.229449609084885209e+00 1.430606782975270622e-02 -1.000000000000000000e+00 -1.000000000000000000e+00
2.590000000000000000e+02 4.900000000000700000e+13 0.000000000000000000e+00 1.041161546684491013e+00 1.235589077626302462e-01 1.887454927535107962e-01 1.268876154436681392e-01 0.000000000000000000e+00 1.055972584130778547e+00 1.606568563432154428e-01 2.515245999213342190e+09 1.690920203912900686e+09
2.600000000000000000e+02 4.900000000004600000e+13 0.000000000000000000e+00 1.012851889470412381e+00 1.103574072596694572e-01 5.502389772675964769e-02 5.502389772675964769e-02 0.000000000000000000e+00 1.131064924136777394e+00 1.240628357620718741e-01 7.465836241658538580e+08 7.465836241658538580e+08
2.610000000000000000e+02 4.900000000000100000e+13 0.000000000000000000e+00 1.005620627099190756e+00 1.251280361840441391e-01 2.187460352914898376e-01 1.345553463735282007e-01 0.000000000000000000e+00 1.052681880979817519e+00 1.046942162343001970e-01 2.592457319543190479e+09 1.753876658668830633e+09
2.620000000000000000e+02 4.900000000000300000e+13 0.000000000000000000e+00 1.124935700083149470e+00 5.165367016882154577e-02 -1.000000000000000000e+00 -1.000000000000000000e+00 0.000000000000000000e+00 1.147801071419753738e+00 5.859506350347298137e-02 -1.000000000000000000e+00 -1.000000000000000000e+00
2.630000000000000000e+02 4.900000000008700000e+13 0.000000000000000000e+00 1.269690985782144121e+00 2.266678499237084754e-01 2.996821720321775073e-01 1.277590531634788529e-01 0.000000000000000000e+00 1.055681632333707709e+00 2.735223202000680587e-01 3.042325525699809074e+09 1.827516940393672705e+09
2.640000000000000000e+02 -1.000000000000000000e+00 -1.000000000000000000e+00 -1.000000000000000000e+00 -1.000000000000000000e+00 -1.000000000000000000e+00 -1.000000000000000000e+00 -1.000000000000000000e+00 -1.000000000000000000e+00 -1.000000000000000000e+00 -1.000000000000000000e+00 -1.000000000000000000e+00
2.650000000000000000e+02 4.900000000017500000e+13 0.000000000000000000e+00 8.785559880029293334e-01 5.078031657545026278e-02 1.000000000000000000e+00 1.000000000000000000e+00 0.000000000000000000e+00 8.785559880029293334e-01 5.103384245770420380e-02 1.001094666036287880e+10 1.001094666036287880e+10
2.660000000000000000e+02 4.900000000012200000e+13 0.000000000000000000e+00 1.001230788476096922e+00 1.414857841763803026e-01 -1.000000000000000000e+00 -1.000000000000000000e+00 0.000000000000000000e+00 8.308773690875983498e-01 1.332223524553258764e-01 -1.000000000000000000e+00 -1.000000000000000000e+00
2.670000000000000000e+02 4.900000000005100000e+13 0.000000000000000000e+00 1.085263260671193164e+00 6.504302178197376993e-02 1.189306401722748652e-01 8.298545781005377264e-02 0.000000000000000000e+00 1.223329047490819832e+00 7.173275094652201145e-02 1.295257391128819466e+09 9.037833095742343664e+08
2.680000000000000000e+02 4.900000000000100000e+13 0.000000000000000000e+00 3.102665274141592988e+00 2.178633878708965133e-01 1.996732359279866920e-01 1.042788426081469738e-01 0.000000000000000000e+00 2.764393654393315192e+00 2.628274832871105859e-01 2.633480781594233990e+09 1.466016102036000490e+09
2.690000000000000000e+02 4.900000000012600000e+13 0.000000000000000000e+00 1.067098804842683268e+00 5.941833279430493164e-02 -1.000000000000000000e+00 -1.000000000000000000e+00 0.000000000000000000e+00 1.026530989174325503e+00 9.070230698700140759e-02 -1.000000000000000000e+00 -1.000000000000000000e+00
2.700000000000000000e+02 4.900000000002700000e+13 1.000000000000000000e+00 1.000533247578839102e+00 2.493351868267561222e-02 -1.000000000000000000e+00 -1.000000000000000000e+00 0.000000000000000000e+00 1.044740485247857453e+00 4.766038981525700519e-02 -1.000000000000000000e+00 -1.000000000000000000e+00
2.710000000000000000e+02 4.900000000001600000e+13 0.000000000000000000e+00 1.360680076298875552e+00 5.614267261235619810e-02 8.319796084667473168e-02 8.319796084667473168e-02 0.000000000000000000e+00 1.401351639007387462e+00 1.336012442653095322e-01 1.022967665729488373e+09 1.022967665729488373e+09
2.720000000000000000e+02 4.900000000000400000e+13 0.000000000000000000e+00 1.042286538057548118e+00 8.755747853706673245e-02 6.764597688527740349e-02 6.764597688527740349e-02 0.000000000000000000e+00 1.216432638302241687e+00 3.430134001526796012e-02 -1.000000000000000000e+00 -1.000000000000000000e+00
2.730000000000000000e+02 4.900000000005400000e+13 1.000000000000000000e+00 9.096111740037706728e-01 2.306085950568656159e-02 -1.000000000000000000e+00 -1.000000000000000000e+00 0.000000000000000000e+00 8.929536244489090224e-01 7.615924706595138260e-02 -1.000000000000000000e+00 -1.000000000000000000e+00
2.740000000000000000e+02 4.900000000000500000e+13 0.000000000000000000e+00 1.236451875115872845e+00 5.794848935051506722e-02 4.201026299966229005e-02 2.426145115191051527e-02 0.000000000000000000e+00 1.268857146626386490e+00 6.787732258404925723e-02 4.890973554236100912e+08 2.824598264770187736e+08
2.750000000000000000e+02 4.900000000000300000e+13 0.000000000000000000e+00 1.180093860146000484e+00 1.050668312656362346e-01 2.294830612201075037e-01 1.421511856788038042e-01 0.000000000000000000e+00 1.406013977295863304e+00 1.363178676594755945e-01 1.990492063685751915e+09 1.957811367573360205e+09
2.760000000000000000e+02 4.900000000000100000e+13 0.000000000000000000e+00 1.186994673755353613e+00 7.135390192977597579e-02 1.189368723557683721e-01 8.940850914180363540e-02 0.000000000000000000e+00 1.307362868629203145e+00 4.648428285122217091e-02 2.462326440318874121e+08 2.462326440318874121e+08
2.770000000000000000e+02 -1.000000000000000000e+00 -1.000000000000000000e+00 -1.000000000000000000e+00 -1.000000000000000000e+00 -1.000000000000000000e+00 -1.000000000000000000e+00 -1.000000000000000000e+00 -1.000000000000000000e+00 -1.000000000000000000e+00 -1.000000000000000000e+00 -1.000000000000000000e+00
2.780000000000000000e+02 4.900000000006200000e+13 1.000000000000000000e+00 8.944998472482085239e-01 2.352564081481259284e-02 -1.000000000000000000e+00 -1.000000000000000000e+00 1.000000000000000000e+00 9.898080843831323916e-01 3.067766115180494899e-02 -1.000000000000000000e+00 -1.000000000000000000e+00
2.790000000000000000e+02 4.900000000048000000e+13 0.000000000000000000e+00 9.561876726352873668e-01 1.034930323681938769e-01 -1.000000000000000000e+00 -1.000000000000000000e+00 0.000000000000000000e+00 8.115635604947629700e-01 7.871318088559225989e-02 -1.000000000000000000e+00 -1.000000000000000000e+00
2.800000000000000000e+02 4.900000000001900000e+13 1.000000000000000000e+00 1.074302401481351366e+00 3.057092720565421015e-02 4.709696982909827856e-02 4.709696982909827856e-02 0.000000000000000000e+00 1.034092137028493008e+00 6.205519828430598045e-02 5.213226090984447598e+08 5.213226090984447598e+08
2.810000000000000000e+02 4.900000000001400000e+13 0.000000000000000000e+00 nan 7.100156600947614416e-02 2.976032879668620290e-01 1.603269218951637598e-01 0.000000000000000000e+00 1.042514915455560853e+00 1.303850340182581002e-01 2.399526575439885616e+09 2.399526575439885616e+09
2.820000000000000000e+02 4.900000000000400000e+13 0.000000000000000000e+00 1.167998387599878285e+00 2.254900182525897689e-01 3.297177395920106724e-01 2.556791104050833985e-01 0.000000000000000000e+00 1.306153797480653633e+00 8.678893879471773209e-02 1.345022508334717274e+09 1.345022508334717274e+09
2.830000000000000000e+02 4.900000000000900000e+13 0.000000000000000000e+00 1.187345479314209307e+00 2.554974357019805867e-02 7.100881622814773919e-02 3.715326220091306336e-02 0.000000000000000000e+00 1.157757608618332101e+00 4.172534379820025396e-02 7.868049386356045008e+08 4.116724054683547616e+08
2.840000000000000000e+02 4.900000000000100000e+13 0.000000000000000000e+00 1.161663640450744772e+00 8.813335874421719673e-02 6.959334680665898998e-02 3.128658197891430459e-02 0.000000000000000000e+00 1.236632196324868538e+00 9.307411760204059581e-02 3.424085188623274565e+08 3.269436425327132344e+08
2.850000000000000000e+02 4.900000000000300000e+13 1.000000000000000000e+00 1.001768086715772332e+00 2.676579895352460686e-02 4.846440447218139727e-03 2.613717139346039692e-03 0.000000000000000000e+00 1.080118083125267692e+00 1.509673196416271533e-02 6.736331055122065544e+07 3.632947547140064090e+07
2.860000000000000000e+02 4.900000000006400000e+13 0.000000000000000000e+00 9.294900909797162436e-01 1.172333656940593299e-01 2.069698938010045286e-01 2.069698938010045286e-01 0.000000000000000000e+00 7.681964135251675430e-01 1.634908357055602224e-01 2.658205132297839165e+09 2.658205132297839165e+09
2.870000000000000000e+02 4.900000000012400000e+13 0.000000000000000000e+00 7.830666401798068721e-01 1.390247461584846189e-01 2.629649494407728105e-01 1.670860491683560101e-01 0.000000000000000000e+00 9.988704864889818014e-01 1.883065640905661753e-01 1.313633867588998318e+09 1.313633867588998318e+09
2.880000000000000000e+02 4.900000000000200000e+13 0.000000000000000000e+00 1.107276802128362547e+00 4.964072385309774987e-02 3.719442399644536101e-02 3.719442399644536101e-02 0.000000000000000000e+00 1.205014283322514590e+00 4.511124780315266952e-02 5.090639075561701059e+08 5.090639075561701059e+08
2.890000000000000000e+02 4.900000000002200000e+13 0.000000000000000000e+00 1.161534434691698259e+00 7.051753710543877396e-02 7.528691106300096358e-02 7.528691106300096358e-02 0.000000000000000000e+00 1.181640402257067457e+00 6.631194667946500865e-02 -1.000000000000000000e+00 -1.000000000000000000e+00
2.900000000000000000e+02 4.900000000010500000e+13 0.000000000000000000e+00 9.643954137174876040e-01 5.233560153264176645e-02 -1.000000000000000000e+00 -1.000000000000000000e+00 0.000000000000000000e+00 8.260788967826360185e-01 6.740729125807658206e-02 -1.000000000000000000e+00 -1.000000000000000000e+00
2.910000000000000000e+02 4.900000000002500000e+13 0.000000000000000000e+00 6.217651355568361016e-01 3.137048474962944589e-01 4.975677781285388068e-01 4.696971452237452826e-01 0.000000000000000000e+00 8.272300406687680407e-01 8.528682414926230804e-02 -1.000000000000000000e+00 -1.000000000000000000e+00
2.920000000000000000e+02 4.900000000000100000e+13 0.000000000000000000e+00 9.524040334054285628e-01 2.908485444065495584e-01 2.629780588163629362e-01 2.194538873583726790e-01 0.000000000000000000e+00 1.163791126468271431e+00 1.233077912353892913e-01 3.739702151493574977e+08 3.739702151493574977e+08
2.930000000000000000e+02 4.900000000006600000e+13 0.000000000000000000e+00 7.947068884250452214e-01 5.005258838404756661e-02 -1.000000000000000000e+00 -1.000000000000000000e+00 1.000000000000000000e+00 8.912521833412015981e-01 2.401800988623089758e-02 -1.000000000000000000e+00 -1.000000000000000000e+00
2.940000000000000000e+02 4.900000000000100000e+13 0.000000000000000000e+00 9.589478937267128522e-01 2.560701235996834524e-01 3.520655497309079229e-01 2.753811929831561645e-01 0.000000000000000000e+00 1.307244010719602612e+00 1.364580675447008527e-02 1.706954104761567712e+08 1.706954104761567712e+08
2.950000000000000000e+02 -1.000000000000000000e+00 -1.000000000000000000e+00 -1.000000000000000000e+00 -1.000000000000000000e+00 -1.000000000000000000e+00 -1.000000000000000000e+00 -1.000000000000000000e+00 -1.000000000000000000e+00 -1.000000000000000000e+00 -1.000000000000000000e+00 -1.000000000000000000e+00
2.960000000000000000e+02 4.900000000000300000e+13 0.000000000000000000e+00 8.447468087649074864e-01 1.294571034587163882e-01 1.781426986109696520e-01 1.482300718907646475e-01 0.000000000000000000e+00 1.089807966203129475e+00 5.565117657972781101e-02 4.809480827902011871e+08 3.951628956631236672e+08
2.970000000000000000e+02 4.900000000000600000e+13 0.000000000000000000e+00 1.140543465123030620e+00 4.436720875902448041e-02 -1.000000000000000000e+00 -1.000000000000000000e+00 0.000000000000000000e+00 1.100947620328526666e+00 4.373829909786763198e-02 -1.000000000000000000e+00 -1.000000000000000000e+00
2.980000000000000000e+02 4.900000000000700000e+13 0.000000000000000000e+00 1.013633295088198105e+00 4.589120950901826035e-02 -1.000000000000000000e+00 -1.000000000000000000e+00 0.000000000000000000e+00 1.155453707056919965e+00 3.572623127937826076e-02 -1.000000000000000000e+00 -1.000000000000000000e+00
2.990000000000000000e+02 4.900000000001400000e+13 0.000000000000000000e+00 1.052897921402347281e+00 8.116087558775275657e-02 -1.000000000000000000e+00 -1.000000000000000000e+00 0.000000000000000000e+00 1.003498836271493388e+00 9.711328956207196383e-02 -1.000000000000000000e+00 -1.000000000000000000e+00
3.000000000000000000e+02 4.900000000000200000e+13 1.000000000000000000e+00 1.093350731121333075e+00 2.498676668441373802e-02 -1.000000000000000000e+00 -1.000000000000000000e+00 0.000000000000000000e+00 1.174685225284115564e+00 2.088324065104323057e-02 -1.000000000000000000e+00 -1.000000000000000000e+00
3.010000000000000000e+02 4.900000000000500000e+13 0.000000000000000000e+00 7.644093922704410238e-01 1.270135665183152740e-01 1.955618875749948471e-01 1.514389514175808471e-01 0.000000000000000000e+00 1.108139231904344602e+00 8.865935152450230006e-02 7.137554874583349228e+08 7.137554874583349228e+08
3.020000000000000000e+02 4.900000000000200000e+13 0.000000000000000000e+00 1.087300307715195258e+00 9.066904152699287178e-02 9.066418917978481817e-02 9.066418917978481817e-02 0.000000000000000000e+00 1.131530963784207922e+00 1.494736858185113371e-01 1.168762528041929960e+09 1.168762528041929960e+09
3.030000000000000000e+02 4.900000000000100000e+13 0.000000000000000000e+00 1.312829079119736564e+00 1.773365886979221540e-01 1.396039355501844381e-01 1.342338532374745541e-01 0.000000000000000000e+00 1.253932753858299387e+00 2.104870827184563142e-01 1.722988184182449818e+09 1.656710766311517477e+09
3.040000000000000000e+02 4.900000000000500000e+13 1.000000000000000000e+00 1.074604859233747822e+00 2.825891906263468950e-02 -1.000000000000000000e+00 -1.000000000000000000e+00 0.000000000000000000e+00 1.208442664235056085e+00 4.653648895405516211e-02 -1.000000000000000000e+00 -1.000000000000000000e+00
3.050000000000000000e+02 4.900000000000400000e+13 0.000000000000000000e+00 1.206643956416177499e+00 3.245557598723422532e-02 4.675554745707807131e-02 3.611752240578771506e-02 0.000000000000000000e+00 1.035444503750693857e+00 4.675479439528305858e-02 4.188145760803304911e+08 4.188145760803304911e+08
3.060000000000000000e+02 4.900000000003100000e+13 0.000000000000000000e+00 9.850059002459270463e-01 7.508585489501903854e-02 -1.000000000000000000e+00 -1.000000000000000000e+00 0.000000000000000000e+00 8.894603423569140688e-01 4.172868472866472778e-02 -1.000000000000000000e+00 -1.000000000000000000e+00
3.070000000000000000e+02 4.900000000000900000e+13 0.000000000000000000e+00 8.133741507494101075e-01 2.005911701604586872e-01 6.085079978694312580e-02 6.085079978694312580e-02 0.000000000000000000e+00 1.192042698593283045e+00 9.071369470020287928e-02 9.940598680369868279e+08 9.940598680369868279e+08
3.080000000000000000e+02 4.900000000003000000e+13 1.000000000000000000e+00 8.976511371819945184e-01 2.537354597230037645e-02 -1.000000000000000000e+00 -1.000000000000000000e+00 1.000000000000000000e+00 8.686040975883591031e-01 1.221541949857400146e-02 -1.000000000000000000e+00 -1.000000000000000000e+00
3.090000000000000000e+02 4.900000000000400000e+13 0.000000000000000000e+00 1.160425944305502943e+00 5.348580393212359896e-02 6.496197867159728134e-02 3.284443807862081482e-02 0.000000000000000000e+00 1.224404016450570731e+00 7.903179082786046528e-02 4.122625132362032533e+08 4.122625132362032533e+08
3.100000000000000000e+02 4.900000000001400000e+13 0.000000000000000000e+00 1.030801719559587992e+00 4.655573055646232417e-02 -1.000000000000000000e+00 -1.000000000000000000e+00 0.000000000000000000e+00 1.178255779290315886e+00 4.633222332078881789e-02 -1.000000000000000000e+00 -1.000000000000000000e+00
3.110000000000000000e+02 4.900000000009600000e+13 0.000000000000000000e+00 1.057813469834459896e+00 1.637127592555614186e-01 -1.000000000000000000e+00 -1.000000000000000000e+00 0.000000000000000000e+00 9.276139992020197012e-01 1.658740470155264657e-01 -1.000000000000000000e+00 -1.000000000000000000e+00
3.120000000000000000e+02 4.900000000031200000e+13 0.000000000000000000e+00 1.128632351800963551e+00 1.034614908104700970e-01 -1.000000000000000000e+00 -1.000000000000000000e+00 0.000000000000000000e+00 1.012114124550346217e+00 7.125076753549236530e-02 -1.000000000000000000e+00 -1.000000000000000000e+00
3.130000000000000000e+02 4.900000000001700000e+13 0.000000000000000000e+00 1.029543230393440201e+00 2.987086253396940838e-02 1.000000000000000000e+00 1.000000000000000000e+00 0.000000000000000000e+00 1.029543230393440201e+00 2.993031397744408753e-02 9.865973678555812836e+09 9.865973678555812836e+09
3.140000000000000000e+02 4.900000000003100000e+13 0.000000000000000000e+00 9.687190824701203962e-01 1.114195760609034969e-01 9.474598285154092747e-02 9.474598285154092747e-02 0.000000000000000000e+00 9.513455057307546037e-01 1.326702420417605888e-01 1.052650378534336329e+09 1.052650378534336329e+09
3.150000000000000000e+02 4.900000000037600000e+13 0.000000000000000000e+00 9.713522291348005711e-01 7.961196362138774074e-02 -1.000000000000000000e+00 -1.000000000000000000e+00 0.000000000000000000e+00 1.010203271314350948e+00 9.465084731966494358e-02 -1.000000000000000000e+00 -1.000000000000000000e+00
3.160000000000000000e+02 4.900000000000300000e+13 0.000000000000000000e+00 1.220798840308511934e+00 4.260557319257279180e-02 4.333629274813412258e-02 3.907652890720730854e-02 0.000000000000000000e+00 1.266941612686029561e+00 7.170374328705718392e-02 5.635033407084364891e+08 5.081134814756203294e+08
3.170000000000000000e+02 4.900000000000400000e+13 0.000000000000000000e+00 1.103439202583540002e+00 8.362176009446344038e-02 1.075671024897905392e-01 6.666463575286522836e-02 0.000000000000000000e+00 1.101635687887404735e+00 8.809948492014019195e-02 1.063925246623837590e+09 1.063925246623837590e+09
3.180000000000000000e+02 4.900000000030400000e+13 0.000000000000000000e+00 1.007867127593421008e+00 1.817300484192301280e-01 4.129331194321896881e-01 4.129331194321896881e-01 0.000000000000000000e+00 1.247956770729303777e+00 1.120777699892224616e-01 -1.000000000000000000e+00 -1.000000000000000000e+00
3.190000000000000000e+02 4.900000000000100000e+13 0.000000000000000000e+00 1.175071705307840331e+00 4.540807233557316719e-02 1.101103919985289004e-01 2.682147796957074296e-02 0.000000000000000000e+00 1.133920326785123223e+00 5.828144708123539353e-02 1.195416645291216850e+09 3.139480090701497197e+08
3.200000000000000000e+02 4.900000000002400000e+13 0.000000000000000000e+00 1.304363401367522490e+00 1.264628043081164888e-01 1.587334813674278200e-01 1.587334813674278200e-01 0.000000000000000000e+00 1.130250577276781243e+00 2.160234493590263150e-01 1.985725847838477850e+09 1.985725847838477850e+09
3.210000000000000000e+02 4.900000000009600000e+13 0.000000000000000000e+00 7.754747873639771250e-01 2.360849474989024366e-01 3.695195747595970692e-01 3.695195747595970692e-01 0.000000000000000000e+00 1.056471716703205610e+00 9.475628968547501751e-02 -1.000000000000000000e+00 -1.000000000000000000e+00
3.220000000000000000e+02 4.900000000000500000e+13 0.000000000000000000e+00 1.129196421883794876e+00 1.382432846533336035e-01 2.336585248822789229e-01 1.920952935557111441e-01 0.000000000000000000e+00 9.019830201546338300e-01 2.076640131453864335e-01 2.985236848394657612e+09 2.454222241686287403e+09
3.230000000000000000e+02 4.900000000037200000e+13 0.000000000000000000e+00 9.848131072675251341e-01 1.132598185484858244e-01 -1.000000000000000000e+00 -1.000000000000000000e+00 0.000000000000000000e+00 2.765206138268754832e-01 1.172084563799047491e-01 -1.000000000000000000e+00 -1.000000000000000000e+00
3.240000000000000000e+02 4.900000000000900000e+13 0.000000000000000000e+00 1.125449407048214612e+00 8.645216161816060563e-02 4.463477649900353394e-02 4.463477649900353394e-02 0.000000000000000000e+00 1.154087233454869521e+00 8.814582400002449192e-02 5.548741033089647293e+08 5.548741033089647293e+08
