# rID[0] Hid[1]   R200: DS[2], eta[3], detla[4], fm[5], fm2[6];   R500: DS[7], eta[8], detla[9], fm[10], fm2[11]
1.000000000000000000e+00 8.700000000000400000e+13 0.000000000000000000e+00 1.197868819861759748e+00 3.686914447443719739e-02 3.329346984207496446e-02 5.184292839631413942e-03 0.000000000000000000e+00 1.355990345035311906e+00 2.415186390476670511e-02 3.772543743903061748e+08 7.133093401612409949e+07
2.000000000000000000e+00 8.700000000000100000e+13 0.000000000000000000e+00 1.122903597233668060e+00 7.381430647430516079e-02 1.636718112412565429e-01 2.957561274989880043e-02 0.000000000000000000e+00 1.238504839477212460e+00 7.655715198772200525e-02 1.595705513081260204e+09 4.337106127892634273e+08
3.000000000000000000e+00 8.700000000000300000e+13 0.000000000000000000e+00 1.120562335780628249e+00 9.326463362177582483e-02 2.135700801135022864e-01 4.527187900166036033e-02 0.000000000000000000e+00 1.330797830889868916e+00 1.268287849207778983e-01 9.113523844277220964e+08 4.399040753230823278e+08
4.000000000000000000e+00 8.700000000000200000e+13 0.000000000000000000e+00 1.115486022464443838e+00 2.575122830338675076e-02 1.012141283123599578e-01 1.462196726408262516e-02 0.000000000000000000e+00 1.214510831415150705e+00 3.566225740834855218e-02 8.592672394692472219e+08 1.901699265018468201e+08
5.000000000000000000e+00 8.700000000000500000e+13 0.000000000000000000e+00 1.191066395584128745e+00 1.983742352250561225e-01 2.171832846525347804e-01 7.408043242220055391e-02 0.000000000000000000e+00 1.165916765532631016e+00 2.384506845771776906e-01 2.681273945221905231e+09 1.123138838143562078e+09
6.000000000000000000e+00 8.700000000000100000e+13 1.000000000000000000e+00 1.148365211587208945e+00 3.618039401631394786e-02 8.362038161379277412e-02 1.118718215125498981e-02 0.000000000000000000e+00 1.255356132202443131e+00 3.308135913286192747e-02 6.286411988791880608e+08 1.031389095458715409e+08
7.000000000000000000e+00 8.700000000000100000e+13 0.000000000000000000e+00 1.155079349015264656e+00 7.691160506469645053e-02 2.115764325601283691e-01 4.719584425261321575e-02 0.000000000000000000e+00 1.084551329126472341e+00 9.221310792849071736e-02 1.766809034102016449e+09 6.207754508979545832e+08
8.000000000000000000e+00 8.700000000001700000e+13 0.000000000000000000e+00 1.282258526916461250e+00 1.053431160163519065e-01 1.236055469718946448e-01 6.134987702591915282e-02 0.000000000000000000e+00 1.514330103072593969e+00 1.783047172234826783e-01 1.860349239872662544e+09 9.233582139918148518e+08
9.000000000000000000e+00 8.700000000000100000e+13 0.000000000000000000e+00 1.194795403024802471e+00 2.128100562185863617e-02 1.325262453841684063e-01 2.501993164507925957e-02 0.000000000000000000e+00 1.439121165888598730e+00 6.214465839908975969e-02 1.066508176905779839e+09 3.438518788723453879e+08
1.000000000000000000e+01 8.700000000000100000e+13 0.000000000000000000e+00 1.051849292505268707e+00 3.754256219705132819e-02 1.037007239444444479e-01 1.392922222222222305e-02 0.000000000000000000e+00 1.174476440896851548e+00 3.588225791723187452e-02 1.074673176920128822e+09 2.051700041842167675e+08
1.100000000000000000e+01 8.700000000000300000e+13 0.000000000000000000e+00 1.108778514514843883e+00 4.006194665519025727e-02 4.207235727037652445e-02 1.352941032019468540e-02 0.000000000000000000e+00 1.094361002699103080e+00 3.027463875603421048e-02 6.021908047510577440e+08 1.936493939754089117e+08
1.200000000000000000e+01 8.700000000000600000e+13 0.000000000000000000e+00 1.079225239995235786e+00 6.741072965068868605e-02 1.247400583614870911e-01 6.865761497000474889e-02 0.000000000000000000e+00 1.277941472143947710e+00 1.197884352364621818e-01 1.405958072083377600e+09 9.949451426211663485e+08
1.300000000000000000e+01 8.700000000001300000e+13 0.000000000000000000e+00 1.875603539111178497e+00 2.275481048638077763e-01 3.117551465692202095e-01 1.381740506160541726e-01 0.000000000000000000e+00 2.558598736447685873e+00 1.530287993495617616e-01 1.973115464082587481e+09 5.688345848448539972e+08
1.400000000000000000e+01 8.700000000001000000e+13 0.000000000000000000e+00 6.612083221116548115e-01 1.974543268875778856e-01 1.958970362055554026e-01 7.191780147500467790e-02 0.000000000000000000e+00 1.146134335215842404e+00 9.979079307754289141e-02 8.083350809711974859e+08 2.597475300239370465e+08
1.500000000000000000e+01 8.700000000000200000e+13 0.000000000000000000e+00 1.127020911245234291e+00 4.468600309455867531e-02 6.687377833033460173e-02 2.012571525648846824e-02 0.000000000000000000e+00 1.192660238326385791e+00 3.438629848483955309e-02 8.908150135731399059e+08 2.889608708983911276e+08
1.600000000000000000e+01 8.700000000000200000e+13 0.000000000000000000e+00 1.179920666619092451e+00 3.384179304599387039e-02 8.096562574550771052e-02 1.943168263496094367e-02 0.000000000000000000e+00 1.373291357446712047e+00 3.978167577460648557e-02 8.634994867153553963e+08 2.762883068987696171e+08
1.700000000000000000e+01 8.700000000000100000e+13 0.000000000000000000e+00 1.284737249765886435e+00 3.977999059136401450e-02 1.180381277967610110e-01 1.909361855747999936e-02 0.000000000000000000e+00 1.308853049439219651e+00 4.506224389912342337e-02 1.133593203864987373e+09 2.593155298768652081e+08
1.800000000000000000e+01 8.700000000000100000e+13 0.000000000000000000e+00 1.098357163704650530e+00 8.568973434808836720e-02 1.699726667156756243e-01 4.295038163059181763e-02 0.000000000000000000e+00 1.139452132205957202e+00 1.004214263056906892e-01 2.089607939129394293e+09 6.076245105662925243e+08
1.900000000000000000e+01 8.700000000000100000e+13 0.000000000000000000e+00 1.507169605138094504e+00 5.430294662110612958e-02 1.211874770412204178e-01 2.798176127058435436e-02 0.000000000000000000e+00 1.489217327396536339e+00 8.177507691265281653e-02 1.325308067166236401e+09 3.643462291903322935e+08
2.000000000000000000e+01 8.700000000000100000e+13 0.000000000000000000e+00 1.553097499957617700e+00 1.121438516677461111e-01 1.835446100648079615e-01 5.673524422600147860e-02 0.000000000000000000e+00 1.402787875750624247e+00 1.339092910707925244e-01 1.920045561821413279e+09 6.937435251535832882e+08
2.100000000000000000e+01 8.700000000000200000e+13 0.000000000000000000e+00 1.383293244976088854e+00 5.869452483526602093e-02 8.783719013861922276e-02 3.039513754057484446e-02 0.000000000000000000e+00 1.383293244976088854e+00 5.869456368045257444e-02 8.719842279686826468e+08 3.017409880768383145e+08
2.200000000000000000e+01 8.700000000000100000e+13 0.000000000000000000e+00 9.884482615995887622e-01 1.886822083748921630e-01 2.903230236895191774e-01 1.388692170330507458e-01 0.000000000000000000e+00 1.138707970947957504e+00 9.144735926327082765e-02 1.291227573048166037e+09 1.903595633987446427e+08
2.300000000000000000e+01 8.700000000000500000e+13 0.000000000000000000e+00 1.003296192729642655e+00 1.611455100001154550e-01 3.047805626074551189e-01 1.437871748911731251e-01 0.000000000000000000e+00 1.124957066086613278e+00 1.322269395435744510e-01 2.124342937457940817e+09 1.329193437056620836e+09
2.400000000000000000e+01 8.700000000001200000e+13 0.000000000000000000e+00 1.173948180125660157e+00 4.678536637561630379e-02 5.152487372517327441e-02 2.208913465508305710e-02 0.000000000000000000e+00 1.366783902550282814e+00 2.472783508082389628e-02 7.606635661954519749e+08 3.353454815689067245e+08
2.500000000000000000e+01 8.700000000000100000e+13 0.000000000000000000e+00 1.481000158359606633e+00 1.241685910430124357e-01 1.962587485359255646e-01 7.919200927494872422e-02 0.000000000000000000e+00 1.348818537831027120e+00 1.546864403345458716e-01 1.954286872302949905e+09 8.974127663494215012e+08
2.600000000000000000e+01 8.700000000000100000e+13 1.000000000000000000e+00 1.068119102276440247e+00 3.344173763772489288e-02 7.069532609445018656e-02 8.745949672526714264e-03 0.000000000000000000e+00 1.139306434695575909e+00 3.554617147082928669e-02 6.345403835827456713e+08 1.179891515620515347e+08
2.700000000000000000e+01 8.700000000000100000e+13 0.000000000000000000e+00 1.889066424581245629e+00 9.040996414790489211e-02 1.561614040851646568e-01 1.867774174836678985e-02 0.000000000000000000e+00 1.994239541352170519e+00 4.720739887328310319e-02 1.410580914736618996e+09 2.303470798760829866e+08
2.800000000000000000e+01 8.700000000000100000e+13 0.000000000000000000e+00 1.095124798210295403e+00 2.160214914356025084e-01 3.818746694919893381e-01 2.416529050034670334e-01 0.000000000000000000e+00 1.204094596289818853e+00 1.609556619085099338e-01 1.730733166264151573e+09 9.339653425408878326e+08
2.900000000000000000e+01 8.700000000000100000e+13 0.000000000000000000e+00 1.109988928443998102e+00 8.593468538958706771e-02 1.354367235817965087e-01 3.168977330782253576e-02 0.000000000000000000e+00 1.149990929286192509e+00 7.828665347771641969e-02 1.223031296994165659e+09 4.666920723318072557e+08
3.000000000000000000e+01 8.700000000000100000e+13 0.000000000000000000e+00 9.592969669907145391e-01 1.288816912362727163e-01 9.696328432130699171e-02 2.951014639609610482e-02 0.000000000000000000e+00 1.374377404075690867e+00 8.240511827011784418e-02 9.919719503963367939e+08 5.331844115140472054e+08
3.100000000000000000e+01 8.700000000000200000e+13 1.000000000000000000e+00 1.114577296097167380e+00 2.302030220895647308e-02 6.693235638861184944e-02 2.146690794682240208e-02 0.000000000000000000e+00 1.293040843208696389e+00 3.586337993875642755e-02 4.068529504329133034e+08 8.990433926872813702e+07
3.200000000000000000e+01 8.700000000000100000e+13 0.000000000000000000e+00 1.183325742566505356e+00 9.871688468446354614e-03 1.047411144659230325e-01 2.217374291888103699e-02 0.000000000000000000e+00 1.280674053582731453e+00 3.132028082786215972e-02 1.098073254792732716e+09 3.017477016955593228e+08
3.300000000000000000e+01 8.700000000000100000e+13 0.000000000000000000e+00 1.294479372329583544e+00 9.837197734073765965e-02 1.393320040539162419e-01 2.644079752515637871e-02 0.000000000000000000e+00 1.372484172601556418e+00 1.334705704108590796e-01 1.543202562657590866e+09 3.370611810292510986e+08
3.400000000000000000e+01 8.700000000000100000e+13 0.000000000000000000e+00 1.124536822744966580e+00 4.045237469067573116e-02 1.019147743821146590e-01 1.391515400129901200e-02 0.000000000000000000e+00 1.291167027585720550e+00 4.301705723250591473e-02 1.072402514361610532e+09 1.926998764621220529e+08
3.500000000000000000e+01 8.700000000000100000e+13 0.000000000000000000e+00 2.444120270894475144e+00 7.019707566714332436e-02 1.376568392456735401e-01 2.767136204220088658e-02 0.000000000000000000e+00 2.225850217532970188e+00 6.926327237791785052e-02 1.532732326512805939e+09 3.451092172528380156e+08
3.600000000000000000e+01 8.700000000000300000e+13 1.000000000000000000e+00 1.118928373359347139e+00 3.331013994944893170e-02 6.652839907321081436e-02 2.522365097094398864e-02 0.000000000000000000e+00 1.065421674951753550e+00 3.453549005907260994e-02 6.891707427386869192e+08 3.595268230109152794e+08
3.700000000000000000e+01 8.700000000000100000e+13 0.000000000000000000e+00 1.241010383650227977e+00 5.394228818494261474e-02 1.531285467438869285e-01 4.682460068463784042e-02 0.000000000000000000e+00 1.315606026341047174e+00 8.187593398115972088e-02 1.553690083153092146e+09 6.406558697193658352e+08
3.800000000000000000e+01 8.700000000000100000e+13 0.000000000000000000e+00 1.047926786810603916e+00 3.132646032216183929e-02 1.645515731306608775e-01 4.086916769050544240e-02 0.000000000000000000e+00 1.049819543834327851e+00 6.603021482608897874e-02 1.253796859028094769e+09 6.331654009489424229e+08
3.900000000000000000e+01 8.700000000000100000e+13 0.000000000000000000e+00 8.894479231962952870e-01 8.888521388381778743e-02 2.533756819834682705e-01 1.483190518678136616e-01 0.000000000000000000e+00 1.333202691197653778e+00 4.700029469245765867e-02 6.873645878473418951e+08 3.182269315403774977e+08
4.000000000000000000e+01 8.700000000001000000e+13 0.000000000000000000e+00 1.315606904678111810e+00 9.596317879573107446e-02 1.171302076709394568e-01 2.426407342949897863e-02 0.000000000000000000e+00 1.238601335225832933e+00 8.956034679043908819e-02 1.104308298689789057e+09 3.668271154998158216e+08
4.100000000000000000e+01 8.700000000000100000e+13 1.000000000000000000e+00 1.018285330682732859e+00 2.101510783335788432e-02 7.593337700941586721e-02 5.640080266378530785e-03 0.000000000000000000e+00 1.115632898555182884e+00 7.282692204000666518e-03 4.976976976527760029e+08 8.547483281996163726e+07
4.200000000000000000e+01 8.700000000000300000e+13 0.000000000000000000e+00 1.195491185912091137e+00 6.585611891949874619e-02 1.421154797831111483e-01 3.282983715759594384e-02 0.000000000000000000e+00 1.326399427555043475e+00 9.246734361866278118e-02 1.065942915677423239e+09 1.812752331153468490e+08
4.300000000000000000e+01 8.700000000000100000e+13 0.000000000000000000e+00 1.085038923339069594e+00 6.975216948148460494e-02 1.329415562958506658e-01 4.710843427586269144e-02 0.000000000000000000e+00 1.289114026019086756e+00 8.412511644756491547e-02 1.382123395292603970e+09 6.625120858884640932e+08
4.400000000000000000e+01 8.700000000000100000e+13 0.000000000000000000e+00 1.332836823373386492e+00 8.945978633100269695e-02 1.672842245901716152e-01 6.980993228413520657e-02 0.000000000000000000e+00 1.281043166395072319e+00 1.186340954384900170e-01 1.943294334904029608e+09 8.889236726605969667e+08
4.500000000000000000e+01 8.700000000000100000e+13 0.000000000000000000e+00 9.570099999098587995e-01 5.995326939668618738e-02 2.567151226460853142e-01 1.157569261123441023e-01 0.000000000000000000e+00 1.300714287572097838e+00 7.216596633000443850e-02 1.231840878559263229e+09 2.780199650818678141e+08
4.600000000000000000e+01 8.700000000000100000e+13 1.000000000000000000e+00 1.046098686135701117e+00 2.622364453172531390e-02 9.598148402254375045e-02 1.144749880062591665e-02 0.000000000000000000e+00 1.148933550500954581e+00 3.328517909200657404e-02 8.011798656727912426e+08 1.778709473229887486e+08
4.700000000000000000e+01 8.700000000000300000e+13 0.000000000000000000e+00 1.663866267460623272e+00 6.723385719721954035e-02 1.527867392544395853e-01 2.831466402559168136e-02 0.000000000000000000e+00 1.832473025715348536e+00 7.448845443987958670e-02 1.451379624225192547e+09 3.638160942353147268e+08
4.800000000000000000e+01 8.700000000000100000e+13 1.000000000000000000e+00 1.108927521293719742e+00 3.361282402016451537e-02 6.773170043202701718e-02 9.766222943485601896e-03 0.000000000000000000e+00 1.173292397303507206e+00 4.799196269158873679e-02 4.916848267138293982e+08 1.380261009207189977e+08
4.900000000000000000e+01 8.700000000000200000e+13 0.000000000000000000e+00 1.155134552019180028e+00 1.261527098216698728e-01 1.533096543652457677e-01 3.205496242299132187e-02 0.000000000000000000e+00 1.507016459296678601e+00 7.918158347992679258e-02 1.044876202750675201e+09 3.109830201255992651e+08
5.000000000000000000e+01 8.700000000000100000e+13 0.000000000000000000e+00 1.322518859332244334e+00 3.187136211282490250e-02 2.663530048589907717e-01 1.189292710419471016e-01 0.000000000000000000e+00 1.035677042645661405e+00 3.151380039101946834e-02 3.147314942066699505e+09 1.544409345409042120e+09
5.100000000000000000e+01 8.700000000000200000e+13 0.000000000000000000e+00 1.467345305910422670e+00 6.873386090193368825e-02 1.862413183431633201e-01 4.174820833277097937e-02 0.000000000000000000e+00 1.567371047149731078e+00 7.204387233368353405e-02 1.908058543825421095e+09 5.641465896163091660e+08
5.200000000000000000e+01 8.700000000000100000e+13 0.000000000000000000e+00 1.198018463321618876e+00 1.626559672088058739e-01 2.188271683412550406e-01 1.167468864689248514e-01 0.000000000000000000e+00 1.029496097211204608e+00 1.048447976276697113e-01 7.524851585166802406e+08 2.314487245499945283e+08
5.300000000000000000e+01 8.700000000000500000e+13 0.000000000000000000e+00 1.583460423984840437e+00 2.098369191687948498e-01 2.173655565428732617e-01 1.114258355345108115e-01 0.000000000000000000e+00 1.546431692426057714e+00 2.707447180164751499e-01 2.741922339380284786e+09 1.687392060309551001e+09
5.400000000000000000e+01 8.700000000000100000e+13 0.000000000000000000e+00 1.026089542999737647e+00 1.303500937088762635e-01 1.768080389103071359e-01 3.893124313835626821e-02 0.000000000000000000e+00 8.981361034462658210e-01 1.002863088248540507e-01 1.672620713995733976e+09 6.128502904278330803e+08
5.500000000000000000e+01 8.700000000000100000e+13 0.000000000000000000e+00 1.043382714107546239e+00 4.893587859035215815e-02 9.278720336777576683e-02 2.343864460037783926e-02 0.000000000000000000e+00 1.318181718155833293e+00 3.985918267843658463e-02 9.486324928313052654e+08 3.668005387684004903e+08
5.600000000000000000e+01 8.700000000000100000e+13 0.000000000000000000e+00 1.254466129764575388e+00 1.013427319271204136e-01 1.897676769332347357e-01 5.747147686456792470e-02 0.000000000000000000e+00 1.256520185115240773e+00 1.218216856520383806e-01 2.181173161065594673e+09 7.800586834664174318e+08
5.700000000000000000e+01 8.700000000000400000e+13 0.000000000000000000e+00 1.441499288106937948e+00 1.443573969651162636e-01 2.929956359786781150e-01 1.192905694462571692e-01 0.000000000000000000e+00 1.473633619008580364e+00 1.633006658362432251e-01 3.789855338885563850e+09 1.677981469909822464e+09
5.800000000000000000e+01 8.700000000000100000e+13 1.000000000000000000e+00 9.756497234249768002e-01 1.977798351230335497e-02 8.951541408987719051e-02 1.731740674055893409e-02 0.000000000000000000e+00 1.295312185350823153e+00 1.512503891734853605e-02 5.509720100930870771e+08 1.184694542558015287e+08
5.900000000000000000e+01 8.700000000000100000e+13 0.000000000000000000e+00 1.289094973141113876e+00 3.678744521142545548e-02 7.348159389489516968e-02 2.341325317259026692e-02 0.000000000000000000e+00 1.312612045270852734e+00 2.761020631695565095e-02 3.511759006954008341e+08 4.721572897023916990e+07
6.000000000000000000e+01 8.700000000000100000e+13 0.000000000000000000e+00 1.347731488115295306e+00 1.329754742490588115e-01 1.637043667716278905e-01 5.905100572762561617e-02 0.000000000000000000e+00 1.319170183381584982e+00 1.523725455572304543e-01 1.799207596951823473e+09 7.629823383933621645e+08
6.100000000000000000e+01 8.700000000000100000e+13 0.000000000000000000e+00 1.526436295276078825e+00 1.451958404476541009e-01 1.766857605498622363e-01 3.788553825195826313e-02 0.000000000000000000e+00 1.590657070736159362e+00 1.827993937950357917e-01 1.831902998115911245e+09 4.742517805736743808e+08
6.200000000000000000e+01 8.700000000000500000e+13 0.000000000000000000e+00 1.271366313683935712e+00 6.815911723307674364e-02 2.918844209020386438e-01 1.214500367935736624e-01 0.000000000000000000e+00 1.345585078989853356e+00 8.052375252496567215e-02 2.063596864649127960e+09 9.047753404693056345e+08
6.300000000000000000e+01 8.700000000000100000e+13 0.000000000000000000e+00 1.171907028082015856e+00 6.990883371526283863e-02 9.328958348910951215e-02 1.326285326576108828e-02 0.000000000000000000e+00 1.292880050497676958e+00 8.828286822027020531e-02 9.714248683976747990e+08 1.932685118839506209e+08
6.400000000000000000e+01 8.700000000000300000e+13 0.000000000000000000e+00 1.136876406121877903e+00 6.688883911774673452e-02 1.033494037865268916e-01 9.495799681349547175e-03 0.000000000000000000e+00 1.029504258594703181e+00 4.650740690131337229e-02 7.186686763204125166e+08 1.549124681541424990e+08
6.500000000000000000e+01 8.700000000000100000e+13 0.000000000000000000e+00 1.032455272711852112e+00 4.783971887444181392e-02 1.369218855661803735e-01 2.575163462860060107e-02 0.000000000000000000e+00 1.235575070133031694e+00 6.979547613788585070e-02 1.165001387877688646e+09 4.500386400297907591e+08
6.600000000000000000e+01 8.700000000000200000e+13 0.000000000000000000e+00 1.095420837231436684e+00 4.206918294771588157e-02 9.558717472118959113e-02 1.746791495633033195e-02 0.000000000000000000e+00 1.272092372835130991e+00 2.700366747945353793e-02 9.619941413378440142e+08 2.579177260948824883e+08
6.700000000000000000e+01 8.700000000000100000e+13 0.000000000000000000e+00 1.084232452434701122e+00 4.996868240935203875e-02 6.951603435785293217e-02 6.040126645111955003e-03 0.000000000000000000e+00 1.143457431332341789e+00 5.331534984202623839e-02 4.081526401611845493e+08 8.214424754683738947e+07
6.800000000000000000e+01 8.700000000000100000e+13 0.000000000000000000e+00 1.287448690398484086e+00 3.393003618053246073e-02 2.442893292529077220e-01 1.018378193597747061e-01 0.000000000000000000e+00 1.105740761719224086e+00 5.414727491279693050e-02 1.455364529954816103e+09 4.727237552510851622e+08
6.900000000000000000e+01 8.700000000000200000e+13 0.000000000000000000e+00 1.023093239378662700e+00 1.754580042981647436e-01 1.649254964975788718e-01 1.139109585821070914e-01 0.000000000000000000e+00 1.188618565928930115e+00 2.044718783446393684e-01 2.229893970040933609e+09 1.908793421043723583e+09
7.000000000000000000e+01 8.700000000000100000e+13 0.000000000000000000e+00 1.080606400163767189e+00 4.792921552132890090e-02 2.003595844541599946e-01 3.942602045583953191e-02 0.000000000000000000e+00 1.098378089942776858e+00 6.129373136840583075e-02 1.107592697967804670e+09 2.040176194283716381e+08
7.100000000000000000e+01 8.700000000000100000e+13 0.000000000000000000e+00 1.371228946543531224e+00 6.247859738484953102e-02 2.071368748250801139e-01 3.423906468649844104e-02 0.000000000000000000e+00 1.445086407428590292e+00 3.496926283690857118e-02 2.206626082189242363e+09 4.784889078578190804e+08
7.200000000000000000e+01 8.700000000000100000e+13 0.000000000000000000e+00 1.271002018135365175e+00 1.361768042257271716e-01 2.364142879910659800e-01 1.008930630219236207e-01 0.000000000000000000e+00 1.283639651606640175e+00 1.327679604912106182e-01 2.932715993642689705e+09 1.563214919053408623e+09
7.300000000000000000e+01 8.700000000000200000e+13 0.000000000000000000e+00 1.096254356321291423e+00 3.840992182003867550e-02 1.241851563335134995e-01 2.342239934717377237e-02 0.000000000000000000e+00 1.054000031117025893e+00 3.615311118021716924e-02 1.211433160761126041e+09 3.471170935213298202e+08
7.400000000000000000e+01 8.700000000000300000e+13 0.000000000000000000e+00 1.065849243997151197e+00 5.187405437725613189e-02 7.983162821657537045e-02 1.394903754112470501e-02 0.000000000000000000e+00 1.170583867033089920e+00 2.482507984471919379e-02 3.757530090384005308e+08 1.564034853862830400e+08
7.500000000000000000e+01 8.700000000000100000e+13 0.000000000000000000e+00 1.275918543729787080e+00 8.104656149302524870e-02 1.382573905232538369e-01 2.346141948431070337e-02 0.000000000000000000e+00 1.301633066871552113e+00 1.062777679223038257e-01 1.073577460001115322e+09 3.008543567380704880e+08
7.600000000000000000e+01 8.700000000000200000e+13 0.000000000000000000e+00 1.179581374923056147e+00 2.928795965434207935e-02 5.819921760066618099e-02 1.889392412548801872e-02 0.000000000000000000e+00 1.457374530062364837e+00 4.046214526027568092e-02 5.923743648878782988e+08 2.691110322142570019e+08
7.700000000000000000e+01 8.700000000000100000e+13 0.000000000000000000e+00 1.138016459164603145e+00 1.117573561256311743e-01 1.127488913629335066e-01 4.405849348354318878e-02 0.000000000000000000e+00 1.129355820805866273e+00 1.106528318116944409e-01 1.146726592798387766e+09 6.115291859546391964e+08
7.800000000000000000e+01 8.700000000000300000e+13 0.000000000000000000e+00 1.308921276072930739e+00 8.249341609870602943e-02 1.186824364084166916e-01 2.569066782684359396e-02 0.000000000000000000e+00 1.330742912693142932e+00 8.687981470903091696e-02 9.836915709168986082e+08 3.143761510048337579e+08
7.900000000000000000e+01 8.700000000000100000e+13 0.000000000000000000e+00 1.569250786064121606e+00 1.186937484030135825e-01 1.722591724984834927e-01 7.336792969270147791e-02 0.000000000000000000e+00 1.625563922605919753e+00 1.516829784097236677e-01 1.691499600198740482e+09 9.270435426111180782e+08
8.000000000000000000e+01 8.700000000000500000e+13 0.000000000000000000e+00 1.072098836949616274e+00 6.962809110539730506e-02 1.041948113523243208e-01 3.062793321803005189e-02 0.000000000000000000e+00 1.152563929667284270e+00 7.284076484214044300e-02 1.013807571361208916e+09 4.576732352973429561e+08
8.100000000000000000e+01 8.700000000000100000e+13 0.000000000000000000e+00 1.270149131072439985e+00 1.674781630485637773e-01 1.617524609827107329e-01 7.675272096816151968e-02 0.000000000000000000e+00 1.284665251607759684e+00 1.829158012678935019e-01 1.990261015126528263e+09 1.004485935053252220e+09
8.200000000000000000e+01 8.700000000000500000e+13 0.000000000000000000e+00 1.135528220708021063e+00 3.492796741853652215e-02 1.059777221047962570e+00 1.000000000000000000e+00 0.000000000000000000e+00 1.379475043497574216e+00 3.582185983241580746e-02 1.065292278552398300e+10 1.005203978152108383e+10
8.300000000000000000e+01 8.700000000000100000e+13 0.000000000000000000e+00 1.102981679990205466e+00 5.272989321315366129e-02 9.966179831207065687e-02 1.823426889106967777e-02 0.000000000000000000e+00 1.130468860228637018e+00 9.024249323536778777e-02 1.054540188347957969e+09 2.559093746805614531e+08
8.400000000000000000e+01 8.700000000000100000e+13 0.000000000000000000e+00 1.521950784688456570e+00 1.594901231415039033e-01 3.226837529426643814e-01 1.454846604259624476e-01 0.000000000000000000e+00 1.422877155045567665e+00 1.567471832509202689e-01 1.926719064933940172e+09 9.134463570824947357e+08
8.500000000000000000e+01 8.700000000000100000e+13 0.000000000000000000e+00 9.941143236350274970e-01 9.373177003176783040e-02 2.404623604208658005e-01 1.660656555218254504e-01 0.000000000000000000e+00 1.167326853237435902e+00 1.168377794943878042e-02 9.527550902300554514e+08 1.566220581992661357e+08
8.600000000000000000e+01 8.700000000000400000e+13 0.000000000000000000e+00 9.765282455612082080e-01 2.816926157242327297e-02 1.156116052449213116e-01 2.074745579269479667e-02 0.000000000000000000e+00 1.279128661226743846e+00 3.860847799330432289e-02 4.604233019316480160e+08 9.580664907658025622e+07
8.700000000000000000e+01 8.700000000000100000e+13 0.000000000000000000e+00 1.122784315319831361e+00 7.097619909100916225e-02 1.250154813730075254e-01 2.037852011439173633e-02 0.000000000000000000e+00 1.043154558229530071e+00 5.107657785586334348e-02 1.312791170287820816e+09 3.182349630183240175e+08
8.800000000000000000e+01 8.700000000000100000e+13 0.000000000000000000e+00 1.066641075920635728e+00 2.840069569855819404e-02 1.028208599897932479e-01 2.156403048493375427e-02 0.000000000000000000e+00 9.426504208041485144e-01 1.736915063082470137e-02 3.101451707557136416e+08 9.904830179137893021e+07
8.900000000000000000e+01 8.700000000000100000e+13 0.000000000000000000e+00 1.195302038880494910e+00 9.430013233626534375e-02 1.454626187612065580e-01 6.381518721108815628e-02 0.000000000000000000e+00 1.208644054801221390e+00 1.293648283563738621e-01 1.663052577879848957e+09 9.212574432601404190e+08
9.000000000000000000e+01 8.700000000000500000e+13 1.000000000000000000e+00 1.068783636019409622e+00 1.302607543173561408e-02 6.562518085655315303e-02 2.148916408668730821e-02 0.000000000000000000e+00 1.260822475119325103e+00 6.771592042378843379e-03 6.588985092634499073e+08 3.266500866929960847e+08
9.100000000000000000e+01 8.700000000000100000e+13 0.000000000000000000e+00 1.260402631705114684e+00 1.532003397915033538e-01 2.059148084655594846e-01 5.777786552761328409e-02 0.000000000000000000e+00 1.210728204590625801e+00 1.856834557424723031e-01 2.294790189171044350e+09 8.240453033435111046e+08
9.200000000000000000e+01 8.700000000000100000e+13 0.000000000000000000e+00 1.074492091398096427e+00 8.751271442841938863e-02 1.012553735959365875e-01 3.588862779298594013e-02 0.000000000000000000e+00 1.120704751251174747e+00 4.066617906936297044e-02 6.510702271414282322e+08 8.894639161060477793e+07
9.300000000000000000e+01 8.700000000000100000e+13 0.000000000000000000e+00 1.034563224526020342e+00 5.058208526500361513e-02 1.233515778965182802e-01 5.096208332541025954e-02 0.000000000000000000e+00 1.298301740785282821e+00 5.153938577713729902e-02 4.201615997216271758e+08 1.053638167843748033e+08
9.400000000000000000e+01 8.700000000000200000e+13 0.000000000000000000e+00 1.083062672338605426e+00 9.820244373560756135e-02 2.733734966641759856e-01 1.009929207878392243e-01 0.000000000000000000e+00 1.284067201259898594e+00 6.256889841011407938e-02 1.006912902808832526e+09 2.076191968488021493e+08
9.500000000000000000e+01 8.700000000000100000e+13 0.000000000000000000e+00 3.185619835953873658e+00 3.294975030365603769e-02 6.370430854940607734e-02 6.445041295120266210e-03 0.000000000000000000e+00 2.889696642782304092e+00 5.849950821738798129e-02 6.753690815929248333e+08 8.404459800751876831e+07
9.600000000000000000e+01 8.700000000000100000e+13 0.000000000000000000e+00 1.390767567222148227e+00 1.531346538263036738e-01 2.432178169368643672e-01 7.989317197755421707e-02 0.000000000000000000e+00 1.347594131420633889e+00 1.435160146447039820e-01 2.887808486630060196e+09 1.115369356546189547e+09
9.700000000000000000e+01 8.700000000000400000e+13 0.000000000000000000e+00 1.109724621413990864e+00 1.765396684963604912e-02 1.917150590278747790e-01 5.269517035426882212e-02 0.000000000000000000e+00 1.099120762029243359e+00 7.420368840391043663e-02 1.677841909242679358e+09 3.132105295263844728e+08
9.800000000000000000e+01 8.700000000000100000e+13 0.000000000000000000e+00 1.373819174469330440e+00 1.076672678723634424e-01 1.764012526317814133e-01 4.377142930413263633e-02 0.000000000000000000e+00 1.403061381209703695e+00 1.370841393044387180e-01 1.700804372213663578e+09 5.149846629495134950e+08
9.900000000000000000e+01 8.700000000000200000e+13 0.000000000000000000e+00 1.053485956267532275e+00 1.462004131880903501e-01 1.685380324871857682e-01 6.402812977916200188e-02 0.000000000000000000e+00 7.746970556012575670e-01 9.930679645771486874e-02 1.707816042030677557e+09 1.143028375250111341e+09
1.000000000000000000e+02 8.700000000000800000e+13 0.000000000000000000e+00 1.606732383058925073e+00 8.751839759770907445e-02 5.610698779711210255e-02 2.205574912891986039e-02 0.000000000000000000e+00 1.725461573432136575e+00 9.859462531647250616e-02 8.201317659346529245e+08 4.075366263403974771e+08
1.010000000000000000e+02 8.700000000000300000e+13 0.000000000000000000e+00 6.997077719486305414e-01 1.294258659254185484e-01 1.253573834871827830e-01 1.270668360618828520e-02 0.000000000000000000e+00 1.269155297550021544e+00 5.382841877179608825e-02 1.286657579118224621e+09 2.178872227877129316e+08
1.020000000000000000e+02 8.700000000000100000e+13 0.000000000000000000e+00 1.215981137169967363e+00 1.395801792137398578e-01 2.047558904146691561e-01 8.372425810062926466e-02 0.000000000000000000e+00 1.224037912199207545e+00 1.368240195256875125e-01 1.069192628129381776e+09 2.142364574481295943e+08
1.030000000000000000e+02 8.700000000000400000e+13 0.000000000000000000e+00 1.962851517704880422e+00 4.077640492811263062e-02 5.436739329136078963e-02 1.666367180463417669e-02 0.000000000000000000e+00 1.995387950824140777e+00 2.961500842338140108e-02 6.106825856346020699e+08 2.326092926681458950e+08
1.040000000000000000e+02 8.700000000000100000e+13 0.000000000000000000e+00 9.381829800795900010e-01 9.175222155565819493e-02 1.803353019288185533e-01 9.471323633950998189e-02 0.000000000000000000e+00 1.238780600608756721e+00 6.193393557665348437e-02 5.312692418580947518e+08 9.353070706899476051e+07
1.050000000000000000e+02 8.700000000000300000e+13 0.000000000000000000e+00 1.216401901016128884e+00 5.554842403829840514e-02 7.907225194228634235e-02 1.634552719200887960e-02 0.000000000000000000e+00 1.081838490330204960e+00 4.049351610914038446e-02 5.663737080459619761e+08 1.829856643969932795e+08
1.060000000000000000e+02 8.700000000000100000e+13 0.000000000000000000e+00 1.109308275712891367e+00 1.047712236232199862e-01 1.016782029197876858e-01 1.911385301293093419e-02 0.000000000000000000e+00 1.347277875350333609e+00 1.252800137782826562e-01 3.960870755848973989e+08 6.161784846836735308e+07
1.070000000000000000e+02 8.700000000000100000e+13 0.000000000000000000e+00 1.516369361318846476e+00 7.908581068851781859e-02 1.488938793976399000e-01 4.084644228551949363e-02 0.000000000000000000e+00 1.611291505490025644e+00 1.106639495307642773e-01 1.688935286332654238e+09 5.032650200481232405e+08
1.080000000000000000e+02 8.700000000000100000e+13 0.000000000000000000e+00 1.210507371365430185e+00 1.699896110628942858e-01 1.509470647936258791e-01 5.242520921375716514e-02 0.000000000000000000e+00 1.131237063905199403e+00 1.998233635556295185e-01 1.418707004768002987e+09 6.861980766003456116e+08
1.090000000000000000e+02 8.700000000000100000e+13 0.000000000000000000e+00 1.286909038389754789e+00 1.411130318027498387e-01 1.699219824863938688e-01 5.427076068033412359e-02 0.000000000000000000e+00 1.357190838148958578e+00 1.190173152910191795e-01 1.752464201004426479e+09 8.256334575488950014e+08
1.100000000000000000e+02 8.700000000000400000e+13 0.000000000000000000e+00 1.233569546731312805e+00 3.910727767038425090e-02 1.065551453974830642e-01 1.030777674837042926e-02 0.000000000000000000e+00 9.676215542112087675e-01 2.775627165395929893e-02 1.060535498237265706e+09 1.589587067019951642e+08
1.110000000000000000e+02 8.700000000000100000e+13 0.000000000000000000e+00 1.346188163847623409e+00 7.649944718385121023e-02 1.238848356679095319e-01 2.114269467198364588e-02 0.000000000000000000e+00 1.528425110498101702e+00 6.756876095095226686e-02 8.754180921600115299e+08 1.911856079352807403e+08
1.120000000000000000e+02 8.700000000000100000e+13 0.000000000000000000e+00 1.289069484697168644e+00 1.045581547419333207e-01 1.684186086857597797e-01 3.361062920091389267e-02 0.000000000000000000e+00 1.201286941794049490e+00 9.386324825327277410e-02 1.683636865441196203e+09 4.749606112396778464e+08
1.130000000000000000e+02 8.700000000000300000e+13 0.000000000000000000e+00 1.157511071157592220e+00 3.778685005870100616e-02 9.018131079319671728e-02 1.362262015868693360e-02 0.000000000000000000e+00 1.273832469181149341e+00 3.339602702872950662e-02 9.761056878132952452e+08 1.854942964362482727e+08
1.140000000000000000e+02 8.700000000000400000e+13 1.000000000000000000e+00 1.084259761684646994e+00 1.235198343233834782e-02 5.294786281859070742e-02 1.236220639680159911e-02 0.000000000000000000e+00 1.369526494881982304e+00 2.315388205064922156e-02 6.757825802053084373e+08 1.987866823176633120e+08
1.150000000000000000e+02 8.700000000000100000e+13 0.000000000000000000e+00 1.361605222792211745e+00 8.695526621535172584e-02 2.019942984882386328e-01 8.506705637248830609e-02 0.000000000000000000e+00 1.248768889945312432e+00 1.183745761037924005e-01 2.383010528796619892e+09 1.075627543435132504e+09
1.160000000000000000e+02 8.700000000001200000e+13 0.000000000000000000e+00 1.153488822211352405e+00 6.400012821680310660e-02 9.056564424062917007e-02 4.210075213118506104e-02 0.000000000000000000e+00 1.151994489322995641e+00 1.079870780717631998e-02 2.560316673511219919e+08 1.216843241513934135e+08
1.170000000000000000e+02 8.700000000000100000e+13 0.000000000000000000e+00 9.572218680219095610e-01 1.726483494534066243e-01 2.773919123471592640e-01 1.287762876842796222e-01 0.000000000000000000e+00 1.266329639914404837e+00 1.099401411880418789e-01 7.816195882916477919e+08 1.582443216851732433e+08
1.180000000000000000e+02 8.700000000000100000e+13 0.000000000000000000e+00 1.422297450965057886e+00 8.001885858454843570e-02 2.189928223307397726e-01 6.671246150451393131e-02 0.000000000000000000e+00 1.282080821158233741e+00 6.329330207953948184e-02 2.495874498107092381e+09 9.080558109450496435e+08
1.190000000000000000e+02 8.700000000000100000e+13 1.000000000000000000e+00 1.137865452604492011e+00 3.604492511091958451e-02 8.717461629694289726e-02 1.450073059187429944e-02 0.000000000000000000e+00 1.310473134205450307e+00 9.057525609264249766e-02 6.935356434151642323e+08 1.790186454716268182e+08
1.200000000000000000e+02 8.700000000000100000e+13 0.000000000000000000e+00 1.206280731505947834e+00 1.014044432171446325e-01 2.275360671778552668e-01 1.125874125874125886e-01 0.000000000000000000e+00 1.004172658437712862e+00 5.742464284635247218e-02 8.403821719901438951e+08 3.062996947890753150e+08
1.210000000000000000e+02 8.700000000000100000e+13 0.000000000000000000e+00 1.124058468063448446e+00 6.653082060142913312e-02 8.189125476616060384e-02 2.763066397225942897e-02 0.000000000000000000e+00 1.201749879189279779e+00 8.623926075236426625e-02 8.777281342706583738e+08 3.844510828526934385e+08
1.220000000000000000e+02 8.700000000000100000e+13 0.000000000000000000e+00 1.300676495206971373e+00 3.642939530102923956e-02 1.466743871560863000e-01 3.524673683000871527e-02 0.000000000000000000e+00 1.310187651717575008e+00 5.218527938519973430e-02 1.611072310443971634e+09 4.362254480916066766e+08
1.230000000000000000e+02 8.700000000000100000e+13 0.000000000000000000e+00 1.586104418392276560e+00 1.884883043764780663e-01 3.237212828662750508e-01 1.158111778143051246e-01 0.000000000000000000e+00 1.016669124814828074e+00 1.601365481965057735e-01 2.080049527304620743e+09 1.038228950097565055e+09
1.240000000000000000e+02 8.700000000000100000e+13 0.000000000000000000e+00 1.178286939895412333e+00 5.667291669545287958e-02 1.218212496683713092e-01 2.353850094685707578e-02 0.000000000000000000e+00 1.261311830835412762e+00 6.158014647421121424e-02 1.181161186829096317e+09 3.161870931135686636e+08
1.250000000000000000e+02 8.700000000000100000e+13 0.000000000000000000e+00 1.204011580881538812e+00 1.191790708643320346e-01 2.678310648922050397e-01 1.035061161531011242e-01 0.000000000000000000e+00 1.124858143813209921e+00 1.384425564919496421e-01 2.023975978549485683e+09 1.034224036403599501e+09
1.260000000000000000e+02 8.700000000000200000e+13 0.000000000000000000e+00 1.183110976700140649e+00 6.460025369318415922e-02 1.196461315094717731e-01 1.441128867322584092e-02 0.000000000000000000e+00 1.311023583113613666e+00 7.386897768771014117e-02 1.171713696480810881e+09 2.005516663206459880e+08
1.270000000000000000e+02 8.700000000000100000e+13 0.000000000000000000e+00 1.190920784013168143e+00 2.347589787663112715e-01 2.805678239021077158e-01 1.739212107061745283e-01 0.000000000000000000e+00 1.067023438931593571e+00 2.609507957520291743e-01 3.615201150610026360e+09 2.418318407033888340e+09
1.280000000000000000e+02 8.700000000000100000e+13 0.000000000000000000e+00 1.160181825495264496e+00 4.480192604215800511e-02 8.461783870591954582e-02 1.717402519595932764e-02 0.000000000000000000e+00 1.358554912049503960e+00 5.350584279323646053e-02 5.768834232545447350e+08 1.357472350706150532e+08
1.290000000000000000e+02 8.700000000000100000e+13 1.000000000000000000e+00 1.095804094911431159e+00 1.051469044781969293e-02 6.126090202221886466e-02 9.345346394257086214e-03 0.000000000000000000e+00 1.121889345151148021e+00 9.900295986967238768e-03 5.385981000649273396e+08 1.302403813645996600e+08
1.300000000000000000e+02 8.700000000000100000e+13 0.000000000000000000e+00 1.439606045033719139e+00 2.129124141766256251e-01 2.948800885961346818e-01 9.959813015040094863e-02 0.000000000000000000e+00 1.422772262693901890e+00 2.150984678686172491e-01 3.117808226787719727e+09 1.432198674719153881e+09
1.310000000000000000e+02 8.700000000000100000e+13 0.000000000000000000e+00 9.990594832445498508e-01 1.088241451233156465e-01 2.906741090591412613e-01 1.197773120361542432e-01 0.000000000000000000e+00 1.569283977018426812e+00 1.847366643143104337e-01 1.832799135097567558e+09 9.773019464158672094e+08
1.320000000000000000e+02 8.700000000000400000e+13 0.000000000000000000e+00 1.201918393759499271e+00 1.496618265162364403e-01 2.523723586818953368e-01 9.310827648746494711e-02 0.000000000000000000e+00 1.305081403295420106e+00 1.871104549777572179e-01 2.076170054723591328e+09 6.706433525038785934e+08
1.330000000000000000e+02 8.700000000000100000e+13 0.000000000000000000e+00 1.184754210700954991e+00 2.360308919087327970e-02 7.847080934964544008e-02 2.118874976042930958e-02 0.000000000000000000e+00 1.241404906494770755e+00 3.393187840646103709e-02 9.136530144580603838e+08 2.567539548037014008e+08
1.340000000000000000e+02 8.700000000000100000e+13 0.000000000000000000e+00 1.079687648087994445e+00 1.004416132451966953e-01 1.421597394927358315e-01 2.636463263022132547e-02 0.000000000000000000e+00 1.506951257903802910e+00 8.453324861484204367e-02 8.110334541579766273e+08 2.878538575157009363e+08
1.350000000000000000e+02 8.700000000000100000e+13 0.000000000000000000e+00 1.208380646866200170e+00 5.533213791603455722e-02 6.413824579662213976e-02 1.837284788948032738e-02 0.000000000000000000e+00 1.306598519948556580e+00 1.166931663646684873e-02 4.100654922317053676e+08 9.470056589237038791e+07
1.360000000000000000e+02 8.700000000000300000e+13 0.000000000000000000e+00 1.230993159725653596e+00 1.007685964257831884e-01 1.647964457005621774e-01 9.207442654896066947e-02 0.000000000000000000e+00 1.280038924910692266e+00 1.538090174198524229e-01 1.975632512443634033e+09 1.261696381484497547e+09
1.370000000000000000e+02 8.700000000000100000e+13 0.000000000000000000e+00 1.065797405945590581e+00 4.037113870807240712e-02 1.013576459347585723e-01 1.739745760718737488e-02 0.000000000000000000e+00 1.275292375765586295e+00 3.709031898465407762e-02 5.013164049346294999e+08 5.860208125813679397e+07
1.380000000000000000e+02 8.700000000000100000e+13 0.000000000000000000e+00 1.089659059016924614e+00 1.665265170517444826e-01 2.522458381548178807e-01 1.829612754433756761e-01 0.000000000000000000e+00 1.257541148963800870e+00 9.229714478187663051e-02 6.263214190506072044e+08 1.332814319387107641e+08
1.390000000000000000e+02 8.700000000000100000e+13 0.000000000000000000e+00 1.185469422070811962e+00 1.857870766573034294e-01 1.661507882618715459e-01 5.317359105920956008e-02 0.000000000000000000e+00 1.234239947587607134e+00 1.908330607510151933e-01 1.624622280329883099e+09 6.918455472744752169e+08
1.400000000000000000e+02 8.700000000000100000e+13 0.000000000000000000e+00 1.250063120223166679e+00 4.277865142402647453e-02 1.046223668838050097e-01 2.075419811494260899e-02 0.000000000000000000e+00 1.167025690669861726e+00 3.996148397036032585e-02 1.230677684248925447e+09 2.661500187056973577e+08
1.410000000000000000e+02 8.700000000000100000e+13 0.000000000000000000e+00 1.250433805532527032e+00 5.661207522473255677e-02 1.403086470963624821e-01 1.981601462364660990e-02 0.000000000000000000e+00 1.197200865784188828e+00 5.426479925274831778e-02 1.489332813831887245e+09 2.834002852101612091e+08
1.420000000000000000e+02 8.700000000000100000e+13 0.000000000000000000e+00 1.363595368569550770e+00 7.817857109455014775e-02 8.576716837409908978e-02 1.356898938224357018e-02 0.000000000000000000e+00 1.621649584643701347e+00 6.731995128802764627e-02 9.834148723364462852e+08 2.046599615775432885e+08
1.430000000000000000e+02 8.700000000000100000e+13 0.000000000000000000e+00 9.796624772821042049e-01 8.359936782793422894e-02 1.089180096937962805e-01 3.137968326891960730e-02 0.000000000000000000e+00 1.008779892205686535e+00 2.040153396570784650e-02 7.158549454122000933e+08 1.719970180134370327e+08
1.440000000000000000e+02 8.700000000000400000e+13 0.000000000000000000e+00 1.044983640217610921e+00 6.611014061231453021e-02 9.745553942767644362e-02 4.028661070126346444e-02 0.000000000000000000e+00 1.305540113020356996e+00 3.916074397270207647e-02 3.559235134039248824e+08 2.001905540629825592e+08
1.450000000000000000e+02 8.700000000000100000e+13 1.000000000000000000e+00 1.051737828222747195e+00 1.594905195238807694e-02 8.409085237474005214e-02 9.899550928497310304e-03 0.000000000000000000e+00 1.234061023552463832e+00 2.968334861571565036e-02 6.746171150782068968e+08 1.119229152954550236e+08
1.460000000000000000e+02 8.700000000000100000e+13 0.000000000000000000e+00 1.379473715325304939e+00 9.762204692568647590e-02 1.427754249422482635e-01 6.834618513095819248e-02 0.000000000000000000e+00 1.408020671961133008e+00 8.257551085772128763e-02 1.715552773804666519e+09 9.878796707672269344e+08
1.470000000000000000e+02 8.700000000000100000e+13 0.000000000000000000e+00 1.283246189971366080e+00 3.997920973795845295e-02 1.032443785350020543e-01 1.825310988231697296e-02 0.000000000000000000e+00 1.160911561741992504e+00 2.743686347411848983e-02 9.459461338477120399e+08 2.474252748802640736e+08
1.480000000000000000e+02 8.700000000000200000e+13 0.000000000000000000e+00 1.123842460666336862e+00 2.210701171890331329e-01 3.217080640200121744e-01 1.669832659518966089e-01 0.000000000000000000e+00 1.453789299825310799e+00 8.357998718851950004e-02 1.322477748798683643e+09 5.110493838839548230e+08
1.490000000000000000e+02 8.700000000000100000e+13 0.000000000000000000e+00 1.170697251574190245e+00 2.210136582533588911e-01 2.213879598093293488e-01 1.154894198353298845e-01 0.000000000000000000e+00 1.063805198193607859e+00 2.468920496472301884e-01 2.469308783932311535e+09 1.552430348595922709e+09
1.500000000000000000e+02 8.700000000000200000e+13 0.000000000000000000e+00 1.339115388802228690e+00 7.302014514715989002e-02 1.752312210290354333e-01 4.935528238631479298e-02 0.000000000000000000e+00 1.256598738176177843e+00 1.224347271810956733e-01 2.162372035796064377e+09 6.135114340289375782e+08
1.510000000000000000e+02 8.700000000000100000e+13 0.000000000000000000e+00 1.125651340091248231e+00 6.146269838554725001e-02 5.500974507000738756e-02 1.361699862231588627e-02 0.000000000000000000e+00 1.333667271617271499e+00 8.489752821512776271e-02 3.741002411012879610e+08 1.253860816776857823e+08
1.520000000000000000e+02 8.700000000000100000e+13 0.000000000000000000e+00 1.272018086947448001e+00 6.814989955780043074e-02 1.115580404817196614e-01 1.650935899595087908e-02 0.000000000000000000e+00 1.399717075720198656e+00 8.523694298462748675e-02 1.272198223105592966e+09 2.191597179251047969e+08
1.530000000000000000e+02 8.700000000000100000e+13 0.000000000000000000e+00 1.695389122553292660e+00 1.731910811760185576e-01 1.956658043237605449e-01 6.801643138797654198e-02 0.000000000000000000e+00 1.619193346062805183e+00 2.042624681305947321e-01 2.187405910404408455e+09 9.271425713785518408e+08
1.540000000000000000e+02 8.700000000000100000e+13 0.000000000000000000e+00 8.950639278656131737e-01 1.974285604960189511e-01 1.790613918190107623e-01 3.566194574752075408e-02 0.000000000000000000e+00 1.211170889333939904e+00 1.368619453538920117e-01 1.707791317923528433e+09 5.363079220431733131e+08
1.550000000000000000e+02 8.700000000000200000e+13 0.000000000000000000e+00 7.491309933131767851e-01 2.712494648610324494e-02 9.577506929250277634e-02 1.892819784101391900e-02 0.000000000000000000e+00 1.315947693375232097e+00 4.947829145358044467e-02 4.479290396522991657e+08 9.623294310020768642e+07
1.560000000000000000e+02 8.700000000000100000e+13 0.000000000000000000e+00 1.119049850601628870e+00 7.604325848656891262e-02 2.813873469696969720e-01 1.306390692640692630e-01 0.000000000000000000e+00 1.347078858258297096e+00 1.088502522346476292e-01 1.777806600033516407e+09 6.503586976829854250e+08
1.570000000000000000e+02 8.700000000000100000e+13 0.000000000000000000e+00 1.153653418659318586e+00 1.050277042201767756e-02 1.083333586636983786e-01 2.793511145360618939e-02 0.000000000000000000e+00 1.073462727758288882e+00 4.364648966436420613e-02 6.292027122895226479e+08 1.768235076676112413e+08
1.580000000000000000e+02 8.700000000000200000e+13 0.000000000000000000e+00 9.686184562037226664e-01 5.490734618218784391e-02 3.873131945035474533e-01 1.026371985423259331e-01 0.000000000000000000e+00 1.344175746055920051e+00 9.482183428823010019e-02 1.929771205093424797e+09 5.098035520923718214e+08
1.590000000000000000e+02 8.700000000000200000e+13 0.000000000000000000e+00 1.252423696380009277e+00 9.320250304071522884e-02 1.921225967242131405e-01 6.960443112417141753e-02 0.000000000000000000e+00 1.360833816762656578e+00 1.061103411263415452e-01 1.392241976439988852e+09 5.804870127293012142e+08
1.600000000000000000e+02 8.700000000000100000e+13 0.000000000000000000e+00 1.267528708859069209e+00 3.833814985765619798e-02 1.505376453530452852e-01 1.927495085243589867e-02 0.000000000000000000e+00 1.295866477728318422e+00 6.797957532241409584e-02 1.388661311231795073e+09 2.529910445531416237e+08
1.610000000000000000e+02 8.700000000000300000e+13 0.000000000000000000e+00 1.073395431830741931e+00 6.927430992935770804e-02 1.984252847917420959e-01 1.363399595299638334e-01 0.000000000000000000e+00 1.265675422118775817e+00 5.909078513689154655e-02 9.154265129383031130e+08 3.350396153770428896e+08
1.620000000000000000e+02 8.700000000000400000e+13 0.000000000000000000e+00 1.167609646896814901e+00 5.030889969996239081e-02 1.410458316332729445e-01 6.135939548572764968e-02 0.000000000000000000e+00 1.346469937014663110e+00 2.994562788215522978e-02 7.504981470849165916e+08 1.173999207577901036e+08
1.630000000000000000e+02 8.700000000000500000e+13 0.000000000000000000e+00 1.405652855336989138e+00 4.375440720560518082e-02 1.065326460519994134e+00 1.000000000000000000e+00 0.000000000000000000e+00 1.440142947760398640e+00 4.400493401602722371e-02 1.124432690666276932e+10 1.055953013099542236e+10
1.640000000000000000e+02 8.700000000000100000e+13 0.000000000000000000e+00 1.380222777098861320e+00 1.087417851949576929e-02 2.927721896300834736e-02 4.280646396568890504e-03 0.000000000000000000e+00 1.370560943869186588e+00 1.398530943944674247e-02 3.060650097887943983e+08 5.958839337585347146e+07
1.650000000000000000e+02 8.700000000000100000e+13 0.000000000000000000e+00 1.026577200446165516e+00 7.050713435720623590e-02 9.128100607684212775e-02 1.630050094295826257e-02 0.000000000000000000e+00 1.030776508499790856e+00 9.344037631960323831e-02 8.866553325283253193e+08 2.469809646837419868e+08
1.660000000000000000e+02 8.700000000000100000e+13 0.000000000000000000e+00 1.033380439877357615e+00 4.416171802423664999e-02 1.785901931947069810e-01 7.568364839319470516e-02 0.000000000000000000e+00 1.234534909633358213e+00 2.812519811172740219e-02 8.699258861157578230e+08 3.122917363666778207e+08
1.670000000000000000e+02 8.700000000000300000e+13 0.000000000000000000e+00 1.076226983518598024e+00 4.457787283195258077e-02 7.316128579934330634e-02 2.779543731102736975e-02 0.000000000000000000e+00 9.793432484217208245e-01 5.146283770904842153e-02 8.263550874322974682e+08 4.217875403542385697e+08
1.680000000000000000e+02 8.700000000001100000e+13 0.000000000000000000e+00 1.460766218051482657e+00 2.384103684750083496e-01 2.139646025841298316e-01 1.759141094548439255e-01 0.000000000000000000e+00 1.339293789925180445e+00 2.617895692235134297e-01 2.922907002112419605e+09 2.472995786179117203e+09
1.690000000000000000e+02 8.700000000000100000e+13 0.000000000000000000e+00 1.399237883883147404e+00 3.148558265386484228e-02 9.539135250175494185e-02 2.200310817335978872e-02 0.000000000000000000e+00 1.437805110243975504e+00 2.880731760286523585e-02 1.046501023920775175e+09 3.049543178877487779e+08
1.700000000000000000e+02 8.700000000000500000e+13 0.000000000000000000e+00 1.251680125458332293e+00 5.025675186555428331e-02 1.162932458397613611e-01 3.440061833205548814e-02 0.000000000000000000e+00 1.266148033587660704e+00 4.943980636988285632e-02 1.543264799057161570e+09 5.182450080676253438e+08
1.710000000000000000e+02 8.700000000001000000e+13 0.000000000000000000e+00 1.054343178058666064e+00 1.106770051841061558e-01 1.763526043709052749e-01 9.355793601453780972e-02 0.000000000000000000e+00 4.464019528406160675e-01 9.558975113456329165e-02 2.609757526140849113e+09 1.556852018232562780e+09
1.720000000000000000e+02 8.700000000000200000e+13 0.000000000000000000e+00 1.034903615600409887e+00 1.862482342371750768e-02 1.036431739142805175e-01 2.317047814772744616e-02 0.000000000000000000e+00 1.236306078276528497e+00 1.227551543039759330e-02 8.616524619168763161e+08 3.656534114049947858e+08
1.730000000000000000e+02 8.700000000000100000e+13 0.000000000000000000e+00 1.013173138510061966e+00 9.342167741482833299e-02 1.148117514347403445e-01 2.413296350992634801e-02 0.000000000000000000e+00 1.313487111485750480e+00 6.443850191905135805e-02 8.523631885384304523e+08 1.972299941537877023e+08
1.740000000000000000e+02 8.700000000000300000e+13 0.000000000000000000e+00 1.063057975080230255e+00 4.154641381351694557e-02 4.629165826802560113e-02 1.228030851909946847e-02 0.000000000000000000e+00 1.110056857795376439e+00 4.357558253283369543e-02 4.012981144268317819e+08 1.727871015356666446e+08
1.750000000000000000e+02 8.700000000000200000e+13 0.000000000000000000e+00 1.593656479249021984e+00 2.302379670969874684e-02 9.071868169934528547e-02 9.529321133930894472e-03 0.000000000000000000e+00 1.640396865461063225e+00 7.337684205564169553e-03 8.783480957822464705e+08 1.195296774107743949e+08
1.760000000000000000e+02 8.700000000000100000e+13 1.000000000000000000e+00 1.011879840840245848e+00 2.051468987770994554e-02 4.526927749458979633e-02 5.746851314345493948e-03 0.000000000000000000e+00 1.138924888647858236e+00 2.915858902884177831e-02 3.904332391993172765e+08 8.194256505776956677e+07
1.770000000000000000e+02 8.700000000000200000e+13 0.000000000000000000e+00 1.261993922834840465e+00 7.326395735581602009e-02 1.182996932547287772e-01 2.835145682304252360e-02 0.000000000000000000e+00 1.410486260784523660e+00 6.739292241160813046e-02 1.102197092608282566e+09 4.293759326298493147e+08
1.780000000000000000e+02 8.700000000000100000e+13 0.000000000000000000e+00 1.180791544341148747e+00 4.620344909428403257e-02 1.625303581572115630e-01 6.489514074821572942e-02 0.000000000000000000e+00 1.424285582070948131e+00 2.482723414488612751e-02 8.903000039811558723e+08 1.049809880292107612e+08
1.790000000000000000e+02 8.700000000000100000e+13 0.000000000000000000e+00 1.257922649870892640e+00 3.085273785094598542e-02 1.293031802696461285e-01 2.640878293409750985e-02 0.000000000000000000e+00 1.433494149574111809e+00 4.762788418512515359e-02 1.054623405721022725e+09 3.770102594708876610e+08
1.800000000000000000e+02 8.700000000000300000e+13 1.000000000000000000e+00 1.062034507522254367e+00 2.852547609961897379e-02 7.108521281524997348e-02 2.897406171670162053e-02 0.000000000000000000e+00 1.149795985180886770e+00 1.957584781173122776e-02 8.448967294899420738e+08 4.075225781230181456e+08
1.810000000000000000e+02 8.700000000000100000e+13 0.000000000000000000e+00 1.349701658976059759e+00 1.142653227874622507e-01 1.835536796617691646e-01 1.014404397623663717e-01 0.000000000000000000e+00 1.581698948089507173e+00 1.231217117795220251e-01 9.442552840732632875e+08 1.041788840388704240e+08
1.820000000000000000e+02 8.700000000000300000e+13 1.000000000000000000e+00 9.851766437659443820e-01 3.332252102238397740e-02 5.096946568204396844e-02 8.040551556824135360e-03 0.000000000000000000e+00 1.124564766623706857e+00 2.871999445367694193e-02 3.643027856385577917e+08 1.181710496018510610e+08
1.830000000000000000e+02 8.700000000000100000e+13 0.000000000000000000e+00 1.062052991731668561e+00 1.611307631037967314e-01 1.394375307859460067e-01 4.305426065209086439e-02 0.000000000000000000e+00 1.234381815644866709e+00 1.226437471228933179e-01 1.542222783705088854e+09 7.659957900452048779e+08
1.840000000000000000e+02 8.700000000000500000e+13 0.000000000000000000e+00 1.290856535139807582e+00 7.637180822918496204e-02 1.577832735427528166e-01 5.468009498741518287e-02 0.000000000000000000e+00 1.449595147788910632e+00 1.001226962089867695e-01 1.155414406883193493e+09 5.470224031607029438e+08
1.850000000000000000e+02 8.700000000000500000e+13 0.000000000000000000e+00 1.178952088779575913e+00 4.591633773165777754e-02 1.041168782999520037e-02 3.498298206571540635e-03 0.000000000000000000e+00 1.258606476980074440e+00 3.066518801255791599e-02 1.390343687621138990e+08 4.671516192514710873e+07
1.860000000000000000e+02 8.700000000000100000e+13 0.000000000000000000e+00 1.782576284349830509e+00 2.446112137743451653e-01 3.880697023275925805e-01 1.977362132062139566e-01 0.000000000000000000e+00 1.073144331078353719e+00 2.535240948710170139e-01 2.109637061679815054e+09 9.287558174577990770e+08
1.870000000000000000e+02 8.700000000000200000e+13 0.000000000000000000e+00 1.278907251550172708e+00 6.170308545580956150e-02 8.381479336265443281e-02 1.730918480140367782e-02 0.000000000000000000e+00 1.581844449431648592e+00 7.658855379944327912e-02 1.218703889650535107e+09 2.620140025619013011e+08
1.880000000000000000e+02 8.700000000000100000e+13 0.000000000000000000e+00 1.200751307807305102e+00 1.370372645199758321e-01 2.224726517263350689e-01 1.834265859583449620e-01 0.000000000000000000e+00 1.112934308565501462e+00 3.231921846261263942e-02 4.188520918666076064e+08 1.483541147660027444e+08
1.890000000000000000e+02 8.700000000000400000e+13 0.000000000000000000e+00 1.187927899748030924e+00 8.031702593367258391e-02 7.965267825044937411e-02 1.099194727381665702e-02 0.000000000000000000e+00 1.445310091513697826e+00 3.428622573326056688e-02 6.356635067334759235e+08 1.681834368511829078e+08
1.900000000000000000e+02 8.700000000000100000e+13 0.000000000000000000e+00 1.054642787425981387e+00 4.353922495577867285e-02 1.416283273474433224e-01 4.629888244825685478e-02 0.000000000000000000e+00 1.039887250072953240e+00 3.745885305082528177e-02 9.859193744983118773e+08 1.562580894260099232e+08
1.910000000000000000e+02 8.700000000000100000e+13 0.000000000000000000e+00 1.148648675780501227e+00 5.290358642214985918e-02 1.089726841249472472e-01 6.912834278442722691e-02 0.000000000000000000e+00 1.164442706913278336e+00 1.223504672973070723e-01 1.315323086164871216e+09 1.009631415585220098e+09
1.920000000000000000e+02 8.700000000002500000e+13 0.000000000000000000e+00 1.234714974955089195e+00 2.686601568643534957e-02 3.518654274980698854e-02 1.304674594240216694e-02 0.000000000000000000e+00 1.032880415712302602e+00 2.782664703110070137e-02 5.386878629833114147e+08 1.997389667001986206e+08
1.930000000000000000e+02 8.700000000000100000e+13 0.000000000000000000e+00 1.074516137886555978e+00 6.376477930974443209e-02 9.113595814573260956e-02 2.603397423812004244e-02 0.000000000000000000e+00 1.074240237830609512e+00 6.818287950731377611e-02 9.692520799325424433e+08 3.744359755909412503e+08
1.940000000000000000e+02 8.700000000000100000e+13 0.000000000000000000e+00 1.318404375621207381e+00 6.699909146772436985e-02 1.438980904247738613e-01 2.163259617561008250e-02 0.000000000000000000e+00 1.197135583352189725e+00 7.958707126731255632e-02 1.702506038408351183e+09 2.955215457731298208e+08
1.950000000000000000e+02 8.700000000000200000e+13 0.000000000000000000e+00 1.073525770465284079e+00 6.380232387075386591e-02 1.382640202771097115e-01 4.148669112228619421e-02 0.000000000000000000e+00 1.303712422474819110e+00 2.006959459622330647e-02 9.147839143190439939e+08 2.113451077871604860e+08
1.960000000000000000e+02 8.700000000000100000e+13 0.000000000000000000e+00 1.149528545362103804e+00 4.428182391333308071e-02 1.278002813716546948e-01 4.094058524570004520e-02 0.000000000000000000e+00 1.033877194983990000e+00 6.105134119142498900e-02 1.399743413752097845e+09 5.627626647573683262e+08
1.970000000000000000e+02 8.700000000000100000e+13 0.000000000000000000e+00 1.126062647032662456e+00 8.631627218092605136e-02 1.782864538153332012e-01 2.693219181774080678e-02 0.000000000000000000e+00 1.182182847321666008e+00 6.806112031775068960e-02 1.617352493410320520e+09 1.788288228046194315e+08
1.980000000000000000e+02 8.700000000000300000e+13 0.000000000000000000e+00 1.080117340369164181e+00 4.569914336768852309e-02 2.098242502973195478e-01 7.680776820837199870e-02 0.000000000000000000e+00 9.687672780414894325e-01 9.350168956049460800e-02 1.756235128833737612e+09 1.265836713879148960e+09
1.990000000000000000e+02 8.700000000000100000e+13 0.000000000000000000e+00 1.215999965788245873e+00 1.139359441762189534e-01 1.383624430094312074e-01 3.791836518221437108e-02 0.000000000000000000e+00 1.377897138308253222e+00 1.201387988769482829e-01 1.506984769486919641e+09 5.510494341282746792e+08
2.000000000000000000e+02 8.700000000000100000e+13 0.000000000000000000e+00 1.247913668932819631e+00 1.164320352842688339e-01 1.679655185057993272e-01 3.932656836787823407e-02 0.000000000000000000e+00 1.345392248291251924e+00 1.120012311898076901e-01 1.812330591216202497e+09 5.913006691390070915e+08
2.010000000000000000e+02 8.700000000000100000e+13 0.000000000000000000e+00 1.224534360333481287e+00 5.550518301541973454e-02 1.936445078686613586e-01 9.894618224208276414e-02 0.000000000000000000e+00 1.330250039115963734e+00 2.209832139583839394e-02 9.352522801558508873e+08 9.797001257006356120e+07
2.020000000000000000e+02 8.700000000000100000e+13 0.000000000000000000e+00 1.003970221728023082e+00 2.368840185839036355e-02 1.040461054976149213e-01 2.466671127723235948e-02 0.000000000000000000e+00 1.159486201711760867e+00 7.520586213513380525e-02 1.163702415780632257e+09 3.638988479975871444e+08
2.030000000000000000e+02 8.700000000000100000e+13 1.000000000000000000e+00 1.089424686952541466e+00 2.318125560798148244e-02 9.626597095373021218e-02 1.419876450875199626e-02 0.000000000000000000e+00 1.310425347102713189e+00 4.439760527976447518e-02 8.600300719715135098e+08 2.378960422911423445e+08
2.040000000000000000e+02 8.700000000000400000e+13 0.000000000000000000e+00 1.095207563330763634e+00 7.921005084681580211e-02 1.332772539535696799e-01 2.996724479959596288e-02 0.000000000000000000e+00 1.257255178716086830e+00 5.009999996420828883e-02 1.627610960395742655e+09 4.457574294355727434e+08
2.050000000000000000e+02 8.700000000000500000e+13 0.000000000000000000e+00 1.258759310915634311e+00 1.413842432453912557e-01 2.502489434436394600e-02 6.930601788395013112e-03 0.000000000000000000e+00 1.260789838381914940e+00 1.416078249741342665e-01 2.501481833164672554e+08 6.927811253865800798e+07
2.060000000000000000e+02 8.700000000000100000e+13 0.000000000000000000e+00 9.014603392207386490e-01 7.119570153406411250e-02 2.614937294101642440e-01 1.624445930779608027e-01 0.000000000000000000e+00 1.273667834717394198e+00 4.576050105225232256e-02 8.673042681246081591e+08 2.745360394978614450e+08
2.070000000000000000e+02 8.700000000000200000e+13 0.000000000000000000e+00 1.028040060563978120e+00 1.392613251106558647e-01 2.433845386472074102e-01 1.326673028346898597e-01 0.000000000000000000e+00 1.397050445507987737e+00 3.032287104118279800e-02 6.977043204073890448e+08 9.267196049560526013e+07
2.080000000000000000e+02 8.700000000000500000e+13 0.000000000000000000e+00 1.124716569087088391e+00 9.811588320576032640e-02 2.034455607405218636e-01 8.632714194015099485e-02 0.000000000000000000e+00 9.863576072097329783e-01 1.387278325248957056e-01 3.019273591888198376e+09 1.330612784806704998e+09
2.090000000000000000e+02 8.700000000000100000e+13 0.000000000000000000e+00 1.031072105798691796e+00 6.961434392443931196e-02 1.292422723618163183e-01 2.669105237615801776e-02 0.000000000000000000e+00 1.110449986113502430e+00 6.387658375511252873e-02 1.012231101324591279e+09 2.339962847170749307e+08
2.100000000000000000e+02 8.700000000000100000e+13 0.000000000000000000e+00 1.105555222186832998e+00 1.278881507656411398e-01 2.232442783669869035e-01 6.612412717197035938e-02 0.000000000000000000e+00 1.170947856464176651e+00 1.087598541523292633e-01 1.658998347129225492e+09 2.252011728588224947e+08
2.110000000000000000e+02 8.700000000000100000e+13 0.000000000000000000e+00 1.568612441171467919e+00 4.899555651413946972e-02 1.803767463529774295e-01 3.882401012284494163e-02 0.000000000000000000e+00 1.539187001635110796e+00 7.532802207451430587e-02 2.049531019451231241e+09 5.106847947707372308e+08
2.120000000000000000e+02 8.700000000000100000e+13 0.000000000000000000e+00 1.178540659418244818e+00 2.488920897930403109e-01 2.139409284537020228e-01 1.077240315157799028e-01 0.000000000000000000e+00 9.805313209369156402e-01 2.786827993865386155e-01 2.255480247192805767e+09 1.628114804309605360e+09
2.130000000000000000e+02 8.700000000000200000e+13 0.000000000000000000e+00 1.201550340018214147e+00 3.186259199329599667e-02 7.258487488605794291e-02 9.862644233975854588e-03 0.000000000000000000e+00 1.285047876774312980e+00 4.615733735921598996e-02 4.210393511886496544e+08 8.078029185944053531e+07
2.140000000000000000e+02 8.700000000000100000e+13 0.000000000000000000e+00 2.017187216685353057e+00 1.586295619157359615e-01 2.033988896527612333e-01 3.550213676355965658e-02 0.000000000000000000e+00 1.949767926641649218e+00 1.999604510792539758e-01 1.706113269304609537e+09 4.531645199145163894e+08
2.150000000000000000e+02 8.700000000000100000e+13 0.000000000000000000e+00 1.097197850268960995e+00 8.322166434218743192e-02 1.175592781439853685e-01 2.994936738915583707e-02 0.000000000000000000e+00 1.308211537923404499e+00 7.082592080808407242e-02 7.712648673546329737e+08 1.608371907877205014e+08
2.160000000000000000e+02 8.700000000000100000e+13 0.000000000000000000e+00 1.125950885147577685e+00 7.176550862030098288e-02 1.366348294703666200e-01 4.166329787155850090e-02 0.000000000000000000e+00 1.309607028390804340e+00 4.510151230281487372e-02 5.648957812072701454e+08 1.444865463969056010e+08
2.170000000000000000e+02 8.700000000000100000e+13 0.000000000000000000e+00 1.381589919827446611e+00 1.542242979702427852e-01 2.017538207304771514e-01 4.887031080489522700e-02 0.000000000000000000e+00 1.320449203219446366e+00 1.864077005343756921e-01 2.133640767369661808e+09 6.036705502905026674e+08
2.180000000000000000e+02 8.700000000000300000e+13 0.000000000000000000e+00 1.237708168952171839e+00 1.598946975604581197e-02 1.661460357190041037e-01 3.790874479047813550e-02 0.000000000000000000e+00 1.267780507144984803e+00 4.410407611773657643e-02 9.834377056624363661e+08 2.602514961305081546e+08
2.190000000000000000e+02 8.700000000000100000e+13 0.000000000000000000e+00 1.144581243141465920e+00 5.425777257399407028e-02 1.139631254487718515e-01 1.835408723164883016e-02 0.000000000000000000e+00 1.206055380128217225e+00 9.335023419179847015e-02 7.965086893023822308e+08 1.355637788598926067e+08
2.200000000000000000e+02 8.700000000000200000e+13 0.000000000000000000e+00 1.087909266259497132e+00 6.876622286629049952e-02 1.095679925290536788e-01 3.931654676258992953e-02 0.000000000000000000e+00 1.111497107685113006e+00 1.195372302014384297e-01 1.177977089284541368e+09 5.540367434479515553e+08
2.210000000000000000e+02 8.700000000000100000e+13 0.000000000000000000e+00 1.513552843974149242e+00 1.767595197816910768e-01 1.905304770192741692e-01 4.990791133703529475e-02 0.000000000000000000e+00 1.602384178052952413e+00 1.827282802824428398e-01 1.625097253536242008e+09 7.380101296513453722e+08
2.220000000000000000e+02 8.700000000000100000e+13 0.000000000000000000e+00 1.172410330730565109e+00 3.204062827042210987e-02 9.209150900195223199e-02 1.907667991409678007e-02 0.000000000000000000e+00 1.211562988500683780e+00 4.389909529679778682e-02 9.052651646417204142e+08 2.747962541869519949e+08
2.230000000000000000e+02 8.700000000000100000e+13 0.000000000000000000e+00 1.127974093809740896e+00 1.219386748289254530e-01 1.758791199826628127e-01 6.114317115834120436e-02 0.000000000000000000e+00 1.025829806488654850e+00 1.277882033046491006e-01 1.648031722619722128e+09 1.019351008316816568e+09
2.240000000000000000e+02 8.700000000000100000e+13 0.000000000000000000e+00 1.316302912111764423e+00 2.126769677875313680e-01 2.040074633342256194e-01 6.240634553882134367e-02 0.000000000000000000e+00 1.132593985536314740e+00 2.960130224981998293e-01 2.353395645323745251e+09 8.620824488822346926e+08
2.250000000000000000e+02 8.700000000000100000e+13 0.000000000000000000e+00 1.027677855460953360e+00 9.386910264137328375e-02 9.896562141438960958e-02 2.923159615194760932e-02 0.000000000000000000e+00 1.249928899573274688e+00 9.464850797875032362e-02 5.281482799973083138e+08 2.380542816118454337e+08
2.260000000000000000e+02 8.700000000000100000e+13 0.000000000000000000e+00 1.246445813526418922e+00 4.276116368872246581e-02 1.548804427320586152e-01 3.111108323859846508e-02 0.000000000000000000e+00 1.511354671119039317e+00 5.101400469883355521e-02 1.453492296511819124e+09 4.969539769166887403e+08
2.270000000000000000e+02 8.700000000000200000e+13 1.000000000000000000e+00 1.112412817249902375e+00 2.495768703534137142e-02 8.010946663368409548e-02 1.029958644923537579e-02 0.000000000000000000e+00 1.272566380880284731e+00 2.752473653310220231e-02 5.356176659955742359e+08 1.065543517983911186e+08
2.280000000000000000e+02 8.700000000000200000e+13 0.000000000000000000e+00 1.134812405044373307e+00 5.535867942030348737e-02 5.550874085311440637e-02 1.184129038015348939e-02 0.000000000000000000e+00 1.248563055575227621e+00 5.505749455864505232e-02 4.856507789398593307e+08 1.577382729858126640e+08
2.290000000000000000e+02 8.700000000000100000e+13 0.000000000000000000e+00 2.600044193573913809e+00 7.027629346367927909e-02 1.973397650025037198e-01 5.241445651887446933e-02 0.000000000000000000e+00 2.712779844073387903e+00 9.753738781415893788e-02 2.464653626174036026e+09 7.385956393047684431e+08
2.300000000000000000e+02 8.700000000000100000e+13 0.000000000000000000e+00 9.328922218925977949e-01 6.474975030973405266e-02 1.472145765371433157e-01 5.975072607397007712e-02 0.000000000000000000e+00 1.303302881561315685e+00 6.199094075146585614e-02 2.822895814066027999e+08 6.117561315772660822e+07
2.310000000000000000e+02 8.700000000000100000e+13 0.000000000000000000e+00 1.055740761928201765e+00 6.496219816292900240e-02 1.109769928126425331e-01 1.925086584100603113e-02 0.000000000000000000e+00 1.048629333742983505e+00 3.058067002918232399e-02 9.286167362737469673e+08 3.003275073324531317e+08
2.320000000000000000e+02 8.700000000000100000e+13 0.000000000000000000e+00 1.247149078170847636e+00 1.370449429786294304e-01 1.675217733906670392e-01 4.012547042583688300e-02 0.000000000000000000e+00 1.212430147064966768e+00 1.292409665879524772e-01 1.753260853006802320e+09 4.953773963080700636e+08
2.330000000000000000e+02 8.700000000000100000e+13 0.000000000000000000e+00 1.212602748267087582e+00 3.161186512943627708e-02 1.123082053261609536e-01 1.125392239876475513e-02 0.000000000000000000e+00 1.137193092628924873e+00 3.766202375582950596e-02 7.907147457442896366e+08 1.416605915358431339e+08
2.340000000000000000e+02 8.700000000000100000e+13 1.000000000000000000e+00 1.086317954736664149e+00 4.532258191822984526e-03 3.420920289962715161e-02 4.366857796461623246e-03 0.000000000000000000e+00 1.247343801036648880e+00 5.119677142402489535e-03 2.821810477745869756e+08 3.522348841303859651e+07
2.350000000000000000e+02 8.700000000000100000e+13 0.000000000000000000e+00 1.737531719641062899e+00 1.773552871276897203e-01 1.932102964656361166e-01 6.186538804109019407e-02 0.000000000000000000e+00 1.868576620771612351e+00 1.824114155089765210e-01 1.521408338088813543e+09 2.354974352190960348e+08
2.360000000000000000e+02 8.700000000000300000e+13 0.000000000000000000e+00 1.148693179216025317e+00 9.640213204893655075e-02 1.834642585774985124e-01 7.126693701299599559e-02 0.000000000000000000e+00 1.413998476493433465e+00 5.078373523114634858e-02 9.979339436716576815e+08 1.991744240354744792e+08
2.370000000000000000e+02 8.700000000000100000e+13 0.000000000000000000e+00 9.656401980374278438e-01 8.246249979783737416e-02 7.734208312054031975e-02 1.247122886165428698e-02 0.000000000000000000e+00 1.160921657681769359e+00 2.225196339450622937e-02 6.969901386837362051e+08 1.984744380998083949e+08
2.380000000000000000e+02 8.700000000000100000e+13 0.000000000000000000e+00 1.287978106727658334e+00 5.015570436181348429e-02 1.127284473633349687e-01 3.970830917443467917e-02 0.000000000000000000e+00 1.446769046411426007e+00 6.539751446478793417e-02 1.254077508428137541e+09 5.369431598389525414e+08
2.390000000000000000e+02 8.700000000000100000e+13 0.000000000000000000e+00 1.250994546180067557e+00 3.152860601505707433e-02 1.101421248765043354e-01 1.921534755001935366e-02 0.000000000000000000e+00 1.357304935119544753e+00 3.115949513585854203e-02 1.230079601015225410e+09 2.880789172395038009e+08
2.400000000000000000e+02 8.700000000000100000e+13 0.000000000000000000e+00 1.035722556897915814e+00 3.260815896011876047e-02 2.806113438099593349e-01 1.270230840350336510e-01 0.000000000000000000e+00 1.397741445744700828e+00 3.513060761283544331e-02 8.551735597180122137e+08 4.683548455560903549e+08
2.410000000000000000e+02 8.700000000000100000e+13 0.000000000000000000e+00 1.103783129316713740e+00 5.589598950398563804e-02 1.504771759666209685e-01 3.125294469252135748e-02 0.000000000000000000e+00 9.830459210598196940e-01 2.544043802749508532e-02 1.798934434657853365e+09 4.208341107954171300e+08
2.420000000000000000e+02 8.700000000000100000e+13 0.000000000000000000e+00 1.066566839590706195e+00 7.887130572860939770e-02 1.072322024146281638e-01 1.515224850828676174e-02 0.000000000000000000e+00 1.207093782418705574e+00 6.267332180066209624e-02 9.709311807141860723e+08 2.233433676465550065e+08
2.430000000000000000e+02 8.700000000000200000e+13 0.000000000000000000e+00 1.212363222640986393e+00 7.209870299163488594e-02 7.437092512565894598e-02 1.098749540272158862e-02 0.000000000000000000e+00 1.374928940816162681e+00 7.842473930025825601e-02 7.306771198301943541e+08 1.655767593382008374e+08
2.440000000000000000e+02 8.700000000000200000e+13 0.000000000000000000e+00 8.441358719948787170e-01 7.292321815272424790e-02 3.199239826579670098e-01 1.323231456043955923e-01 0.000000000000000000e+00 1.407026105614732625e+00 8.250337488801054442e-02 1.349826388857240915e+09 4.961250435984843373e+08
2.450000000000000000e+02 8.700000000000100000e+13 0.000000000000000000e+00 1.006951602062724493e+00 6.292177693681096085e-02 1.978126600604399599e-01 5.227124183006535973e-02 0.000000000000000000e+00 1.191281517671311629e+00 6.320837069378783257e-02 1.049622649776979208e+09 2.998755312858790755e+08
2.460000000000000000e+02 8.700000000000100000e+13 1.000000000000000000e+00 1.016106976283309260e+00 1.269348883984768549e-02 7.642009985895140134e-02 1.017704628644116281e-02 0.000000000000000000e+00 1.229702037838448225e+00 1.416149784818391058e-02 4.950596514456200600e+08 1.463076000997886360e+08
2.470000000000000000e+02 8.700000000000400000e+13 0.000000000000000000e+00 1.295271099041502838e+00 1.729791625878613903e-01 2.777886528934331301e-02 1.146321281753979147e-02 0.000000000000000000e+00 1.295271099041502838e+00 1.729852641195318286e-01 2.608672941180450916e+08 1.076493686283896863e+08
2.480000000000000000e+02 8.700000000000300000e+13 0.000000000000000000e+00 1.126103120648590972e+00 6.201187420273995138e-02 1.734825504712064204e-01 4.301735202558484156e-02 0.000000000000000000e+00 1.307780608478895878e+00 7.518577852680691231e-02 1.649320121346623421e+09 6.040137029789189100e+08
2.490000000000000000e+02 8.700000000000100000e+13 0.000000000000000000e+00 1.278050469446278647e+00 2.529418574882732682e-02 1.112897842961151074e-01 1.404629505774142827e-02 0.000000000000000000e+00 1.137352282228127232e+00 5.347750962701945665e-02 1.252743684015630007e+09 1.872321982183998227e+08
2.500000000000000000e+02 8.700000000000300000e+13 0.000000000000000000e+00 1.351337168169543634e+00 5.770594229534715264e-02 1.286188758298275614e-01 5.090217881463807159e-02 0.000000000000000000e+00 1.273605603009407172e+00 8.907960315368201876e-02 1.485142270262940645e+09 7.178071448258649111e+08
2.510000000000000000e+02 8.700000000000100000e+13 0.000000000000000000e+00 1.053467655914254175e+00 4.419189114273081032e-02 7.152294418483383376e-02 1.693106837006879209e-02 0.000000000000000000e+00 1.288229072247459195e+00 5.022095987452612764e-02 3.792423156802981496e+08 5.477506795794609934e+07
2.520000000000000000e+02 8.700000000000400000e+13 0.000000000000000000e+00 1.104458601739942480e+00 1.123118186965977455e-01 1.572576201775289229e-01 9.083292262198126854e-02 0.000000000000000000e+00 9.150084657616776029e-01 1.120845985812986279e-01 1.908318863883645296e+09 1.269357620074560165e+09
2.530000000000000000e+02 8.700000000000200000e+13 0.000000000000000000e+00 1.104956802491165346e+00 1.200277040572205189e-01 6.085157068237460193e-02 1.359505813759564509e-02 0.000000000000000000e+00 1.324904818488958691e+00 5.155112615328665687e-02 3.774846631790419221e+08 9.227433669363053143e+07
2.540000000000000000e+02 8.700000000000100000e+13 0.000000000000000000e+00 1.380059070392503751e+00 3.629661700971285182e-02 1.517582452259824410e-01 2.609281442934919745e-02 0.000000000000000000e+00 1.410297761042524023e+00 5.251332922458212121e-02 1.360412755196650028e+09 3.060083856775237322e+08
2.550000000000000000e+02 8.700000000000300000e+13 0.000000000000000000e+00 1.237622423980933695e+00 5.524199645301425959e-02 5.853042349124313454e-02 1.645908606767710475e-02 0.000000000000000000e+00 1.244546505386757040e+00 5.266370255052535421e-02 4.548749532132607102e+08 1.386007722124458253e+08
2.560000000000000000e+02 8.700000000000100000e+13 0.000000000000000000e+00 1.826381283487720886e+00 8.626800773921833310e-02 1.670192183886227977e-01 2.531203781852036511e-02 0.000000000000000000e+00 1.702541665445027830e+00 1.006515461735279504e-01 1.697190059697499752e+09 3.008291558371734023e+08
2.570000000000000000e+02 8.700000000000400000e+13 1.000000000000000000e+00 1.138595715819306298e+00 1.171955643874397768e-02 2.170067002162298295e-02 6.840490896691263194e-03 0.000000000000000000e+00 1.169057611983279621e+00 1.106069624674347468e-02 3.059045724325938225e+08 9.756823116427737474e+07
2.580000000000000000e+02 8.700000000000100000e+13 0.000000000000000000e+00 1.368081105291195643e+00 9.474610620854384546e-02 1.520918153314077259e-01 1.721673254281949964e-02 0.000000000000000000e+00 1.531806941832786206e+00 6.202820643138085011e-02 1.467754687582882881e+09 2.259545733778227270e+08
2.590000000000000000e+02 8.700000000000100000e+13 1.000000000000000000e+00 1.065094995561672864e+00 1.486210089390524632e-02 7.207414229200148625e-02 1.259352206700457485e-02 0.000000000000000000e+00 1.242390572768781398e+00 2.493826795564440049e-02 8.007755890764527321e+08 1.875707562988340557e+08
2.600000000000000000e+02 8.700000000000100000e+13 0.000000000000000000e+00 1.411259513864522974e+00 8.178702223741578237e-02 1.621847888066397514e-01 1.953157245401525299e-02 0.000000000000000000e+00 1.402612760400121505e+00 1.304757813857143345e-01 1.726256334649946451e+09 2.700251024407476783e+08
2.610000000000000000e+02 8.700000000000100000e+13 1.000000000000000000e+00 1.090371177172044126e+00 2.373254201374262740e-02 8.847863541653015751e-02 1.996107929602012818e-02 0.000000000000000000e+00 1.054926199433574130e+00 2.048985621609810542e-02 7.997676197332482338e+08 3.046372697923928499e+08
2.620000000000000000e+02 8.700000000000200000e+13 0.000000000000000000e+00 1.319947339315474588e+00 1.501894042998276890e-01 1.533841752729071251e-01 7.659817002084338966e-02 0.000000000000000000e+00 1.358665464133708589e+00 1.881693873018244478e-01 1.860471706546525717e+09 9.748420136441997290e+08
2.630000000000000000e+02 8.700000000000100000e+13 0.000000000000000000e+00 1.357668525980727514e+00 7.148301937058008926e-02 1.249704681582878840e-01 3.117945778179249255e-02 0.000000000000000000e+00 1.264857940850206974e+00 8.760131355417560828e-02 1.057321775080282688e+09 2.953533381282510161e+08
2.640000000000000000e+02 8.700000000000400000e+13 0.000000000000000000e+00 1.176294135094658300e+00 2.468014494130900682e-01 2.134420537680577212e-01 8.585437471433123025e-02 0.000000000000000000e+00 7.737292970946216819e-01 2.405561286266986176e-01 2.709943890081371784e+09 1.466963709477524519e+09
2.650000000000000000e+02 8.700000000000400000e+13 0.000000000000000000e+00 1.174597969434022726e+00 1.658014437769549376e-01 1.045733108875065986e-01 3.674537840660242749e-02 0.000000000000000000e+00 1.211982730977552603e+00 8.732172579330158002e-02 2.834307499441032410e+08 1.099249742734419405e+08
2.660000000000000000e+02 8.700000000000100000e+13 0.000000000000000000e+00 1.593046610758393378e+00 2.346107607441893228e-01 2.967710983062685770e-01 1.089526485388193078e-01 0.000000000000000000e+00 1.534529669361422988e+00 2.099060414563328758e-01 3.150702164124773502e+09 1.494874184307350636e+09
2.670000000000000000e+02 8.700000000000100000e+13 0.000000000000000000e+00 1.202927117107009281e+00 6.966713571607224820e-02 1.887105371203099680e-01 4.988758153671151580e-02 0.000000000000000000e+00 1.198321440243043545e+00 5.410808371195166555e-02 2.218600147202392101e+09 6.764637157777503729e+08
2.680000000000000000e+02 8.700000000000100000e+13 0.000000000000000000e+00 1.139329849481621748e+00 4.888371573019024974e-02 1.278189515162719281e-01 2.208477976569507562e-02 0.000000000000000000e+00 1.149283992302085444e+00 7.782584910732262551e-02 1.133269492075728893e+09 3.030509735491223931e+08
2.690000000000000000e+02 8.700000000000100000e+13 0.000000000000000000e+00 1.466364206565892614e+00 1.884580700595762659e-01 3.242262773270434550e-01 1.053996723508140720e-01 0.000000000000000000e+00 1.498980763755743961e+00 2.190052211730777465e-01 2.443053482066488743e+09 1.144445314242376089e+09
2.700000000000000000e+02 8.700000000000200000e+13 0.000000000000000000e+00 1.144237996015743830e+00 7.384956387617049034e-02 1.212759342548264674e-01 3.928146264543349447e-02 0.000000000000000000e+00 1.255488885182421965e+00 7.966246844855008613e-02 1.356977808727341652e+09 5.637466740678032637e+08
2.710000000000000000e+02 8.700000000000100000e+13 0.000000000000000000e+00 1.144512821777980305e+00 1.083987897107283466e-01 1.871299333624569239e-01 3.136027958644505009e-02 0.000000000000000000e+00 1.091465334668016318e+00 1.576752955600571604e-01 2.022463277252877712e+09 4.283546473102581501e+08
2.720000000000000000e+02 8.700000000000900000e+13 1.000000000000000000e+00 8.855061201935358062e-01 3.426939288193853878e-02 6.475572891272550480e-02 3.629202987373380401e-02 0.000000000000000000e+00 1.086574572762818436e+00 1.924407409618591330e-02 2.861468824814081788e+08 9.980504389212322235e+07
2.730000000000000000e+02 8.700000000000800000e+13 0.000000000000000000e+00 1.224690224366380642e+00 8.370132093691742825e-02 9.472159791014067576e-02 4.557881474460485915e-02 0.000000000000000000e+00 1.191724495572594078e+00 9.002804628671853826e-02 6.160708553391329050e+08 2.552831459440993369e+08
2.740000000000000000e+02 8.700000000000100000e+13 0.000000000000000000e+00 1.258607337851057162e+00 1.371915419236343359e-01 2.536775057503117825e-01 1.702805875017320281e-01 0.000000000000000000e+00 1.094521884745684792e+00 6.680414386971243734e-02 3.368264830923522711e+08 4.245657227016399801e+07
2.750000000000000000e+02 8.700000000000600000e+13 0.000000000000000000e+00 1.253740939127156562e+00 2.324927476840854823e-01 1.998371045143543523e-01 4.737002357091956578e-02 0.000000000000000000e+00 1.184666230283677013e+00 2.382889589530531316e-01 2.196306507301819801e+09 7.288149107154973745e+08
2.760000000000000000e+02 8.700000000000100000e+13 0.000000000000000000e+00 1.055102599867036695e+00 5.560743165834421825e-02 9.353783064085023635e-02 1.861029818155460203e-02 0.000000000000000000e+00 1.124497091159254891e+00 2.588754640295808443e-02 8.908404234690914154e+08 2.946951892771827579e+08
2.770000000000000000e+02 8.700000000000300000e+13 0.000000000000000000e+00 1.189548894834042470e+00 5.230333409630751745e-02 1.312481210358312500e-01 4.730678347865739652e-02 0.000000000000000000e+00 1.179008051515275657e+00 5.283271887962896068e-02 1.668836077145898581e+09 6.213167530132693052e+08
2.780000000000000000e+02 8.700000000000100000e+13 0.000000000000000000e+00 2.263699101145101089e+00 1.761566418719560656e-01 2.872297732583143914e-01 1.153921868557215291e-01 0.000000000000000000e+00 1.799205088918438111e+00 2.139353600403406663e-01 3.154390374476008892e+09 1.599843056366800547e+09
2.790000000000000000e+02 8.700000000016000000e+13 0.000000000000000000e+00 1.207955585751240735e+00 3.011504258993812078e-02 5.970687629158393482e-03 3.490992341667004204e-03 0.000000000000000000e+00 1.150090383697697005e+00 1.475195916147609143e-02 7.996755941979444027e+07 4.675611166676521301e+07
2.800000000000000000e+02 8.700000000000100000e+13 0.000000000000000000e+00 1.367387784072716883e+00 1.012247845315548539e-01 1.764676995692266159e-01 3.901212391465302270e-02 0.000000000000000000e+00 1.371791714392731842e+00 1.577299600671850932e-01 1.951731172033902884e+09 4.924130460540319681e+08
2.810000000000000000e+02 8.700000000000300000e+13 0.000000000000000000e+00 1.190856815573289262e+00 1.030710236603079449e-01 2.766053660978103346e-01 1.427548596926204449e-01 0.000000000000000000e+00 1.342044540358746429e+00 5.540160605983390774e-02 1.066861176156125903e+09 3.215371701019389033e+08
2.820000000000000000e+02 8.700000000000100000e+13 0.000000000000000000e+00 1.227276414293843043e+00 8.451439959695390691e-02 2.081182522258899215e-01 7.025961281113390910e-02 0.000000000000000000e+00 1.095751019880803812e+00 6.216230425678263144e-02 2.129020268929788351e+09 9.403617074310175180e+08
2.830000000000000000e+02 8.700000000000100000e+13 1.000000000000000000e+00 1.142814784976340814e+00 3.756558074257587004e-02 8.540016978230004219e-02 3.108495030761949940e-02 0.000000000000000000e+00 1.255357532516295782e+00 2.388697058048682917e-02 4.936875904017166495e+08 7.458280040519826114e+07
2.840000000000000000e+02 8.700000000000100000e+13 0.000000000000000000e+00 1.222024813256399112e+00 7.484521328087478942e-02 1.487186239649899433e-01 4.645796553696197873e-02 0.000000000000000000e+00 1.188024330794438255e+00 8.311485629914111550e-02 1.661559578194525719e+09 6.325096868926932812e+08
2.850000000000000000e+02 8.700000000000100000e+13 0.000000000000000000e+00 1.083821032258609707e+00 1.035769430999110285e-01 1.547683671051072463e-01 6.169662959389229928e-02 0.000000000000000000e+00 1.200704663564303942e+00 8.567825145847413060e-02 1.355531905905628920e+09 9.995568158679915667e+08
2.860000000000000000e+02 8.700000000000100000e+13 0.000000000000000000e+00 1.172320536700795834e+00 9.237026329806372060e-02 2.270238942922410408e-01 8.188653035636567212e-02 0.000000000000000000e+00 1.178841685868792455e+00 1.170747193427157801e-01 2.172226663782190323e+09 1.297456031509646416e+09
2.870000000000000000e+02 8.700000000000100000e+13 0.000000000000000000e+00 1.312284164039539736e+00 4.986757906359467335e-02 1.251915231866620459e-01 2.768799052754605805e-02 0.000000000000000000e+00 1.419631905595864829e+00 6.200853853249251729e-02 9.785350682134447098e+08 4.099774986771656275e+08
2.880000000000000000e+02 8.700000000000600000e+13 0.000000000000000000e+00 1.089643748622042496e+00 4.325891571638851296e-02 7.898515029138383770e-02 4.804007096320931508e-02 0.000000000000000000e+00 1.327196768831280904e+00 5.555845068512629131e-02 9.700823026549866199e+08 7.558859580392017365e+08
2.890000000000000000e+02 8.700000000000800000e+13 0.000000000000000000e+00 7.980205221595553233e-01 5.689555544285682803e-02 1.352426282887138620e-01 5.633094650880343668e-02 0.000000000000000000e+00 1.162764127298574257e+00 1.339824435759461203e-02 2.970444427475141883e+08 1.426928252781635523e+08
2.900000000000000000e+02 8.700000000000100000e+13 0.000000000000000000e+00 9.546842933312554846e-01 5.120152841531024068e-02 1.861919706680886522e-01 3.722462123984483784e-02 0.000000000000000000e+00 1.103441238229897925e+00 7.717610351818394998e-02 1.065299766041332483e+09 6.182561427899124622e+08
2.910000000000000000e+02 8.700000000000800000e+13 0.000000000000000000e+00 1.239047015580334143e+00 1.352987488792167792e-01 2.183698206905060613e-01 5.905338158787604846e-02 0.000000000000000000e+00 1.434216458545621631e+00 1.820556695533438463e-01 2.728924156994138241e+09 8.290332452122482061e+08
2.920000000000000000e+02 8.700000000000400000e+13 0.000000000000000000e+00 1.038179042591757639e+00 6.017636803489130604e-02 6.694474420599690057e-02 3.730868215365341911e-02 0.000000000000000000e+00 1.309363117494946716e+00 2.787373357134358826e-02 3.271442911676244736e+08 2.803016411774395704e+08
2.930000000000000000e+02 8.700000000000100000e+13 0.000000000000000000e+00 1.114868366844433023e+00 4.306738643459993160e-02 5.073667457627537708e-02 5.008204312735789129e-03 0.000000000000000000e+00 1.210301529173100521e+00 2.331851510094606547e-02 4.559800065248039365e+08 7.019784813489198685e+07
2.940000000000000000e+02 8.700000000000200000e+13 0.000000000000000000e+00 1.142513640512581752e+00 1.732266725142531660e-01 1.381143543229023385e-01 7.846638961062211981e-02 0.000000000000000000e+00 1.031007044133490202e+00 1.556751262088347243e-01 1.717228069854528904e+09 1.140175500104161978e+09
2.950000000000000000e+02 8.700000000000100000e+13 0.000000000000000000e+00 1.253294685186699509e+00 1.455313030590195400e-01 3.871197544333708218e-01 1.546278342764433600e-01 0.000000000000000000e+00 1.537979004683147854e+00 5.642181795212621725e-02 1.278296318666300774e+09 4.532267877064030170e+08
2.960000000000000000e+02 8.700000000000100000e+13 0.000000000000000000e+00 1.005283449422242903e+00 6.652785657607286629e-02 1.043080562277668710e-01 4.816552033306629316e-02 0.000000000000000000e+00 1.231324248338550920e+00 7.443266627160664839e-02 1.326981419205144167e+09 7.247592540746474266e+08
2.970000000000000000e+02 8.700000000000200000e+13 0.000000000000000000e+00 9.418323805524794201e-01 1.102193038183289509e-01 1.850966337235205872e-01 5.365324638502977361e-02 0.000000000000000000e+00 1.148588647485125680e+00 6.739482043694407232e-02 1.708241483074172258e+09 9.826593224899789095e+08
2.980000000000000000e+02 8.700000000000100000e+13 0.000000000000000000e+00 2.095437699436573986e+00 5.039655350167017434e-02 1.257481996047625228e-01 1.922535418981231176e-02 0.000000000000000000e+00 2.173016907539998765e+00 6.877987647761647783e-02 1.311111005212110996e+09 2.410756008634058237e+08
2.990000000000000000e+02 8.700000000000100000e+13 0.000000000000000000e+00 1.226114643392242964e+00 2.749522604695496877e-02 2.075386810523330849e-01 7.434443201943295720e-02 0.000000000000000000e+00 1.072644907757537514e+00 7.113121161722123220e-02 1.531583431302524567e+09 5.036022231140413284e+08
3.000000000000000000e+02 8.700000000000100000e+13 0.000000000000000000e+00 1.503895998564994008e+00 4.296904282915371687e-02 2.255640338222398011e-01 6.901817494024795052e-02 0.000000000000000000e+00 1.274204896326083913e+00 8.116862761648144242e-02 2.716777825323928833e+09 8.955608112119863033e+08
3.010000000000000000e+02 8.700000000000200000e+13 0.000000000000000000e+00 1.259570142350444177e+00 1.406523336439588212e-01 2.406216641811139423e-01 1.578629770017329903e-01 0.000000000000000000e+00 1.671668636776776573e+00 5.083599138782891186e-02 9.720686114338693619e+08 4.174567477972025871e+08
3.020000000000000000e+02 8.700000000000100000e+13 0.000000000000000000e+00 1.162817410703659959e+00 1.166875129484381962e-01 1.896789733100694431e-01 7.587202908962949188e-02 0.000000000000000000e+00 9.055551271153904347e-01 1.319561371203418765e-01 2.446460390826401711e+09 1.120495898365998507e+09
3.030000000000000000e+02 8.700000000000100000e+13 0.000000000000000000e+00 1.226218127277423076e+00 1.323122471185206317e-01 2.215488936058681857e-01 1.120251237913230252e-01 0.000000000000000000e+00 1.418745787660474322e+00 9.973625258705336172e-02 1.276320859454733849e+09 2.257704587366986871e+08
3.040000000000000000e+02 8.700000000002400000e+13 0.000000000000000000e+00 1.070832791032326536e+00 6.278707445328772507e-02 6.610881590817481446e-02 3.029453540375055126e-02 0.000000000000000000e+00 1.238624073152990501e+00 7.051323321302137292e-02 1.071471230230506539e+09 4.910044548885100484e+08
3.050000000000000000e+02 8.700000000000100000e+13 0.000000000000000000e+00 1.753706049400281630e+00 1.416786126604895057e-01 2.727024216598944450e-01 7.848938903186063187e-02 0.000000000000000000e+00 1.446059827193830083e+00 1.002892309797622367e-01 2.405379222721802235e+09 4.537576943072493672e+08
3.060000000000000000e+02 8.700000000000100000e+13 0.000000000000000000e+00 1.235207850676359076e+00 7.966322970459396857e-02 1.551264016579322058e-01 5.760624344329687285e-02 0.000000000000000000e+00 1.325691862869626814e+00 4.236396013227521073e-02 1.808337326414832115e+09 8.292507363738470078e+08
3.070000000000000000e+02 8.700000000000100000e+13 1.000000000000000000e+00 1.088520107263565073e+00 6.967919385549510222e-03 4.646662489923489292e-02 1.597660835254352193e-02 0.000000000000000000e+00 1.207250647197427806e+00 1.418223661160789364e-02 3.248251657203416824e+08 5.239294847610273212e+07
3.080000000000000000e+02 8.700000000000100000e+13 0.000000000000000000e+00 1.173220726922186596e+00 4.474645750052328591e-02 9.011179012609708827e-02 2.238288865678108100e-02 0.000000000000000000e+00 1.075454391052561798e+00 4.377208538523243153e-02 6.424582123417390585e+08 1.688920620187493861e+08
3.090000000000000000e+02 8.700000000000300000e+13 0.000000000000000000e+00 1.370487470499867300e+00 4.831101892200427572e-02 1.225218204604717892e-01 2.614998686098926606e-02 0.000000000000000000e+00 1.433466545822085214e+00 6.952368500509173432e-02 1.389152716571516752e+09 3.631327728733608723e+08
3.100000000000000000e+02 8.700000000000100000e+13 0.000000000000000000e+00 1.237287141740548435e+00 4.153591047677377551e-02 1.613140055571935239e-01 1.901962886524252369e-02 0.000000000000000000e+00 1.372065534325469294e+00 3.431432201387963482e-02 1.286382642578865528e+09 1.715787919933703840e+08
3.110000000000000000e+02 8.700000000000200000e+13 0.000000000000000000e+00 1.362221123937546352e+00 1.209572202500839022e-01 1.007600383866026489e-01 1.562727557942414705e-02 0.000000000000000000e+00 1.678697249112398371e+00 1.001575383118224888e-01 8.835045980831775665e+08 2.511787722044926286e+08
3.120000000000000000e+02 8.700000000000200000e+13 0.000000000000000000e+00 1.341067706003709947e+00 5.134818066982302365e-02 1.436614376701269569e-01 6.936305795837711952e-02 0.000000000000000000e+00 1.313169086000021801e+00 3.102193066851079845e-02 6.268613306306906939e+08 1.721521662639588714e+08
3.130000000000000000e+02 8.700000000000700000e+13 0.000000000000000000e+00 1.120743495363982101e+00 1.857382830232799376e-01 2.473102806293185629e-01 1.149180358775675620e-01 0.000000000000000000e+00 7.054612361551209077e-01 1.790791827838909833e-01 2.566960260521181583e+09 2.046179715195306778e+09
3.140000000000000000e+02 8.700000000000400000e+13 0.000000000000000000e+00 1.272110400294810484e+00 4.426911696272564645e-02 2.399952171906525461e-02 1.444019390592282681e-02 0.000000000000000000e+00 1.265601545110804693e+00 4.792288657677293978e-02 3.437977506785117984e+08 2.091360801065390110e+08
3.150000000000000000e+02 8.700000000000500000e+13 0.000000000000000000e+00 9.333382364699326361e-01 5.738016499517048508e-02 6.751758686014491806e-02 1.099959963283401315e-02 0.000000000000000000e+00 1.206591179383550649e+00 4.034881264996430933e-02 5.694839310681066513e+08 1.629662895147672892e+08
3.160000000000000000e+02 8.700000000000100000e+13 0.000000000000000000e+00 1.135345672439752374e+00 2.776758336444202224e-01 1.756701377294718758e-01 6.630935682993592539e-02 0.000000000000000000e+00 9.434890553740831187e-01 2.713035189313423023e-01 1.962498640446715355e+09 1.028578525115571260e+09
3.170000000000000000e+02 8.700000000000100000e+13 0.000000000000000000e+00 1.530741491309382640e+00 1.051257842552817123e-01 1.330446292697007593e-01 3.399441932069661998e-02 0.000000000000000000e+00 1.412435011038097876e+00 1.025957472356285177e-01 1.407790538528640032e+09 5.049990833848095536e+08
3.180000000000000000e+02 8.700000000000200000e+13 0.000000000000000000e+00 1.703843844202372448e+00 6.028951411235297653e-02 1.777375541090523425e-01 1.580399334302149891e-02 0.000000000000000000e+00 1.640045446253759254e+00 7.662289446925442393e-02 1.455915029370938778e+09 1.910500430308749378e+08
3.190000000000000000e+02 8.700000000000100000e+13 0.000000000000000000e+00 1.162698519664059349e+00 5.780778423929296139e-02 7.663159099128422080e-02 2.487532096488372785e-02 0.000000000000000000e+00 1.372700255651214452e+00 6.722867956235430154e-02 4.185142518938961625e+08 1.321964060248429179e+08
3.200000000000000000e+02 8.700000000000200000e+13 0.000000000000000000e+00 1.070875841432210818e+00 2.352498207388237228e-01 1.034671214861088290e-01 2.132920344475677105e-02 0.000000000000000000e+00 8.237664573110961008e-01 2.293978821674888258e-01 1.388941473224668264e+09 3.586057304133399725e+08
3.210000000000000000e+02 8.700000000000100000e+13 0.000000000000000000e+00 1.187748309435969984e+00 8.067636190980569111e-02 2.762505622160443264e-01 1.001235375066908406e-01 0.000000000000000000e+00 1.134128653236691209e+00 9.449385937835062810e-02 3.572571585637774944e+09 1.448537094232966900e+09
3.220000000000000000e+02 8.700000000000100000e+13 0.000000000000000000e+00 1.070982641548937853e+00 8.221052764360614606e-02 9.516789580970359819e-02 1.764136202479437213e-02 0.000000000000000000e+00 1.301467935061147996e+00 9.032178632679722929e-02 7.882203507054249048e+08 1.765815407883350849e+08
3.230000000000000000e+02 8.700000000000300000e+13 0.000000000000000000e+00 1.094668935191424275e+00 5.811737609687341738e-02 5.420088037193241531e-02 1.292136902781399789e-02 0.000000000000000000e+00 1.106986404412214631e+00 5.790032690238513385e-02 6.091904695461411476e+08 2.477263878445106447e+08
3.240000000000000000e+02 8.700000000000100000e+13 0.000000000000000000e+00 1.078065008497140154e+00 1.352186415175062328e-01 2.092328033904868323e-01 7.194129162970396008e-02 0.000000000000000000e+00 9.114183664554612596e-01 4.808140739084851983e-02 9.522971433688228130e+08 3.413059680532115698e+08
