# rID[0] Hid[1]   R200: DS[2], eta[3], detla[4], fm[5], fm2[6];   R500: DS[7], eta[8], detla[9], fm[10], fm2[11]
1.000000000000000000e+00 9.600000000000100000e+13 0.000000000000000000e+00 1.767842718935946023e+00 8.120679961130802815e-02 2.980729258801381731e-01 9.583100918218484532e-02 0.000000000000000000e+00 1.907712912316250176e+00 8.797944657589884532e-02 2.915834073163187504e+09 1.274640339794110537e+09
2.000000000000000000e+00 9.600000000000100000e+13 0.000000000000000000e+00 1.132133669549875599e+00 7.454785212445926013e-02 1.660904300131719746e-01 2.233229410482625438e-02 0.000000000000000000e+00 1.304928571186856789e+00 7.697425838175292467e-02 1.436310447471447468e+09 3.193709909556233883e+08
3.000000000000000000e+00 9.600000000000200000e+13 0.000000000000000000e+00 1.214125147760868551e+00 1.061302239051801627e-01 1.632868083216391653e-01 4.988179097048921901e-02 0.000000000000000000e+00 1.085116788283042144e+00 1.021473006990185617e-01 1.735259312302024841e+09 6.253979944857881069e+08
4.000000000000000000e+00 9.600000000000300000e+13 0.000000000000000000e+00 5.386686852054406449e-01 1.277160409233200344e-01 4.429473104877890699e-01 2.697000712573686676e-01 0.000000000000000000e+00 1.203251544825903574e+00 4.673296614422334239e-02 1.122978614630910397e+09 2.115495502101135552e+08
5.000000000000000000e+00 9.600000000000300000e+13 0.000000000000000000e+00 1.267911150502298856e+00 2.108301390509415285e-01 3.595750360081904073e-01 2.000365921070046682e-01 0.000000000000000000e+00 1.612413545836144380e+00 1.333617802705487909e-01 1.773868473957093477e+09 2.423993199895681739e+08
6.000000000000000000e+00 9.600000000000100000e+13 0.000000000000000000e+00 1.277360246601596083e+00 6.918826901225896830e-02 1.406436063659360636e-01 3.042714799353932534e-02 0.000000000000000000e+00 1.324654824939561326e+00 1.136586430242054746e-01 1.364544302134615183e+09 3.824209122611855865e+08
7.000000000000000000e+00 9.600000000000100000e+13 0.000000000000000000e+00 1.065358398907489734e+00 1.513180301494117946e-02 1.182203083724410048e-01 1.810919540229885202e-02 0.000000000000000000e+00 1.021227419314974849e+00 1.884275483452957367e-02 7.270836937512235641e+08 1.120788944680511951e+08
8.000000000000000000e+00 9.600000000000400000e+13 0.000000000000000000e+00 1.482505957547152642e+00 1.195692501914492889e-01 2.895752342700814719e-01 1.093943486158070327e-01 0.000000000000000000e+00 1.333292661201445961e+00 1.309115664267898049e-01 2.976777290523189068e+09 1.797820038404048681e+09
9.000000000000000000e+00 9.600000000000100000e+13 0.000000000000000000e+00 1.202235706497070789e+00 6.801390475154764359e-02 1.504138757907894364e-01 4.237883426914932500e-02 0.000000000000000000e+00 1.293767887672791383e+00 8.731884817643366381e-02 1.123275568887016296e+09 1.560390395253401399e+08
1.000000000000000000e+01 9.600000000000100000e+13 0.000000000000000000e+00 1.111816356895598767e+00 7.478417732791725614e-02 1.472567307527793690e-01 4.339630361121339652e-02 0.000000000000000000e+00 1.097359586952336929e+00 8.859768959387977205e-02 1.482339182583341122e+09 5.879304224142521620e+08
1.100000000000000000e+01 9.600000000000100000e+13 0.000000000000000000e+00 1.139190403519579453e+00 7.269190112610479648e-02 1.814115454124734239e-01 3.506741863876317034e-02 0.000000000000000000e+00 1.154448062390742047e+00 3.167551351787366992e-02 1.231114370114385843e+09 4.597524563836337924e+08
1.200000000000000000e+01 9.600000000000300000e+13 0.000000000000000000e+00 1.033875967573507415e+00 1.443827241856096844e-01 3.493402885770167665e-01 1.426060002973841556e-01 0.000000000000000000e+00 1.385759858402683120e+00 3.513790590496457256e-02 5.341989674093540311e+08 2.018481046980470419e+08
1.300000000000000000e+01 9.600000000000200000e+13 0.000000000000000000e+00 1.242638545261929295e+00 7.554036697826735369e-02 1.886784346261104750e-01 4.894152955023858137e-02 0.000000000000000000e+00 1.138352065604053553e+00 1.307341786125647831e-01 1.871135413437492847e+09 6.535821207095730305e+08
1.400000000000000000e+01 9.600000000000100000e+13 0.000000000000000000e+00 1.558835301845965082e+00 2.936968063006131224e-01 2.953774822218509510e-01 1.835914922230650614e-01 0.000000000000000000e+00 1.445686715333240890e+00 3.437307675262773476e-01 4.038623600162860394e+09 3.418151713187219143e+09
1.500000000000000000e+01 9.600000000000300000e+13 0.000000000000000000e+00 1.097555972769667543e+00 5.133579665085737792e-02 1.618194330387270341e-01 5.493035962565757935e-02 0.000000000000000000e+00 1.157907899099073434e+00 7.312182946174149156e-02 8.296494911510614157e+08 3.974995959791848660e+08
1.600000000000000000e+01 9.600000000000200000e+13 0.000000000000000000e+00 1.167513871584522800e+00 3.903361425984586824e-02 8.606693265467524334e-02 8.747321531171631595e-03 0.000000000000000000e+00 1.331795780098054438e+00 2.058336812904493912e-02 3.987965076162903309e+08 5.086588845186704397e+07
1.700000000000000000e+01 9.600000000000100000e+13 0.000000000000000000e+00 1.453430855356799389e+00 7.360217302674720852e-02 1.898297850974624001e-01 3.054454106866216420e-02 0.000000000000000000e+00 1.484127225569096264e+00 9.837834110600440773e-02 2.038131730500120401e+09 3.597639190672014952e+08
1.800000000000000000e+01 9.600000000000100000e+13 0.000000000000000000e+00 1.250752961303488453e+00 9.258826513863736840e-02 1.915782008119558399e-01 7.800051888645227749e-02 0.000000000000000000e+00 1.217822099731539653e+00 1.076795961626126619e-01 1.951495163390384912e+09 9.621798095655808449e+08
1.900000000000000000e+01 9.600000000000100000e+13 0.000000000000000000e+00 1.432518975864132571e+00 9.253009617141001730e-02 2.428371694670015679e-01 5.261621999496021024e-02 0.000000000000000000e+00 1.330960185701402176e+00 1.200388179724310722e-01 2.456099895543839931e+09 7.693931425369005203e+08
2.000000000000000000e+01 9.600000000000100000e+13 0.000000000000000000e+00 1.312538674893636292e+00 5.025535084991219342e-02 1.426794052100845978e-01 6.000433199591554551e-02 0.000000000000000000e+00 1.220388302903207656e+00 1.065023868127981527e-01 1.578743625306363583e+09 7.873212139175536633e+08
2.100000000000000000e+01 9.600000000000200000e+13 0.000000000000000000e+00 1.026029827041017306e+00 1.529372638480147595e-01 1.643496345829822958e-01 3.797970336540593128e-02 0.000000000000000000e+00 1.046131278164609935e+00 2.006480204596681749e-01 1.355601903528508663e+09 6.778576097968264818e+08
2.200000000000000000e+01 9.600000000000100000e+13 0.000000000000000000e+00 1.008152583955311155e+00 5.352664542841927692e-02 9.235687839021497481e-02 1.634141551417360103e-02 0.000000000000000000e+00 1.125233018080113556e+00 2.871535357849267292e-02 5.333999528203773499e+08 5.326082965994612128e+07
2.300000000000000000e+01 9.600000000000400000e+13 0.000000000000000000e+00 1.309303239850855727e+00 1.904007312398871277e-01 2.683991871126386042e-01 1.435753009016263737e-01 0.000000000000000000e+00 1.261742198701876205e+00 1.960466592205034331e-01 1.308456964333554268e+09 4.100658371913815737e+08
2.400000000000000000e+01 9.600000000000100000e+13 0.000000000000000000e+00 1.492299766322418009e+00 1.307996910136216828e-01 1.820032426182853214e-01 3.437160930273924081e-02 0.000000000000000000e+00 1.642486911034360064e+00 1.721086935178656185e-01 2.014392863884757280e+09 5.300338754799668193e+08
2.500000000000000000e+01 9.600000000000100000e+13 0.000000000000000000e+00 1.248951485168124709e+00 8.087558236416787782e-02 2.000977526524834738e-01 7.772786473061497892e-02 0.000000000000000000e+00 1.548536444261867429e+00 8.607414899875404091e-02 9.551336759974124432e+08 1.937947436266066134e+08
2.600000000000000000e+01 9.600000000000100000e+13 0.000000000000000000e+00 1.134647567757908870e+00 6.335517609446164600e-02 7.797806367218720891e-02 2.047180244985966416e-02 0.000000000000000000e+00 1.243932648452193535e+00 8.349374953501793872e-02 8.532819019887341261e+08 2.664027666510410011e+08
2.700000000000000000e+01 9.600000000000100000e+13 0.000000000000000000e+00 1.090192185478674025e+00 5.850241455291473047e-02 2.268893552604384356e-01 6.183424415894026721e-02 0.000000000000000000e+00 1.255850414197162479e+00 4.260252024671180165e-02 2.409942228678852558e+09 8.960890791867067814e+08
2.800000000000000000e+01 9.600000000000100000e+13 0.000000000000000000e+00 1.169011675863838695e+00 7.759510731057560340e-02 1.217009813733666984e-01 2.268980764393608435e-02 0.000000000000000000e+00 1.353846997930229445e+00 1.246656869278718605e-01 1.252679580245306730e+09 3.129054974286379218e+08
2.900000000000000000e+01 9.600000000000100000e+13 0.000000000000000000e+00 1.286672365129445161e+00 6.496262183245579691e-02 1.779041372577658819e-01 3.018953436921398281e-02 0.000000000000000000e+00 1.265776407477271936e+00 8.426277109375344965e-02 1.845521324002862692e+09 4.039889311628903151e+08
3.000000000000000000e+01 9.600000000000100000e+13 0.000000000000000000e+00 1.025747239921060538e+00 1.221924122343232000e-01 1.772298351990944654e-01 3.939489865415791298e-02 0.000000000000000000e+00 1.040151926153850992e+00 1.143900446586270797e-01 1.662544223628027439e+09 6.098117707723393440e+08
3.100000000000000000e+01 9.600000000000100000e+13 0.000000000000000000e+00 1.508686428128688251e+00 8.834929670775969190e-02 1.340790563645845868e-01 2.357844907128816073e-02 0.000000000000000000e+00 1.596827900936087286e+00 1.129685448091830441e-01 1.165277929243714809e+09 1.981956749932728410e+08
3.200000000000000000e+01 9.600000000000100000e+13 0.000000000000000000e+00 1.259012131841044990e+00 9.396028582941372276e-02 1.677079928291129451e-01 7.111156931475644261e-02 0.000000000000000000e+00 1.319986107044971879e+00 7.963111887169140035e-02 1.896541316361287832e+09 1.082979373170470238e+09
3.300000000000000000e+01 9.600000000000100000e+13 0.000000000000000000e+00 1.116097494525302602e+00 5.974047855712109889e-02 9.114170635310200885e-02 7.795884827528532998e-03 0.000000000000000000e+00 1.125519533796127902e+00 6.028907796318420248e-02 7.173034145606973171e+08 1.054169936387838721e+08
3.400000000000000000e+01 9.600000000000100000e+13 0.000000000000000000e+00 1.202688097091214825e+00 3.672173350304366868e-02 9.180231502855291936e-02 1.062981572411339851e-02 0.000000000000000000e+00 1.236346469503060819e+00 2.720658738168370283e-02 7.175581467571595907e+08 1.468735626193960011e+08
3.500000000000000000e+01 9.600000000000100000e+13 0.000000000000000000e+00 1.467130639322724805e+00 4.632650384058743798e-02 7.652708644082208134e-02 9.284903070644251466e-03 0.000000000000000000e+00 1.392274122833659478e+00 5.129431337973629906e-02 6.142185668949639797e+08 8.319848352308140695e+07
3.600000000000000000e+01 9.600000000000100000e+13 0.000000000000000000e+00 1.121433780420832749e+00 2.295856016074853401e-01 3.138838039835806226e-01 1.373794561289952698e-01 0.000000000000000000e+00 9.909592604831004570e-01 1.677117420982512375e-01 2.328891811281179428e+09 1.059870623780360699e+09
3.700000000000000000e+01 9.600000000000100000e+13 0.000000000000000000e+00 9.972292300989511471e-01 8.361264205965472651e-02 1.709711150092285969e-01 3.557475887130945313e-02 0.000000000000000000e+00 1.110829373304293100e+00 6.881118048457357528e-02 1.330743969502622366e+09 2.849682544790059328e+08
3.800000000000000000e+01 9.600000000000100000e+13 0.000000000000000000e+00 1.125386622477343446e+00 4.939865123799944135e-02 1.796470602083867496e-01 5.902859407206625247e-02 0.000000000000000000e+00 1.128579311128337537e+00 5.797939378879474193e-02 1.324490249907071829e+09 5.558622481776332855e+08
3.900000000000000000e+01 9.600000000000100000e+13 0.000000000000000000e+00 1.099668435832408919e+00 2.932834154263284643e-01 3.050656620956657683e-01 1.767667950184134140e-01 0.000000000000000000e+00 1.042798701504789705e+00 3.166394750767446142e-01 3.755460173858528614e+09 2.807241506208089352e+09
4.000000000000000000e+01 9.600000000000300000e+13 0.000000000000000000e+00 1.323088427425801017e+00 2.245037465173824465e-01 5.113629955422915874e-01 3.686779872313097339e-01 0.000000000000000000e+00 1.867970552609334423e+00 1.416496667109758134e-01 2.201344713654801369e+09 6.384830366900801659e+08
4.100000000000000000e+01 9.600000000000100000e+13 0.000000000000000000e+00 1.268549201641735680e+00 1.824232955731343309e-01 2.580584351817227784e-01 1.654664398901500855e-01 0.000000000000000000e+00 7.966349913833060681e-01 1.581833260984185363e-01 3.191821410344063282e+09 2.535480202240831852e+09
4.200000000000000000e+01 9.600000000000100000e+13 0.000000000000000000e+00 1.126024402240718425e+00 1.334150320281525803e-01 3.780275004409637818e-01 1.831199068684516984e-01 0.000000000000000000e+00 1.055353686977296590e+00 1.163079772173706977e-01 1.387667279784153223e+09 3.383195265379272103e+08
4.300000000000000000e+01 9.600000000000100000e+13 0.000000000000000000e+00 9.230239654462675247e-01 7.348955184696158438e-02 2.371289272750928823e-01 1.258084443957246390e-01 0.000000000000000000e+00 1.349384092138946167e+00 3.243143241080585770e-02 7.256938924163032770e+08 1.897253811617624164e+08
4.400000000000000000e+01 9.600000000000100000e+13 0.000000000000000000e+00 1.090654064784351895e+00 8.813892453795256487e-02 1.325658511180037857e-01 4.328281098097310625e-02 0.000000000000000000e+00 1.237658469583500898e+00 9.967606111824454940e-02 9.104669168515850306e+08 4.721378365895646214e+08
4.500000000000000000e+01 9.600000000000100000e+13 0.000000000000000000e+00 1.533511231054540902e+00 4.796207807337093260e-02 1.721589038952558992e-01 2.019169821083723060e-02 0.000000000000000000e+00 1.429681782500240139e+00 7.063069874409717841e-02 1.605293141296882153e+09 2.462303262220866680e+08
4.600000000000000000e+01 9.600000000000100000e+13 0.000000000000000000e+00 9.920442469571890687e-01 1.202429108760181831e-01 3.247651402789292763e-01 2.026578230486793808e-01 0.000000000000000000e+00 1.232110565051023565e+00 5.532738036650951957e-02 1.283981961319206715e+09 4.967605028248844743e+08
4.700000000000000000e+01 9.600000000000400000e+13 0.000000000000000000e+00 1.289827502561602612e+00 5.657031795411395642e-02 1.210844502994635058e-01 2.435887059476459296e-02 0.000000000000000000e+00 1.371859943297803364e+00 6.423908199160331678e-02 1.112905430938556671e+09 3.331758557342515588e+08
4.800000000000000000e+01 9.600000000000100000e+13 0.000000000000000000e+00 1.005071946465509569e+00 3.712684405261133802e-02 1.793946735082631028e-01 4.142855508457608804e-02 0.000000000000000000e+00 1.177349463090597403e+00 2.105999907827730069e-02 7.234829244981201887e+08 1.493208052240388095e+08
4.900000000000000000e+01 9.600000000000200000e+13 0.000000000000000000e+00 1.176429385684839124e+00 4.303762741681373821e-02 9.863231341771111493e-02 1.688896852135243418e-02 0.000000000000000000e+00 1.144010726003493295e+00 3.588246893167162943e-02 1.023499103414661169e+09 2.479877798189906180e+08
5.000000000000000000e+01 9.600000000000100000e+13 0.000000000000000000e+00 1.185395725138782774e+00 3.439816166201285080e-02 7.647041020319471361e-02 9.924877382504500647e-03 0.000000000000000000e+00 1.201573626839346653e+00 1.851626173382204740e-02 5.356781738708499670e+08 1.368514759363103807e+08
5.100000000000000000e+01 9.600000000000300000e+13 0.000000000000000000e+00 9.983211340466018324e-01 7.318995801108939270e-02 1.262360279016112308e-01 6.982320713999499995e-02 0.000000000000000000e+00 1.224368354066580622e+00 3.450036030299197254e-02 6.411389979041854143e+08 1.388318925892511606e+08
5.200000000000000000e+01 9.600000000000100000e+13 0.000000000000000000e+00 9.769735709682033642e-01 4.723037061078724091e-02 3.039377374667300291e-01 1.049112752057418246e-01 0.000000000000000000e+00 1.029621954805876261e+00 4.821655361765488090e-02 1.162223684116458893e+09 2.229106884044366777e+08
5.300000000000000000e+01 9.600000000000100000e+13 0.000000000000000000e+00 1.198282077059640516e+00 1.887908653237727885e-01 1.842072815340969338e-01 7.031949740709035612e-02 0.000000000000000000e+00 1.236021150882621988e+00 1.954034638609610797e-01 2.316259446716111183e+09 1.018781275759194016e+09
5.400000000000000000e+01 9.600000000000100000e+13 0.000000000000000000e+00 1.113380909451043399e+00 8.971921137596848561e-02 1.518971727858243748e-01 4.672025395270028997e-02 0.000000000000000000e+00 1.284681100396658948e+00 7.518024082416149834e-02 9.637122737678337097e+08 1.343455766345793605e+08
5.500000000000000000e+01 9.600000000000100000e+13 0.000000000000000000e+00 1.100206888950274520e+00 3.388340785555572776e-02 1.509645126324127284e-01 1.662594451401282550e-02 0.000000000000000000e+00 1.075051144192764596e+00 4.061967645827103263e-02 1.371548615301801682e+09 2.256653945384950638e+08
5.600000000000000000e+01 9.600000000000100000e+13 0.000000000000000000e+00 1.204797269871278331e+00 4.055820520633365844e-02 1.527686061366222980e-01 3.110042660596628802e-02 0.000000000000000000e+00 1.259972444958267213e+00 5.113860914405721214e-02 1.312515859117493153e+09 2.935627319934685826e+08
5.700000000000000000e+01 9.600000000000300000e+13 0.000000000000000000e+00 1.124190573525964076e+00 8.475030521893636704e-02 2.632330180565403133e-01 7.486642155966991008e-02 0.000000000000000000e+00 1.269320050476627992e+00 8.459391697318051351e-02 1.021672022729408741e+09 3.031027377948714495e+08
5.800000000000000000e+01 9.600000000000100000e+13 1.000000000000000000e+00 1.121902921770962624e+00 1.197771686323242935e-02 5.950001826182124004e-02 6.098389172569396340e-03 0.000000000000000000e+00 1.031174732277266637e+00 5.293734930205421831e-03 5.451922714450449944e+08 9.092705416313298047e+07
5.900000000000000000e+01 9.600000000000100000e+13 0.000000000000000000e+00 1.132083977941543029e+00 1.295161484141997277e-01 2.330577769555396417e-01 3.993386445317857053e-02 0.000000000000000000e+00 1.081219868375980386e+00 1.315516734195019133e-01 2.004420924274962187e+09 5.525764302681974173e+08
6.000000000000000000e+01 9.600000000000100000e+13 0.000000000000000000e+00 1.417314725668107567e+00 7.374568501785545849e-02 1.765729447724882772e-01 6.326306489045963044e-02 0.000000000000000000e+00 1.535456679142121361e+00 8.378551898941381804e-02 1.635867682345593214e+09 9.515335441826730967e+08
6.100000000000000000e+01 9.600000000000100000e+13 0.000000000000000000e+00 1.126154331714610546e+00 4.587817422818009361e-02 9.671140383205278912e-02 1.359639111167787809e-02 0.000000000000000000e+00 1.289294954640989754e+00 7.226555551432223279e-02 7.583305362364330292e+08 1.349720705028192699e+08
6.200000000000000000e+01 9.600000000000200000e+13 0.000000000000000000e+00 1.263493557959232794e+00 3.968681286345289438e-02 2.102203023066956666e-01 3.122480007167979452e-02 0.000000000000000000e+00 1.320046906555853106e+00 3.484546774508058553e-02 2.223777818779235840e+09 4.179407301719350219e+08
6.300000000000000000e+01 9.600000000000100000e+13 1.000000000000000000e+00 1.031935319891076341e+00 1.336067865306826696e-02 6.492436704678372639e-02 1.210263514062682143e-02 0.000000000000000000e+00 1.266106619521374821e+00 2.176899711035595875e-02 3.484061129233529568e+08 3.831476102434323728e+07
6.400000000000000000e+01 9.600000000000400000e+13 0.000000000000000000e+00 9.906639457742341115e-01 5.225801529326203065e-02 7.422117698199079405e-02 1.136231779360716114e-02 0.000000000000000000e+00 1.207788201626460056e+00 2.642228865894789488e-02 3.437308311631642580e+08 4.781825459815075248e+07
6.500000000000000000e+01 9.600000000000100000e+13 0.000000000000000000e+00 1.208932354973810241e+00 1.123598748207705472e-01 1.713529081197163184e-01 5.403443297284044738e-02 0.000000000000000000e+00 1.156301375388382624e+00 1.462014917588714269e-01 1.766172802184073448e+09 7.045452007002595663e+08
6.600000000000000000e+01 9.600000000000100000e+13 0.000000000000000000e+00 1.974021668574968080e+00 7.324416925203477979e-02 1.193742595972425991e-01 1.428111627677547402e-02 0.000000000000000000e+00 1.852769924604275920e+00 9.304974382086377005e-02 9.413281470089133978e+08 1.602676270226818919e+08
6.700000000000000000e+01 9.600000000000100000e+13 0.000000000000000000e+00 1.210961287917314610e+00 5.033401462286177241e-02 1.004665281262212967e-01 3.662554682870866607e-02 0.000000000000000000e+00 1.253113483911284742e+00 8.868372382984505975e-02 9.706209404601483345e+08 4.802955039507863522e+08
6.800000000000000000e+01 9.600000000000100000e+13 0.000000000000000000e+00 1.260294869384375405e+00 1.343714294605787840e-01 1.541320081455125335e-01 4.025751481543184823e-02 0.000000000000000000e+00 1.075427980688327123e+00 1.924543573855199141e-01 1.582081462172449350e+09 4.810629123620414138e+08
6.900000000000000000e+01 9.600000000000100000e+13 0.000000000000000000e+00 1.163191437034124975e+00 9.190363362208989195e-02 1.696792984520963388e-01 3.649004214833255488e-02 0.000000000000000000e+00 1.326609948531509930e+00 1.157699351574021235e-01 1.396336652604273558e+09 2.465730575185472965e+08
7.000000000000000000e+01 9.600000000000100000e+13 0.000000000000000000e+00 1.245944563998627519e+00 1.051947982448093455e-01 2.954258202479225215e-01 1.633916066632614406e-01 0.000000000000000000e+00 1.421680173576645778e+00 4.610187822917590633e-02 1.312907819774652958e+09 4.443856889658786654e+08
7.100000000000000000e+01 9.600000000000100000e+13 0.000000000000000000e+00 1.110520600983472717e+00 4.560298789265034708e-02 1.519842020416773964e-01 2.101070154577883500e-02 0.000000000000000000e+00 1.187588046621601556e+00 6.177007391154982346e-02 1.369884798773204327e+09 2.429540343064748347e+08
7.200000000000000000e+01 9.600000000000100000e+13 0.000000000000000000e+00 1.450864032760681210e+00 4.646828575622812679e-02 1.321137815287269646e-01 4.237989401135178885e-02 0.000000000000000000e+00 1.594147522566783381e+00 6.863010259762887533e-02 1.395050056213665247e+09 6.031754356395543814e+08
7.300000000000000000e+01 9.600000000000100000e+13 0.000000000000000000e+00 1.063299111043745748e+00 4.044651226617294870e-02 1.257886304684909251e-01 6.244050873434853210e-02 0.000000000000000000e+00 9.448296712373149830e-01 3.256519652744833959e-02 1.530720353677940607e+09 9.076238268476346731e+08
7.400000000000000000e+01 9.600000000000100000e+13 0.000000000000000000e+00 1.194981302902912823e+00 1.081017867373643138e-01 1.485884383773036221e-01 6.550137994480220716e-02 0.000000000000000000e+00 1.235659483124753599e+00 1.472509788811322551e-01 1.625426930229291201e+09 8.132842195198621750e+08
7.500000000000000000e+01 9.600000000000100000e+13 0.000000000000000000e+00 1.284344260387294545e+00 8.052872705529737912e-03 8.875505162697026884e-02 5.290921936285456796e-03 0.000000000000000000e+00 1.410910817235041526e+00 1.136718851215252207e-02 6.640588227884972095e+08 6.291204151977834105e+07
7.600000000000000000e+01 9.600000000000100000e+13 0.000000000000000000e+00 1.149416052925137821e+00 7.670166814969782421e-02 1.528849574668979527e-01 1.663173843349948292e-02 0.000000000000000000e+00 1.100655304366909837e+00 8.567741104588579015e-02 1.562319403007828236e+09 2.309384027867765427e+08
7.700000000000000000e+01 9.600000000000200000e+13 0.000000000000000000e+00 1.287301800944162578e+00 4.899983876532822136e-02 1.242232762814602653e-01 3.130961021637208852e-02 0.000000000000000000e+00 1.191394209384472713e+00 6.814826345151903109e-02 1.289538388076394320e+09 4.223463349623997211e+08
7.800000000000000000e+01 9.600000000000600000e+13 0.000000000000000000e+00 1.042651289129422842e+00 4.472827840528269955e-02 5.620147475203104981e-02 1.391402336822395412e-02 0.000000000000000000e+00 1.166676753666872068e+00 2.272386306565046116e-02 6.237908166347684860e+08 2.089271798229627013e+08
7.900000000000000000e+01 9.600000000000100000e+13 0.000000000000000000e+00 1.251313841928686665e+00 1.475398020131017951e-01 1.233889991410352382e-01 2.122497683333968155e-02 0.000000000000000000e+00 1.368867668503434221e+00 5.691204763562821012e-02 7.069875539708570242e+08 1.498297870086233318e+08
8.000000000000000000e+01 9.600000000000300000e+13 0.000000000000000000e+00 1.230436159709219268e+00 1.447908267864084775e-01 2.096886848318550156e-01 5.946270180588347776e-02 0.000000000000000000e+00 1.256536740354301962e+00 1.614766355996862246e-01 2.005826495097940922e+09 8.967724602522205114e+08
8.100000000000000000e+01 9.600000000000100000e+13 0.000000000000000000e+00 1.444304230401256994e+00 2.563524970513705523e-02 1.541181737665036355e-01 2.430431311928232807e-02 0.000000000000000000e+00 1.370526431184444727e+00 3.875354882160902265e-02 1.762813255395077705e+09 3.400927152306414247e+08
8.200000000000000000e+01 9.600000000000100000e+13 0.000000000000000000e+00 1.089364795065593361e+00 5.334474769428329544e-02 1.293728373848470059e-01 5.138303083889930734e-02 0.000000000000000000e+00 1.057053980765235712e+00 4.493304818890240387e-02 1.469582950515076637e+09 7.383991097511111498e+08
8.300000000000000000e+01 9.600000000000100000e+13 0.000000000000000000e+00 1.258007289410473906e+00 7.665490131430176268e-02 1.168020626165170717e-01 4.843122369356729628e-02 0.000000000000000000e+00 1.359506574895362752e+00 1.155038719420365678e-01 1.202047252592408180e+09 6.315800140076265335e+08
8.400000000000000000e+01 9.600000000000100000e+13 0.000000000000000000e+00 1.873497673766770566e+00 1.657340296244498301e-01 1.659090762314471834e-01 1.904148087671921064e-02 0.000000000000000000e+00 1.958033636982635439e+00 1.908988820954643506e-01 1.569011390410343647e+09 2.048404164681864679e+08
8.500000000000000000e+01 9.600000000000100000e+13 0.000000000000000000e+00 1.188320615828640792e+00 6.119124947209090420e-02 1.281108983062164697e-01 1.808942998953905201e-02 0.000000000000000000e+00 1.290700575616885004e+00 7.846699973675624884e-02 1.038344407610381365e+09 2.148773596206142306e+08
8.600000000000000000e+01 9.600000000000200000e+13 0.000000000000000000e+00 1.029701733469956304e+00 1.493463822870169100e-01 2.214203197860766803e-01 1.332876060001098872e-01 0.000000000000000000e+00 1.360109533538501836e+00 4.228587216605574767e-02 3.134859170948467851e+08 1.058846163800779432e+08
8.700000000000000000e+01 9.600000000000100000e+13 0.000000000000000000e+00 1.053451328051192348e+00 9.660356933694139170e-02 1.516494884984417868e-01 3.817194720648157957e-02 0.000000000000000000e+00 1.044903125617908657e+00 5.516662171654366370e-02 1.388312226789433956e+09 6.144106315296629667e+08
8.800000000000000000e+01 9.600000000000100000e+13 0.000000000000000000e+00 1.114691424844139078e+00 9.420737575695128929e-02 1.538873124277385651e-01 4.746125556566874182e-02 0.000000000000000000e+00 1.109055165278822974e+00 6.818459322374093023e-02 1.863881193202508450e+09 6.932595176593455076e+08
8.900000000000000000e+01 9.600000000000100000e+13 0.000000000000000000e+00 1.178020957008921510e+00 3.851506447197831917e-02 1.595824395551816988e-01 2.965442464558847371e-02 0.000000000000000000e+00 1.356967223720967120e+00 7.060793607618111312e-02 1.716900076270647287e+09 4.090548419303101897e+08
9.000000000000000000e+01 9.600000000000600000e+13 0.000000000000000000e+00 1.048615201717965295e+00 4.972999501491554702e-02 8.777105461679109155e-02 2.554263346417787878e-02 0.000000000000000000e+00 1.178456013705090566e+00 4.043568423692943392e-02 4.728934629233042598e+08 1.161285784751811177e+08
9.100000000000000000e+01 9.600000000000100000e+13 0.000000000000000000e+00 1.227462650158596347e+00 8.216700024832987448e-02 1.700076476952414040e-01 4.255055850457550165e-02 0.000000000000000000e+00 1.122093549778050647e+00 8.487610410998057409e-02 1.491368474893090248e+09 5.518434904503177404e+08
9.200000000000000000e+01 9.600000000000100000e+13 0.000000000000000000e+00 1.059326208502717748e+00 1.282635933276672080e-01 1.640860424522506689e-01 8.601306077703117781e-02 0.000000000000000000e+00 1.317450024801968045e+00 1.342649113480276768e-01 1.778747482739512444e+09 1.355492769284695148e+09
9.300000000000000000e+01 9.600000000000100000e+13 0.000000000000000000e+00 1.295183776785908236e+00 6.025180923374601205e-02 1.402284665935898678e-01 2.542804995096162313e-02 0.000000000000000000e+00 1.352503513378370048e+00 7.530549045514449424e-02 1.495076807492085457e+09 3.587868346201671362e+08
9.400000000000000000e+01 9.600000000000100000e+13 0.000000000000000000e+00 1.020333237675917992e+00 7.775274139467300283e-02 1.423278931578741135e-01 2.553095993420279736e-02 0.000000000000000000e+00 1.046083801570584670e+00 8.474241803844162479e-02 1.733896001991075754e+09 4.027567155817666650e+08
9.500000000000000000e+01 9.600000000000100000e+13 0.000000000000000000e+00 1.203313250352989083e+00 1.818558785843288339e-02 7.235015965702294716e-02 8.596231405681309043e-03 0.000000000000000000e+00 1.294865550511115737e+00 2.985245068736263815e-02 7.495058395677816868e+08 1.160521169794031680e+08
9.600000000000000000e+01 9.600000000000100000e+13 0.000000000000000000e+00 1.035372287789685375e+00 1.086067798046322780e-01 1.687642365193726679e-01 5.519727392727759308e-02 0.000000000000000000e+00 1.182503290729758350e+00 1.011835315976690741e-01 1.269436106595369339e+09 2.089624595874627829e+08
9.700000000000000000e+01 9.600000000000100000e+13 0.000000000000000000e+00 1.336679002535658745e+00 1.102398519155659146e-01 2.266793138981917921e-01 6.457183041713374094e-02 0.000000000000000000e+00 1.159934575219220720e+00 1.411780870051977943e-01 2.486372563441246986e+09 7.675398195728079081e+08
9.800000000000000000e+01 9.600000000000100000e+13 0.000000000000000000e+00 1.270192835782540053e+00 3.316283094937991227e-02 1.026841181951423793e-01 1.697749162479061935e-02 0.000000000000000000e+00 1.295903235897168271e+00 3.925786636864284779e-02 6.322324306643252373e+08 6.272251726334919780e+07
9.900000000000000000e+01 9.600000000000100000e+13 0.000000000000000000e+00 1.136544164233946219e+00 3.724759563139454915e-02 1.594348760918712360e-01 2.793780076631677614e-02 0.000000000000000000e+00 1.084509471014382553e+00 6.106591780860885776e-02 1.627205044157031298e+09 3.984500935526993275e+08
1.000000000000000000e+02 9.600000000000100000e+13 0.000000000000000000e+00 1.293749954482624753e+00 3.525061288887752775e-02 1.843435347570381855e-01 3.015715387581951318e-02 0.000000000000000000e+00 1.255981366089539364e+00 2.891932766829438325e-02 2.021202528022300005e+09 3.471689898084530234e+08
1.010000000000000000e+02 9.600000000000300000e+13 0.000000000000000000e+00 1.115327538609215630e+00 5.250936439486258295e-02 1.099003677275376262e-01 3.268141177808418091e-02 0.000000000000000000e+00 1.271050875257772272e+00 7.249185925945687836e-02 1.275109514966537714e+09 4.796116578823934197e+08
1.020000000000000000e+02 9.600000000000100000e+13 1.000000000000000000e+00 1.084824229263943618e+00 2.388151641707874848e-02 7.884972694069648791e-02 8.696362034842794464e-03 0.000000000000000000e+00 1.083699446569279301e+00 2.935113527642476197e-02 5.803070883123228550e+08 1.232774075628871620e+08
1.030000000000000000e+02 9.600000000000500000e+13 0.000000000000000000e+00 1.359185650403256673e+00 2.304372443266975226e-02 6.181919410752045874e-02 9.115404872143569731e-03 0.000000000000000000e+00 1.296544524191775460e+00 2.505498031838989531e-02 3.414699588574551940e+08 5.807126848851749301e+07
1.040000000000000000e+02 9.600000000000100000e+13 0.000000000000000000e+00 1.259929740904083939e+00 9.251615009599603590e-02 1.160243094017873872e-01 4.494482209752066748e-02 0.000000000000000000e+00 1.226445647005107942e+00 1.171475502961692450e-01 1.133738985596632004e+09 6.112473123158797026e+08
1.050000000000000000e+02 9.600000000000100000e+13 0.000000000000000000e+00 1.085419163270443521e+00 1.244569754053600347e-01 1.743624272845280265e-01 2.962068583132750066e-02 0.000000000000000000e+00 9.911304662293033418e-01 1.223121567524213665e-01 1.653081044828846693e+09 3.974748638361794949e+08
1.060000000000000000e+02 9.600000000000100000e+13 0.000000000000000000e+00 1.083433182057001565e+00 5.613427452607696461e-02 1.228100350315546457e-01 2.350007216237847210e-02 0.000000000000000000e+00 1.139910037325253755e+00 4.730987556162709329e-02 1.259267066803851604e+09 3.436353248105158210e+08
1.070000000000000000e+02 9.600000000000100000e+13 0.000000000000000000e+00 1.075132428395007000e+00 2.087877912397579916e-01 2.913983387275687620e-01 1.713866939657753552e-01 0.000000000000000000e+00 8.714185181770373045e-01 1.253768226580368184e-01 3.605374035095692277e+08 9.085221545214512944e+07
1.080000000000000000e+02 9.600000000000100000e+13 0.000000000000000000e+00 1.149395442776631526e+00 4.188223111848921737e-02 1.178577920130721296e-01 2.601892585875635253e-02 0.000000000000000000e+00 1.115448549430398062e+00 5.570339042061746987e-02 9.535848786469922066e+08 3.680109664452717304e+08
1.090000000000000000e+02 9.600000000000100000e+13 0.000000000000000000e+00 1.028778875348325794e+00 9.576249417744012171e-02 1.262594349507532576e-01 1.964936952631827355e-02 0.000000000000000000e+00 1.244423582007697426e+00 9.101536585647011790e-02 1.077306205562754393e+09 2.084345492860040963e+08
1.100000000000000000e+02 9.600000000000800000e+13 0.000000000000000000e+00 1.194912581453139833e+00 5.144137663314286846e-02 7.528500252226852374e-02 1.260178908306901387e-02 0.000000000000000000e+00 1.208344831360186999e+00 4.062946576246273533e-02 4.206982651459591389e+08 7.308476820480574667e+07
1.110000000000000000e+02 9.600000000000100000e+13 0.000000000000000000e+00 1.110255231204305915e+00 4.189313070658434029e-02 1.242360619598992105e-01 2.136879640937643446e-02 0.000000000000000000e+00 1.213696306014080184e+00 2.160675188085854626e-02 5.727877033697551489e+08 1.003784592567163855e+08
1.120000000000000000e+02 9.600000000000100000e+13 0.000000000000000000e+00 9.606646577213819871e-01 7.484886780745284018e-02 1.443802086827297437e-01 2.319606159103659859e-02 0.000000000000000000e+00 1.410217193607306907e+00 5.378876468964920859e-02 8.548829095838625431e+08 2.863327382767191529e+08
1.130000000000000000e+02 9.600000000000300000e+13 1.000000000000000000e+00 9.450363668858507982e-01 3.001491053095426895e-02 9.636131334012322525e-02 4.604495447074127140e-02 0.000000000000000000e+00 1.171989446519034805e+00 2.735653856925496230e-02 3.695625259202176929e+08 8.031981331070525944e+07
1.140000000000000000e+02 9.600000000000400000e+13 1.000000000000000000e+00 9.379753433726800704e-01 3.339620326948920803e-02 8.911777190237797630e-02 1.993199833124739348e-02 0.000000000000000000e+00 1.231277275497357326e+00 3.507496266627054687e-02 8.521535974243146181e+08 3.069269412136324048e+08
1.150000000000000000e+02 9.600000000000100000e+13 0.000000000000000000e+00 9.311921195526391415e-01 3.271732313155419902e-01 3.371378616053776200e-01 2.467378410438908765e-01 0.000000000000000000e+00 1.889409977101671467e+00 9.312912586119748148e-02 6.246743077859939337e+08 1.813626933449325860e+08
1.160000000000000000e+02 9.600000000000100000e+13 0.000000000000000000e+00 1.259073308454200513e+00 1.782277103311399880e-01 2.535062302594216083e-02 1.418552017210846818e-02 0.000000000000000000e+00 1.986044328585654384e+00 2.127738823817505176e-01 2.373986000905568898e+08 8.437573928241725266e+07
1.170000000000000000e+02 9.600000000000200000e+13 0.000000000000000000e+00 1.141925878965313057e+00 1.054476646046246524e-01 7.869899716088822605e-02 2.114876841109083680e-02 0.000000000000000000e+00 1.401699695094461129e+00 1.002256016083707402e-01 8.889828720740337372e+08 3.523004899292324185e+08
1.180000000000000000e+02 9.600000000000100000e+13 0.000000000000000000e+00 1.224971336538980937e+00 8.734539496127569080e-02 1.639420172951362997e-01 2.419102869124053340e-02 0.000000000000000000e+00 1.280771505264102661e+00 8.445886940075596205e-02 1.279944534841720581e+09 1.864704510716449618e+08
1.190000000000000000e+02 9.600000000000100000e+13 0.000000000000000000e+00 1.062433552315638519e+00 6.919645501686039202e-02 1.183544793487531499e-01 9.040018915883430220e-03 0.000000000000000000e+00 1.090866799738835713e+00 7.118676196438993020e-02 1.143945090390453815e+09 1.444505530308825374e+08
1.200000000000000000e+02 9.600000000000100000e+13 0.000000000000000000e+00 1.079653501827224638e+00 7.803225977797334512e-02 1.428018547900800905e-01 3.662045575547927256e-02 0.000000000000000000e+00 1.064350004422893958e+00 8.752550087156531211e-02 1.064479302553955197e+09 1.845056022387336493e+08
1.210000000000000000e+02 9.600000000000200000e+13 0.000000000000000000e+00 1.219451291278736749e+00 2.485020336562395252e-02 8.547686572765662849e-02 2.556637578241771278e-02 0.000000000000000000e+00 1.186363339926987504e+00 3.923671203483363595e-02 1.112012928533618212e+09 3.504398901473217010e+08
1.220000000000000000e+02 9.600000000000100000e+13 0.000000000000000000e+00 1.086845425357940709e+00 5.692133476616358101e-02 1.599141588674410086e-01 5.477681680176039319e-02 0.000000000000000000e+00 1.393848378937025512e+00 6.153332161351949409e-02 1.379753699324666977e+09 8.090814953711860180e+08
1.230000000000000000e+02 9.600000000000100000e+13 0.000000000000000000e+00 1.203146405876796665e+00 9.301266971135925543e-02 1.872227051756372718e-01 2.993939257008263605e-02 0.000000000000000000e+00 1.189611615022558411e+00 5.514554912839265965e-02 1.584957085529421806e+09 4.546683040508505106e+08
1.240000000000000000e+02 9.600000000000100000e+13 0.000000000000000000e+00 1.103952296879358475e+00 6.853888102406140159e-02 1.042666536442843489e-01 1.320455291671226820e-02 0.000000000000000000e+00 1.434704741291809249e+00 4.278082251871080655e-02 7.189959853318789005e+08 1.390647602268792093e+08
1.250000000000000000e+02 9.600000000000100000e+13 0.000000000000000000e+00 1.241236440807861330e+00 2.420178027245848892e-02 1.031335286098124804e-01 1.187484733669997260e-02 0.000000000000000000e+00 1.208217056605047190e+00 7.061388354332497064e-02 9.925274461208868027e+08 1.652255787346046865e+08
1.260000000000000000e+02 9.600000000000100000e+13 0.000000000000000000e+00 1.532403281541270035e+00 1.512295958068123614e-01 1.792298167914585794e-01 7.460840950109812186e-02 0.000000000000000000e+00 1.568790119079566114e+00 1.888578216593778114e-01 1.863993881695909262e+09 9.533688984404537678e+08
1.270000000000000000e+02 9.600000000000100000e+13 0.000000000000000000e+00 1.085663718228111030e+00 9.803328239958679358e-02 1.561173744727784307e-01 8.159262164814455598e-02 0.000000000000000000e+00 1.191792295974468452e+00 1.134489626462113487e-01 1.709089661775952816e+09 1.156890358971234560e+09
1.280000000000000000e+02 9.600000000000100000e+13 0.000000000000000000e+00 1.009440627255100642e+00 6.191496996154277621e-02 1.118223035399870252e-01 2.099037006147097886e-02 0.000000000000000000e+00 1.192543536811912164e+00 3.001848012082169309e-02 3.370877939215180874e+08 2.622328508461596072e+07
1.290000000000000000e+02 9.600000000000100000e+13 0.000000000000000000e+00 1.109540101803888845e+00 5.852483322775337005e-02 8.118562259409553561e-02 3.356930121737835421e-02 0.000000000000000000e+00 1.169035726420282195e+00 2.319639805123878060e-02 3.882440832473507524e+08 2.744549177572455630e+07
1.300000000000000000e+02 9.600000000000100000e+13 0.000000000000000000e+00 1.018965002172765644e+00 1.270887243892490637e-01 1.685432133709357516e-01 5.900460134957697528e-02 0.000000000000000000e+00 1.284866093289676714e+00 7.708150936574945100e-02 1.824923962403519154e+09 9.406752960859732628e+08
1.310000000000000000e+02 9.600000000000100000e+13 0.000000000000000000e+00 1.150731334516886584e+00 5.476252059338269917e-02 1.344056522337242487e-01 2.302274993981497445e-02 0.000000000000000000e+00 1.401830933817550973e+00 8.358098226958023125e-02 1.204573825023356915e+09 3.382322635620627403e+08
1.320000000000000000e+02 9.600000000000400000e+13 0.000000000000000000e+00 9.790504433620831337e-01 1.307299692409897574e-01 1.814454992258736910e-01 7.322207724525157946e-02 0.000000000000000000e+00 1.192969975983663167e+00 8.123430717930128775e-02 9.697279885775886774e+08 3.377093550158841610e+08
1.330000000000000000e+02 9.600000000000100000e+13 1.000000000000000000e+00 1.061296056556491729e+00 2.031581066170161029e-02 4.758569601856136450e-02 1.472956327352594255e-02 0.000000000000000000e+00 1.087131506371354694e+00 1.357907124966115618e-02 3.063453419647288918e+08 6.467472088895350695e+07
1.340000000000000000e+02 9.600000000000100000e+13 0.000000000000000000e+00 9.752421890432445561e-01 9.185226323777194446e-02 2.201991442781809361e-01 1.039496499903667104e-01 0.000000000000000000e+00 1.134910017983839170e+00 4.381080950651555783e-02 1.235220074832479715e+09 2.505073155570711195e+08
1.350000000000000000e+02 9.600000000000100000e+13 0.000000000000000000e+00 1.083629105834345685e+00 5.785298862635277622e-02 2.444027592277464300e-01 7.824103138114993361e-02 0.000000000000000000e+00 1.251348184932090435e+00 4.298417162308194178e-02 1.080186824012382269e+09 2.455960599408361018e+08
1.360000000000000000e+02 9.600000000000400000e+13 0.000000000000000000e+00 1.122058995797893255e+00 1.110504562620016483e-01 1.174740975950564897e-01 3.804311330129455521e-02 0.000000000000000000e+00 1.393493166353372503e+00 1.373843497036419670e-01 1.352354445630076885e+09 5.637178132355118990e+08
1.370000000000000000e+02 9.600000000000100000e+13 0.000000000000000000e+00 1.215014769192071187e+00 6.684622152763397551e-02 1.657231889839747563e-01 3.841281633204372131e-02 0.000000000000000000e+00 1.212971104777220477e+00 1.150864892545756524e-01 1.832961082444479942e+09 4.679368702600931525e+08
1.380000000000000000e+02 9.600000000000100000e+13 0.000000000000000000e+00 1.000928788985152140e+00 1.936303202128165230e-02 1.503111581532997898e-01 4.063498076353951050e-02 0.000000000000000000e+00 1.021484407969713404e+00 5.226276191029613494e-02 1.205115286529206991e+09 5.736634430500957966e+08
1.390000000000000000e+02 9.600000000000100000e+13 0.000000000000000000e+00 1.615630460424603898e+00 6.836787384075437846e-02 1.394109548051267744e-01 1.953847538917352633e-02 0.000000000000000000e+00 1.656330411661194768e+00 1.525398765559402188e-02 1.085147193515499353e+09 2.837391323671595454e+08
1.400000000000000000e+02 9.600000000000100000e+13 0.000000000000000000e+00 1.165742972160741298e+00 1.462209217783432269e-01 1.816686318572054426e-01 2.627056619944819621e-02 0.000000000000000000e+00 1.131195676441214104e+00 1.871150573617052504e-01 2.065956869348378897e+09 3.658536662030379176e+08
1.410000000000000000e+02 9.600000000000100000e+13 0.000000000000000000e+00 1.301394735756396637e+00 1.282078157217693692e-01 3.393375763542109680e-01 1.348586826240449343e-01 0.000000000000000000e+00 1.416323798819803637e+00 1.859767315304794444e-01 4.453882869843817711e+09 1.964071395087736368e+09
1.420000000000000000e+02 9.600000000000100000e+13 0.000000000000000000e+00 1.304433376352241547e+00 9.304806971122019099e-02 2.009865808979117985e-01 8.373396370143768030e-02 0.000000000000000000e+00 1.352871806867807614e+00 4.413917768699635036e-02 8.554412804739578962e+08 2.594347162654094994e+08
1.430000000000000000e+02 9.600000000000100000e+13 0.000000000000000000e+00 1.168215246361561155e+00 3.548628464893107542e-02 7.769104989833226782e-02 2.899430087921109692e-02 0.000000000000000000e+00 1.202337366338883440e+00 2.459358233931030133e-02 3.955349151770117879e+08 7.039981388834130764e+07
1.440000000000000000e+02 9.600000000000200000e+13 0.000000000000000000e+00 1.529823368599825262e+00 9.840529100639477944e-02 1.804377624846970896e-01 5.933091789148910861e-02 0.000000000000000000e+00 1.537137550259068730e+00 1.514819560960896649e-01 1.827012343261219740e+09 8.433914321045188904e+08
1.450000000000000000e+02 9.600000000000100000e+13 0.000000000000000000e+00 1.093704362567864852e+00 6.798140568428798214e-02 7.632791630256112458e-02 1.368496625848349829e-02 0.000000000000000000e+00 1.146297307185869307e+00 4.915015237299045353e-02 4.036562653042744994e+08 8.624710272784967721e+07
1.460000000000000000e+02 9.600000000000100000e+13 0.000000000000000000e+00 1.253833682585459242e+00 3.535118150299737527e-02 6.040574098512897783e-02 7.050844972323032540e-03 0.000000000000000000e+00 1.243844242929032173e+00 2.114064774129354243e-02 6.180808105451533794e+08 9.517145103615412116e+07
1.470000000000000000e+02 9.600000000000100000e+13 0.000000000000000000e+00 1.442860436315184458e+00 6.314019694881690958e-02 2.228576923714447044e-01 6.392955358824636836e-02 0.000000000000000000e+00 1.517301286816365335e+00 6.834553558823797115e-02 1.336750214641761541e+09 4.672126145788682699e+08
1.480000000000000000e+02 9.600000000000200000e+13 0.000000000000000000e+00 1.288466534220194637e+00 1.216983997520391381e-01 1.959040978246592013e-01 1.148670180869108270e-01 0.000000000000000000e+00 9.571226383478739219e-01 1.377432046316715009e-01 2.797246976498743534e+09 1.935606792729097605e+09
1.490000000000000000e+02 9.600000000000200000e+13 0.000000000000000000e+00 1.173946167596001233e+00 2.115021017419972324e-02 3.975522816670659654e-02 5.847991901144503936e-03 0.000000000000000000e+00 1.063444583170824354e+00 3.549528433776353437e-02 4.837346431343477368e+08 7.671622139641566575e+07
1.500000000000000000e+02 9.600000000000100000e+13 0.000000000000000000e+00 1.056276719718665102e+00 2.005265144279493594e-01 1.993477812047886322e-01 8.891794782111003825e-02 0.000000000000000000e+00 7.279304013908842741e-01 1.836142248322230330e-01 2.781774753305397034e+09 1.538975705705223560e+09
1.510000000000000000e+02 9.600000000000100000e+13 0.000000000000000000e+00 1.103015345635936173e+00 1.939043735326582696e-01 2.850704101124388323e-01 2.157802293920968451e-01 0.000000000000000000e+00 1.215357035289675647e+00 8.501486509945391234e-02 8.100114805090335608e+08 1.816625676473310590e+08
1.520000000000000000e+02 9.600000000000100000e+13 0.000000000000000000e+00 1.458208119622026899e+00 2.174021069521293037e-01 3.171379119811826297e-01 9.374969559275611597e-02 0.000000000000000000e+00 1.607433329746045247e+00 2.011447470831931039e-01 3.533568337939848900e+09 1.636429021780058384e+09
1.530000000000000000e+02 9.600000000000100000e+13 0.000000000000000000e+00 1.128344034904900317e+00 9.933200199419206511e-02 1.483917652492854899e-01 4.527890125101818874e-02 0.000000000000000000e+00 1.187191009090056149e+00 1.084490066358154703e-01 1.466689422407223463e+09 6.756043525402853489e+08
1.540000000000000000e+02 9.600000000000100000e+13 0.000000000000000000e+00 1.208213876444526935e+00 6.118751647617610284e-02 1.401946720244058031e-01 2.111738457335397487e-02 0.000000000000000000e+00 1.177428462679574572e+00 7.198113274859650745e-02 1.200821986996699095e+09 3.136985545818209648e+08
1.550000000000000000e+02 9.600000000000100000e+13 0.000000000000000000e+00 1.295882904723145934e+00 5.431727807759792470e-02 1.524849718427724043e-01 3.050161214895764222e-02 0.000000000000000000e+00 1.278784216873215529e+00 7.282633699394909510e-02 1.423446318648266792e+09 4.024847516310884356e+08
1.560000000000000000e+02 9.600000000000100000e+13 0.000000000000000000e+00 9.705624229576674811e-01 1.411089495394353133e-01 2.550211150035910923e-01 1.195574896736478765e-01 0.000000000000000000e+00 1.305784270832875293e+00 9.237660022000401816e-02 1.061032383472401261e+09 3.020100233445186615e+08
1.570000000000000000e+02 9.600000000000100000e+13 0.000000000000000000e+00 1.040441363550097753e+00 1.978373047657708272e-02 1.183337225637232926e-01 1.111034323888504885e-02 0.000000000000000000e+00 1.144305868975539653e+00 1.506623981123478458e-02 8.643397708003759384e+08 1.791583387179909348e+08
1.580000000000000000e+02 9.600000000000300000e+13 0.000000000000000000e+00 1.203604284809720593e+00 9.255407937110639305e-02 1.462250028537665780e-01 5.818275360338271557e-02 0.000000000000000000e+00 1.539797179914392578e+00 6.493236572726114597e-02 1.108519169325871468e+09 1.422669693829832673e+08
1.590000000000000000e+02 9.600000000000200000e+13 0.000000000000000000e+00 1.175090431292444615e+00 1.174607427273839377e-01 2.751630696154430678e-01 1.564606392239771271e-01 0.000000000000000000e+00 1.383122226432362378e+00 3.920350134295177980e-02 1.112122918051928759e+09 5.185768528835400343e+08
1.600000000000000000e+02 9.600000000000100000e+13 0.000000000000000000e+00 1.364003661061183204e+00 2.557557893107961777e-02 1.364223100908462660e-01 3.898608372239358022e-02 0.000000000000000000e+00 1.414710433563860503e+00 5.554234751107886559e-02 1.386495948789119482e+09 4.841486416630345583e+08
1.610000000000000000e+02 9.600000000000100000e+13 0.000000000000000000e+00 1.236481121045285958e+00 7.098348719823285857e-02 2.353818811054521065e-01 3.152027497147310425e-02 0.000000000000000000e+00 1.285608347140380525e+00 7.973877001835019684e-02 2.148532633975973129e+09 3.949370392766657472e+08
1.620000000000000000e+02 9.600000000000100000e+13 0.000000000000000000e+00 1.245840655691321963e+00 3.409841920281713595e-02 1.109770328540993223e-01 7.012124669094525233e-03 0.000000000000000000e+00 1.425104329357985034e+00 2.841340339607346249e-02 1.040921368239933610e+09 1.090031109602975994e+08
1.630000000000000000e+02 9.600000000000100000e+13 0.000000000000000000e+00 1.894244717433404945e+00 7.735872567138235567e-02 1.546249850812595195e-01 2.625678485271711396e-02 0.000000000000000000e+00 2.065510900305396191e+00 6.393670624683261972e-02 1.485735377310432911e+09 3.467208127312837839e+08
1.640000000000000000e+02 9.600000000000100000e+13 0.000000000000000000e+00 1.393357686941964602e+00 1.957313647544182619e-02 1.056330896080243109e-01 2.819609050916156365e-02 0.000000000000000000e+00 1.435074691855338536e+00 3.582757971813926856e-02 1.016515728417554736e+09 3.747958176220503449e+08
1.650000000000000000e+02 9.600000000000100000e+13 0.000000000000000000e+00 1.048135519500935420e+00 9.857105277644195862e-02 1.391379520096660272e-01 1.978874435990862421e-02 0.000000000000000000e+00 1.098918308635506547e+00 2.383099986653970659e-02 8.018587072680866718e+08 1.637475821862789392e+08
1.660000000000000000e+02 9.600000000000100000e+13 0.000000000000000000e+00 1.136420670676503430e+00 1.160950474954104694e-01 1.451172264183486216e-01 4.317730211032019816e-02 0.000000000000000000e+00 1.187382630792265470e+00 1.202912538508487672e-01 1.603632234848603249e+09 5.660887476474672556e+08
1.670000000000000000e+02 9.600000000000300000e+13 0.000000000000000000e+00 1.063519153463626576e+00 1.225384159209310375e-01 1.182973937044525525e-01 2.193026604797300091e-02 0.000000000000000000e+00 1.008312202677322356e+00 1.079388000159417355e-01 9.084164061487541199e+08 3.360851333125143051e+08
1.680000000000000000e+02 9.600000000000200000e+13 0.000000000000000000e+00 2.098782717263709241e+00 1.932650116422697240e-01 1.379399700878856938e-01 2.056312019359394019e-02 0.000000000000000000e+00 1.779155104266081366e+00 2.362062899003135319e-01 1.443774977912148714e+09 2.564012540167801678e+08
1.690000000000000000e+02 9.600000000000200000e+13 0.000000000000000000e+00 1.262025930507818527e+00 1.462100690671995495e-01 2.227414647281075188e-01 1.385776459897651858e-01 0.000000000000000000e+00 1.013948458488978854e+00 1.860057973195642922e-01 2.786319598792804241e+09 2.071279953713735580e+09
1.700000000000000000e+02 9.600000000000100000e+13 0.000000000000000000e+00 2.197194842382178326e+00 5.567372436935472818e-02 1.318997817186365329e-01 1.650582216653231904e-02 0.000000000000000000e+00 2.305393417381152776e+00 9.436584537428543973e-02 1.325877302777217865e+09 2.418427676367525160e+08
1.710000000000000000e+02 9.600000000000700000e+13 0.000000000000000000e+00 1.097701663277435014e+00 8.121780258287951415e-02 9.233619304516120507e-02 4.402140616509678250e-02 0.000000000000000000e+00 1.290035111069437024e+00 7.239748778454499489e-02 1.291516597004264116e+09 6.331940571826148033e+08
1.720000000000000000e+02 9.600000000000200000e+13 0.000000000000000000e+00 8.023040027983998623e-01 1.988746920138472485e-01 1.815187426637254187e-01 4.959665668258722571e-02 0.000000000000000000e+00 1.207982285653800947e+00 2.466143749779951128e-02 9.720042052757704258e+08 4.884192236325459480e+08
1.730000000000000000e+02 9.600000000000100000e+13 0.000000000000000000e+00 1.100815812548098904e+00 6.173378317942503080e-02 8.434524313295463371e-02 1.843055655425325512e-02 0.000000000000000000e+00 1.125898250931653299e+00 4.573431915457312757e-02 6.921434675968263149e+08 1.030790945164163858e+08
1.740000000000000000e+02 9.600000000000300000e+13 0.000000000000000000e+00 1.057561691117056002e+00 4.677379611633434436e-02 8.943189816804342218e-02 4.532660077352814593e-02 0.000000000000000000e+00 1.023238814436370880e+00 5.786345106564376450e-02 9.875067339207555056e+08 6.320345821200729609e+08
1.750000000000000000e+02 9.600000000000200000e+13 0.000000000000000000e+00 1.257568502446228864e+00 9.593704367690265855e-02 2.113083078815715665e-01 9.474610534728325484e-02 0.000000000000000000e+00 1.254829595939282116e+00 9.134067742902156339e-02 1.041216483213598728e+09 3.159978342943130136e+08
1.760000000000000000e+02 9.600000000000100000e+13 0.000000000000000000e+00 1.280690840528466490e+00 6.372828075294258154e-02 1.345932686867030159e-01 5.464027498735769123e-02 0.000000000000000000e+00 1.356999184397924330e+00 6.237600171787630737e-02 6.767932349045896530e+08 1.979056229505541921e+08
1.770000000000000000e+02 9.600000000000200000e+13 0.000000000000000000e+00 9.910888490391052130e-01 8.003999549853901829e-02 1.359693206000416044e-01 5.110685640760915388e-02 0.000000000000000000e+00 1.210856268669651348e+00 4.750652794595648654e-02 1.743519596448315144e+09 8.133404069272285700e+08
1.780000000000000000e+02 9.600000000000100000e+13 0.000000000000000000e+00 1.302100682671490484e+00 5.426874895941653787e-02 1.388607253499748173e-01 4.145323613838367699e-02 0.000000000000000000e+00 1.337390358219901376e+00 4.371279258296942999e-02 1.489690053407146454e+09 5.167896278285675645e+08
1.790000000000000000e+02 9.600000000000100000e+13 0.000000000000000000e+00 1.279040276034258294e+00 1.223020469702264766e-02 1.010041409398874102e-01 9.769512550922274108e-03 0.000000000000000000e+00 1.239733828710316121e+00 1.879264327409533100e-02 8.816641119543927908e+08 1.323110673154083788e+08
1.800000000000000000e+02 9.600000000000200000e+13 0.000000000000000000e+00 1.217289326989209108e+00 4.859406563958212216e-02 6.948478664846270692e-02 2.961889401895317908e-02 0.000000000000000000e+00 1.281139331253211333e+00 5.869877319977634400e-02 8.905972177912282944e+08 3.803847881585628390e+08
1.810000000000000000e+02 9.600000000000100000e+13 0.000000000000000000e+00 1.177830383945718484e+00 1.218523386461743269e-01 1.052980080139088864e-01 4.397272554399499905e-02 0.000000000000000000e+00 1.253256924160564445e+00 1.342036642179361416e-01 1.196670273050699472e+09 7.072922958046826124e+08
1.820000000000000000e+02 9.600000000000500000e+13 0.000000000000000000e+00 1.076161386416637944e+00 4.376540124724355441e-02 7.427049273551644681e-02 3.557228920775624970e-02 0.000000000000000000e+00 1.024183003624512978e+00 2.461576729800460384e-02 1.747407163008018434e+08 6.638855424837098271e+07
1.830000000000000000e+02 9.600000000000100000e+13 0.000000000000000000e+00 1.092434092937587087e+00 3.773438406662912165e-02 1.065114666016841322e-01 2.116936073430265505e-02 0.000000000000000000e+00 1.216233698329489243e+00 5.064373369355031768e-02 1.096438454664454222e+09 3.176137270487356186e+08
1.840000000000000000e+02 9.600000000000100000e+13 0.000000000000000000e+00 1.624758381918943506e+00 5.155711789106691423e-02 1.200076085407930093e-01 2.999250481612021971e-02 0.000000000000000000e+00 1.713608035972177701e+00 6.757587609067583490e-02 1.204257160229183197e+09 3.871865382527935505e+08
1.850000000000000000e+02 9.600000000000200000e+13 0.000000000000000000e+00 1.153995167229170171e+00 1.418296696544840974e-01 1.322469390796760513e-01 6.265366213166563558e-02 0.000000000000000000e+00 1.286291593172411041e+00 1.783232444406556705e-01 1.694207464914712667e+09 8.931415764024679661e+08
1.860000000000000000e+02 9.600000000000100000e+13 0.000000000000000000e+00 1.401053229252565258e+00 9.234178803175716044e-02 1.233257177752594691e-01 2.479290758578753251e-02 0.000000000000000000e+00 1.294210768756447250e+00 1.465755884441780343e-01 1.141550687683106899e+09 3.426070723006004691e+08
1.870000000000000000e+02 9.600000000000100000e+13 0.000000000000000000e+00 1.518192801518665647e+00 5.578668927266000610e-02 1.931484470443090851e-01 3.536601779092508890e-02 0.000000000000000000e+00 1.555861516987605331e+00 4.282600273118349066e-02 1.890908249732887983e+09 5.005818995232728720e+08
1.880000000000000000e+02 9.600000000000100000e+13 0.000000000000000000e+00 1.169748176280418939e+00 3.936758865079164477e-02 7.352104463620560970e-02 9.574683387136826568e-03 0.000000000000000000e+00 1.213504594019910732e+00 3.940346782923429686e-02 4.475787077910903692e+08 1.404503914109692872e+08
1.890000000000000000e+02 9.600000000000100000e+13 0.000000000000000000e+00 2.175139547664352246e+00 3.136743939364999845e-02 2.070534448795494087e-01 2.890331257709283924e-02 0.000000000000000000e+00 2.208995202772386257e+00 6.875303201777298312e-02 2.037851323864388943e+09 3.616572677275305390e+08
1.900000000000000000e+02 9.600000000000100000e+13 0.000000000000000000e+00 1.073080364943275633e+00 4.380587444790627616e-02 7.823335551389042075e-02 1.322978321875421283e-02 0.000000000000000000e+00 1.011979869800498921e+00 3.681164280399757543e-02 5.527079483370813131e+08 8.327598968172793090e+07
1.910000000000000000e+02 9.600000000000100000e+13 0.000000000000000000e+00 9.783000137767757787e-01 2.690839331570194295e-02 1.256751802989798106e-01 4.237547502307682790e-02 0.000000000000000000e+00 1.012291390733462526e+00 4.002897983589195213e-02 7.297010384600119591e+08 2.353690667340200841e+08
1.920000000000000000e+02 9.600000000001000000e+13 0.000000000000000000e+00 1.283281170134557225e+00 1.147831818029433765e-01 1.355667668140263515e-01 4.200158805098930942e-02 0.000000000000000000e+00 1.297614807481240584e+00 1.433582863659872142e-01 1.898471335540028572e+09 6.397168620666540861e+08
1.930000000000000000e+02 9.600000000000100000e+13 0.000000000000000000e+00 1.010663253361917535e+00 5.388873603129373802e-02 1.899528763332214432e-01 7.219227159698865526e-02 0.000000000000000000e+00 1.191233994913803773e+00 3.548949249146526180e-02 1.518608368443499804e+09 7.756511795064508915e+08
1.940000000000000000e+02 9.600000000000100000e+13 0.000000000000000000e+00 1.159601944800631168e+00 1.813360741819539101e-01 1.882911062512965805e-01 3.832804612405781020e-02 0.000000000000000000e+00 1.279658032755685682e+00 1.390268887123358443e-01 1.797100716295981169e+09 6.226526529889639616e+08
1.950000000000000000e+02 9.600000000000200000e+13 0.000000000000000000e+00 8.403753458108282892e-01 1.512221342484361408e-01 2.374105357877698830e-01 1.625469808784395509e-01 0.000000000000000000e+00 1.217067316296219559e+00 3.426977512976841361e-02 4.639377956150609851e+08 7.805108349621561170e+07
1.960000000000000000e+02 9.600000000000100000e+13 0.000000000000000000e+00 1.697751241091488783e+00 1.859780984868170117e-01 2.517125494748729264e-01 1.172074534161490628e-01 0.000000000000000000e+00 1.940137868404600674e+00 1.667040514841965637e-01 1.598946993541111231e+09 4.768725620671986938e+08
1.970000000000000000e+02 9.600000000000100000e+13 0.000000000000000000e+00 1.298126901876276440e+00 1.790307533216178165e-02 1.298517799292901731e-01 3.736268697307587594e-02 0.000000000000000000e+00 1.170796223894473354e+00 2.277819278728242941e-02 1.287022141454528093e+09 5.607717264102605581e+08
1.980000000000000000e+02 9.600000000000400000e+13 0.000000000000000000e+00 1.083420132173635198e+00 7.966546440194574585e-02 1.536363016530507553e-01 4.691517299991578016e-02 0.000000000000000000e+00 1.271594305574214046e+00 2.223651004028157074e-02 8.468556581149654388e+08 1.676986621255860329e+08
1.990000000000000000e+02 9.600000000000300000e+13 0.000000000000000000e+00 1.109162698926780877e+00 4.525941603505554550e-02 6.682267991317415723e-02 1.791968609116714045e-02 0.000000000000000000e+00 1.221057947347512718e+00 4.680756986141160897e-02 7.534456638549872637e+08 2.643066525322100222e+08
2.000000000000000000e+02 9.600000000000100000e+13 0.000000000000000000e+00 1.055174637650831082e+00 4.068048283204974552e-02 9.506640979839724170e-02 2.507595625309549242e-02 0.000000000000000000e+00 1.193175460209079386e+00 1.491596134216325621e-02 5.653456098096032143e+08 8.837377346151734889e+07
2.010000000000000000e+02 9.600000000000100000e+13 0.000000000000000000e+00 1.074599948349954870e+00 7.649302950483853614e-02 1.380064284161204302e-01 4.718496290315402769e-02 0.000000000000000000e+00 1.106637086166905704e+00 7.976264969060919974e-02 1.473607088768787146e+09 6.852442447911007404e+08
2.020000000000000000e+02 9.600000000000100000e+13 0.000000000000000000e+00 1.062725997302520708e+00 9.746381299519379926e-02 1.922397919172797731e-01 4.465897135185890182e-02 0.000000000000000000e+00 1.186258060108517087e+00 8.315289784965239350e-02 1.305070823240331411e+09 5.942178257983976603e+08
2.030000000000000000e+02 9.600000000000100000e+13 0.000000000000000000e+00 1.120165778589609751e+00 4.031477019221455654e-02 9.413582348491125740e-02 2.209272174654558843e-02 0.000000000000000000e+00 1.180370334961096335e+00 1.285317601899852759e-02 7.024765714758274555e+08 3.324796208696516752e+08
2.040000000000000000e+02 9.600000000000100000e+13 0.000000000000000000e+00 1.184965550454819105e+00 6.173579473115476529e-02 1.388883214463177140e-01 2.392758373193733940e-02 0.000000000000000000e+00 1.450013520228335517e+00 4.784752784535356573e-02 1.209527026200417042e+09 3.534471304747985601e+08
2.050000000000000000e+02 9.600000000000200000e+13 0.000000000000000000e+00 1.244857669622613905e+00 1.368675025281823887e-01 2.467672217415338709e-01 1.178695892518085847e-01 0.000000000000000000e+00 1.004523432757384427e+00 1.561340507286298196e-01 2.802180326738153458e+09 1.608870298128241777e+09
2.060000000000000000e+02 9.600000000000100000e+13 0.000000000000000000e+00 1.084959551299956582e+00 4.060617322526512835e-02 7.983364797780143074e-02 1.143116162384065666e-02 0.000000000000000000e+00 1.037115690770489929e+00 3.568416570644771663e-02 5.376940354936605692e+08 7.913485423488052189e+07
2.070000000000000000e+02 9.600000000000200000e+13 0.000000000000000000e+00 1.183492061679692009e+00 4.877874870100830373e-02 7.393856983427019025e-02 2.517946364018988289e-02 0.000000000000000000e+00 1.302692944739384018e+00 2.008691082337899295e-02 6.296256497595716715e+08 2.370531279240806103e+08
2.080000000000000000e+02 9.600000000000100000e+13 0.000000000000000000e+00 1.248037991913613309e+00 1.461626223554697290e-01 1.694067612133378919e-01 9.073631450184935221e-02 0.000000000000000000e+00 1.143931155017335888e+00 1.775465568702153663e-01 2.173360742715966225e+09 1.257702198377018452e+09
2.090000000000000000e+02 9.600000000000100000e+13 1.000000000000000000e+00 1.109608667825501493e+00 2.367640567993222964e-02 6.899054138373275635e-02 1.242392444910807997e-02 0.000000000000000000e+00 1.326523541232405012e+00 4.085546729681917982e-02 5.650128089500312805e+08 7.993516138993452489e+07
2.100000000000000000e+02 9.600000000000100000e+13 0.000000000000000000e+00 1.161463540193510946e+00 6.581751430658008828e-02 1.141647329854867804e-01 1.769413268755608629e-02 0.000000000000000000e+00 1.251369475028182521e+00 7.231097324819689420e-02 1.253254128162540197e+09 2.569968663580445349e+08
2.110000000000000000e+02 9.600000000000100000e+13 0.000000000000000000e+00 1.160699184171028575e+00 1.244211798797192903e-01 1.457777910400490928e-01 4.642146310564784772e-02 0.000000000000000000e+00 1.066122294734949127e+00 1.538434359712201605e-01 1.736023995341205120e+09 6.143157049759085178e+08
2.120000000000000000e+02 9.600000000000100000e+13 0.000000000000000000e+00 1.212856383062482335e+00 6.562408620259356506e-02 1.253515724437885837e-01 4.670770067181857083e-02 0.000000000000000000e+00 1.244187729268018350e+00 8.452355107811272694e-02 1.445098739705977917e+09 5.874091929772818089e+08
2.130000000000000000e+02 9.600000000000200000e+13 0.000000000000000000e+00 6.310888350906730393e-01 1.410497242792005390e-01 2.589974661568767988e-01 2.109219885685450491e-01 0.000000000000000000e+00 1.206958258248224558e+00 3.174208851132426928e-02 2.570168355974418819e+08 5.058268984247551113e+07
2.140000000000000000e+02 9.600000000000100000e+13 0.000000000000000000e+00 1.601769783162982241e+00 6.206246282265818343e-02 1.468088348818220035e-01 2.886357116059409117e-02 0.000000000000000000e+00 1.937197778045262941e+00 5.331624949471203134e-02 1.393665126922067165e+09 4.047774080027805567e+08
2.150000000000000000e+02 9.600000000000100000e+13 0.000000000000000000e+00 1.185040168653558323e+00 3.063999480907649356e-02 6.754076059803179599e-02 1.100176633863234922e-02 0.000000000000000000e+00 1.282984319962221731e+00 3.008582295632270323e-02 5.980559072881461382e+08 1.561887023607910573e+08
2.160000000000000000e+02 9.600000000000100000e+13 0.000000000000000000e+00 9.921478021129226388e-01 1.338856933152648976e-01 2.945449442414964092e-01 1.311395085551374240e-01 0.000000000000000000e+00 1.135023672963031416e+00 4.700396166058484759e-02 1.214765937450601339e+09 2.639241651536617577e+08
2.170000000000000000e+02 9.600000000000200000e+13 1.000000000000000000e+00 1.108098806895467137e+00 2.337422752954931154e-02 8.621044255507243070e-02 1.959288794269940792e-02 0.000000000000000000e+00 1.067770076895781184e+00 3.106839309440676683e-02 9.781231602167190313e+08 2.623670161312393844e+08
2.180000000000000000e+02 9.600000000000200000e+13 0.000000000000000000e+00 1.260970422235912380e+00 2.721231047622095153e-02 1.242931667030806181e-01 4.365184618745903550e-02 0.000000000000000000e+00 1.377070824080586453e+00 6.337576465889924182e-02 1.487443555467913151e+09 5.572395895609484911e+08
2.190000000000000000e+02 9.600000000000100000e+13 0.000000000000000000e+00 1.052858709246086377e+00 1.494792662601260314e-01 2.061552350254583499e-01 1.018909843170676677e-01 0.000000000000000000e+00 1.021325478387431707e+00 2.079074567857169820e-01 2.142829014487865925e+09 1.519058166750978708e+09
2.200000000000000000e+02 9.600000000000200000e+13 0.000000000000000000e+00 1.087024477173577530e+00 4.282821853733620454e-02 1.075139966774557448e-01 2.451832303467215909e-02 0.000000000000000000e+00 1.138628912352472211e+00 2.221643940729690556e-02 9.727338326954425573e+08 3.891471820468129516e+08
2.210000000000000000e+02 9.600000000000100000e+13 0.000000000000000000e+00 1.073337146163365396e+00 2.911300868014602555e-02 1.176473489799670091e-01 3.593814526378050211e-02 0.000000000000000000e+00 1.207501641069772091e+00 5.204942061152597471e-02 1.260650399938910246e+09 5.294921173599020839e+08
2.220000000000000000e+02 9.600000000000100000e+13 0.000000000000000000e+00 1.026497307758758692e+00 3.348881013527316153e-02 1.132617848556068813e-01 3.443670025483786673e-02 0.000000000000000000e+00 1.197809800322190421e+00 2.794761609058265747e-02 8.127109698306189775e+08 3.170501147656244636e+08
2.230000000000000000e+02 9.600000000000100000e+13 0.000000000000000000e+00 1.335262026728494034e+00 1.809537733363750234e-01 1.963548580183441805e-01 4.838958261611032985e-02 0.000000000000000000e+00 1.492812349465056920e+00 1.881804182338013276e-01 1.949159115772789717e+09 7.712599115653554201e+08
2.240000000000000000e+02 9.600000000000100000e+13 0.000000000000000000e+00 1.149754825915546341e+00 4.835453005819197875e-02 2.060671024293239395e-01 4.291139028382145310e-02 0.000000000000000000e+00 1.218714184528276512e+00 1.072663386041860512e-01 1.720617694133640766e+09 5.799388139592405558e+08
2.250000000000000000e+02 9.600000000000100000e+13 0.000000000000000000e+00 1.157315845163268353e+00 4.461396846874639971e-02 9.120696714808938788e-02 1.408091015584454070e-02 0.000000000000000000e+00 1.169445698758847518e+00 3.952151402286676468e-02 7.569390571924797297e+08 1.814107925464698374e+08
2.260000000000000000e+02 9.600000000000100000e+13 0.000000000000000000e+00 1.253708895759205522e+00 8.730100765148861297e-02 1.654934501150431003e-01 3.910720670320564502e-02 0.000000000000000000e+00 1.262661401032465935e+00 5.473384764360673255e-02 1.250749449318019629e+09 2.309227983584802449e+08
2.270000000000000000e+02 9.600000000000100000e+13 0.000000000000000000e+00 1.299451695754497926e+00 1.661497026041031111e-01 1.603637757007137232e-01 8.142222432291912337e-02 0.000000000000000000e+00 1.298624635122773041e+00 2.027401037010271578e-01 1.858589648045916319e+09 1.060049943917505741e+09
2.280000000000000000e+02 9.600000000000200000e+13 0.000000000000000000e+00 1.253567393689146936e+00 5.921670872877856512e-02 1.011105297709579409e-01 5.694780968035340063e-02 0.000000000000000000e+00 1.262872491840949518e+00 8.893575901489475521e-02 1.188822003651742458e+09 7.301968047331151962e+08
2.290000000000000000e+02 9.600000000000100000e+13 0.000000000000000000e+00 1.736388494232656177e+00 7.529955167016284812e-02 1.486168548222085717e-01 2.172231266736057362e-02 0.000000000000000000e+00 2.070059571664346620e+00 1.135709588790568131e-01 1.369901175546030045e+09 3.449710081151615381e+08
2.300000000000000000e+02 9.600000000000100000e+13 0.000000000000000000e+00 1.238090117315187033e+00 4.359307806035783717e-02 1.401935062442608015e-01 3.503379247015610959e-02 0.000000000000000000e+00 1.311535523859627350e+00 2.345177826458015591e-02 1.727980240246749163e+09 4.800344831568995714e+08
2.310000000000000000e+02 9.600000000000200000e+13 0.000000000000000000e+00 1.016045137082397964e+00 1.978690251822616888e-02 1.112014151525214656e-01 3.932558470515679083e-02 0.000000000000000000e+00 1.070274462613755917e+00 2.635801173086527519e-02 5.963268772521474361e+08 1.754592125071829855e+08
2.320000000000000000e+02 9.600000000000100000e+13 0.000000000000000000e+00 1.383492011424353851e+00 2.578172373764170064e-02 1.099179077501687973e-01 1.327076207110134028e-02 0.000000000000000000e+00 1.295155392801959016e+00 2.213907336711647481e-02 8.178344836941406727e+08 8.811160654208122194e+07
2.330000000000000000e+02 9.600000000000100000e+13 0.000000000000000000e+00 1.169316004591611557e+00 2.106044538476481778e-02 9.495523951558197673e-02 1.910253980288097175e-02 0.000000000000000000e+00 1.331111817343467951e+00 3.017093366354290512e-02 7.882917616917742491e+08 2.790966957635400891e+08
2.340000000000000000e+02 9.600000000000100000e+13 1.000000000000000000e+00 1.128112665762713629e+00 2.149093286535846276e-02 4.643513117204169788e-02 4.316956019062479291e-03 0.000000000000000000e+00 1.238796068095525227e+00 1.721140400893193118e-02 4.489167109054039121e+08 5.950677107324979454e+07
2.350000000000000000e+02 9.600000000000100000e+13 0.000000000000000000e+00 1.187825446961519260e+00 6.660544176812793760e-02 2.285980437335825288e-01 5.975234895938573432e-02 0.000000000000000000e+00 1.082313877852996598e+00 5.650665640959442321e-02 2.676088705979654312e+09 8.435999495057219267e+08
2.360000000000000000e+02 9.600000000000300000e+13 0.000000000000000000e+00 1.074798014873064034e+00 4.734484072027315971e-02 1.628467138962749750e-01 6.058557509377288097e-02 0.000000000000000000e+00 1.128638412327532592e+00 3.916908291366300726e-02 2.199464520226226807e+09 9.118062864450587034e+08
2.370000000000000000e+02 9.600000000000100000e+13 0.000000000000000000e+00 1.213489507174305926e+00 1.065624520968777300e-01 2.580611717725377341e-01 4.381339375356144844e-02 0.000000000000000000e+00 1.333028581027689174e+00 1.316982081330109744e-01 2.109700783913162231e+09 4.589846547411077023e+08
2.380000000000000000e+02 9.600000000000100000e+13 1.000000000000000000e+00 1.035954304136385673e+00 2.067276524802970014e-02 6.247919068446649432e-02 6.740760083123891605e-03 0.000000000000000000e+00 1.076864839439035437e+00 3.824766250417391961e-02 3.860468703234426975e+08 9.440331806373730302e+07
2.390000000000000000e+02 9.600000000000100000e+13 0.000000000000000000e+00 1.184420706785312083e+00 1.983255846347607154e-01 1.941125380787358523e-01 1.094766702247437495e-01 0.000000000000000000e+00 1.148860861182854576e+00 2.494715819311671967e-01 2.337838450715230465e+09 1.530791791198450804e+09
2.400000000000000000e+02 9.600000000000100000e+13 0.000000000000000000e+00 1.138053761187971524e+00 1.694333673948133362e-02 1.445367904043956542e-01 2.896977169478762507e-02 0.000000000000000000e+00 1.282061734145810039e+00 1.509685188262987164e-02 1.445968788094871521e+09 4.454311426774759889e+08
2.410000000000000000e+02 9.600000000000100000e+13 0.000000000000000000e+00 1.156506757627967730e+00 3.684109475280662044e-02 1.128098028244815948e-01 3.847903373542607697e-02 0.000000000000000000e+00 1.170172439439699508e+00 4.240559136466146017e-02 1.282057070329408407e+09 5.104892281495169401e+08
2.420000000000000000e+02 9.600000000000100000e+13 0.000000000000000000e+00 1.269340323021836747e+00 1.209937448591829612e-01 1.879505341592920264e-01 5.907244430881904151e-02 0.000000000000000000e+00 1.460641212680347634e+00 1.241560591346467651e-01 1.578974800114931107e+09 9.153957406225730181e+08
2.430000000000000000e+02 9.600000000000100000e+13 0.000000000000000000e+00 1.188832026037917489e+00 1.038387658546623959e-01 3.443573689493706347e-01 1.721541295705885377e-01 0.000000000000000000e+00 1.240877465347963726e+00 8.253274491870074558e-02 1.336682048671160936e+09 2.396803573474452794e+08
2.440000000000000000e+02 9.600000000000300000e+13 0.000000000000000000e+00 9.958861595917136711e-01 8.652647438961333370e-02 1.522910831641522411e-01 3.603447647065974313e-02 0.000000000000000000e+00 1.051958742561683424e+00 8.765443870373426649e-02 1.473661194046628952e+09 6.181334580203599930e+08
2.450000000000000000e+02 9.600000000000100000e+13 1.000000000000000000e+00 9.509930041398788614e-01 2.867296881471687736e-02 8.348849232656380126e-02 1.657903260262833314e-02 0.000000000000000000e+00 1.011269515885860004e+00 2.845958783258201175e-02 6.854916326144424677e+08 9.957433457144056261e+07
2.460000000000000000e+02 9.600000000000200000e+13 1.000000000000000000e+00 1.107989419916730167e+00 9.560683224063558014e-03 6.039572667544673701e-02 5.998024484420366037e-03 0.000000000000000000e+00 1.144077278635175388e+00 9.067849787669170561e-03 4.132170773734375834e+08 7.047206111337947845e+07
2.470000000000000000e+02 9.600000000000100000e+13 0.000000000000000000e+00 1.677555490275348005e+00 8.467434656014320715e-02 1.287836639699205532e-01 1.532582259882365322e-02 0.000000000000000000e+00 1.830287343975700809e+00 1.219662456159607417e-01 1.375774253107059479e+09 2.229599762162804008e+08
2.480000000000000000e+02 9.600000000000500000e+13 1.000000000000000000e+00 1.053938703983436254e+00 1.962731162928133335e-02 9.815953658685082350e-02 2.198759708801196686e-02 0.000000000000000000e+00 1.024348002882226938e+00 4.847697344231337996e-02 9.754446376313250065e+08 3.065174960507914424e+08
2.490000000000000000e+02 9.600000000000100000e+13 0.000000000000000000e+00 1.147640998810859347e+00 1.193898238716307181e-01 1.318420025239970816e-01 4.164824658686756831e-02 0.000000000000000000e+00 1.012664755303402719e+00 1.013713963381389638e-01 1.338294685254291773e+09 6.263760646507855654e+08
2.500000000000000000e+02 9.600000000000600000e+13 0.000000000000000000e+00 1.181031180636196387e+00 7.110483543605350398e-02 9.483924558655733306e-02 1.958764165184297829e-02 0.000000000000000000e+00 9.503974725152526393e-01 5.047959948830169769e-02 1.017524211046003461e+09 3.125213505478901267e+08
2.510000000000000000e+02 9.600000000000100000e+13 0.000000000000000000e+00 9.314487476929260712e-01 2.865906691620423996e-01 2.352824136880058148e-01 7.808349761361278729e-02 0.000000000000000000e+00 1.097001333632125819e+00 2.451206491805699716e-01 2.031387355132763624e+09 1.480623084577389240e+09
2.520000000000000000e+02 9.600000000000500000e+13 0.000000000000000000e+00 1.124757408837735229e+00 5.854961738667138760e-02 1.139639652650136920e-01 3.438113457619065144e-02 0.000000000000000000e+00 1.131172632609135587e+00 4.995493829595652052e-02 1.007434559692581177e+09 3.437422709846559763e+08
2.530000000000000000e+02 9.600000000000200000e+13 0.000000000000000000e+00 1.186740435860149212e+00 5.323156768436607816e-02 1.176101555289176814e-01 4.563548971182346259e-02 0.000000000000000000e+00 1.528743229403358272e+00 5.305744085240002815e-03 5.091108097755527496e+08 1.793598540602619350e+08
2.540000000000000000e+02 9.600000000000100000e+13 0.000000000000000000e+00 1.137382376795885941e+00 4.260965475827451637e-02 1.169932278302273504e-01 1.852085111034857540e-02 0.000000000000000000e+00 1.175673405122099613e+00 2.198854798249950948e-02 1.015349110133219361e+09 2.230083798628380001e+08
2.550000000000000000e+02 9.600000000000100000e+13 0.000000000000000000e+00 1.291526199489730464e+00 1.600426637474402780e-01 2.364161130072552353e-01 5.255424915993846952e-02 0.000000000000000000e+00 1.211087871032572760e+00 1.775621985907872291e-01 2.135174363998335838e+09 5.597149063536761999e+08
2.560000000000000000e+02 9.600000000000100000e+13 0.000000000000000000e+00 1.281541344578837061e+00 1.137863001564138332e-01 1.461694406903779331e-01 2.709395787747369971e-02 0.000000000000000000e+00 1.505853399280855820e+00 1.372893388915436830e-01 1.030631436363650680e+09 3.823954630669783950e+08
2.570000000000000000e+02 9.600000000000100000e+13 0.000000000000000000e+00 1.562550941068356458e+00 6.957304974516166640e-02 1.156166407923962663e-01 2.746725165017149112e-02 0.000000000000000000e+00 1.546348631884996383e+00 9.927943421167383098e-02 1.173449048201139212e+09 3.601571713577642441e+08
2.580000000000000000e+02 9.600000000000100000e+13 0.000000000000000000e+00 1.087659697703062589e+00 6.157526823099334495e-02 9.776945065019182479e-02 3.013158288077325345e-02 0.000000000000000000e+00 1.143629564575367796e+00 6.701969674241932406e-02 1.049876524747427583e+09 4.165747658217191696e+08
2.590000000000000000e+02 9.600000000000200000e+13 1.000000000000000000e+00 1.006187580488354660e+00 3.718606717638599929e-02 4.029165388067712517e-02 4.381508643328931897e-03 0.000000000000000000e+00 1.144057209092587124e+00 1.800124397396593579e-02 2.975353587467351556e+08 5.569198983855348825e+07
2.600000000000000000e+02 9.600000000000100000e+13 0.000000000000000000e+00 1.119987530773281614e+00 5.186012069835784638e-02 1.669045039760223559e-01 5.454137358409050923e-02 0.000000000000000000e+00 1.306233414456492214e+00 6.429241469147928267e-02 8.640306408235136271e+08 2.180018738630226552e+08
2.610000000000000000e+02 9.600000000000100000e+13 0.000000000000000000e+00 9.929400569347609506e-01 1.699641093061625766e-02 1.188547354871089534e-01 2.573414874435377489e-02 0.000000000000000000e+00 1.122405120723685146e+00 2.251448282629238060e-02 7.639527884484386444e+08 4.254131949425008893e+08
2.620000000000000000e+02 9.600000000000100000e+13 0.000000000000000000e+00 1.165622317073762959e+00 1.249613877636323450e-02 1.119466515659682249e-01 2.416762448399870089e-02 0.000000000000000000e+00 1.307331825481800047e+00 3.668184233133678362e-02 9.262024483492093086e+08 2.521925299827851355e+08
2.630000000000000000e+02 9.600000000000100000e+13 1.000000000000000000e+00 1.096920181664426286e+00 2.092754243166190103e-02 9.724030092842715634e-02 3.047655659083541718e-02 0.000000000000000000e+00 1.248600954253189288e+00 1.843516100392656940e-02 9.453341715448234081e+08 4.245511466391431689e+08
2.640000000000000000e+02 9.600000000000400000e+13 0.000000000000000000e+00 9.865777061284094485e-01 1.045189327142515001e-01 1.787446791536900781e-01 2.751215081162702858e-02 0.000000000000000000e+00 1.347393129211925000e+00 5.832071235776233042e-02 1.479944571811986923e+09 3.318716078603254557e+08
2.650000000000000000e+02 9.600000000000100000e+13 0.000000000000000000e+00 8.801916203249707804e-01 1.947179362150490423e-01 2.699332773265814556e-01 7.031952683721554020e-02 0.000000000000000000e+00 1.317715669311416260e+00 1.089765804136499511e-01 1.504324238626116991e+09 5.850959300755797625e+08
2.660000000000000000e+02 9.600000000000100000e+13 0.000000000000000000e+00 1.119786484402844451e+00 6.610598437200580768e-02 1.556884624643649073e-01 4.229431195981718516e-02 0.000000000000000000e+00 1.216284161897611682e+00 4.534031226648903984e-02 1.606828821920790434e+09 6.337189555349721909e+08
2.670000000000000000e+02 9.600000000000100000e+13 0.000000000000000000e+00 1.131530920051771583e+00 1.633825062754181712e-01 1.828891954694168431e-01 7.769185851802873355e-02 0.000000000000000000e+00 1.263782029633772286e+00 1.529161540926714524e-01 2.268232970951136112e+09 1.190505958576520920e+09
2.680000000000000000e+02 9.600000000000100000e+13 1.000000000000000000e+00 1.037809796185831912e+00 1.388575938532010147e-02 4.564714508711160967e-02 6.821667924479620469e-03 0.000000000000000000e+00 1.145621476921606652e+00 1.320532960637160226e-02 4.152860463956756592e+08 9.918329763002704084e+07
2.690000000000000000e+02 9.600000000000100000e+13 0.000000000000000000e+00 1.036580026729545523e+00 1.595196413737593466e-01 2.873833725984661358e-01 1.858520733134017833e-01 0.000000000000000000e+00 1.455720159605115249e+00 2.955729785385559708e-02 1.020872680068440557e+09 2.786490885047072768e+08
2.700000000000000000e+02 9.600000000000400000e+13 0.000000000000000000e+00 1.136274533989174662e+00 4.438920552718903650e-02 5.980428626851064244e-02 1.391691538559884297e-02 0.000000000000000000e+00 1.248593831073188554e+00 4.458781835417325451e-02 5.192294202790563107e+08 1.996769665864592493e+08
2.710000000000000000e+02 9.600000000000100000e+13 0.000000000000000000e+00 1.288829531043203858e+00 3.329530551747748174e-02 1.051576197467949392e-01 1.608611942686076143e-02 0.000000000000000000e+00 1.289856423026075838e+00 1.244218110766791806e-02 1.123347966633379698e+09 2.150279260862982869e+08
2.720000000000000000e+02 9.600000000000400000e+13 0.000000000000000000e+00 1.285264663924966078e+00 9.640425134559539588e-02 1.380530517698985438e-01 3.364141221756650896e-02 0.000000000000000000e+00 1.294649254861608867e+00 1.173194575570654236e-01 1.323820606026789904e+09 4.451295137977970243e+08
2.730000000000000000e+02 9.600000000000100000e+13 0.000000000000000000e+00 1.571359172525409242e+00 2.261096238127614094e-02 1.439291529720352902e-01 2.730828214432367770e-02 0.000000000000000000e+00 1.533970189673648177e+00 2.474579983616989609e-02 1.479465623983619213e+09 3.393235652301952839e+08
2.740000000000000000e+02 9.600000000000100000e+13 0.000000000000000000e+00 1.258720999760921000e+00 4.431935542014119739e-02 1.848228074452139824e-01 7.111956806392119579e-02 0.000000000000000000e+00 1.314412850435852320e+00 4.157261591327385264e-02 1.217451276010025024e+09 3.035040647616543770e+08
2.750000000000000000e+02 9.600000000000600000e+13 0.000000000000000000e+00 1.339048998984032623e+00 8.219703387074138445e-02 1.924637352895113562e-01 4.502192589940934297e-02 0.000000000000000000e+00 1.144192884384869657e+00 4.940739014641867821e-02 2.757123782655935764e+09 7.034259858534017801e+08
2.760000000000000000e+02 9.600000000000100000e+13 0.000000000000000000e+00 1.152581218205346314e+00 2.095570998725521453e-02 1.110430418994650947e-01 1.075487636525471018e-02 0.000000000000000000e+00 1.088226767559581143e+00 5.156628018883882211e-03 8.940578548479789495e+08 1.634983919019055068e+08
2.770000000000000000e+02 9.600000000000200000e+13 0.000000000000000000e+00 1.064849766519461172e+00 5.924873426779675434e-02 9.875003410860083708e-02 1.948245249159169523e-02 0.000000000000000000e+00 1.169104280680319796e+00 4.282976823655491178e-02 9.489600677842738628e+08 2.910436955952792168e+08
2.780000000000000000e+02 9.600000000000200000e+13 0.000000000000000000e+00 1.151182860421993137e+00 6.348541945251627572e-02 1.423977103988582349e-01 2.922790489349103363e-02 0.000000000000000000e+00 1.290578256946557145e+00 1.411675683220963984e-01 1.255770539053246975e+09 4.289746819121774435e+08
2.790000000000000000e+02 9.600000000000400000e+13 0.000000000000000000e+00 1.612973338583125971e+00 9.138294077856118358e-02 1.516117363861337053e-01 5.685271323987971942e-02 0.000000000000000000e+00 1.741152956997512158e+00 1.001156970794482293e-01 1.704395620436541557e+09 7.377607493889380693e+08
2.800000000000000000e+02 9.600000000000200000e+13 0.000000000000000000e+00 1.157354256217216326e+00 8.195154427682596610e-02 9.636134132544772746e-02 1.480416928850185332e-02 0.000000000000000000e+00 1.056771137129754345e+00 7.175012855974231829e-02 6.537237818235158920e+08 2.229222403716271520e+08
2.810000000000000000e+02 9.600000000000200000e+13 0.000000000000000000e+00 1.176114997347063262e+00 4.230350890598751079e-02 1.351219807977381282e-01 8.865220933999587785e-03 0.000000000000000000e+00 1.338302207373541997e+00 5.053974195534073621e-02 1.322976680235037088e+09 1.374065407683753967e+08
2.820000000000000000e+02 9.600000000000100000e+13 0.000000000000000000e+00 1.148701546073696012e+00 4.894862763053835913e-02 9.588050954338608878e-02 1.165493731541681656e-02 0.000000000000000000e+00 1.306734230835504551e+00 4.674602801421517961e-02 6.703670762380425930e+08 1.178637448708402216e+08
2.830000000000000000e+02 9.600000000000100000e+13 0.000000000000000000e+00 1.075254859657738038e+00 8.312381331102502990e-02 9.240875273012834346e-02 4.733717391837836269e-02 0.000000000000000000e+00 1.079590268707390832e+00 5.730102039542626230e-02 5.116088086156165004e+08 1.370628352153511345e+08
2.840000000000000000e+02 9.600000000000100000e+13 0.000000000000000000e+00 1.307015631181126514e+00 7.456086496872089964e-02 1.392631006590128451e-01 3.880058228338269244e-02 0.000000000000000000e+00 1.251413953303379234e+00 1.020324574384365302e-01 1.411272978529779911e+09 5.210472444151161909e+08
2.850000000000000000e+02 9.600000000000100000e+13 0.000000000000000000e+00 1.229569825697324648e+00 1.554364807315341546e-01 1.172975436908555436e-01 2.422396303730841444e-02 0.000000000000000000e+00 1.204993166990867115e+00 1.594109900609207431e-01 1.167564542320394993e+09 3.115441555241697431e+08
2.860000000000000000e+02 9.600000000000200000e+13 0.000000000000000000e+00 1.083864155552757280e+00 1.117153544432409329e-01 1.952241943028328042e-01 3.829277693102783875e-02 0.000000000000000000e+00 1.072437416935930532e+00 1.171719845023234674e-01 1.965707965759272337e+09 5.646575331234266758e+08
2.870000000000000000e+02 9.600000000000100000e+13 0.000000000000000000e+00 1.132493690166628708e+00 9.028073527919666663e-02 1.923648804284426583e-01 1.121604185446382768e-01 0.000000000000000000e+00 1.175938182254000930e+00 8.348553963198923622e-02 2.438057005471596241e+09 1.716941021540776968e+09
2.880000000000000000e+02 9.600000000000100000e+13 0.000000000000000000e+00 1.156548674454506598e+00 9.375210943151560117e-02 3.895517599303290335e-01 1.145866237619378031e-01 0.000000000000000000e+00 1.268009682156044038e+00 1.167229230269306306e-01 1.940962079555431128e+09 7.923965794258564711e+08
2.890000000000000000e+02 9.600000000000700000e+13 0.000000000000000000e+00 1.206221521056749513e+00 6.679312860227126780e-02 8.873874872150472326e-02 1.931958048019415813e-02 0.000000000000000000e+00 1.462224789063495400e+00 7.412014487533506724e-02 7.622956434790686369e+08 3.011747219430627227e+08
2.900000000000000000e+02 9.600000000000100000e+13 0.000000000000000000e+00 1.302693574290037848e+00 1.614638688144497403e-01 2.973229918072795575e-01 6.368770040625680584e-02 0.000000000000000000e+00 1.241955091756858476e+00 1.835930303176488698e-01 3.724381019138028145e+09 9.307302119611364603e+08
2.910000000000000000e+02 9.600000000000100000e+13 0.000000000000000000e+00 1.371864977924867279e+00 9.365677852699276495e-02 1.354686964766087798e-01 4.011262972122430631e-02 0.000000000000000000e+00 1.432220784498165589e+00 1.113571315501364484e-01 1.472705962269878626e+09 5.063008355161489844e+08
2.920000000000000000e+02 9.600000000000100000e+13 0.000000000000000000e+00 1.084252581604048471e+00 1.235363834241594017e-01 2.602551174367284670e-01 1.550927070816980335e-01 0.000000000000000000e+00 8.827422473973934869e-01 8.734586602061143734e-02 1.054576512685522199e+09 2.229510673605917990e+08
2.930000000000000000e+02 9.600000000000100000e+13 0.000000000000000000e+00 1.521917339960237925e+00 9.855155634151871458e-02 1.810236825430493468e-01 6.449652402018925257e-02 0.000000000000000000e+00 1.736964292414741040e+00 1.275638599307236665e-01 1.590355265586627007e+09 8.946495383028011322e+08
2.940000000000000000e+02 9.600000000000100000e+13 0.000000000000000000e+00 1.116618165399336338e+00 5.887228114677230811e-02 1.307546763490040620e-01 2.990203645910584698e-02 0.000000000000000000e+00 1.198228312476768753e+00 6.129301401005515793e-02 1.566993132810690403e+09 4.055036406822379827e+08
2.950000000000000000e+02 9.600000000000100000e+13 0.000000000000000000e+00 1.177470523723385343e+00 4.441047363602274728e-02 1.589749480553170613e-01 3.946004706521806515e-02 0.000000000000000000e+00 1.398627767057708082e+00 2.831700906001191273e-02 1.150224239300143957e+09 2.448379175375880301e+08
2.960000000000000000e+02 9.600000000000200000e+13 1.000000000000000000e+00 1.062571361977075801e+00 2.966578893051837265e-02 6.151250066752783630e-02 1.519750404726337607e-02 0.000000000000000000e+00 1.082338476602888955e+00 1.777023008068630283e-02 5.625601192899929285e+08 2.579889832539558113e+08
2.970000000000000000e+02 9.600000000000100000e+13 0.000000000000000000e+00 8.853905358086123778e-01 4.699031228178435909e-02 1.763712181390398315e-01 3.727165144809814479e-02 0.000000000000000000e+00 8.913827693858529244e-01 1.195567080414326917e-02 1.574218045372076988e+09 4.507667186886842251e+08
2.980000000000000000e+02 9.600000000000100000e+13 0.000000000000000000e+00 1.122097631547010144e+00 2.420812694783557387e-02 1.047299625483925217e-01 2.119727318633226817e-02 0.000000000000000000e+00 1.254183610306843777e+00 5.869560637058238162e-02 1.140317803891907692e+09 3.082683632231976390e+08
2.990000000000000000e+02 9.600000000000100000e+13 0.000000000000000000e+00 1.282482272117217104e+00 9.799373897503393938e-02 1.948949311046902499e-01 1.014305458289466999e-01 0.000000000000000000e+00 1.341488262508609530e+00 1.171562301586468180e-01 2.163748621111503124e+09 1.411788806545697451e+09
3.000000000000000000e+02 9.600000000000100000e+13 0.000000000000000000e+00 1.082201815240160236e+00 4.508021269125830205e-02 1.528044468899810160e-01 3.051798474387192039e-02 0.000000000000000000e+00 9.583156071252312280e-01 4.001213912012355212e-02 1.548725520742532730e+09 4.523315519942156672e+08
3.010000000000000000e+02 9.600000000000100000e+13 0.000000000000000000e+00 1.825398734201709061e+00 1.934620888368643321e-01 2.655969400979639738e-01 1.136647769628253146e-01 0.000000000000000000e+00 1.864215891599634078e+00 2.067366815147285430e-01 3.193252614668125629e+09 1.603556453325958729e+09
3.020000000000000000e+02 9.600000000000100000e+13 0.000000000000000000e+00 1.552044666719923471e+00 9.267562797652731388e-02 1.296624065148885285e-01 1.516472590620313032e-02 0.000000000000000000e+00 1.658361098344976137e+00 9.853891030873244972e-02 1.207732996068032265e+09 2.074523255522072911e+08
3.030000000000000000e+02 9.600000000000100000e+13 0.000000000000000000e+00 1.252235355143884954e+00 3.854822635766390858e-03 8.433797064857187498e-02 1.901416723651219373e-02 0.000000000000000000e+00 1.324965078923131756e+00 2.644282643562201676e-02 8.728879832083818913e+08 2.467244147007087767e+08
3.040000000000000000e+02 9.600000000000800000e+13 0.000000000000000000e+00 1.648701227872112041e+00 1.368023460940542002e-01 1.680302979734106528e-01 8.033961565748480582e-02 0.000000000000000000e+00 1.668441325634421712e+00 1.770805693767252276e-01 2.269254266648942947e+09 1.084988944318439484e+09
3.050000000000000000e+02 9.600000000000100000e+13 0.000000000000000000e+00 1.147854899628443226e+00 2.547524935233325127e-01 3.191034475396666847e-01 1.515491985788454954e-01 0.000000000000000000e+00 1.550684560510220855e+00 1.643884781600923606e-01 1.083442857654083490e+09 4.145766488106696606e+08
3.060000000000000000e+02 9.600000000000100000e+13 0.000000000000000000e+00 1.373036548917344168e+00 1.099269557117937418e-01 3.141550419420531259e-01 1.289464640239035842e-01 0.000000000000000000e+00 1.302853643690670582e+00 1.539002436668996665e-01 1.819093949064630032e+09 5.033844564320890903e+08
3.070000000000000000e+02 9.600000000000100000e+13 0.000000000000000000e+00 1.231356189157741587e+00 9.462075626339747081e-02 1.276168561629660303e-01 2.504059367885758114e-02 0.000000000000000000e+00 1.295102159125242069e+00 9.709744279803267375e-02 1.111021711626474857e+09 3.525022503003855348e+08
3.080000000000000000e+02 9.600000000000100000e+13 0.000000000000000000e+00 1.347239320979012334e+00 8.400005853874247669e-03 8.549414346729788949e-02 9.717619513199196937e-03 0.000000000000000000e+00 1.487966901584001134e+00 2.959205160242158600e-02 7.962725730640082359e+08 1.287484311102932841e+08
3.090000000000000000e+02 9.600000000000600000e+13 0.000000000000000000e+00 9.653522117985717799e-01 5.112236865319613743e-02 7.478703972936737165e-02 1.973938032822125654e-02 0.000000000000000000e+00 1.428769858616570909e+00 7.388735547856720154e-02 5.940759816570779085e+08 1.790912462534752488e+08
3.100000000000000000e+02 9.600000000000100000e+13 0.000000000000000000e+00 1.060561989471267896e+00 3.023196795576548260e-02 1.671321543906647833e-01 2.949251805102684476e-02 0.000000000000000000e+00 1.059368134595594757e+00 4.073437999793724090e-02 1.267492959083716869e+09 4.708288896335808039e+08
3.110000000000000000e+02 9.600000000000200000e+13 0.000000000000000000e+00 1.270388737255040867e+00 1.574265817787385002e-01 1.572735309567147854e-01 4.969574311884450424e-02 0.000000000000000000e+00 1.305393630947099926e+00 1.715648230468205249e-01 1.687693355565950632e+09 6.813480482852624655e+08
3.120000000000000000e+02 9.600000000000100000e+13 0.000000000000000000e+00 1.714236628865099199e+00 1.089762486514250922e-01 2.982307268712919290e-01 1.741807312690199505e-01 0.000000000000000000e+00 1.655421770575157714e+00 2.584532916236753283e-02 1.067454622910699368e+09 3.753726831513677239e+08
3.130000000000000000e+02 9.600000000000300000e+13 0.000000000000000000e+00 1.459002226459427121e+00 1.454027784654414179e-01 1.429987798324361958e-01 5.251800885098685534e-02 0.000000000000000000e+00 1.462957978411100646e+00 1.621644274231131833e-01 1.617556813981933594e+09 8.109150974006385803e+08
3.140000000000000000e+02 9.600000000000100000e+13 0.000000000000000000e+00 1.175252622647450229e+00 2.578860240281847238e-01 3.509820055056865895e-01 1.730877066045628243e-01 0.000000000000000000e+00 1.494624058554869350e+00 8.527228934043243336e-02 8.697788026813118458e+08 4.006757755000237226e+08
3.150000000000000000e+02 9.600000000000700000e+13 0.000000000000000000e+00 1.045660168453255379e+00 4.338837236891707888e-02 1.209362406083099445e-01 3.591368349221159967e-02 0.000000000000000000e+00 1.156724917608812353e+00 2.233817067576226306e-02 3.679162810204330683e+08 8.833978188137179613e+07
3.160000000000000000e+02 9.600000000000200000e+13 0.000000000000000000e+00 1.211669103433928418e+00 4.896560207628372630e-02 6.495750096451942401e-02 1.621828479105824963e-02 0.000000000000000000e+00 1.117296765016656312e+00 6.382147806652380129e-02 5.327685765536805391e+08 2.123403336543415785e+08
3.170000000000000000e+02 9.600000000000100000e+13 0.000000000000000000e+00 1.076681374724865359e+00 5.934771456999513028e-02 1.433468689137964713e-01 7.871601529311809953e-02 0.000000000000000000e+00 1.283965816769855772e+00 4.124840874189499712e-02 8.993875822411345243e+08 2.579282629165501893e+08
3.180000000000000000e+02 9.600000000000100000e+13 0.000000000000000000e+00 1.447789047090070946e+00 4.158427300794317188e-02 1.503285193983492085e-01 2.960248482931178426e-02 0.000000000000000000e+00 1.528026038997887248e+00 3.346410358296152132e-02 1.161540073052922249e+09 2.008402981246549189e+08
3.190000000000000000e+02 9.600000000000100000e+13 0.000000000000000000e+00 1.203977393001761653e+00 1.672520803829779037e-02 3.426451010673228770e-02 7.009525802657121281e-03 0.000000000000000000e+00 1.243268060043219325e+00 3.180903070483460243e-02 2.909301671661227345e+08 9.345163133987802267e+07
3.200000000000000000e+02 9.600000000000100000e+13 0.000000000000000000e+00 1.073663403746168088e+00 2.110021164940648064e-01 1.743179572353213136e-01 1.049241793804900624e-01 0.000000000000000000e+00 1.044274955252523895e+00 2.023156217822015546e-01 2.300647059334477901e+09 1.532055421898656368e+09
3.210000000000000000e+02 9.600000000000100000e+13 0.000000000000000000e+00 1.266205258988820415e+00 7.155579913778814527e-02 2.128936888465795263e-01 3.254385612781501846e-02 0.000000000000000000e+00 1.100931692557977515e+00 1.350309216475093776e-01 2.174269526700766087e+09 4.766001616525798440e+08
3.220000000000000000e+02 9.600000000000300000e+13 0.000000000000000000e+00 8.018303894524093645e-01 7.128748037583561292e-02 7.596057356624053014e-02 3.377695617689122770e-02 0.000000000000000000e+00 1.040301055846181155e+00 4.769354559588954295e-02 4.111963150273829699e+08 8.226030727697016299e+07
3.230000000000000000e+02 9.600000000000300000e+13 0.000000000000000000e+00 1.225814880550134767e+00 9.320270122702434268e-02 1.072475513505476569e-01 3.786093076274966301e-02 0.000000000000000000e+00 1.050930877755687831e+00 8.412404559398271864e-02 1.433072978794490099e+09 5.997381176379127502e+08
3.240000000000000000e+02 9.600000000000100000e+13 0.000000000000000000e+00 1.854848460529100018e+00 7.161233720011836446e-02 1.791351132303671545e-01 2.129284195014805384e-02 0.000000000000000000e+00 1.744339704941256342e+00 1.136680414258433441e-01 1.847455973297116995e+09 2.419562779290184379e+08
