# rID[0] Hid[1]   R200: DS[2], eta[3], detla[4], fm[5], fm2[6];   R500: DS[7], eta[8], detla[9], fm[10], fm2[11]
1.000000000000000000e+00 4.300000000044600000e+13 0.000000000000000000e+00 1.082935718037104866e+00 1.386848930917136125e-01 -1.000000000000000000e+00 -1.000000000000000000e+00 0.000000000000000000e+00 8.882650436434205155e-01 6.277075918605437566e-02 -1.000000000000000000e+00 -1.000000000000000000e+00
2.000000000000000000e+00 4.300000000001200000e+13 0.000000000000000000e+00 9.902782530698218677e-01 1.366495633545202204e-01 9.826679099032395448e-02 9.826679099032395448e-02 0.000000000000000000e+00 8.829351159503161517e-01 1.462566200720002985e-01 1.199451266548906803e+09 1.199451266548906803e+09
3.000000000000000000e+00 4.300000000000100000e+13 0.000000000000000000e+00 1.182185934876229805e+00 5.569266980163903313e-02 4.259310626147256446e-02 1.794815789961618988e-02 0.000000000000000000e+00 1.333309870459767676e+00 4.027017875468188318e-02 4.374574126528663039e+08 2.436716191492277682e+08
4.000000000000000000e+00 4.300000000015300000e+13 1.000000000000000000e+00 8.791392726101413535e-01 2.423435978747568234e-02 -1.000000000000000000e+00 -1.000000000000000000e+00 0.000000000000000000e+00 1.101154487076793975e+00 6.569982938175274179e-02 -1.000000000000000000e+00 -1.000000000000000000e+00
5.000000000000000000e+00 4.300000000007100000e+13 0.000000000000000000e+00 9.549029345868927932e-01 9.185283441144712069e-02 -1.000000000000000000e+00 -1.000000000000000000e+00 0.000000000000000000e+00 8.540548014810389610e-01 4.769597153774925158e-02 -1.000000000000000000e+00 -1.000000000000000000e+00
6.000000000000000000e+00 4.300000000000100000e+13 0.000000000000000000e+00 1.103333174238800840e+00 7.075054449139368817e-02 5.958647004954563398e-02 3.985136309202338967e-02 0.000000000000000000e+00 9.824470731900933895e-01 9.723266073647324204e-02 7.140802274549016953e+08 4.775760402903230786e+08
7.000000000000000000e+00 4.300000000004400000e+13 0.000000000000000000e+00 1.201643994502556101e+00 1.619773994971872577e-01 -1.000000000000000000e+00 -1.000000000000000000e+00 0.000000000000000000e+00 1.307455784945192212e+00 8.217468991794278643e-02 -1.000000000000000000e+00 -1.000000000000000000e+00
8.000000000000000000e+00 4.300000000032000000e+13 0.000000000000000000e+00 1.027990809208939815e+00 6.438968370182353296e-02 -1.000000000000000000e+00 -1.000000000000000000e+00 0.000000000000000000e+00 9.709491718567858642e-01 7.241208412463083499e-02 -1.000000000000000000e+00 -1.000000000000000000e+00
9.000000000000000000e+00 4.300000000000500000e+13 0.000000000000000000e+00 9.624918361623174823e-01 6.829748871133807520e-02 -1.000000000000000000e+00 -1.000000000000000000e+00 0.000000000000000000e+00 1.036484653686731150e+00 6.950460442554008689e-02 -1.000000000000000000e+00 -1.000000000000000000e+00
1.000000000000000000e+01 4.300000000006200000e+13 0.000000000000000000e+00 2.408323710487234037e-01 2.610814248252520398e-01 3.865735714684516711e-01 3.865735714684516711e-01 0.000000000000000000e+00 1.423913739709428805e+00 1.031960008156417447e-01 -1.000000000000000000e+00 -1.000000000000000000e+00
1.100000000000000000e+01 4.300000000033200000e+13 0.000000000000000000e+00 7.408780513397146272e-01 1.123744236521464213e-01 -1.000000000000000000e+00 -1.000000000000000000e+00 0.000000000000000000e+00 6.581479075727427741e-01 5.274884071795024609e-02 -1.000000000000000000e+00 -1.000000000000000000e+00
1.200000000000000000e+01 4.300000000000500000e+13 0.000000000000000000e+00 1.289070312150555564e+00 1.358848589780965177e-01 1.348310047839143822e-01 9.671571325654246265e-02 0.000000000000000000e+00 1.260207248075796427e+00 1.594779021684535336e-01 1.484610792482057333e+09 1.064927105849120975e+09
1.300000000000000000e+01 4.300000000012200000e+13 0.000000000000000000e+00 8.773310747235472107e-01 9.476081727265486809e-02 -1.000000000000000000e+00 -1.000000000000000000e+00 0.000000000000000000e+00 6.493329426024520012e-01 9.654045774231605204e-02 -1.000000000000000000e+00 -1.000000000000000000e+00
1.400000000000000000e+01 4.300000000011500000e+13 0.000000000000000000e+00 8.664151998827909207e-01 1.042120948268007441e-01 -1.000000000000000000e+00 -1.000000000000000000e+00 0.000000000000000000e+00 8.419914584869666596e-01 1.072409615375217451e-01 -1.000000000000000000e+00 -1.000000000000000000e+00
1.500000000000000000e+01 4.300000000000100000e+13 0.000000000000000000e+00 1.182750797258873332e+00 4.330339509475220755e-02 2.874343837980201585e-02 2.277340840977204461e-02 0.000000000000000000e+00 1.212813870117192883e+00 6.553358701607601977e-02 3.328113863873982430e+08 2.636862551193110049e+08
1.600000000000000000e+01 4.300000000000100000e+13 0.000000000000000000e+00 1.267990669997160591e+00 1.057187381136172472e-01 6.319625302569260861e-02 5.757843282691048337e-02 0.000000000000000000e+00 1.242178089736732272e+00 1.388300642730231904e-01 6.411518963809463978e+08 6.411518963809463978e+08
1.700000000000000000e+01 4.300000000001800000e+13 0.000000000000000000e+00 9.886212594379547580e-01 2.727160565375139761e-02 1.375110909743066934e-01 7.263172301825526755e-02 0.000000000000000000e+00 1.032173158513511213e+00 5.780403434417555331e-02 -1.000000000000000000e+00 -1.000000000000000000e+00
1.800000000000000000e+01 4.300000000000500000e+13 1.000000000000000000e+00 1.113334742581240100e+00 1.956651176836411363e-02 -1.000000000000000000e+00 -1.000000000000000000e+00 0.000000000000000000e+00 1.203004360780162596e+00 1.160570527685882494e-02 -1.000000000000000000e+00 -1.000000000000000000e+00
1.900000000000000000e+01 4.300000000000200000e+13 0.000000000000000000e+00 9.964865506791629191e-01 8.081711962429473373e-02 1.961835706842653820e-02 1.961835706842653820e-02 0.000000000000000000e+00 1.015136368350273877e+00 5.044850882144513715e-02 2.571140446843167245e+08 2.571140446843167245e+08
2.000000000000000000e+01 4.300000000131100000e+13 0.000000000000000000e+00 1.059954297198127948e+00 1.262583629293704546e-01 -1.000000000000000000e+00 -1.000000000000000000e+00 0.000000000000000000e+00 1.993909978434715402e+00 9.972206908959344029e-02 -1.000000000000000000e+00 -1.000000000000000000e+00
2.100000000000000000e+01 4.300000000010200000e+13 0.000000000000000000e+00 1.016261972957548831e+00 5.839866802833863085e-02 -1.000000000000000000e+00 -1.000000000000000000e+00 0.000000000000000000e+00 1.007040317044399336e+00 9.741548365466187742e-02 -1.000000000000000000e+00 -1.000000000000000000e+00
2.200000000000000000e+01 4.300000000006800000e+13 0.000000000000000000e+00 7.478314033406385786e-01 1.808699923287403200e-01 -1.000000000000000000e+00 -1.000000000000000000e+00 0.000000000000000000e+00 6.320092554605963864e-01 1.937744001850067455e-01 -1.000000000000000000e+00 -1.000000000000000000e+00
2.300000000000000000e+01 4.300000000075400000e+13 0.000000000000000000e+00 2.321080736286852408e-01 1.749346373359948192e-01 2.779245945015080266e-01 2.779245945015080266e-01 0.000000000000000000e+00 8.259444835295849385e-01 2.370228959392684798e-01 -1.000000000000000000e+00 -1.000000000000000000e+00
2.400000000000000000e+01 4.300000000005900000e+13 0.000000000000000000e+00 9.789339321711991726e-01 1.526420842456829019e-01 1.518331877892521720e-01 1.518331877892521720e-01 0.000000000000000000e+00 9.665290003592674761e-01 1.268403063487149596e-01 2.066706868741998911e+09 2.066706868741998911e+09
2.500000000000000000e+01 -1.000000000000000000e+00 -1.000000000000000000e+00 -1.000000000000000000e+00 -1.000000000000000000e+00 -1.000000000000000000e+00 -1.000000000000000000e+00 -1.000000000000000000e+00 -1.000000000000000000e+00 -1.000000000000000000e+00 -1.000000000000000000e+00 -1.000000000000000000e+00
2.600000000000000000e+01 4.300000000001100000e+13 0.000000000000000000e+00 1.028368350423873645e+00 4.966488639088089546e-02 3.945685486013924409e-02 3.945685486013924409e-02 0.000000000000000000e+00 1.109848344022141164e+00 8.246833843401628339e-02 5.140587870234381557e+08 5.140587870234381557e+08
2.700000000000000000e+01 4.300000000002400000e+13 0.000000000000000000e+00 9.298055659349026003e-01 6.362599589165802982e-02 -1.000000000000000000e+00 -1.000000000000000000e+00 1.000000000000000000e+00 8.747937725755617899e-01 3.422958480045633356e-02 -1.000000000000000000e+00 -1.000000000000000000e+00
2.800000000000000000e+01 4.300000000015500000e+13 0.000000000000000000e+00 1.098555958766655349e+00 1.426581494218325252e-01 1.407092419061153898e-01 1.407092419061153898e-01 0.000000000000000000e+00 1.175640513356765338e+00 1.536943734734926570e-01 2.014459762475359440e+09 2.014459762475359440e+09
2.900000000000000000e+01 4.300000000000200000e+13 0.000000000000000000e+00 9.812747823826299953e-01 7.669810050225700504e-02 6.293738468722966106e-02 6.293738468722966106e-02 1.000000000000000000e+00 1.139537979093945719e+00 3.151220730665542369e-02 -1.000000000000000000e+00 -1.000000000000000000e+00
3.000000000000000000e+01 4.300000000008100000e+13 0.000000000000000000e+00 8.518936366195180021e-01 1.277550816176637183e-01 -1.000000000000000000e+00 -1.000000000000000000e+00 0.000000000000000000e+00 8.495098705181876042e-01 9.791601276667441511e-02 -1.000000000000000000e+00 -1.000000000000000000e+00
3.100000000000000000e+01 4.300000000010600000e+13 0.000000000000000000e+00 9.445439162392218480e-01 1.630793189203064986e-01 1.525017995803531756e-01 1.525017995803531756e-01 0.000000000000000000e+00 8.687290202941432282e-01 8.045693259838569700e-02 -1.000000000000000000e+00 -1.000000000000000000e+00
3.200000000000000000e+01 4.300000000000100000e+13 0.000000000000000000e+00 1.046787102117045842e+00 9.695176200909803865e-02 8.521932243736754509e-02 4.745006822074491343e-02 0.000000000000000000e+00 1.127237349765277230e+00 4.841935428181367435e-02 6.866561798033704758e+08 6.866561798033704758e+08
3.300000000000000000e+01 4.300000000004900000e+13 0.000000000000000000e+00 1.206377853426791935e+00 6.663896599456162195e-02 -1.000000000000000000e+00 -1.000000000000000000e+00 0.000000000000000000e+00 1.197576277408167078e+00 7.183563375936015405e-02 -1.000000000000000000e+00 -1.000000000000000000e+00
3.400000000000000000e+01 4.300000000000200000e+13 0.000000000000000000e+00 1.276317730218585078e+00 3.140906992044048551e-02 6.682857259363467195e-02 3.624339918853344833e-02 0.000000000000000000e+00 1.260891279270352161e+00 5.251155561712458203e-02 4.814604463691431880e+08 4.248831729519045353e+08
3.500000000000000000e+01 4.300000000002000000e+13 0.000000000000000000e+00 8.749695462277045088e-01 1.427000641209300591e-01 2.103260702323324349e-01 2.103260702323324349e-01 0.000000000000000000e+00 1.026921600906164578e+00 1.059256524623243545e-01 -1.000000000000000000e+00 -1.000000000000000000e+00
3.600000000000000000e+01 4.300000000000100000e+13 0.000000000000000000e+00 1.450189072777121391e+00 9.838430496589639640e-02 4.006710101852187234e-01 2.009093298053571952e-01 0.000000000000000000e+00 7.556381160693973476e-01 1.408149814857803661e-01 5.527969442805670738e+09 2.838510579011073112e+09
3.700000000000000000e+01 4.300000000000900000e+13 0.000000000000000000e+00 1.402204184905142315e+00 2.634795528665644371e-01 3.282067601019211245e-01 2.293236494657763247e-01 0.000000000000000000e+00 1.176719857427745541e+00 3.539956972155593462e-01 3.343272952988158703e+09 2.902563373705528736e+09
3.800000000000000000e+01 4.300000000000100000e+13 1.000000000000000000e+00 1.051274799357921230e+00 3.368991546400747911e-02 6.298386899789447380e-02 3.072572411198882386e-02 0.000000000000000000e+00 1.253389889867590812e+00 2.772123893157269273e-02 8.309811220343116522e+08 4.053815223505993485e+08
3.900000000000000000e+01 4.300000000002600000e+13 0.000000000000000000e+00 8.389697297380651619e-01 5.955184771036665242e-02 -1.000000000000000000e+00 -1.000000000000000000e+00 0.000000000000000000e+00 9.977087197921474804e-01 9.839433375919748315e-02 -1.000000000000000000e+00 -1.000000000000000000e+00
4.000000000000000000e+01 4.300000000110700000e+13 0.000000000000000000e+00 8.592920828433399105e-01 9.111491680834538087e-02 -1.000000000000000000e+00 -1.000000000000000000e+00 0.000000000000000000e+00 7.249202684900176719e-01 1.238430446256612028e-01 -1.000000000000000000e+00 -1.000000000000000000e+00
4.100000000000000000e+01 4.300000000001700000e+13 0.000000000000000000e+00 1.240724774768688476e+00 6.874442473870241710e-02 -1.000000000000000000e+00 -1.000000000000000000e+00 0.000000000000000000e+00 1.068443617651367417e+00 7.806706818499964395e-02 -1.000000000000000000e+00 -1.000000000000000000e+00
4.200000000000000000e+01 4.300000000000700000e+13 0.000000000000000000e+00 9.723661109572891981e-01 1.588839223998413375e-01 2.283150381661785411e-01 1.304234024398680802e-01 0.000000000000000000e+00 8.150825582723607576e-01 1.717245244015183359e-01 2.950232920142165661e+09 1.685300357460414648e+09
4.300000000000000000e+01 4.300000000015300000e+13 0.000000000000000000e+00 1.205826507574586870e+00 9.584459124718371081e-02 -1.000000000000000000e+00 -1.000000000000000000e+00 0.000000000000000000e+00 1.115035541869706215e+00 1.443861488556533179e-01 -1.000000000000000000e+00 -1.000000000000000000e+00
4.400000000000000000e+01 4.300000000003500000e+13 0.000000000000000000e+00 1.007235273944906195e+00 4.855229018099836702e-02 -1.000000000000000000e+00 -1.000000000000000000e+00 1.000000000000000000e+00 8.734295289647258098e-01 3.786004121121181593e-02 -1.000000000000000000e+00 -1.000000000000000000e+00
4.500000000000000000e+01 4.300000000000100000e+13 1.000000000000000000e+00 8.734490314157505875e-01 3.219258661777252978e-02 3.652711901148927159e-02 3.652711901148927159e-02 0.000000000000000000e+00 1.024134064474261807e+00 5.585035190272414490e-02 -1.000000000000000000e+00 -1.000000000000000000e+00
4.600000000000000000e+01 4.300000000001400000e+13 0.000000000000000000e+00 1.000738849506304318e+00 2.011526274857288743e-01 1.816244256012472524e-01 1.430601255605981337e-01 0.000000000000000000e+00 7.421812678619429393e-01 1.189060396357138477e-01 2.031950493751708984e+09 2.031950493751708984e+09
4.700000000000000000e+01 4.300000000003100000e+13 0.000000000000000000e+00 8.994379880890089884e-01 4.836356025039111051e-02 -1.000000000000000000e+00 -1.000000000000000000e+00 0.000000000000000000e+00 8.662980247187082039e-01 5.547531889765033863e-02 -1.000000000000000000e+00 -1.000000000000000000e+00
4.800000000000000000e+01 4.300000000000100000e+13 0.000000000000000000e+00 1.281830823117444451e+00 8.308331511824702809e-02 6.455054595947908036e-02 3.539908691169973282e-02 0.000000000000000000e+00 1.390645154726861232e+00 7.554516002134203934e-02 8.344545586107331514e+08 4.576092890471930504e+08
4.900000000000000000e+01 4.300000000001000000e+13 1.000000000000000000e+00 9.908696099472643626e-01 2.912985432187992565e-02 -1.000000000000000000e+00 -1.000000000000000000e+00 0.000000000000000000e+00 1.051931152071533093e+00 6.597845743233415883e-02 -1.000000000000000000e+00 -1.000000000000000000e+00
5.000000000000000000e+01 4.300000000012500000e+13 0.000000000000000000e+00 1.144725162068003455e+00 1.773581010408728509e-01 1.307547581553632765e-01 1.307547581553632765e-01 0.000000000000000000e+00 9.698409563563590297e-01 2.447716903735797644e-01 1.680586578028262615e+09 1.680586578028262615e+09
5.100000000000000000e+01 4.300000000011400000e+13 0.000000000000000000e+00 9.740788891411511496e-01 6.719212363008464362e-02 -1.000000000000000000e+00 -1.000000000000000000e+00 0.000000000000000000e+00 8.837802750944471208e-01 9.797565756953742488e-02 -1.000000000000000000e+00 -1.000000000000000000e+00
5.200000000000000000e+01 4.300000000000200000e+13 0.000000000000000000e+00 6.843372532117575346e-01 1.515032748874583224e-01 3.668006950929518228e-01 3.414860740726478050e-01 0.000000000000000000e+00 1.368246004694296580e+00 6.282698073964217145e-02 3.791940592536504865e+08 3.791940592536504865e+08
5.300000000000000000e+01 4.300000000100600000e+13 0.000000000000000000e+00 9.095841872729065747e-01 5.029070207185612484e-02 -1.000000000000000000e+00 -1.000000000000000000e+00 0.000000000000000000e+00 7.608211778116819035e-01 5.166809590351745252e-02 -1.000000000000000000e+00 -1.000000000000000000e+00
5.400000000000000000e+01 4.300000000000200000e+13 1.000000000000000000e+00 1.088670342900446952e+00 2.499795095181977372e-02 2.635416931243808950e-02 1.523894490868913688e-02 0.000000000000000000e+00 1.108824555188118621e+00 3.060368019793503064e-02 1.851013273038572669e+08 1.851013273038572669e+08
5.500000000000000000e+01 4.300000000000100000e+13 0.000000000000000000e+00 9.681142313848200009e-01 5.809315989898444776e-02 1.245582699658484699e-01 8.521360708862527056e-02 0.000000000000000000e+00 1.146954577164678746e+00 3.438919540828718618e-02 1.629043114558356285e+09 1.114471483366516352e+09
5.600000000000000000e+01 4.300000000003000000e+13 0.000000000000000000e+00 9.728872133811249379e-01 6.190658852594124739e-02 -1.000000000000000000e+00 -1.000000000000000000e+00 0.000000000000000000e+00 9.656484496285930863e-01 4.094247698184207140e-02 -1.000000000000000000e+00 -1.000000000000000000e+00
5.700000000000000000e+01 4.300000000004000000e+13 0.000000000000000000e+00 9.895258370863233566e-01 8.376016750726204829e-02 -1.000000000000000000e+00 -1.000000000000000000e+00 0.000000000000000000e+00 8.987622994904025386e-01 8.528242618804215969e-02 -1.000000000000000000e+00 -1.000000000000000000e+00
5.800000000000000000e+01 4.300000000000900000e+13 1.000000000000000000e+00 1.083217115386073237e+00 2.762292832740025073e-02 -1.000000000000000000e+00 -1.000000000000000000e+00 0.000000000000000000e+00 1.120445978308010737e+00 4.746499392100633069e-02 -1.000000000000000000e+00 -1.000000000000000000e+00
5.900000000000000000e+01 -1.000000000000000000e+00 -1.000000000000000000e+00 -1.000000000000000000e+00 -1.000000000000000000e+00 -1.000000000000000000e+00 -1.000000000000000000e+00 -1.000000000000000000e+00 -1.000000000000000000e+00 -1.000000000000000000e+00 -1.000000000000000000e+00 -1.000000000000000000e+00
6.000000000000000000e+01 4.300000000000200000e+13 1.000000000000000000e+00 9.463810594098384099e-01 2.897913991164111081e-02 -1.000000000000000000e+00 -1.000000000000000000e+00 0.000000000000000000e+00 1.053795294058327725e+00 4.062069275727266116e-02 -1.000000000000000000e+00 -1.000000000000000000e+00
6.100000000000000000e+01 4.300000000001600000e+13 1.000000000000000000e+00 9.011442601048276213e-01 2.019081554009128851e-02 -1.000000000000000000e+00 -1.000000000000000000e+00 1.000000000000000000e+00 9.387922299295177186e-01 3.652805193934349076e-02 -1.000000000000000000e+00 -1.000000000000000000e+00
6.200000000000000000e+01 4.300000000003000000e+13 0.000000000000000000e+00 1.013069039065932930e+00 1.707727607053550756e-01 7.776484453963956878e-02 7.776484453963956878e-02 0.000000000000000000e+00 9.021561320006314943e-01 2.652901364644640325e-01 -1.000000000000000000e+00 -1.000000000000000000e+00
6.300000000000000000e+01 4.300000000000100000e+13 1.000000000000000000e+00 1.131306935469811537e+00 8.532946000994174815e-03 8.027272964305269543e-02 4.196803379135921608e-02 0.000000000000000000e+00 1.207218391154186055e+00 5.762231612328481967e-02 4.992225307726797462e+08 4.992225307726797462e+08
6.400000000000000000e+01 4.300000000000400000e+13 1.000000000000000000e+00 1.066026293924593693e+00 2.484808013126951765e-02 8.220531949794049331e-02 8.220531949794049331e-02 1.000000000000000000e+00 1.001244888949017975e+00 3.774766480257110007e-02 -1.000000000000000000e+00 -1.000000000000000000e+00
6.500000000000000000e+01 4.300000000024800000e+13 0.000000000000000000e+00 1.391509586191161718e+00 1.664423611203926789e-01 -1.000000000000000000e+00 -1.000000000000000000e+00 0.000000000000000000e+00 6.306840341346011680e-01 1.469207887473156227e-01 -1.000000000000000000e+00 -1.000000000000000000e+00
6.600000000000000000e+01 4.300000000004400000e+13 0.000000000000000000e+00 nan 2.404216303101629759e-01 1.504473308230301343e-01 1.504473308230301343e-01 0.000000000000000000e+00 9.797342121044201324e-01 2.928792657256054088e-01 1.945552480096366882e+09 1.945552480096366882e+09
6.700000000000000000e+01 4.300000000001200000e+13 0.000000000000000000e+00 6.616312197025208119e-01 1.765934549403515574e-01 -1.000000000000000000e+00 -1.000000000000000000e+00 0.000000000000000000e+00 7.732537380936307381e-01 1.747910687672596941e-01 -1.000000000000000000e+00 -1.000000000000000000e+00
6.800000000000000000e+01 4.300000000000600000e+13 0.000000000000000000e+00 1.114719001726276471e+00 1.056697423476839481e-01 1.294889715979581635e-01 1.129111382598895763e-01 0.000000000000000000e+00 1.121208357932982125e+00 7.048117981528272125e-02 -1.000000000000000000e+00 -1.000000000000000000e+00
6.900000000000000000e+01 4.300000000005100000e+13 0.000000000000000000e+00 1.027609315822851643e+00 5.577872786267510513e-02 -1.000000000000000000e+00 -1.000000000000000000e+00 0.000000000000000000e+00 8.115638655868082640e-01 9.804418268143763604e-02 -1.000000000000000000e+00 -1.000000000000000000e+00
7.000000000000000000e+01 4.300000000001600000e+13 0.000000000000000000e+00 1.015845584949899960e+00 6.663787751010639970e-02 3.475996713581830377e-02 3.475996713581830377e-02 1.000000000000000000e+00 1.045750688031484410e+00 2.425580272063626586e-02 -1.000000000000000000e+00 -1.000000000000000000e+00
7.100000000000000000e+01 4.300000000007300000e+13 0.000000000000000000e+00 1.070585397219466994e+00 1.602443205312155672e-01 -1.000000000000000000e+00 -1.000000000000000000e+00 0.000000000000000000e+00 9.252636061241857890e-01 1.872924975028387451e-01 -1.000000000000000000e+00 -1.000000000000000000e+00
7.200000000000000000e+01 4.300000000001500000e+13 0.000000000000000000e+00 1.172819542919413482e+00 1.516071797027836732e-01 2.217823097080554307e-01 1.180292689563135905e-01 0.000000000000000000e+00 9.762739987599325930e-01 1.674924305028735738e-01 3.005646496784248352e+09 1.599560664795730591e+09
7.300000000000000000e+01 4.300000000001100000e+13 0.000000000000000000e+00 8.790905691838166724e-01 5.714547529690522376e-02 1.660210229689319250e-01 1.660210229689319250e-01 0.000000000000000000e+00 8.608411944191782794e-01 1.013865843278535239e-01 -1.000000000000000000e+00 -1.000000000000000000e+00
7.400000000000000000e+01 4.300000000000100000e+13 0.000000000000000000e+00 1.024303028906717428e+00 4.655324801965454035e-02 5.538150869239433227e-02 2.732173404902048588e-02 0.000000000000000000e+00 1.011347294665389418e+00 5.247079497539125503e-02 5.036364188429725170e+08 3.452444676414117813e+08
7.500000000000000000e+01 4.300000000004300000e+13 0.000000000000000000e+00 8.579644358389899583e-01 6.668757972248939847e-02 -1.000000000000000000e+00 -1.000000000000000000e+00 0.000000000000000000e+00 7.676893048766488814e-01 8.192550552249901197e-02 -1.000000000000000000e+00 -1.000000000000000000e+00
7.600000000000000000e+01 4.300000000000800000e+13 0.000000000000000000e+00 1.586852569935323365e-01 2.716916809034234381e-01 2.457761570920689864e-01 2.457761570920689864e-01 0.000000000000000000e+00 6.262969121917952853e-01 9.808423122702047969e-02 -1.000000000000000000e+00 -1.000000000000000000e+00
7.700000000000000000e+01 4.300000000000400000e+13 0.000000000000000000e+00 7.870665944106189915e-01 1.928620722400886112e-01 4.477143823814506984e-02 4.477143823814506984e-02 0.000000000000000000e+00 9.198362914976260241e-01 1.722097715574414656e-01 7.394732920398812294e+08 7.394732920398812294e+08
7.800000000000000000e+01 4.300000000006300000e+13 0.000000000000000000e+00 8.714471880136597237e-01 8.482012713415883198e-02 -1.000000000000000000e+00 -1.000000000000000000e+00 0.000000000000000000e+00 9.942808288145627005e-01 1.083122799932052654e-01 -1.000000000000000000e+00 -1.000000000000000000e+00
7.900000000000000000e+01 4.300000000008700000e+13 0.000000000000000000e+00 1.070141519187395085e+00 2.528708449899133015e-01 -1.000000000000000000e+00 -1.000000000000000000e+00 0.000000000000000000e+00 9.972304398423322835e-01 2.914781145238283244e-01 -1.000000000000000000e+00 -1.000000000000000000e+00
8.000000000000000000e+01 4.300000000000600000e+13 0.000000000000000000e+00 1.200052928793608809e+00 3.924691754748510508e-02 1.739432016059517389e-02 1.739432016059517389e-02 0.000000000000000000e+00 1.206637490255480616e+00 4.415772499969860404e-02 2.158233585845862925e+08 2.158233585845862925e+08
8.100000000000000000e+01 4.300000000006100000e+13 0.000000000000000000e+00 1.032147195192391509e+00 6.294686813198660524e-02 -1.000000000000000000e+00 -1.000000000000000000e+00 0.000000000000000000e+00 1.148592085505661498e+00 1.271762182559945664e-01 -1.000000000000000000e+00 -1.000000000000000000e+00
8.200000000000000000e+01 4.300000000013300000e+13 0.000000000000000000e+00 9.844066954132164593e-01 4.826156619767534017e-02 -1.000000000000000000e+00 -1.000000000000000000e+00 0.000000000000000000e+00 1.310268346904547743e+00 6.245764959693623185e-03 -1.000000000000000000e+00 -1.000000000000000000e+00
8.300000000000000000e+01 4.300000000003900000e+13 0.000000000000000000e+00 1.007423693627910399e+00 8.044453890028122056e-02 -1.000000000000000000e+00 -1.000000000000000000e+00 0.000000000000000000e+00 9.804180797959107796e-01 1.145251976515584275e-01 -1.000000000000000000e+00 -1.000000000000000000e+00
8.400000000000000000e+01 4.300000000010800000e+13 0.000000000000000000e+00 9.587570454783304053e-01 9.605706186607716746e-02 -1.000000000000000000e+00 -1.000000000000000000e+00 0.000000000000000000e+00 7.926762440600371162e-01 8.509083523506931479e-02 -1.000000000000000000e+00 -1.000000000000000000e+00
8.500000000000000000e+01 4.300000000052100000e+13 0.000000000000000000e+00 7.461111164256626349e-01 2.272350806513071808e-01 -1.000000000000000000e+00 -1.000000000000000000e+00 0.000000000000000000e+00 1.045166373535658888e+00 9.578006946430352164e-02 -1.000000000000000000e+00 -1.000000000000000000e+00
8.600000000000000000e+01 -1.000000000000000000e+00 -1.000000000000000000e+00 -1.000000000000000000e+00 -1.000000000000000000e+00 -1.000000000000000000e+00 -1.000000000000000000e+00 -1.000000000000000000e+00 -1.000000000000000000e+00 -1.000000000000000000e+00 -1.000000000000000000e+00 -1.000000000000000000e+00
8.700000000000000000e+01 4.300000000000200000e+13 0.000000000000000000e+00 1.264436335719363536e+00 3.974328931177645990e-02 1.768807616868257604e-01 1.046534815299117321e-01 0.000000000000000000e+00 1.186951977625386512e+00 7.026989503804488557e-02 2.002196944061316967e+09 1.184622221808157444e+09
8.800000000000000000e+01 4.300000000000100000e+13 0.000000000000000000e+00 1.537091145692697003e+00 2.347826455367534870e-01 1.280237698539388735e-01 1.156072910846835389e-01 0.000000000000000000e+00 1.415637793869324979e+00 2.748802150629492402e-01 1.749865501596824169e+09 1.601890194192369938e+09
8.900000000000000000e+01 4.300000000000100000e+13 0.000000000000000000e+00 1.190440792484932286e+00 1.875585247807190492e-01 1.689791981762784612e-01 1.023289713070734963e-01 0.000000000000000000e+00 1.163022183294756484e+00 2.262597583720330208e-01 1.535787604776898623e+09 1.248072678631417751e+09
9.000000000000000000e+01 4.300000000002300000e+13 0.000000000000000000e+00 1.169688091311739564e+00 1.815408753448255752e-01 4.898715075306098732e-01 2.661550026708247030e-01 0.000000000000000000e+00 1.278347550383768239e+00 1.961590250118261103e-01 2.601425542073690891e+09 1.251173803724411249e+09
9.100000000000000000e+01 4.300000000055200000e+13 0.000000000000000000e+00 1.295055376831823812e+00 5.419787182322367836e-02 -1.000000000000000000e+00 -1.000000000000000000e+00 0.000000000000000000e+00 1.259392872399966112e+00 4.642168518967670909e-02 -1.000000000000000000e+00 -1.000000000000000000e+00
9.200000000000000000e+01 4.300000000000200000e+13 0.000000000000000000e+00 1.151585379281498511e+00 4.026691959537103543e-02 8.932763631428451701e-02 6.655356867076316074e-02 0.000000000000000000e+00 1.126606110717362608e+00 7.881536391895471727e-02 1.061352280578623295e+09 7.907606738953291178e+08
9.300000000000000000e+01 4.300000000004100000e+13 0.000000000000000000e+00 8.402765203014874729e-01 2.106525988210275480e-02 9.691241213556273104e-02 9.691241213556273104e-02 1.000000000000000000e+00 9.024938404862413721e-01 2.912259854681071777e-02 -1.000000000000000000e+00 -1.000000000000000000e+00
9.400000000000000000e+01 4.300000000005400000e+13 1.000000000000000000e+00 1.116551072951031287e+00 2.382608222820001981e-02 -1.000000000000000000e+00 -1.000000000000000000e+00 0.000000000000000000e+00 1.163882965029449101e+00 4.699618928728963724e-02 -1.000000000000000000e+00 -1.000000000000000000e+00
9.500000000000000000e+01 4.300000000000200000e+13 1.000000000000000000e+00 1.141400249214785667e+00 2.012783240276348751e-02 2.752095575264304136e-02 2.626908524642018739e-02 0.000000000000000000e+00 1.257584371386841093e+00 1.384566780592051162e-02 1.906706601738810912e+07 1.906706601738810912e+07
9.600000000000000000e+01 -1.000000000000000000e+00 -1.000000000000000000e+00 -1.000000000000000000e+00 -1.000000000000000000e+00 -1.000000000000000000e+00 -1.000000000000000000e+00 -1.000000000000000000e+00 -1.000000000000000000e+00 -1.000000000000000000e+00 -1.000000000000000000e+00 -1.000000000000000000e+00
9.700000000000000000e+01 4.300000000002600000e+13 1.000000000000000000e+00 9.330496520759682388e-01 2.693500194134724676e-02 -1.000000000000000000e+00 -1.000000000000000000e+00 1.000000000000000000e+00 9.725871092893877412e-01 2.749794995715521342e-02 -1.000000000000000000e+00 -1.000000000000000000e+00
9.800000000000000000e+01 4.300000000007500000e+13 1.000000000000000000e+00 1.139992841779567723e+00 2.075201686530504797e-02 5.166932434736388330e-02 5.166932434736388330e-02 0.000000000000000000e+00 1.121335006667910195e+00 4.361730440341031467e-02 5.982452570723381042e+08 5.982452570723381042e+08
9.900000000000000000e+01 4.300000000000300000e+13 0.000000000000000000e+00 5.005813000457794981e-01 2.459760207425431278e-01 4.093017201481024547e-01 4.093017201481024547e-01 0.000000000000000000e+00 1.370675797822955788e+00 6.874695785352750999e-02 -1.000000000000000000e+00 -1.000000000000000000e+00
1.000000000000000000e+02 4.300000000021500000e+13 0.000000000000000000e+00 1.055901306820158370e+00 6.255709878624415854e-02 -1.000000000000000000e+00 -1.000000000000000000e+00 0.000000000000000000e+00 1.274709439952085299e+00 4.780894261209615165e-02 -1.000000000000000000e+00 -1.000000000000000000e+00
1.010000000000000000e+02 4.300000000044600000e+13 0.000000000000000000e+00 1.010429277988275309e+00 4.324513249126976655e-02 -1.000000000000000000e+00 -1.000000000000000000e+00 0.000000000000000000e+00 1.075993692254169298e+00 5.752132623179488646e-02 -1.000000000000000000e+00 -1.000000000000000000e+00
1.020000000000000000e+02 4.300000000000200000e+13 0.000000000000000000e+00 1.092641224154140334e+00 8.149366643395282439e-02 1.070834711293361385e-01 8.410240496508922248e-02 0.000000000000000000e+00 1.074572138452850378e+00 1.214583869811465267e-01 1.212613820616291046e+09 1.018863847725414157e+09
1.030000000000000000e+02 4.300000000004400000e+13 0.000000000000000000e+00 8.994435989572480139e-01 6.872835706711098724e-02 -1.000000000000000000e+00 -1.000000000000000000e+00 0.000000000000000000e+00 9.718932558844010083e-01 4.377991375729490403e-02 -1.000000000000000000e+00 -1.000000000000000000e+00
1.040000000000000000e+02 4.300000000000200000e+13 1.000000000000000000e+00 1.073096981127371397e+00 2.929631100042743089e-02 -1.000000000000000000e+00 -1.000000000000000000e+00 0.000000000000000000e+00 1.282200522053921210e+00 4.807526607283178072e-02 -1.000000000000000000e+00 -1.000000000000000000e+00
1.050000000000000000e+02 4.300000000003900000e+13 0.000000000000000000e+00 1.215157559268802867e+00 8.730652545476957904e-02 1.116431028999334968e-01 1.116431028999334968e-01 0.000000000000000000e+00 1.094147170003791025e+00 7.628267103423004569e-02 -1.000000000000000000e+00 -1.000000000000000000e+00
1.060000000000000000e+02 4.300000000007400000e+13 0.000000000000000000e+00 1.138381273846745367e+00 1.276522570075457885e-01 -1.000000000000000000e+00 -1.000000000000000000e+00 0.000000000000000000e+00 8.925127791727651694e-01 8.974929801830131004e-02 -1.000000000000000000e+00 -1.000000000000000000e+00
1.070000000000000000e+02 4.300000000001500000e+13 0.000000000000000000e+00 8.984957549463268300e-01 1.317305944596818545e-01 1.656166338628583257e-01 1.656166338628583257e-01 0.000000000000000000e+00 8.841650130307729949e-01 8.342902930788234639e-02 -1.000000000000000000e+00 -1.000000000000000000e+00
1.080000000000000000e+02 4.300000000000800000e+13 0.000000000000000000e+00 1.175466661879658536e+00 5.266134720920181284e-02 3.520600218751879229e-01 1.278408084393369837e-01 0.000000000000000000e+00 1.068340817942567966e+00 1.069859140557657545e-01 1.783550442045868635e+09 1.783550442045868635e+09
1.090000000000000000e+02 4.300000000004500000e+13 0.000000000000000000e+00 9.080462166028134829e-01 5.101245551206428502e-02 -1.000000000000000000e+00 -1.000000000000000000e+00 0.000000000000000000e+00 5.958133943073656846e-01 3.675913332212672052e-02 -1.000000000000000000e+00 -1.000000000000000000e+00
1.100000000000000000e+02 4.300000000007700000e+13 0.000000000000000000e+00 8.054393032264729468e-01 7.076821502306797351e-02 1.168734764835192563e-01 1.168734764835192563e-01 0.000000000000000000e+00 7.776431836365313988e-01 6.308336930736582748e-02 -1.000000000000000000e+00 -1.000000000000000000e+00
1.110000000000000000e+02 4.300000000003700000e+13 0.000000000000000000e+00 1.138782925309257843e+00 4.895728657701060166e-02 1.421670514200274460e-01 1.421670514200274460e-01 0.000000000000000000e+00 1.070754344250228307e+00 3.858504358836643833e-02 1.694035242595087290e+09 1.694035242595087290e+09
1.120000000000000000e+02 4.300000000004700000e+13 0.000000000000000000e+00 1.014195007206204258e+00 9.564008281240915510e-02 5.995863958771823626e-02 5.995863958771823626e-02 0.000000000000000000e+00 7.325468525520315577e-01 8.036102554527874142e-02 -1.000000000000000000e+00 -1.000000000000000000e+00
1.130000000000000000e+02 4.300000000002200000e+13 0.000000000000000000e+00 7.773308011976710619e-01 1.135564082649004741e-01 -1.000000000000000000e+00 -1.000000000000000000e+00 0.000000000000000000e+00 9.851461475069916984e-01 1.087000887781106873e-01 -1.000000000000000000e+00 -1.000000000000000000e+00
1.140000000000000000e+02 4.300000000000300000e+13 0.000000000000000000e+00 1.149665665256546454e+00 5.323721911384494965e-02 6.240265866209262352e-02 6.240265866209262352e-02 0.000000000000000000e+00 1.212403525631568613e+00 3.979441898869506139e-02 -1.000000000000000000e+00 -1.000000000000000000e+00
1.150000000000000000e+02 4.300000000007200000e+13 0.000000000000000000e+00 7.528047283532753875e-01 1.112147389382713153e-01 2.370318196211524675e-01 2.370318196211524675e-01 0.000000000000000000e+00 9.025601603766585379e-01 4.412860751870727877e-02 -1.000000000000000000e+00 -1.000000000000000000e+00
1.160000000000000000e+02 4.300000000000900000e+13 1.000000000000000000e+00 9.752022698596154449e-01 2.890500558998645650e-02 -1.000000000000000000e+00 -1.000000000000000000e+00 0.000000000000000000e+00 1.027740393505987004e+00 5.735867779342384426e-02 -1.000000000000000000e+00 -1.000000000000000000e+00
1.170000000000000000e+02 4.300000000000300000e+13 0.000000000000000000e+00 1.146674864575967234e+00 1.214705634697277603e-01 1.911600684589000176e-01 8.222181528774571979e-02 0.000000000000000000e+00 1.077131970324276322e+00 1.599778790698632436e-01 2.248384296814267159e+09 9.670756023414875269e+08
1.180000000000000000e+02 4.300000000000500000e+13 0.000000000000000000e+00 1.008188126247392180e+00 1.299120956241479607e-01 1.991037707150646041e-01 8.399177715481132012e-02 0.000000000000000000e+00 1.029286851776443967e+00 1.743057686663291861e-01 8.976259990227442980e+08 8.976259990227442980e+08
1.190000000000000000e+02 4.300000000019500000e+13 0.000000000000000000e+00 1.367670282432253304e+00 8.724268780276570046e-02 -1.000000000000000000e+00 -1.000000000000000000e+00 0.000000000000000000e+00 1.310240871787483607e+00 9.954228641616715001e-02 -1.000000000000000000e+00 -1.000000000000000000e+00
1.200000000000000000e+02 4.300000000000200000e+13 0.000000000000000000e+00 1.156950230664945067e+00 2.907458512211795118e-02 2.289762320025103340e-02 2.289762320025103340e-02 0.000000000000000000e+00 1.146679191392857122e+00 4.991576236687765566e-02 -1.000000000000000000e+00 -1.000000000000000000e+00
1.210000000000000000e+02 4.300000000002400000e+13 0.000000000000000000e+00 9.982632065748890948e-01 1.947191503316774708e-01 3.280197729748486335e-01 2.007448996134713337e-01 0.000000000000000000e+00 1.013185090549642231e+00 1.465103496366454705e-01 1.861892342889286041e+09 1.861892342889286041e+09
1.220000000000000000e+02 4.300000000000100000e+13 0.000000000000000000e+00 1.025222229592617662e+00 1.713903388387096605e-01 2.485673220262706318e-01 2.176474559108936002e-01 0.000000000000000000e+00 4.168732790009439804e-02 2.096820438528106678e-01 3.234193360203809261e+09 2.948698502586745739e+09
1.230000000000000000e+02 4.300000000024400000e+13 0.000000000000000000e+00 9.933859065543151345e-01 6.910777259130375383e-02 -1.000000000000000000e+00 -1.000000000000000000e+00 0.000000000000000000e+00 7.639068960217418880e-01 4.700968043536802449e-02 -1.000000000000000000e+00 -1.000000000000000000e+00
1.240000000000000000e+02 4.300000000000400000e+13 1.000000000000000000e+00 9.601769795335594049e-01 3.806310045828167898e-02 -1.000000000000000000e+00 -1.000000000000000000e+00 0.000000000000000000e+00 9.676676723900984323e-01 6.225580856507178379e-02 -1.000000000000000000e+00 -1.000000000000000000e+00
1.250000000000000000e+02 4.300000000000700000e+13 0.000000000000000000e+00 9.537222261789581879e-01 1.541374163269117192e-01 -1.000000000000000000e+00 -1.000000000000000000e+00 0.000000000000000000e+00 7.967786782547563451e-01 1.882870120653440116e-01 -1.000000000000000000e+00 -1.000000000000000000e+00
1.260000000000000000e+02 4.300000000004600000e+13 0.000000000000000000e+00 1.018175436223863306e+00 2.706163191036954907e-01 3.406660865944601269e-01 3.406660865944601269e-01 0.000000000000000000e+00 1.215605893505017798e+00 7.980119112046572816e-02 -1.000000000000000000e+00 -1.000000000000000000e+00
1.270000000000000000e+02 4.300000000000800000e+13 0.000000000000000000e+00 9.993187139140691233e-01 9.313557943138948969e-02 1.873804733611186546e-01 8.189972118663212119e-02 0.000000000000000000e+00 8.788904960272694300e-01 7.670948880733013953e-02 6.138301460976991653e+08 6.138301460976991653e+08
1.280000000000000000e+02 4.300000000001800000e+13 0.000000000000000000e+00 1.012386662568119045e+00 1.560973911655030577e-01 1.942136683997925939e-01 1.942136683997925939e-01 0.000000000000000000e+00 8.204284775362519211e-01 1.945237965541312397e-01 2.486513629941785336e+09 2.486513629941785336e+09
1.290000000000000000e+02 4.300000000000100000e+13 0.000000000000000000e+00 1.232347453692633765e+00 3.292034175433927734e-02 6.549529864848947780e-02 3.409055991150396897e-02 0.000000000000000000e+00 1.401254552523149899e+00 3.772281467752353068e-02 8.981565349162980318e+08 4.757887113865526319e+08
1.300000000000000000e+02 4.300000000004900000e+13 0.000000000000000000e+00 1.033872829404467897e+00 1.035491141202192905e-01 1.089281159124534520e-01 1.089281159124534520e-01 0.000000000000000000e+00 7.535978886175132008e-01 7.727158842796368055e-02 -1.000000000000000000e+00 -1.000000000000000000e+00
1.310000000000000000e+02 4.300000000000200000e+13 0.000000000000000000e+00 1.164343254680152207e+00 3.692938434943125042e-02 1.000000000000000000e+00 1.000000000000000000e+00 0.000000000000000000e+00 1.164343254680152207e+00 3.693542029291875528e-02 1.001981212000848961e+10 1.001981212000848961e+10
1.320000000000000000e+02 4.300000000001800000e+13 0.000000000000000000e+00 1.132008825660986595e+00 1.499268499350540629e-01 2.705828701021779081e-01 2.013906618937864046e-01 0.000000000000000000e+00 1.117262022514304842e+00 1.875988254336867223e-01 1.099722305573374748e+09 1.099722305573374748e+09
1.330000000000000000e+02 4.300000000000100000e+13 0.000000000000000000e+00 1.194724079610998579e+00 1.272448857477319339e-01 1.151151687416906294e-01 5.996600933924513266e-02 0.000000000000000000e+00 1.303156173477115098e+00 1.116669374130287301e-01 1.116798486984066725e+09 9.121287547130690813e+08
1.340000000000000000e+02 4.300000000003900000e+13 1.000000000000000000e+00 1.020253616040202038e+00 2.972764080496265865e-02 -1.000000000000000000e+00 -1.000000000000000000e+00 0.000000000000000000e+00 1.056093504916735704e+00 7.181474683882178855e-02 -1.000000000000000000e+00 -1.000000000000000000e+00
1.350000000000000000e+02 4.300000000000100000e+13 0.000000000000000000e+00 1.051347708237832412e+00 6.203131955328000657e-02 3.874038061827657364e-02 3.874038061827657364e-02 0.000000000000000000e+00 1.124840267034215469e+00 6.951836324740580386e-02 4.737986704930089712e+08 4.737986704930089712e+08
1.360000000000000000e+02 4.300000000040600000e+13 1.000000000000000000e+00 1.020721592337771488e+00 3.138142830111742554e-02 -1.000000000000000000e+00 -1.000000000000000000e+00 0.000000000000000000e+00 9.529956538485049311e-01 8.135184774911817518e-02 -1.000000000000000000e+00 -1.000000000000000000e+00
1.370000000000000000e+02 4.300000000000100000e+13 1.000000000000000000e+00 1.132438439168558242e+00 3.542775803810909591e-02 4.121444545913636320e-02 3.024931508295546426e-02 0.000000000000000000e+00 1.259391674984705389e+00 4.560645618855782568e-02 1.491765367806419432e+08 1.124269425355137289e+08
1.380000000000000000e+02 4.300000000000300000e+13 0.000000000000000000e+00 1.035803156759809163e+00 1.070519929175959006e-01 4.040367822927279362e-02 4.040367822927279362e-02 0.000000000000000000e+00 1.015621426497683055e+00 6.263991388333521593e-02 -1.000000000000000000e+00 -1.000000000000000000e+00
1.390000000000000000e+02 4.300000000000400000e+13 0.000000000000000000e+00 9.793143765705214498e-01 7.215851292696302821e-02 -1.000000000000000000e+00 -1.000000000000000000e+00 0.000000000000000000e+00 1.026960042678328522e+00 1.124113068433540141e-01 -1.000000000000000000e+00 -1.000000000000000000e+00
1.400000000000000000e+02 4.300000000000300000e+13 0.000000000000000000e+00 1.142860343547318358e+00 4.258294829114842028e-02 1.009899910255771111e-01 1.009899910255771111e-01 0.000000000000000000e+00 1.193340371977452685e+00 7.079911945486656866e-02 1.242525792103368521e+09 1.242525792103368521e+09
1.410000000000000000e+02 4.300000000000100000e+13 0.000000000000000000e+00 1.091372636938570784e+00 1.060367144127290634e-01 -1.000000000000000000e+00 -1.000000000000000000e+00 0.000000000000000000e+00 1.157620101106078492e+00 1.166398225416568485e-01 -1.000000000000000000e+00 -1.000000000000000000e+00
1.420000000000000000e+02 4.300000000009400000e+13 0.000000000000000000e+00 1.255546585538093840e+00 4.121141279657337259e-02 -1.000000000000000000e+00 -1.000000000000000000e+00 0.000000000000000000e+00 1.205888167464593153e+00 7.374841204781938664e-02 -1.000000000000000000e+00 -1.000000000000000000e+00
1.430000000000000000e+02 4.300000000000100000e+13 0.000000000000000000e+00 1.062010578333410837e+00 6.869194134899335447e-02 8.641961625379643297e-02 6.322002792451743292e-02 0.000000000000000000e+00 1.103082657327685734e+00 5.884010321628145579e-02 1.119771697908355713e+09 8.191658454366329908e+08
1.440000000000000000e+02 4.300000000005000000e+13 1.000000000000000000e+00 9.100879459035556840e-01 3.446898987060739022e-02 -1.000000000000000000e+00 -1.000000000000000000e+00 0.000000000000000000e+00 7.982846780768999562e-01 6.556081403256762419e-02 -1.000000000000000000e+00 -1.000000000000000000e+00
1.450000000000000000e+02 4.300000000000100000e+13 0.000000000000000000e+00 1.329104300275794737e+00 5.821911720974321663e-02 1.104014749424278991e-01 5.498099206784369530e-02 0.000000000000000000e+00 1.267771176305606762e+00 1.002000679864777505e-01 1.148988170178743839e+09 6.398067802447350025e+08
1.460000000000000000e+02 4.300000000001600000e+13 0.000000000000000000e+00 7.531836942717512473e-01 1.117174890836541284e-01 1.326419771568463357e-01 1.326419771568463357e-01 0.000000000000000000e+00 6.589893444111495358e-01 1.082646995824140396e-01 1.985848977807702303e+09 1.985848977807702303e+09
1.470000000000000000e+02 4.300000000001000000e+13 0.000000000000000000e+00 1.278678110297046810e+00 1.178647415646586483e-01 9.144438099363960681e-02 9.144438099363960681e-02 0.000000000000000000e+00 8.640089832058310826e-01 1.557348231669693495e-01 1.125876268968504190e+09 1.125876268968504190e+09
1.480000000000000000e+02 4.300000000000100000e+13 0.000000000000000000e+00 9.338434537453055295e-01 5.743652707223662057e-02 2.698492926114263307e-02 2.698492926114263307e-02 0.000000000000000000e+00 1.015292629730866869e+00 3.513400152376794372e-02 3.597587524341374636e+08 3.597587524341374636e+08
1.490000000000000000e+02 4.300000000010300000e+13 0.000000000000000000e+00 9.214165294565345166e-01 3.721178967814163518e-02 1.986360666070360881e-01 1.046521112465415015e-01 0.000000000000000000e+00 1.054059331792208898e+00 9.216787306324134010e-02 -1.000000000000000000e+00 -1.000000000000000000e+00
1.500000000000000000e+02 4.300000000001600000e+13 0.000000000000000000e+00 1.030311915361385555e+00 4.150378144658579960e-02 -1.000000000000000000e+00 -1.000000000000000000e+00 1.000000000000000000e+00 1.138624120309240872e+00 1.962021290379063060e-02 -1.000000000000000000e+00 -1.000000000000000000e+00
1.510000000000000000e+02 4.300000000006200000e+13 0.000000000000000000e+00 1.038324448384787990e+00 9.723980549905356097e-02 -1.000000000000000000e+00 -1.000000000000000000e+00 0.000000000000000000e+00 9.379907494767886211e-01 4.807943204966086403e-02 -1.000000000000000000e+00 -1.000000000000000000e+00
1.520000000000000000e+02 4.300000000000100000e+13 0.000000000000000000e+00 1.022587079064138482e+00 8.466988093889472877e-02 1.474625889066866202e-01 1.136444813072096799e-01 0.000000000000000000e+00 1.124895340313795788e+00 6.796536104000494571e-02 4.448762255925301313e+08 4.448762255925301313e+08
1.530000000000000000e+02 4.300000000000500000e+13 0.000000000000000000e+00 9.807701705084345134e-01 4.048089957109833603e-02 -1.000000000000000000e+00 -1.000000000000000000e+00 0.000000000000000000e+00 1.004826032770935074e+00 6.621507571464646524e-02 -1.000000000000000000e+00 -1.000000000000000000e+00
1.540000000000000000e+02 4.300000000003200000e+13 0.000000000000000000e+00 7.864666844463087392e-01 6.036941910854499299e-02 -1.000000000000000000e+00 -1.000000000000000000e+00 0.000000000000000000e+00 8.778944880375827431e-01 5.682908011834378326e-02 -1.000000000000000000e+00 -1.000000000000000000e+00
1.550000000000000000e+02 4.300000000003300000e+13 0.000000000000000000e+00 9.834477624184390088e-01 7.061372334649482219e-02 -1.000000000000000000e+00 -1.000000000000000000e+00 0.000000000000000000e+00 9.937130874534980673e-01 7.885024797360284943e-02 -1.000000000000000000e+00 -1.000000000000000000e+00
1.560000000000000000e+02 4.300000000000300000e+13 0.000000000000000000e+00 1.034538207460282466e+00 3.139247828040379190e-02 1.297517147888102296e-01 6.846173681767614427e-02 0.000000000000000000e+00 1.131320054911504558e+00 3.535338482993032744e-02 8.257669539002287388e+08 8.257669539002287388e+08
1.570000000000000000e+02 4.300000000000200000e+13 0.000000000000000000e+00 1.241905592406340464e+00 8.510021953100649350e-02 8.894776304418304524e-02 5.676878248938307947e-02 0.000000000000000000e+00 9.760638672238620694e-01 5.140991807290549998e-02 3.929595917060809135e+08 3.929595917060809135e+08
1.580000000000000000e+02 4.300000000019600000e+13 0.000000000000000000e+00 7.862738341629450511e-01 1.746668372866739816e-01 2.595813080983828125e-01 2.595813080983828125e-01 0.000000000000000000e+00 9.678833119078509295e-01 6.601787020065660871e-02 -1.000000000000000000e+00 -1.000000000000000000e+00
1.590000000000000000e+02 4.300000000023000000e+13 0.000000000000000000e+00 8.856575990644368623e-01 1.404429066685827232e-01 -1.000000000000000000e+00 -1.000000000000000000e+00 0.000000000000000000e+00 7.649550957323557610e-01 1.591188268680885087e-01 -1.000000000000000000e+00 -1.000000000000000000e+00
1.600000000000000000e+02 4.300000000000100000e+13 0.000000000000000000e+00 1.220202424114920303e+00 3.439292570178251879e-02 3.962047953149912954e-02 2.300955653531305128e-02 0.000000000000000000e+00 1.398577521660229861e+00 2.009448386917358359e-02 5.252161411828150153e+08 3.050187841415982246e+08
1.610000000000000000e+02 4.300000000012300000e+13 0.000000000000000000e+00 7.854832644645804995e-01 6.882223077776418452e-02 -1.000000000000000000e+00 -1.000000000000000000e+00 0.000000000000000000e+00 9.607422488757902945e-01 7.451741150224527876e-02 -1.000000000000000000e+00 -1.000000000000000000e+00
1.620000000000000000e+02 4.300000000005500000e+13 0.000000000000000000e+00 8.598477055135822500e-01 9.557479602454246881e-02 -1.000000000000000000e+00 -1.000000000000000000e+00 0.000000000000000000e+00 9.391976948134996839e-01 7.468697095441233225e-02 -1.000000000000000000e+00 -1.000000000000000000e+00
1.630000000000000000e+02 4.300000000000500000e+13 0.000000000000000000e+00 8.737832151448214901e-01 1.090275480492922250e-01 1.474737569726879693e-01 1.474737569726879693e-01 0.000000000000000000e+00 1.219218385063439269e+00 5.353720315609648839e-02 -1.000000000000000000e+00 -1.000000000000000000e+00
1.640000000000000000e+02 4.300000000030300000e+13 0.000000000000000000e+00 9.678856679247450634e-01 1.391322137564993955e-01 -1.000000000000000000e+00 -1.000000000000000000e+00 0.000000000000000000e+00 1.085576027455897430e+00 1.864997452465979588e-01 -1.000000000000000000e+00 -1.000000000000000000e+00
1.650000000000000000e+02 4.300000000010100000e+13 0.000000000000000000e+00 1.018385144263515896e+00 1.858433545065179271e-01 -1.000000000000000000e+00 -1.000000000000000000e+00 0.000000000000000000e+00 8.349562758917127292e-01 1.684257662109336917e-01 -1.000000000000000000e+00 -1.000000000000000000e+00
1.660000000000000000e+02 4.300000000001600000e+13 0.000000000000000000e+00 1.048909226397502392e+00 1.159038009722651308e-01 -1.000000000000000000e+00 -1.000000000000000000e+00 0.000000000000000000e+00 8.839074246798458434e-01 1.277565279389863973e-01 -1.000000000000000000e+00 -1.000000000000000000e+00
1.670000000000000000e+02 4.300000000014100000e+13 0.000000000000000000e+00 1.080958468598296252e+00 1.695889533096292812e-01 -1.000000000000000000e+00 -1.000000000000000000e+00 0.000000000000000000e+00 8.905727885970504687e-01 2.257734367319691737e-01 -1.000000000000000000e+00 -1.000000000000000000e+00
1.680000000000000000e+02 4.300000000006800000e+13 0.000000000000000000e+00 8.542882816167838289e-01 1.455537715657954922e-01 1.757865777521645523e-01 1.757865777521645523e-01 0.000000000000000000e+00 1.395329869179378512e+00 9.580565365519294607e-02 -1.000000000000000000e+00 -1.000000000000000000e+00
1.690000000000000000e+02 4.300000000007000000e+13 0.000000000000000000e+00 8.914069064297520661e-01 7.143505251957706081e-02 -1.000000000000000000e+00 -1.000000000000000000e+00 0.000000000000000000e+00 8.290311817632910474e-01 1.181440564119622672e-01 -1.000000000000000000e+00 -1.000000000000000000e+00
1.700000000000000000e+02 4.300000000000800000e+13 0.000000000000000000e+00 9.691818916777990012e-01 4.615722828704178077e-02 1.694076862160875940e-01 1.048878254866664056e-01 0.000000000000000000e+00 9.047836051438640226e-01 4.833460054295596331e-02 -1.000000000000000000e+00 -1.000000000000000000e+00
1.710000000000000000e+02 4.300000000002200000e+13 0.000000000000000000e+00 1.395085754375011255e+00 1.242564326652739887e-01 1.332859683736842549e-01 7.417741449523272690e-02 0.000000000000000000e+00 1.189713890916364036e+00 1.697570609047540091e-01 1.593532562358015299e+09 8.868459811034302711e+08
1.720000000000000000e+02 4.300000000000300000e+13 1.000000000000000000e+00 1.030613074888597769e+00 1.571249618109757384e-02 2.518570964129610359e-02 1.345598381678286305e-02 0.000000000000000000e+00 9.928120374908142587e-01 3.973004454174989403e-02 1.397532416835307181e+08 1.397532416835307181e+08
1.730000000000000000e+02 4.300000000000600000e+13 1.000000000000000000e+00 1.016305794561356945e+00 1.871689598477221245e-02 8.019799200592361843e-02 8.019799200592361843e-02 0.000000000000000000e+00 9.566771822186956875e-01 8.212286410557055605e-02 1.023977299186601281e+09 1.023977299186601281e+09
1.740000000000000000e+02 4.300000000000100000e+13 0.000000000000000000e+00 1.145400952304274300e+00 8.605800435927900283e-02 7.375728883142235182e-02 6.551923647761404013e-02 0.000000000000000000e+00 1.068681700687616809e+00 8.565738546929421715e-02 1.133455881677369833e+09 1.006858645771212935e+09
1.750000000000000000e+02 4.300000000001500000e+13 0.000000000000000000e+00 8.504151838826742305e-01 9.855486551432803000e-02 9.904072047760383024e-02 9.904072047760383024e-02 0.000000000000000000e+00 7.384699717764077187e-01 1.946143796234237056e-01 1.288016724323544979e+09 1.288016724323544979e+09
1.760000000000000000e+02 4.300000000000100000e+13 0.000000000000000000e+00 1.124084802745683120e+00 5.942803975078314593e-02 4.858846830234424263e-02 1.886981167511823584e-02 0.000000000000000000e+00 1.209062585916416355e+00 4.945769129137859293e-02 4.079056581276583076e+08 1.857120553465970755e+08
1.770000000000000000e+02 4.300000000019900000e+13 1.000000000000000000e+00 1.038756543934900245e+00 3.035336329948342890e-02 -1.000000000000000000e+00 -1.000000000000000000e+00 0.000000000000000000e+00 9.313301528779639460e-01 4.450338325670953610e-02 -1.000000000000000000e+00 -1.000000000000000000e+00
1.780000000000000000e+02 4.300000000000100000e+13 0.000000000000000000e+00 1.164573800991638208e+00 3.991747515817094943e-02 1.616550302327725980e-02 1.510923976762261131e-02 0.000000000000000000e+00 1.334671286873880813e+00 2.980195041302716175e-02 2.172433469631864429e+08 2.030485418524372280e+08
1.790000000000000000e+02 4.300000000000900000e+13 0.000000000000000000e+00 9.441473878773115613e-01 7.056403724670370914e-02 -1.000000000000000000e+00 -1.000000000000000000e+00 0.000000000000000000e+00 9.395669494335929794e-01 4.826727178456448331e-02 -1.000000000000000000e+00 -1.000000000000000000e+00
1.800000000000000000e+02 4.300000000000200000e+13 0.000000000000000000e+00 9.784767476027286248e-01 6.969365809768073017e-02 1.531397851501389018e-01 1.531397851501389018e-01 0.000000000000000000e+00 1.048066822472227377e+00 7.709649368356584487e-02 -1.000000000000000000e+00 -1.000000000000000000e+00
1.810000000000000000e+02 4.300000000001500000e+13 0.000000000000000000e+00 1.007836277383071799e+00 7.152208275174198882e-02 2.880820962122130485e-02 2.880820962122130485e-02 0.000000000000000000e+00 1.029503230693735949e+00 9.711203196165142659e-02 3.360961132067360282e+08 3.360961132067360282e+08
1.820000000000000000e+02 4.300000000000100000e+13 0.000000000000000000e+00 1.155892419227884771e+00 2.136649236750878464e-02 7.319623145767127637e-02 3.518107194591984371e-02 0.000000000000000000e+00 1.437949052746851919e+00 1.709878043345691018e-02 -1.000000000000000000e+00 -1.000000000000000000e+00
1.830000000000000000e+02 4.300000000000400000e+13 0.000000000000000000e+00 1.390815628090271705e+00 6.185503418263906678e-02 1.410203223047112875e-01 9.258462754727868338e-02 0.000000000000000000e+00 1.416488227492821217e+00 1.030566605175668726e-01 1.181690211627507448e+09 1.181690211627507448e+09
1.840000000000000000e+02 4.300000000005800000e+13 0.000000000000000000e+00 1.171508003922437924e+00 4.404038473392051650e-02 -1.000000000000000000e+00 -1.000000000000000000e+00 0.000000000000000000e+00 1.133778798348339389e+00 4.349612056717398756e-02 -1.000000000000000000e+00 -1.000000000000000000e+00
1.850000000000000000e+02 4.300000000000100000e+13 0.000000000000000000e+00 1.136910955139971868e+00 1.222731206168119894e-01 1.267354066509943644e-01 7.455123908365217378e-02 0.000000000000000000e+00 1.160201381347502281e+00 1.133568192499768007e-01 6.720292468469049931e+08 4.364693079929496646e+08
1.860000000000000000e+02 4.300000000000200000e+13 0.000000000000000000e+00 9.812259446662726647e-01 6.700282322521655676e-02 1.006489459574426010e-01 1.006489459574426010e-01 0.000000000000000000e+00 9.354854889319186295e-01 5.814186992008211347e-02 -1.000000000000000000e+00 -1.000000000000000000e+00
1.870000000000000000e+02 4.300000000000100000e+13 0.000000000000000000e+00 1.261213446577312158e+00 1.622492099510951594e-02 2.795655429611793030e-02 1.714269982968226816e-02 0.000000000000000000e+00 1.530989186443387551e+00 9.263154654052217774e-03 -1.000000000000000000e+00 -1.000000000000000000e+00
1.880000000000000000e+02 4.300000000000200000e+13 0.000000000000000000e+00 1.248313898572202874e+00 3.403705504515143199e-01 5.208508333522522404e-01 4.372091213071581661e-01 0.000000000000000000e+00 1.724976898071219678e+00 1.840333896742061548e-01 2.134392168653461218e+09 1.179985600239941359e+09
1.890000000000000000e+02 4.300000000003200000e+13 0.000000000000000000e+00 9.899397295048029122e-01 1.148088558093601080e-01 9.219543180795596038e-02 9.219543180795596038e-02 0.000000000000000000e+00 9.461023788225573217e-01 4.933510857898133761e-02 -1.000000000000000000e+00 -1.000000000000000000e+00
1.900000000000000000e+02 4.300000000000100000e+13 0.000000000000000000e+00 1.218985214221761204e+00 3.164295001483939662e-02 9.658398886719882226e-02 3.967026807630607416e-02 0.000000000000000000e+00 1.306337877949809378e+00 3.835657339976000779e-02 9.298051804768315554e+08 5.008932004272645712e+08
1.910000000000000000e+02 4.300000000000200000e+13 0.000000000000000000e+00 1.210501820208488732e+00 6.772728870559385772e-02 2.167381436613906309e-01 1.108699069570941581e-01 0.000000000000000000e+00 1.039644634484032437e+00 5.926811350907141424e-02 2.541723390283877373e+09 1.363880199332129240e+09
1.920000000000000000e+02 -1.000000000000000000e+00 -1.000000000000000000e+00 -1.000000000000000000e+00 -1.000000000000000000e+00 -1.000000000000000000e+00 -1.000000000000000000e+00 -1.000000000000000000e+00 -1.000000000000000000e+00 -1.000000000000000000e+00 -1.000000000000000000e+00 -1.000000000000000000e+00
1.930000000000000000e+02 4.300000000007800000e+13 0.000000000000000000e+00 8.028669475564873537e-01 4.509402078513263801e-02 -1.000000000000000000e+00 -1.000000000000000000e+00 0.000000000000000000e+00 9.831593174922071965e-01 4.514055611470027540e-02 -1.000000000000000000e+00 -1.000000000000000000e+00
1.940000000000000000e+02 4.300000000001100000e+13 0.000000000000000000e+00 9.110521645148045300e-01 5.349230665662919881e-02 -1.000000000000000000e+00 -1.000000000000000000e+00 0.000000000000000000e+00 9.196737016513346630e-01 5.979312772385163982e-02 -1.000000000000000000e+00 -1.000000000000000000e+00
1.950000000000000000e+02 4.300000000008500000e+13 0.000000000000000000e+00 9.267267612062894955e-01 1.732624926089427753e-01 -1.000000000000000000e+00 -1.000000000000000000e+00 0.000000000000000000e+00 7.990648160626180330e-01 2.385676505759391774e-01 -1.000000000000000000e+00 -1.000000000000000000e+00
1.960000000000000000e+02 4.300000000000100000e+13 0.000000000000000000e+00 7.790593964950037753e-01 2.703775373615764366e-01 4.751354130674432796e-01 3.482888263652368366e-01 0.000000000000000000e+00 1.064475577935337425e+00 3.137844470519188245e-01 1.989426513883028507e+09 1.432850004143879652e+09
1.970000000000000000e+02 4.300000000000700000e+13 0.000000000000000000e+00 1.085033129310023936e+00 7.447363907168372266e-02 1.455066763075439917e-01 1.332966979995179602e-01 0.000000000000000000e+00 8.255794078516960344e-01 6.954894424251557850e-02 1.867520044226241827e+09 1.710809851893823147e+09
1.980000000000000000e+02 4.300000000001900000e+13 0.000000000000000000e+00 5.903662312632287357e-01 1.017467104314209586e-01 -1.000000000000000000e+00 -1.000000000000000000e+00 0.000000000000000000e+00 9.879405873777976632e-01 5.927195603107919541e-02 -1.000000000000000000e+00 -1.000000000000000000e+00
1.990000000000000000e+02 4.300000000000100000e+13 0.000000000000000000e+00 1.029751565514472889e+00 4.044159682523206650e-02 -1.000000000000000000e+00 -1.000000000000000000e+00 0.000000000000000000e+00 9.525183088405267950e-01 6.788234026950420996e-02 -1.000000000000000000e+00 -1.000000000000000000e+00
2.000000000000000000e+02 4.300000000000100000e+13 0.000000000000000000e+00 1.217153971793740075e+00 5.436280060915837931e-02 3.777344842046407442e-02 3.777344842046407442e-02 0.000000000000000000e+00 1.379248951078869467e+00 3.178857718204329552e-02 -1.000000000000000000e+00 -1.000000000000000000e+00
2.010000000000000000e+02 4.300000000000100000e+13 0.000000000000000000e+00 1.045260772794495807e+00 5.867966096787981256e-02 1.399967959605941670e-01 8.550616102035143995e-02 0.000000000000000000e+00 1.134075223002076749e+00 8.369563983373938532e-02 1.215545867258688927e+09 1.047470259708688259e+09
2.020000000000000000e+02 4.300000000001400000e+13 0.000000000000000000e+00 9.700978612394249856e-01 5.185349479105759440e-02 -1.000000000000000000e+00 -1.000000000000000000e+00 0.000000000000000000e+00 1.001410973573317653e+00 8.054478710638686423e-02 -1.000000000000000000e+00 -1.000000000000000000e+00
2.030000000000000000e+02 4.300000000000400000e+13 0.000000000000000000e+00 1.551645580915105738e+00 1.541267832671710802e-01 7.813098972261170450e-02 5.444934302770992191e-02 0.000000000000000000e+00 1.180234874166716796e+00 1.963341396477187584e-01 1.010064756096039653e+09 7.039122706640533209e+08
2.040000000000000000e+02 4.300000000004800000e+13 0.000000000000000000e+00 1.262660513800768269e+00 1.944799828339007775e-01 -1.000000000000000000e+00 -1.000000000000000000e+00 0.000000000000000000e+00 9.844994615923358117e-01 2.526547203335502978e-01 -1.000000000000000000e+00 -1.000000000000000000e+00
2.050000000000000000e+02 4.300000000000500000e+13 0.000000000000000000e+00 1.034209229985572076e+00 6.636614146741011411e-02 6.241100026284143037e-02 4.287699718782927993e-02 0.000000000000000000e+00 9.936941336426226012e-01 6.864375581819116834e-02 7.323362990795571804e+08 5.031225473704639673e+08
2.060000000000000000e+02 -1.000000000000000000e+00 -1.000000000000000000e+00 -1.000000000000000000e+00 -1.000000000000000000e+00 -1.000000000000000000e+00 -1.000000000000000000e+00 -1.000000000000000000e+00 -1.000000000000000000e+00 -1.000000000000000000e+00 -1.000000000000000000e+00 -1.000000000000000000e+00
2.070000000000000000e+02 4.300000000000500000e+13 0.000000000000000000e+00 1.089281576866812928e+00 9.013599120010233612e-02 -1.000000000000000000e+00 -1.000000000000000000e+00 0.000000000000000000e+00 1.028160832257906554e+00 1.045818151118814293e-01 -1.000000000000000000e+00 -1.000000000000000000e+00
2.080000000000000000e+02 4.300000000004100000e+13 0.000000000000000000e+00 1.136120223672121510e+00 6.849749755455625255e-02 9.914740184899954734e-02 9.914740184899954734e-02 0.000000000000000000e+00 1.018421997804165535e+00 6.437136024242630372e-02 -1.000000000000000000e+00 -1.000000000000000000e+00
2.090000000000000000e+02 4.300000000005400000e+13 0.000000000000000000e+00 1.259079175045527466e+00 1.845112571794698675e-01 1.661063613423223173e-01 1.661063613423223173e-01 0.000000000000000000e+00 1.238464179739266369e+00 2.476738610584866274e-01 2.130482143405366659e+09 2.130482143405366659e+09
2.100000000000000000e+02 4.300000000032000000e+13 0.000000000000000000e+00 7.850097219967213658e-01 1.153328534101882297e-01 -1.000000000000000000e+00 -1.000000000000000000e+00 0.000000000000000000e+00 4.626578918177119970e-01 1.278235088216211901e-01 -1.000000000000000000e+00 -1.000000000000000000e+00
2.110000000000000000e+02 4.300000000000100000e+13 1.000000000000000000e+00 1.023915611120222779e+00 3.569102632927587809e-02 3.410630982963332170e-02 2.024117173421264432e-02 0.000000000000000000e+00 1.057613564389041416e+00 1.881003481393833318e-02 1.755230264524257183e+08 1.755230264524257183e+08
2.120000000000000000e+02 4.300000000001700000e+13 0.000000000000000000e+00 8.736812805635409962e-01 9.310699115327107644e-02 -1.000000000000000000e+00 -1.000000000000000000e+00 0.000000000000000000e+00 1.190757882049837679e+00 6.460766751359903193e-02 -1.000000000000000000e+00 -1.000000000000000000e+00
2.130000000000000000e+02 4.300000000000600000e+13 0.000000000000000000e+00 9.582282805355307742e-01 7.994995645548379215e-02 4.030438102215128798e-02 4.030438102215128798e-02 0.000000000000000000e+00 9.938769150957020848e-01 8.713032680440133126e-02 4.909231151587007642e+08 4.909231151587007642e+08
2.140000000000000000e+02 4.300000000004600000e+13 1.000000000000000000e+00 9.308865018475568354e-01 2.467693398806357005e-02 -1.000000000000000000e+00 -1.000000000000000000e+00 0.000000000000000000e+00 8.167705524109748483e-01 8.503408228450874684e-02 -1.000000000000000000e+00 -1.000000000000000000e+00
2.150000000000000000e+02 4.300000000000300000e+13 0.000000000000000000e+00 1.044771486848865116e+00 5.515916456877553026e-02 -1.000000000000000000e+00 -1.000000000000000000e+00 0.000000000000000000e+00 8.958381269102054789e-01 4.729573701597143687e-02 -1.000000000000000000e+00 -1.000000000000000000e+00
2.160000000000000000e+02 4.300000000004500000e+13 0.000000000000000000e+00 1.250263022679388714e+00 1.495072143294388367e-01 1.235377009705430351e-01 1.235377009705430351e-01 0.000000000000000000e+00 1.110266701803631628e+00 1.673857799468602692e-01 1.525443408312751532e+09 1.525443408312751532e+09
2.170000000000000000e+02 4.300000000006500000e+13 1.000000000000000000e+00 9.769562778675013881e-01 3.651986110597435498e-02 -1.000000000000000000e+00 -1.000000000000000000e+00 0.000000000000000000e+00 8.955202969755521325e-01 1.117102928649153920e-01 -1.000000000000000000e+00 -1.000000000000000000e+00
2.180000000000000000e+02 4.300000000011800000e+13 0.000000000000000000e+00 1.120433806414011801e+00 2.431618075529116130e-01 -1.000000000000000000e+00 -1.000000000000000000e+00 0.000000000000000000e+00 1.366923290823651271e+00 6.331255138545507921e-02 -1.000000000000000000e+00 -1.000000000000000000e+00
2.190000000000000000e+02 4.300000000001200000e+13 0.000000000000000000e+00 1.056901357535186436e+00 5.558079940796456508e-02 4.409234338022228333e-02 4.409234338022228333e-02 1.000000000000000000e+00 1.092093648612001200e+00 2.578961108481077694e-02 -1.000000000000000000e+00 -1.000000000000000000e+00
2.200000000000000000e+02 4.300000000001900000e+13 0.000000000000000000e+00 1.154750043828268735e+00 7.129611685038263202e-02 -1.000000000000000000e+00 -1.000000000000000000e+00 0.000000000000000000e+00 1.027345499860745415e+00 1.256780471638805630e-01 -1.000000000000000000e+00 -1.000000000000000000e+00
2.210000000000000000e+02 4.300000000020000000e+13 0.000000000000000000e+00 1.040534929951889787e+00 1.017355138593294128e-01 -1.000000000000000000e+00 -1.000000000000000000e+00 0.000000000000000000e+00 9.203707210271144801e-01 1.166485325764192449e-01 -1.000000000000000000e+00 -1.000000000000000000e+00
2.220000000000000000e+02 4.300000000005100000e+13 0.000000000000000000e+00 -1.736079046091366607e+01 5.390798752189802923e-02 -1.000000000000000000e+00 -1.000000000000000000e+00 0.000000000000000000e+00 9.760315580624746579e-01 6.484293783531847044e-02 -1.000000000000000000e+00 -1.000000000000000000e+00
2.230000000000000000e+02 4.300000000009900000e+13 0.000000000000000000e+00 8.438040368481881659e-01 8.920495452178095475e-02 -1.000000000000000000e+00 -1.000000000000000000e+00 0.000000000000000000e+00 8.693781634646016165e-01 4.832863158549236676e-02 -1.000000000000000000e+00 -1.000000000000000000e+00
2.240000000000000000e+02 4.300000000004800000e+13 0.000000000000000000e+00 9.710646979364080389e-01 1.015247748733387190e-01 -1.000000000000000000e+00 -1.000000000000000000e+00 0.000000000000000000e+00 1.017171637169015597e+00 6.194308819553091122e-02 -1.000000000000000000e+00 -1.000000000000000000e+00
2.250000000000000000e+02 4.300000000000600000e+13 0.000000000000000000e+00 1.470125969789596310e+00 2.005197804300742903e-01 1.882128840501174072e-01 1.544870847496592481e-01 0.000000000000000000e+00 1.280261123519518929e+00 2.449179758402185159e-01 2.421908513675293922e+09 1.987927594310953856e+09
2.260000000000000000e+02 4.300000000000800000e+13 1.000000000000000000e+00 9.761099589051023262e-01 2.606101512248062621e-02 -1.000000000000000000e+00 -1.000000000000000000e+00 0.000000000000000000e+00 1.002407949702120549e+00 5.595235050081510952e-02 -1.000000000000000000e+00 -1.000000000000000000e+00
2.270000000000000000e+02 4.300000000000100000e+13 0.000000000000000000e+00 1.043925090204461670e+00 4.918960149533856824e-02 -1.000000000000000000e+00 -1.000000000000000000e+00 0.000000000000000000e+00 1.063539772626528546e+00 4.240696050544488782e-02 -1.000000000000000000e+00 -1.000000000000000000e+00
2.280000000000000000e+02 4.300000000000100000e+13 0.000000000000000000e+00 1.159719953599352538e+00 8.256001847015721762e-02 4.728203487442009245e-02 2.436992481203007627e-02 0.000000000000000000e+00 1.198074462988097721e+00 5.912574087345522089e-02 3.070105511800272465e+08 3.070105511800272465e+08
2.290000000000000000e+02 4.300000000000100000e+13 1.000000000000000000e+00 1.011117841832932962e+00 2.964850851621738878e-02 -1.000000000000000000e+00 -1.000000000000000000e+00 0.000000000000000000e+00 1.054736361239512865e+00 6.901415276348837891e-02 -1.000000000000000000e+00 -1.000000000000000000e+00
2.300000000000000000e+02 4.300000000000100000e+13 0.000000000000000000e+00 1.206048858411959968e+00 6.571644928856125445e-02 2.202845854483014842e-01 5.525113172102336795e-02 0.000000000000000000e+00 1.235924641371059618e+00 7.473050962023315702e-02 1.976177289214120150e+09 6.822699304742054939e+08
2.310000000000000000e+02 4.300000000000300000e+13 0.000000000000000000e+00 1.040326196922821023e+00 4.569658056783949818e-02 1.555587044534412905e-02 1.555587044534412905e-02 0.000000000000000000e+00 1.254573363455624646e+00 1.125919160063513363e-02 2.361867726832561195e+08 2.361867726832561195e+08
2.320000000000000000e+02 4.300000000021000000e+13 0.000000000000000000e+00 9.071097706616048084e-01 1.333547509552947818e-01 -1.000000000000000000e+00 -1.000000000000000000e+00 0.000000000000000000e+00 8.276631282542485923e-01 1.591810508118649825e-01 -1.000000000000000000e+00 -1.000000000000000000e+00
2.330000000000000000e+02 4.300000000000200000e+13 0.000000000000000000e+00 1.280983908223056966e+00 3.806864624390759316e-02 3.941387890517002862e-02 3.941387890517002862e-02 0.000000000000000000e+00 1.355055336516888032e+00 6.661884079586653795e-02 4.965908133225450516e+08 4.965908133225450516e+08
2.340000000000000000e+02 4.300000000000100000e+13 0.000000000000000000e+00 1.290690155637229664e+00 8.292767001864934096e-02 2.524189421186264215e-01 5.557711964002943344e-02 0.000000000000000000e+00 1.337854223474191695e+00 1.056469764903374409e-01 2.318377950359934807e+09 6.622659891049293280e+08
2.350000000000000000e+02 4.300000000001300000e+13 0.000000000000000000e+00 8.959152665254336290e-01 1.041482258522265641e-01 -1.000000000000000000e+00 -1.000000000000000000e+00 0.000000000000000000e+00 1.005874179609994368e+00 8.197355922598317801e-02 -1.000000000000000000e+00 -1.000000000000000000e+00
2.360000000000000000e+02 4.300000000000700000e+13 0.000000000000000000e+00 1.048987205242528864e+00 1.307092804054481583e-01 2.201419921179738060e-01 1.305239686236811247e-01 0.000000000000000000e+00 8.916472610091641382e-01 1.301341418422470031e-01 1.141323779957448244e+09 8.369867273725161552e+08
2.370000000000000000e+02 4.300000000002900000e+13 0.000000000000000000e+00 1.004957521772651186e+00 1.416238007992690340e-01 -1.000000000000000000e+00 -1.000000000000000000e+00 0.000000000000000000e+00 5.541420070785245677e-01 1.625237153804304779e-01 -1.000000000000000000e+00 -1.000000000000000000e+00
2.380000000000000000e+02 4.300000000000500000e+13 0.000000000000000000e+00 1.084205646691441371e+00 4.313051843638406740e-02 -1.000000000000000000e+00 -1.000000000000000000e+00 1.000000000000000000e+00 1.107493925581872540e+00 2.827703002897952872e-02 -1.000000000000000000e+00 -1.000000000000000000e+00
2.390000000000000000e+02 4.300000000046300000e+13 0.000000000000000000e+00 9.575487476340813764e-01 1.327517655318999068e-01 -1.000000000000000000e+00 -1.000000000000000000e+00 0.000000000000000000e+00 9.959655277438401733e-01 1.339226592053419929e-01 -1.000000000000000000e+00 -1.000000000000000000e+00
2.400000000000000000e+02 4.300000000000200000e+13 0.000000000000000000e+00 9.279284626722903440e-01 4.436471716516559444e-02 8.325457989093165700e-02 6.975737191000228044e-02 0.000000000000000000e+00 1.128544358317024487e+00 6.976878062859613594e-02 9.680797044382835627e+08 9.680797044382835627e+08
2.410000000000000000e+02 4.300000000001500000e+13 0.000000000000000000e+00 1.216854002536859269e+00 1.121171173160294549e-01 -1.000000000000000000e+00 -1.000000000000000000e+00 0.000000000000000000e+00 1.203253942310165581e+00 1.117052434206570882e-01 -1.000000000000000000e+00 -1.000000000000000000e+00
2.420000000000000000e+02 4.300000000014800000e+13 0.000000000000000000e+00 7.397407291038179400e-01 2.683727290017534628e-01 2.659768422344351291e-01 2.659768422344351291e-01 0.000000000000000000e+00 7.273670506569390737e-01 2.499008161770536751e-01 -1.000000000000000000e+00 -1.000000000000000000e+00
2.430000000000000000e+02 4.300000000000400000e+13 1.000000000000000000e+00 1.016441170849733400e+00 3.134902031152553281e-02 2.252749167528879728e-02 2.252749167528879728e-02 0.000000000000000000e+00 9.584913894936458734e-01 5.223604207893185747e-02 2.623268654670431018e+08 2.623268654670431018e+08
2.440000000000000000e+02 4.300000000039000000e+13 0.000000000000000000e+00 5.502716197211069415e-01 1.816256571625898542e-01 -1.000000000000000000e+00 -1.000000000000000000e+00 0.000000000000000000e+00 7.897458510058619208e-01 9.086892956880440742e-02 -1.000000000000000000e+00 -1.000000000000000000e+00
2.450000000000000000e+02 4.300000000005500000e+13 0.000000000000000000e+00 1.406509701290660885e+00 2.172045068579332994e-01 -1.000000000000000000e+00 -1.000000000000000000e+00 0.000000000000000000e+00 1.108654414879711725e+00 2.381545302289304333e-01 -1.000000000000000000e+00 -1.000000000000000000e+00
2.460000000000000000e+02 4.300000000000100000e+13 0.000000000000000000e+00 9.604228697005504634e-01 1.092400574216232656e-01 7.792084395576895361e-02 7.792084395576895361e-02 0.000000000000000000e+00 1.009388237527431453e+00 1.286665382507603539e-01 1.033209052280138493e+09 1.033209052280138493e+09
2.470000000000000000e+02 4.300000000003800000e+13 0.000000000000000000e+00 1.047131355342866943e+00 6.044591052976776291e-02 -1.000000000000000000e+00 -1.000000000000000000e+00 0.000000000000000000e+00 9.683498150721432385e-01 6.288100020360253006e-02 -1.000000000000000000e+00 -1.000000000000000000e+00
2.480000000000000000e+02 4.300000000000200000e+13 1.000000000000000000e+00 1.004941931177897319e+00 3.458633192668027212e-02 6.739723413727555235e-02 3.957112874617520898e-02 0.000000000000000000e+00 9.418292252350732863e-01 3.099948269865040323e-02 9.124460803674038649e+08 5.357270484812365770e+08
2.490000000000000000e+02 4.300000000000800000e+13 0.000000000000000000e+00 9.094748621759353169e-01 8.999008790282890524e-02 3.237591723116626380e-02 3.237591723116626380e-02 0.000000000000000000e+00 9.327552525614580814e-01 8.320952502953106455e-02 -1.000000000000000000e+00 -1.000000000000000000e+00
2.500000000000000000e+02 4.300000000000900000e+13 0.000000000000000000e+00 9.028120888478627926e-01 5.954092290184180569e-02 -1.000000000000000000e+00 -1.000000000000000000e+00 0.000000000000000000e+00 9.174738211253405940e-01 5.046504730487642171e-02 -1.000000000000000000e+00 -1.000000000000000000e+00
2.510000000000000000e+02 4.300000000000300000e+13 0.000000000000000000e+00 1.347334981489387351e+00 4.594829480186550519e-02 2.889143655489809226e-02 2.889143655489809226e-02 0.000000000000000000e+00 1.402883010372415695e+00 4.021972598121526660e-02 3.908504470752691627e+08 3.908504470752691627e+08
2.520000000000000000e+02 4.300000000006000000e+13 0.000000000000000000e+00 8.519123142263854698e-01 1.341503846818832557e-01 -1.000000000000000000e+00 -1.000000000000000000e+00 0.000000000000000000e+00 6.672133106122825064e-01 1.576050918894913444e-01 -1.000000000000000000e+00 -1.000000000000000000e+00
2.530000000000000000e+02 4.300000000005300000e+13 0.000000000000000000e+00 1.151663151079474368e+00 8.381785658902536629e-02 -1.000000000000000000e+00 -1.000000000000000000e+00 0.000000000000000000e+00 1.129401855900082019e+00 7.818973391729885924e-02 -1.000000000000000000e+00 -1.000000000000000000e+00
2.540000000000000000e+02 4.300000000000100000e+13 0.000000000000000000e+00 1.183538627860390102e+00 8.770861446087462043e-02 1.295306070254017561e-01 5.240311628013732265e-02 0.000000000000000000e+00 1.059574716995559607e+00 7.913571432740071354e-02 7.915639764748606682e+08 3.932766509479471445e+08
2.550000000000000000e+02 4.300000000000200000e+13 0.000000000000000000e+00 1.017016921708270516e+00 5.418599374892671405e-02 4.614462958719350166e-02 4.614462958719350166e-02 0.000000000000000000e+00 1.158236951394339354e+00 9.019924271918923486e-02 6.166861921870682240e+08 6.166861921870682240e+08
2.560000000000000000e+02 4.300000000002800000e+13 0.000000000000000000e+00 1.170490195545756951e+00 8.338845275393340362e-02 -1.000000000000000000e+00 -1.000000000000000000e+00 0.000000000000000000e+00 1.121382091146956528e+00 1.154731560671658774e-01 -1.000000000000000000e+00 -1.000000000000000000e+00
2.570000000000000000e+02 4.300000000000200000e+13 0.000000000000000000e+00 8.632624487269341396e-01 1.344436256242123595e-01 2.043599547398786409e-01 1.850138018501939763e-01 0.000000000000000000e+00 1.038454877388167441e+00 6.290897240978941818e-02 3.033839995775057673e+08 3.033839995775057673e+08
2.580000000000000000e+02 4.300000000000100000e+13 0.000000000000000000e+00 1.081027396529109508e+00 5.445130936066560484e-02 9.754442139442590087e-02 4.345579908401230734e-02 0.000000000000000000e+00 9.859217799614696798e-01 8.739386773759391658e-02 9.753269022222487926e+08 4.919471345475086570e+08
2.590000000000000000e+02 4.300000000002600000e+13 0.000000000000000000e+00 6.650389517045947052e-01 1.550129640379018237e-01 1.685493575403202993e-01 1.685493575403202993e-01 0.000000000000000000e+00 6.624496939505790660e-01 5.589419763364708582e-02 -1.000000000000000000e+00 -1.000000000000000000e+00
2.600000000000000000e+02 4.300000000004100000e+13 0.000000000000000000e+00 8.367726635866895579e-01 1.622382531205397715e-01 -1.000000000000000000e+00 -1.000000000000000000e+00 0.000000000000000000e+00 7.078082743073664806e-01 1.816025480214472632e-01 -1.000000000000000000e+00 -1.000000000000000000e+00
2.610000000000000000e+02 4.300000000000700000e+13 0.000000000000000000e+00 9.368595546869604718e-01 1.023394042820805899e-01 1.425975708786875740e-01 1.425975708786875740e-01 0.000000000000000000e+00 7.424775610832110573e-01 1.331067485603670275e-01 1.684662402448322773e+09 1.684662402448322773e+09
2.620000000000000000e+02 4.300000000000600000e+13 1.000000000000000000e+00 1.036895930164591917e+00 2.812090458649681851e-02 6.837474050156937266e-02 6.837474050156937266e-02 0.000000000000000000e+00 9.836383067761483856e-01 6.448000832819202228e-03 8.742991990660700798e+08 8.742991990660700798e+08
2.630000000000000000e+02 4.300000000071800000e+13 0.000000000000000000e+00 1.003997201429299269e+00 8.415007638058097372e-02 1.000000000000000000e+00 1.000000000000000000e+00 0.000000000000000000e+00 1.003997201429299269e+00 8.417946095645827131e-02 9.755146995598863602e+09 9.755146995598863602e+09
2.640000000000000000e+02 -1.000000000000000000e+00 -1.000000000000000000e+00 -1.000000000000000000e+00 -1.000000000000000000e+00 -1.000000000000000000e+00 -1.000000000000000000e+00 -1.000000000000000000e+00 -1.000000000000000000e+00 -1.000000000000000000e+00 -1.000000000000000000e+00 -1.000000000000000000e+00
2.650000000000000000e+02 -1.000000000000000000e+00 -1.000000000000000000e+00 -1.000000000000000000e+00 -1.000000000000000000e+00 -1.000000000000000000e+00 -1.000000000000000000e+00 -1.000000000000000000e+00 -1.000000000000000000e+00 -1.000000000000000000e+00 -1.000000000000000000e+00 -1.000000000000000000e+00
2.660000000000000000e+02 4.300000000013100000e+13 0.000000000000000000e+00 9.690843952842344011e-01 1.034860503327198755e-01 -1.000000000000000000e+00 -1.000000000000000000e+00 0.000000000000000000e+00 7.705823480201674514e-01 9.602717781267608443e-02 -1.000000000000000000e+00 -1.000000000000000000e+00
2.670000000000000000e+02 4.300000000006600000e+13 0.000000000000000000e+00 8.392506281111544730e-01 3.585334765884258534e-02 -1.000000000000000000e+00 -1.000000000000000000e+00 0.000000000000000000e+00 8.424429477162524993e-01 3.943045685087801649e-02 -1.000000000000000000e+00 -1.000000000000000000e+00
2.680000000000000000e+02 4.300000000000100000e+13 0.000000000000000000e+00 1.657394147946078311e+00 9.779271167342998283e-02 1.509324719399750547e-01 8.238743619623958847e-02 0.000000000000000000e+00 1.469503534992290472e+00 1.315745039843693176e-01 1.541256632330897093e+09 1.028974614284293056e+09
2.690000000000000000e+02 4.300000000037000000e+13 0.000000000000000000e+00 9.606574702442810532e-01 8.104430101599524594e-02 -1.000000000000000000e+00 -1.000000000000000000e+00 0.000000000000000000e+00 9.207623508072080298e-01 1.252077117094728964e-01 -1.000000000000000000e+00 -1.000000000000000000e+00
2.700000000000000000e+02 4.300000000002500000e+13 0.000000000000000000e+00 9.293208377092733175e-01 8.272449883968524542e-02 -1.000000000000000000e+00 -1.000000000000000000e+00 0.000000000000000000e+00 9.108508899788433366e-01 1.225490066473888112e-01 -1.000000000000000000e+00 -1.000000000000000000e+00
2.710000000000000000e+02 4.300000000001300000e+13 1.000000000000000000e+00 1.007983178561574933e+00 2.878126326776815624e-02 -1.000000000000000000e+00 -1.000000000000000000e+00 0.000000000000000000e+00 1.035881197816103327e+00 4.216814951194836764e-02 -1.000000000000000000e+00 -1.000000000000000000e+00
2.720000000000000000e+02 4.300000000000100000e+13 0.000000000000000000e+00 1.086956846442010960e+00 7.000043689569708516e-02 5.388620675401975535e-02 4.887579051791840490e-02 0.000000000000000000e+00 1.179533221717053104e+00 6.393257725725065566e-02 6.561170810705539584e+07 6.561170810705539584e+07
2.730000000000000000e+02 4.300000000003800000e+13 0.000000000000000000e+00 7.593508232338203046e-01 6.616931882171331325e-02 -1.000000000000000000e+00 -1.000000000000000000e+00 0.000000000000000000e+00 7.356006685786392607e-01 1.106111145647855482e-01 -1.000000000000000000e+00 -1.000000000000000000e+00
2.740000000000000000e+02 4.300000000000900000e+13 0.000000000000000000e+00 9.404940011248082987e-01 8.880871898357757532e-02 1.116361795862501616e-01 1.116361795862501616e-01 0.000000000000000000e+00 8.378519412763687502e-01 8.990421623805755491e-02 -1.000000000000000000e+00 -1.000000000000000000e+00
2.750000000000000000e+02 4.300000000000300000e+13 0.000000000000000000e+00 1.159358764063469716e+00 4.056243218463000122e-02 3.141875740347693097e-02 3.141875740347693097e-02 0.000000000000000000e+00 1.218244637111489004e+00 6.367362282952515606e-02 4.012015545963640213e+08 4.012015545963640213e+08
2.760000000000000000e+02 4.300000000000100000e+13 0.000000000000000000e+00 1.156039430272884028e+00 5.020135820888933093e-02 9.714802765119244510e-02 4.656355600281315149e-02 0.000000000000000000e+00 1.201512326005087283e+00 5.453158028643115968e-02 8.322624559481045008e+08 5.282086437123069763e+08
2.770000000000000000e+02 -1.000000000000000000e+00 -1.000000000000000000e+00 -1.000000000000000000e+00 -1.000000000000000000e+00 -1.000000000000000000e+00 -1.000000000000000000e+00 -1.000000000000000000e+00 -1.000000000000000000e+00 -1.000000000000000000e+00 -1.000000000000000000e+00 -1.000000000000000000e+00
2.780000000000000000e+02 4.300000000004400000e+13 0.000000000000000000e+00 9.402494018413607435e-01 6.751077906061393741e-02 -1.000000000000000000e+00 -1.000000000000000000e+00 0.000000000000000000e+00 5.447949299993732897e-01 7.354374108026467960e-02 -1.000000000000000000e+00 -1.000000000000000000e+00
2.790000000000000000e+02 4.300000000069500000e+13 0.000000000000000000e+00 8.649669956544209226e-01 6.379800458447382194e-02 -1.000000000000000000e+00 -1.000000000000000000e+00 0.000000000000000000e+00 9.908124193912362099e-01 5.758757666893535299e-02 -1.000000000000000000e+00 -1.000000000000000000e+00
2.800000000000000000e+02 4.300000000002100000e+13 0.000000000000000000e+00 9.868120179055932528e-01 1.208825204795601349e-01 1.476677820041925049e-01 8.289609922507656936e-02 0.000000000000000000e+00 9.387571218617989377e-01 1.511204484659006142e-01 1.081117067475055456e+09 1.081117067475055456e+09
2.810000000000000000e+02 4.300000000003100000e+13 0.000000000000000000e+00 1.092994376468652273e+00 6.790896302908995541e-02 -1.000000000000000000e+00 -1.000000000000000000e+00 0.000000000000000000e+00 1.060690775086544857e+00 9.512787857851004447e-02 -1.000000000000000000e+00 -1.000000000000000000e+00
2.820000000000000000e+02 4.300000000000300000e+13 0.000000000000000000e+00 9.816122285934750780e-01 4.263579460273445726e-02 4.665449411208113378e-02 4.665449411208113378e-02 1.000000000000000000e+00 1.046517562382691446e+00 3.779280796595700653e-02 -1.000000000000000000e+00 -1.000000000000000000e+00
2.830000000000000000e+02 4.300000000001700000e+13 0.000000000000000000e+00 1.148327069352985230e+00 6.611520380314321599e-02 1.766905465311272017e-02 1.766905465311272017e-02 0.000000000000000000e+00 1.051375698360430766e+00 7.362970992201213483e-02 2.062893701227083206e+08 2.062893701227083206e+08
2.840000000000000000e+02 4.300000000000400000e+13 0.000000000000000000e+00 1.157610552136197901e+00 4.252775799093410497e-02 -1.000000000000000000e+00 -1.000000000000000000e+00 0.000000000000000000e+00 1.200365725299838759e+00 5.088323156426365068e-02 -1.000000000000000000e+00 -1.000000000000000000e+00
2.850000000000000000e+02 4.300000000000100000e+13 0.000000000000000000e+00 1.206157425963777508e+00 2.228489117775262762e-01 3.072019868656317154e-01 1.470869608809718676e-01 0.000000000000000000e+00 1.051115326243674097e+00 2.003086622608329648e-01 1.171354931001497746e+09 5.966023200494928360e+08
2.860000000000000000e+02 4.300000000011700000e+13 0.000000000000000000e+00 7.781490207956477390e-01 7.600482402591560160e-02 -1.000000000000000000e+00 -1.000000000000000000e+00 0.000000000000000000e+00 8.323052560261871013e-01 1.098990097488244111e-01 -1.000000000000000000e+00 -1.000000000000000000e+00
2.870000000000000000e+02 4.300000000044100000e+13 0.000000000000000000e+00 1.143990991325942730e+00 8.649144167773377412e-02 -1.000000000000000000e+00 -1.000000000000000000e+00 0.000000000000000000e+00 8.932951160412226921e-01 4.767736406669344923e-02 -1.000000000000000000e+00 -1.000000000000000000e+00
2.880000000000000000e+02 4.300000000000200000e+13 1.000000000000000000e+00 9.645592126384292531e-01 3.688702998032629410e-02 2.405691107443191229e-02 2.405691107443191229e-02 0.000000000000000000e+00 1.023103283290817123e+00 5.306349731583773904e-02 2.972443631192517877e+08 2.972443631192517877e+08
2.890000000000000000e+02 4.300000000002400000e+13 0.000000000000000000e+00 9.701208879075595704e-01 1.053519214697203749e-01 -1.000000000000000000e+00 -1.000000000000000000e+00 0.000000000000000000e+00 9.560202515503583021e-01 1.178681751382097964e-01 -1.000000000000000000e+00 -1.000000000000000000e+00
2.900000000000000000e+02 4.300000000013300000e+13 1.000000000000000000e+00 9.863621801557864721e-01 3.844976230130562472e-02 -1.000000000000000000e+00 -1.000000000000000000e+00 0.000000000000000000e+00 1.045289932955188128e+00 6.206194145923751848e-02 -1.000000000000000000e+00 -1.000000000000000000e+00
2.910000000000000000e+02 4.300000000007700000e+13 0.000000000000000000e+00 9.952234904225498724e-01 4.977515758806396601e-02 -1.000000000000000000e+00 -1.000000000000000000e+00 1.000000000000000000e+00 8.901508944917008170e-01 1.362299926630438501e-02 -1.000000000000000000e+00 -1.000000000000000000e+00
2.920000000000000000e+02 4.300000000000800000e+13 0.000000000000000000e+00 6.733766934740997856e-01 2.369569841141726252e-01 2.590411844192468394e-01 2.031999686661574989e-01 1.000000000000000000e+00 9.587294705507783954e-01 1.783742721854722144e-02 -1.000000000000000000e+00 -1.000000000000000000e+00
2.930000000000000000e+02 4.300000000003700000e+13 0.000000000000000000e+00 9.001494020204188207e-01 4.840101305502837042e-02 -1.000000000000000000e+00 -1.000000000000000000e+00 0.000000000000000000e+00 6.854802441271135027e-01 3.914168161372611615e-02 -1.000000000000000000e+00 -1.000000000000000000e+00
2.940000000000000000e+02 4.300000000000200000e+13 0.000000000000000000e+00 9.656934872314703044e-01 7.652614356203363277e-02 -1.000000000000000000e+00 -1.000000000000000000e+00 0.000000000000000000e+00 9.793801089298543872e-01 4.117815874072575100e-02 -1.000000000000000000e+00 -1.000000000000000000e+00
2.950000000000000000e+02 -1.000000000000000000e+00 -1.000000000000000000e+00 -1.000000000000000000e+00 -1.000000000000000000e+00 -1.000000000000000000e+00 -1.000000000000000000e+00 -1.000000000000000000e+00 -1.000000000000000000e+00 -1.000000000000000000e+00 -1.000000000000000000e+00 -1.000000000000000000e+00
2.960000000000000000e+02 4.300000000000400000e+13 0.000000000000000000e+00 1.112382141178508865e+00 1.238451423904078502e-01 1.621347702786494760e-01 1.621347702786494760e-01 0.000000000000000000e+00 1.111947464279049225e+00 2.027514935696957954e-01 1.882536766422543526e+09 1.882536766422543526e+09
2.970000000000000000e+02 4.300000000000500000e+13 0.000000000000000000e+00 1.026993121153188193e+00 6.014178744220900763e-02 -1.000000000000000000e+00 -1.000000000000000000e+00 0.000000000000000000e+00 1.020182698538366406e+00 8.456349027063429780e-02 -1.000000000000000000e+00 -1.000000000000000000e+00
2.980000000000000000e+02 4.300000000000700000e+13 0.000000000000000000e+00 1.170244816938250221e+00 6.077424839277272006e-02 9.121128649291310175e-02 7.005694628293880621e-02 0.000000000000000000e+00 1.154354003848002019e+00 8.763450289111797409e-02 8.287405012298256159e+08 8.287405012298256159e+08
2.990000000000000000e+02 4.300000000002000000e+13 0.000000000000000000e+00 9.762776278614800907e-01 6.219880629289924190e-02 -1.000000000000000000e+00 -1.000000000000000000e+00 0.000000000000000000e+00 9.644245714091846944e-01 8.609514195710153694e-02 -1.000000000000000000e+00 -1.000000000000000000e+00
3.000000000000000000e+02 4.300000000000200000e+13 0.000000000000000000e+00 1.134497969238542625e+00 5.796037812509029913e-02 4.584175990855333949e-02 4.584175990855333949e-02 0.000000000000000000e+00 1.143761878297988588e+00 6.752730397638420645e-02 5.260311982313201427e+08 5.260311982313201427e+08
3.010000000000000000e+02 4.300000000001000000e+13 0.000000000000000000e+00 7.609788883314623220e-01 1.297675479717861624e-01 2.960081038885089000e-01 1.636703513599598869e-01 0.000000000000000000e+00 6.408219122267801993e-01 1.419811331198613802e-01 2.540390486902775764e+09 2.540390486902775764e+09
3.020000000000000000e+02 4.300000000000900000e+13 0.000000000000000000e+00 1.195656833257531915e+00 1.240217849623412305e-01 1.527016748060160412e-01 1.202835631483095968e-01 0.000000000000000000e+00 1.063374093760743655e+00 1.999411390374247477e-01 1.451051418347803593e+09 1.451051418347803593e+09
3.030000000000000000e+02 4.300000000000200000e+13 0.000000000000000000e+00 1.344391964161907760e+00 7.349572484122139648e-02 1.927159528104596120e-01 9.590204498651043463e-02 0.000000000000000000e+00 1.263678828345577543e+00 7.229811753473468217e-02 1.734703019314682245e+09 1.252298843511059523e+09
3.040000000000000000e+02 4.300000000000500000e+13 0.000000000000000000e+00 1.101364186897782593e+00 5.550058305671820569e-02 -1.000000000000000000e+00 -1.000000000000000000e+00 0.000000000000000000e+00 1.108425668042316570e+00 5.076390493439885548e-02 -1.000000000000000000e+00 -1.000000000000000000e+00
3.050000000000000000e+02 4.300000000000700000e+13 0.000000000000000000e+00 9.537563176955643485e-01 9.727278260111356378e-02 -1.000000000000000000e+00 -1.000000000000000000e+00 0.000000000000000000e+00 1.072251376939318490e+00 6.631380533158148793e-02 -1.000000000000000000e+00 -1.000000000000000000e+00
3.060000000000000000e+02 4.300000000003000000e+13 0.000000000000000000e+00 9.675875876628032835e-01 1.431968060865504433e-01 9.325633021375723253e-02 9.325633021375723253e-02 0.000000000000000000e+00 5.731264465431422650e-01 2.237294058305506761e-01 -1.000000000000000000e+00 -1.000000000000000000e+00
3.070000000000000000e+02 4.300000000001400000e+13 0.000000000000000000e+00 8.680529678139776717e-01 9.452575552966481498e-02 1.937566691466443281e-01 1.937566691466443281e-01 0.000000000000000000e+00 1.052678792176402922e+00 5.063090514648058149e-02 -1.000000000000000000e+00 -1.000000000000000000e+00
3.080000000000000000e+02 4.300000000002300000e+13 0.000000000000000000e+00 -6.512805132638057604e-01 5.418397263379545747e-02 -1.000000000000000000e+00 -1.000000000000000000e+00 0.000000000000000000e+00 8.997439775724990207e-01 5.405475548381281220e-02 -1.000000000000000000e+00 -1.000000000000000000e+00
3.090000000000000000e+02 4.300000000000400000e+13 1.000000000000000000e+00 1.081389639016592463e+00 3.395201545970906454e-02 -1.000000000000000000e+00 -1.000000000000000000e+00 0.000000000000000000e+00 1.143742488339049235e+00 4.203844831665732446e-02 -1.000000000000000000e+00 -1.000000000000000000e+00
3.100000000000000000e+02 4.300000000001800000e+13 0.000000000000000000e+00 9.357963220152789585e-01 1.025263385263860405e-01 -1.000000000000000000e+00 -1.000000000000000000e+00 0.000000000000000000e+00 1.002921416823312706e+00 1.397038108863968842e-01 -1.000000000000000000e+00 -1.000000000000000000e+00
3.110000000000000000e+02 4.300000000020300000e+13 0.000000000000000000e+00 8.058050592187352423e-01 1.504500033992396402e-01 1.907291598039762281e-01 1.907291598039762281e-01 0.000000000000000000e+00 7.559895322016463304e-01 1.225054964286628467e-01 -1.000000000000000000e+00 -1.000000000000000000e+00
3.120000000000000000e+02 4.300000000054000000e+13 0.000000000000000000e+00 1.225031461444666021e-02 1.272352466229786094e-01 -1.000000000000000000e+00 -1.000000000000000000e+00 0.000000000000000000e+00 5.042080698114778103e-01 9.284187207956924592e-02 -1.000000000000000000e+00 -1.000000000000000000e+00
3.130000000000000000e+02 4.300000000000800000e+13 0.000000000000000000e+00 1.186392249187714798e+00 4.362056639732538044e-02 -1.000000000000000000e+00 -1.000000000000000000e+00 0.000000000000000000e+00 9.030652267274542622e-01 6.685735460722419532e-02 -1.000000000000000000e+00 -1.000000000000000000e+00
3.140000000000000000e+02 4.300000000012700000e+13 0.000000000000000000e+00 1.101980257638457639e+00 9.872375829809439118e-02 -1.000000000000000000e+00 -1.000000000000000000e+00 0.000000000000000000e+00 1.033238202477115619e+00 6.672081601149097707e-02 -1.000000000000000000e+00 -1.000000000000000000e+00
3.150000000000000000e+02 4.300000000055300000e+13 0.000000000000000000e+00 9.106873016611383154e-01 1.215201357281365246e-01 -1.000000000000000000e+00 -1.000000000000000000e+00 0.000000000000000000e+00 8.003744440986361175e-01 2.009023958624542583e-01 -1.000000000000000000e+00 -1.000000000000000000e+00
3.160000000000000000e+02 4.300000000000200000e+13 0.000000000000000000e+00 1.052132584066746812e+00 5.642961343939719571e-02 4.866795000172645901e-03 4.866795000172645901e-03 0.000000000000000000e+00 1.115655492532458215e+00 5.530340125089520942e-02 5.932647607230003923e+07 5.932647607230003923e+07
3.170000000000000000e+02 4.300000000000400000e+13 0.000000000000000000e+00 9.334890858204588637e-01 8.526343732818843224e-02 8.139047691546454077e-02 8.139047691546454077e-02 1.000000000000000000e+00 9.612207700223401874e-01 2.143609114362688903e-02 -1.000000000000000000e+00 -1.000000000000000000e+00
3.180000000000000000e+02 4.300000000082800000e+13 0.000000000000000000e+00 9.830936368149958415e-01 7.634573496355376299e-02 -1.000000000000000000e+00 -1.000000000000000000e+00 0.000000000000000000e+00 9.951613319302917704e-01 1.276210816958838201e-01 -1.000000000000000000e+00 -1.000000000000000000e+00
3.190000000000000000e+02 4.300000000000200000e+13 0.000000000000000000e+00 1.243862996898662088e+00 5.862649774096317240e-02 5.322493309118715016e-02 5.214203785127126400e-02 0.000000000000000000e+00 1.248651312765708177e+00 5.241941052785128313e-02 7.319442602633959055e+08 7.170523870511734486e+08
3.200000000000000000e+02 4.300000000004600000e+13 0.000000000000000000e+00 1.209831651430486987e+00 1.061911360443127672e-01 1.399626672888785173e-01 7.330002833286111685e-02 0.000000000000000000e+00 nan 1.143347164636695779e-01 9.140615080339317322e+08 9.140615080339317322e+08
3.210000000000000000e+02 4.300000000033800000e+13 0.000000000000000000e+00 nan 5.916086829137044006e-02 -1.000000000000000000e+00 -1.000000000000000000e+00 0.000000000000000000e+00 nan 6.706745240683462117e-02 -1.000000000000000000e+00 -1.000000000000000000e+00
3.220000000000000000e+02 4.300000000001200000e+13 1.000000000000000000e+00 8.666035013118185137e-01 3.621101111042582948e-02 -1.000000000000000000e+00 -1.000000000000000000e+00 0.000000000000000000e+00 7.645315741038176682e-01 5.334088319153149071e-02 -1.000000000000000000e+00 -1.000000000000000000e+00
3.230000000000000000e+02 4.300000000100100000e+13 0.000000000000000000e+00 7.535646591330565913e-01 5.463743901953948406e-02 -1.000000000000000000e+00 -1.000000000000000000e+00 0.000000000000000000e+00 7.963404267072486942e-01 1.496912383626093634e-01 -1.000000000000000000e+00 -1.000000000000000000e+00
3.240000000000000000e+02 4.300000000001600000e+13 0.000000000000000000e+00 8.718001221367891462e-01 5.781487233268346043e-02 -1.000000000000000000e+00 -1.000000000000000000e+00 0.000000000000000000e+00 8.718001221367891462e-01 5.781809749492144296e-02 -1.000000000000000000e+00 -1.000000000000000000e+00
