# rID[0] Hid[1]   R200: DS[2], eta[3], detla[4], fm[5], fm2[6];   R500: DS[7], eta[8], detla[9], fm[10], fm2[11]
1.000000000000000000e+00 9.400000000000100000e+13 0.000000000000000000e+00 1.152025076661433500e+00 9.271723515111085501e-02 2.847919074837580999e-01 1.018388127364888984e-01 0.000000000000000000e+00 1.259761572467789748e+00 1.176228640989314261e-01 2.467886139188169956e+09 9.419674421510260105e+08
2.000000000000000000e+00 9.400000000000100000e+13 0.000000000000000000e+00 1.097959832958457671e+00 5.974988544571133847e-02 2.252662684073627186e-01 4.739020100104360256e-02 0.000000000000000000e+00 1.217196986246945611e+00 7.844130966503118363e-02 1.698708225218993425e+09 4.054392665501421094e+08
3.000000000000000000e+00 9.400000000000200000e+13 0.000000000000000000e+00 1.405617839272703895e+00 3.625781344728253724e-02 1.559602194259447072e-01 2.170153443907555865e-02 0.000000000000000000e+00 1.399360894601133998e+00 6.145970043983822045e-02 1.588143305768674850e+09 2.537477619750736058e+08
4.000000000000000000e+00 9.400000000000400000e+13 0.000000000000000000e+00 1.223005415490455938e+00 7.881069710251008276e-02 1.187212806648450525e-01 2.442775347538474195e-02 0.000000000000000000e+00 1.349354222402801451e+00 2.360743097017674319e-02 7.756136970244584084e+08 2.318122917161057591e+08
5.000000000000000000e+00 9.400000000000500000e+13 0.000000000000000000e+00 1.121482008891175219e+00 8.190576430159687837e-02 1.482972215066638011e-01 2.880425631734144162e-02 0.000000000000000000e+00 1.234696632803762961e+00 6.687204805364170557e-02 1.618247635654039145e+09 4.395788973395243287e+08
6.000000000000000000e+00 9.400000000000100000e+13 0.000000000000000000e+00 1.358655711419082035e+00 8.556075813480207293e-02 1.763103869126938228e-01 2.440673648235533802e-02 0.000000000000000000e+00 1.436739071309806715e+00 9.159092721791732561e-02 1.648564066329648495e+09 3.368625187111039162e+08
7.000000000000000000e+00 9.400000000000100000e+13 0.000000000000000000e+00 1.085491177739177804e+00 2.238115662112747858e-02 1.062223013735323490e-01 1.116199645828062914e-02 0.000000000000000000e+00 1.171936007871202223e+00 2.635596741985361813e-02 9.219352682376670837e+08 1.681233087430154085e+08
8.000000000000000000e+00 9.400000000002600000e+13 0.000000000000000000e+00 1.560408922754160210e+00 6.608436163379201311e-02 1.036236182677165329e+00 1.000000000000000000e+00 0.000000000000000000e+00 1.560408922754160210e+00 6.608452801547891331e-02 9.754124848826400757e+09 9.413032484183437347e+09
9.000000000000000000e+00 9.400000000000100000e+13 0.000000000000000000e+00 1.246141233013613903e+00 4.079964658971070579e-02 1.518160962727297669e-01 2.722378967996316734e-02 0.000000000000000000e+00 1.304172228491428553e+00 7.032571355780761757e-02 1.415159207724384308e+09 3.860807443437301517e+08
1.000000000000000000e+01 9.400000000000200000e+13 0.000000000000000000e+00 1.066770664219590881e+00 4.053588807682209638e-02 9.231977726482801239e-02 2.651645197949969654e-02 0.000000000000000000e+00 1.111622709782256857e+00 4.317195075441137425e-02 1.074469221650547028e+09 3.696294427097278833e+08
1.100000000000000000e+01 9.400000000000100000e+13 0.000000000000000000e+00 1.201629413239958533e+00 1.376668732366534420e-01 1.673142856897676112e-01 3.723003123605533177e-02 0.000000000000000000e+00 1.252245891643702036e+00 1.259445376298273522e-01 1.187400401737681150e+09 2.943428529482491612e+08
1.200000000000000000e+01 9.400000000000600000e+13 0.000000000000000000e+00 1.207632698332779864e+00 6.609773640517786764e-02 1.165370617826945732e-01 4.069174682580984498e-02 0.000000000000000000e+00 1.246287239018340376e+00 5.854601741825948835e-02 2.740351682883911133e+08 1.087653775240845233e+08
1.300000000000000000e+01 9.400000000000200000e+13 0.000000000000000000e+00 1.562431276399700808e+00 1.723552301647878759e-01 1.587249610018067192e-01 6.346316130228234209e-02 0.000000000000000000e+00 1.393432525401412603e+00 2.048474279695120526e-01 2.177742960629506111e+09 9.238069058393498659e+08
1.400000000000000000e+01 9.400000000000100000e+13 0.000000000000000000e+00 2.655840241204123764e+00 1.752794529120848266e-01 2.103981470583999036e-01 8.505620243163219962e-02 0.000000000000000000e+00 2.619169103114136643e+00 2.049235857591037158e-01 2.581548036486157894e+09 1.121051390344555378e+09
1.500000000000000000e+01 9.400000000000400000e+13 0.000000000000000000e+00 1.199861304153359232e+00 4.741829485441698827e-02 1.297591531566831546e-01 4.156281530097467869e-02 0.000000000000000000e+00 1.238015375222903947e+00 5.590651575983759253e-02 1.084694011490607738e+09 5.214876859938973188e+08
1.600000000000000000e+01 9.400000000000200000e+13 0.000000000000000000e+00 1.247020796705027523e+00 6.328786568543062763e-02 8.515369943330426683e-02 8.424731182795698256e-03 0.000000000000000000e+00 1.242482670619774021e+00 7.834676591138237112e-02 8.662183049921774864e+08 1.055513013796046078e+08
1.700000000000000000e+01 9.400000000000100000e+13 0.000000000000000000e+00 1.099498609087522061e+00 6.915936347355500224e-02 2.325949155054847228e-01 4.236967187245966465e-02 0.000000000000000000e+00 1.088991774789292544e+00 9.337072903843489369e-02 2.659712159083573341e+09 5.780108981271774769e+08
1.800000000000000000e+01 9.400000000000100000e+13 0.000000000000000000e+00 2.499554924696505420e+00 1.739290023673961405e-01 1.909841304914764171e-01 7.002003802934068932e-02 0.000000000000000000e+00 1.996614707159563684e+00 2.267530756683689697e-01 2.106117478113754988e+09 9.240077719440171719e+08
1.900000000000000000e+01 9.400000000000100000e+13 0.000000000000000000e+00 1.193390020811986751e+00 1.637429598159060862e-01 1.901632044438129610e-01 4.146135682437872283e-02 0.000000000000000000e+00 1.357044352484942262e+00 9.824600140649725200e-02 1.190148728192038774e+09 2.794005343311172128e+08
2.000000000000000000e+01 9.400000000000100000e+13 0.000000000000000000e+00 1.534057506094652634e+00 9.654440403524459924e-02 1.376947111340607321e-01 2.961803840569949067e-02 0.000000000000000000e+00 1.508913699253777496e+00 1.240262495576371082e-01 1.284037003621394634e+09 3.867534294839617610e+08
2.100000000000000000e+01 9.400000000000200000e+13 0.000000000000000000e+00 1.353419087881482463e+00 1.468366339716920821e-01 1.934070049152141479e-01 5.392028276862700226e-02 0.000000000000000000e+00 1.320915644680201506e+00 2.236687186757944645e-01 2.115135487612094879e+09 7.877619843555660248e+08
2.200000000000000000e+01 9.400000000000100000e+13 0.000000000000000000e+00 1.202892348953270352e+00 2.763357582178344735e-02 1.035456492236553477e-01 1.468744309049304503e-02 0.000000000000000000e+00 1.363123030957574811e+00 3.162114599714366259e-02 1.028247806377692103e+09 2.168587384446629286e+08
2.300000000000000000e+01 9.400000000000500000e+13 0.000000000000000000e+00 1.261248514333789705e+00 1.231455973328349357e-01 1.421799856314104882e-01 4.144986107602929848e-02 0.000000000000000000e+00 1.163776445839431739e+00 8.766214239726312363e-02 1.703255598477526188e+09 6.706725132089446783e+08
2.400000000000000000e+01 9.400000000000100000e+13 0.000000000000000000e+00 1.123184409407511186e+00 3.181075513449809766e-01 3.179876363727542898e-01 1.101149655855471893e-01 0.000000000000000000e+00 1.169269483644712837e+00 2.327125961766549345e-01 2.334717756246755600e+09 1.361140920179392099e+09
2.500000000000000000e+01 9.400000000000100000e+13 0.000000000000000000e+00 1.519093986774071592e+00 5.698159652611832493e-02 1.183013089048729483e-01 3.815293696716962751e-02 0.000000000000000000e+00 1.614305395853247616e+00 8.492726749598401847e-02 1.105577080137422562e+09 5.097055303835436106e+08
2.600000000000000000e+01 9.400000000000100000e+13 0.000000000000000000e+00 1.450800208799604363e+00 3.493079956774330225e-02 8.358056891184846571e-02 8.510955896213198008e-03 0.000000000000000000e+00 1.500601261965531785e+00 3.437133621452470589e-02 7.641968815496660471e+08 1.084962722651861906e+08
2.700000000000000000e+01 9.400000000000100000e+13 0.000000000000000000e+00 1.158410231681646030e+00 5.906727927084090557e-02 1.450094946322846301e-01 2.990041766449093655e-02 0.000000000000000000e+00 1.327750634061615198e+00 8.728218315140801042e-02 1.183325941404217005e+09 2.981118390864838362e+08
2.800000000000000000e+01 9.400000000000100000e+13 0.000000000000000000e+00 1.122319167595036804e+00 5.114141224229623583e-02 1.713890102882408006e-01 5.789154833772638259e-02 0.000000000000000000e+00 1.306822023417217871e+00 5.994238685895168089e-02 1.288275544731286764e+09 4.642119890771462917e+08
2.900000000000000000e+01 9.400000000000100000e+13 0.000000000000000000e+00 1.127993988281063675e+00 5.834432681818530614e-02 1.799993192599307068e-01 5.550731110447493233e-02 0.000000000000000000e+00 1.428472314175972757e+00 8.741733786980687704e-02 1.614894075405737638e+09 8.581322163886207342e+08
3.000000000000000000e+01 9.400000000000100000e+13 0.000000000000000000e+00 1.318042694075753474e+00 3.661005253831214890e-02 1.843546876504862098e-01 7.691460691243849623e-02 0.000000000000000000e+00 1.428894416719918459e+00 6.753691115445123461e-02 7.210164199744527340e+08 5.628502795661279559e+07
3.100000000000000000e+01 9.400000000000100000e+13 0.000000000000000000e+00 1.275572634042487330e+00 1.309186623121361970e-01 3.098580879603923255e-01 1.493994455490243733e-01 0.000000000000000000e+00 8.399075195299189334e-01 1.523758673039542211e-01 2.082110814174216747e+09 6.756805165575919151e+08
3.200000000000000000e+01 9.400000000000100000e+13 0.000000000000000000e+00 1.228641010113716403e+00 3.540596125379643494e-02 1.094881142022584020e-01 5.185587575250240333e-02 0.000000000000000000e+00 1.300356094915699812e+00 1.987318966412560811e-02 3.741489679373406172e+08 3.328846428370326385e+07
3.300000000000000000e+01 9.400000000000100000e+13 0.000000000000000000e+00 1.166822761743247172e+00 5.925919421290767874e-02 1.023905020632225049e-01 7.646548385174591414e-03 0.000000000000000000e+00 1.299458034371774762e+00 6.768736086980686739e-02 7.360948985294932127e+08 9.261624820479285717e+07
3.400000000000000000e+01 9.400000000000100000e+13 0.000000000000000000e+00 1.105010395127055345e+00 3.792759493242217617e-02 1.112416762560750061e-01 1.921834292274167758e-02 0.000000000000000000e+00 1.252439915498251288e+00 3.511120032616673464e-02 7.733486511317477226e+08 2.012553289040648341e+08
3.500000000000000000e+01 9.400000000000100000e+13 0.000000000000000000e+00 1.318829951990283966e+00 9.332077808394489971e-02 2.067015952408496060e-01 1.178738067944794382e-01 0.000000000000000000e+00 1.421008168937336169e+00 5.376710727290223008e-02 1.109864617152493954e+09 2.745444046059992313e+08
3.600000000000000000e+01 9.400000000000100000e+13 0.000000000000000000e+00 1.511823130439519991e+00 9.906845424146835943e-02 2.529118039895013048e-01 1.289417322834645607e-01 0.000000000000000000e+00 1.722956179452854730e+00 8.865629793888994692e-02 1.448830850606584549e+09 4.624832408421766162e+08
3.700000000000000000e+01 9.400000000000100000e+13 0.000000000000000000e+00 1.057353709239507333e+00 1.031766952651255315e-01 1.499461523400151264e-01 5.047515318805756435e-02 0.000000000000000000e+00 1.249344692274684476e+00 1.032603798099658576e-01 1.536530480885820866e+09 7.816241557881163359e+08
3.800000000000000000e+01 9.400000000000100000e+13 1.000000000000000000e+00 9.929815242143191778e-01 3.736305722960359121e-02 9.483761511510520326e-02 2.063730477642075276e-02 0.000000000000000000e+00 1.243386741678964125e+00 2.385322467976751931e-02 4.636832527839566469e+08 7.947251201824223995e+07
3.900000000000000000e+01 9.400000000000100000e+13 0.000000000000000000e+00 2.230757207327385139e+00 1.329298690788869586e-01 1.879872067081567455e-01 6.763841944310317045e-02 0.000000000000000000e+00 2.086001775316407958e+00 1.548591682280488768e-01 2.009124686411417007e+09 8.246421569211952686e+08
4.000000000000000000e+01 9.400000000000800000e+13 0.000000000000000000e+00 8.702827833030747362e-01 1.776921956080508569e-01 1.409156997820415758e-01 5.847767902517250066e-02 0.000000000000000000e+00 1.234707308508260715e+00 1.459633588014603578e-01 1.636318933972746611e+09 1.015019049258928537e+09
4.100000000000000000e+01 9.400000000000100000e+13 0.000000000000000000e+00 1.193870814789139922e+00 8.548039255508928236e-02 1.120357239734637161e-01 2.804370797155071940e-02 0.000000000000000000e+00 1.226756049634724066e+00 5.250269942854603189e-02 9.538558339509391785e+08 2.157876263209658265e+08
4.200000000000000000e+01 9.400000000000100000e+13 0.000000000000000000e+00 1.186418435792711445e+00 1.185713799870238561e-01 1.818616616784388962e-01 4.033784269124865429e-02 0.000000000000000000e+00 1.039337301955119974e+00 1.645959808042224970e-01 1.720533520333088398e+09 6.387751542375236750e+08
4.300000000000000000e+01 9.400000000000100000e+13 1.000000000000000000e+00 1.103578348752273453e+00 3.500563074558446508e-02 9.669302449863219351e-02 2.370181375747301006e-02 0.000000000000000000e+00 1.191557731723007718e+00 4.703998746708095563e-02 8.949834473579748869e+08 3.630244306366803646e+08
4.400000000000000000e+01 9.400000000000100000e+13 0.000000000000000000e+00 1.163525490522429040e+00 1.079914349169990295e-01 1.273474158655718003e-01 4.869396301840427099e-02 0.000000000000000000e+00 1.324025072294908512e+00 8.524288519423477151e-02 7.101148009028556347e+08 2.180861475896186531e+08
4.500000000000000000e+01 9.400000000000100000e+13 0.000000000000000000e+00 1.121504055577958514e+00 1.249001854244554954e-01 2.365982835112228622e-01 7.301461409055827467e-02 0.000000000000000000e+00 1.140140165757373314e+00 1.378948928869389856e-01 2.370270705619650364e+09 9.627841614289543629e+08
4.600000000000000000e+01 9.400000000000100000e+13 0.000000000000000000e+00 1.099227043917995417e+00 7.878948648574762847e-02 6.111328044633899254e-02 1.302250307561705206e-02 0.000000000000000000e+00 1.215322033992251693e+00 5.284650639328503791e-02 4.380163178960004449e+08 5.658300765599255264e+07
4.700000000000000000e+01 9.400000000000400000e+13 0.000000000000000000e+00 1.011859759044738905e+00 9.238929356242886470e-02 1.922788415494428860e-01 7.690153202402645605e-02 0.000000000000000000e+00 1.193652747866148500e+00 6.129073114296858943e-02 1.042108162478469849e+09 2.549794535674580932e+08
4.800000000000000000e+01 9.400000000000100000e+13 0.000000000000000000e+00 1.076118873218655070e+00 4.617479084891891461e-02 7.211467813927278925e-02 1.792603357257251465e-02 0.000000000000000000e+00 1.092286104321909646e+00 2.088527264535922079e-02 3.945768630294323564e+08 3.653163771668496728e+07
4.900000000000000000e+01 9.400000000000200000e+13 0.000000000000000000e+00 1.072496861176378768e+00 6.089293854513716520e-02 1.458572344675607424e-01 3.830004888417574277e-02 0.000000000000000000e+00 1.174902309336594231e+00 5.899377340298235517e-02 8.894258100835534334e+08 1.847419177465061843e+08
5.000000000000000000e+01 9.400000000000100000e+13 0.000000000000000000e+00 1.479310614865696261e+00 4.795514309497846822e-02 9.784692601531592981e-02 3.093270242804776332e-02 0.000000000000000000e+00 1.704367186956366131e+00 4.082665851225401876e-02 1.072964125188401699e+09 4.637036334517772198e+08
5.100000000000000000e+01 9.400000000000300000e+13 0.000000000000000000e+00 1.041331590310583088e+00 1.062072544467051044e-01 1.688334499050523352e-01 4.098888954946196261e-02 0.000000000000000000e+00 1.152025304864308541e+00 1.368769177980037610e-01 1.055229103660823941e+09 4.697380595417470932e+08
5.200000000000000000e+01 9.400000000000100000e+13 0.000000000000000000e+00 9.510061666741885800e-01 1.371132998308021156e-01 1.461484419012046565e-01 2.237538682368557172e-02 0.000000000000000000e+00 1.021392127245483339e+00 1.412209158225008199e-01 9.866297272964581251e+08 3.246584602104864120e+08
5.300000000000000000e+01 9.400000000000100000e+13 0.000000000000000000e+00 2.016202042823707963e+00 8.193304431317080527e-02 1.462177808099306142e-01 5.840332343999495024e-02 0.000000000000000000e+00 2.011315148245932605e+00 1.291047033039504355e-01 1.544866069743142128e+09 7.462697683131077290e+08
5.400000000000000000e+01 9.400000000000100000e+13 0.000000000000000000e+00 1.183919052162790475e+00 3.474785258247792968e-02 1.380533302027284193e-01 1.916576987879775942e-02 0.000000000000000000e+00 1.374915627524770922e+00 6.874263437720189163e-02 1.480771098932057142e+09 2.647361441079489887e+08
5.500000000000000000e+01 9.400000000000100000e+13 0.000000000000000000e+00 1.147372791713183293e+00 8.681632329517058322e-02 2.056325617159752428e-01 3.447879204864533198e-02 0.000000000000000000e+00 1.098310397770368541e+00 1.055498847799587886e-01 2.397967631135225773e+09 4.218656630526334643e+08
5.600000000000000000e+01 9.400000000000100000e+13 0.000000000000000000e+00 1.313700542610369393e+00 5.237466776570314647e-02 1.606619458353226171e-01 2.430842949800295777e-02 0.000000000000000000e+00 1.344310800608809808e+00 1.079925094413908687e-01 1.526671397682753563e+09 3.224531856010835767e+08
5.700000000000000000e+01 9.400000000000300000e+13 0.000000000000000000e+00 7.910730715064931973e-01 1.415241202576607293e-01 2.182964498348980709e-01 8.469902832934521342e-02 0.000000000000000000e+00 1.288421500713228252e+00 5.078806691475989954e-02 7.151209191969842911e+08 1.934934303275552988e+08
5.800000000000000000e+01 9.400000000000100000e+13 0.000000000000000000e+00 1.079722829770811687e+00 4.654702730764714858e-02 9.531883635735943772e-02 3.367791272175377215e-02 0.000000000000000000e+00 1.097367363131772189e+00 1.397014951643592122e-02 9.072274862271878719e+08 4.922245267892513871e+08
5.900000000000000000e+01 9.400000000000100000e+13 0.000000000000000000e+00 1.431572023804386085e+00 8.535644705102068963e-02 1.419992418312206461e-01 3.670395434574011406e-02 0.000000000000000000e+00 1.399897863308722012e+00 1.075783942582116820e-01 1.559119103790189743e+09 4.513053252101913095e+08
6.000000000000000000e+01 9.400000000000100000e+13 0.000000000000000000e+00 1.091469099164176892e+00 1.417886901454110948e-01 1.318039841650385235e-01 1.869980120980470686e-02 0.000000000000000000e+00 1.489577714429163313e+00 9.559846114457214161e-02 1.041580185422080636e+09 2.934887569617034793e+08
6.100000000000000000e+01 9.400000000000100000e+13 0.000000000000000000e+00 1.056100084442279430e+00 6.282683524551384291e-02 1.261808870487739487e-01 2.685680460988036991e-02 0.000000000000000000e+00 1.265707585138079905e+00 9.914440973859160733e-02 1.182786757582582951e+09 4.135571911223019361e+08
6.200000000000000000e+01 9.400000000000200000e+13 0.000000000000000000e+00 1.263684384074414746e+00 3.662747559021408555e-02 2.505256092212750918e-01 4.553546867951101945e-02 0.000000000000000000e+00 1.274074329356912116e+00 5.257754067435724959e-02 1.803857336822119713e+09 2.700992612720268965e+08
6.300000000000000000e+01 9.400000000000100000e+13 1.000000000000000000e+00 1.112604682037354298e+00 3.205487413479609499e-02 7.723533988962993924e-02 1.517094080151094870e-02 0.000000000000000000e+00 1.058190490742810796e+00 4.329058920049282805e-02 5.847172617217181921e+08 2.146825180537445843e+08
6.400000000000000000e+01 9.400000000000300000e+13 0.000000000000000000e+00 1.166009807429847278e+00 1.753678697715079296e-02 8.342307119235138624e-02 1.835569873925065390e-02 0.000000000000000000e+00 1.245192519904024575e+00 1.904319794781065417e-02 7.575985365316618681e+08 2.622558152401400805e+08
6.500000000000000000e+01 9.400000000000100000e+13 0.000000000000000000e+00 1.250296937065327407e+00 3.970888798149521670e-02 1.780928426785342300e-01 5.353359852468261154e-02 0.000000000000000000e+00 1.397120944538045251e+00 5.744769373920295685e-02 1.919997009191004992e+09 7.608800044339537621e+08
6.600000000000000000e+01 9.400000000000100000e+13 0.000000000000000000e+00 1.176708011351913941e+00 1.976071451726050809e-01 3.969702384569037679e-01 2.993805212107840119e-01 0.000000000000000000e+00 1.708611605186654447e+00 6.207411138741354001e-02 1.040955489458345652e+09 2.903520429694570899e+08
6.700000000000000000e+01 9.400000000000100000e+13 0.000000000000000000e+00 1.230679452293736542e+00 6.973120765403917343e-02 1.448394156910923214e-01 6.961243687635264299e-02 0.000000000000000000e+00 1.208541340270610442e+00 7.466600951748803006e-02 1.512015658284195662e+09 9.246905182892676592e+08
6.800000000000000000e+01 9.400000000000100000e+13 0.000000000000000000e+00 1.609179966588937027e+00 4.488005108761343454e-02 1.527406041645498758e-01 1.855227319656898091e-02 0.000000000000000000e+00 1.607686154887475016e+00 6.886169188608887159e-02 1.657747853719773293e+09 2.262071364215422273e+08
6.900000000000000000e+01 9.400000000000100000e+13 0.000000000000000000e+00 1.080415622706280443e+00 2.657706374861728074e-02 2.305042679538954198e-01 9.272484552881908593e-02 0.000000000000000000e+00 8.497159406039007656e-01 2.537938010097692126e-02 2.758066779467765331e+09 1.360987668468589544e+09
7.000000000000000000e+01 9.400000000000100000e+13 0.000000000000000000e+00 1.195884449427619733e+00 2.839746784733187396e-02 1.599118613085436791e-01 3.237044139205591531e-02 0.000000000000000000e+00 1.328554774867578336e+00 3.738043978206717632e-02 1.639755559375683784e+09 4.728725708794153929e+08
7.100000000000000000e+01 9.400000000000100000e+13 0.000000000000000000e+00 1.125359917402519061e+00 5.921026297487100992e-02 1.653238862132127007e-01 2.538842820442296228e-02 0.000000000000000000e+00 1.280706479779160301e+00 6.342845366702970500e-02 1.372461612047231197e+09 2.946036345153795481e+08
7.200000000000000000e+01 9.400000000000100000e+13 0.000000000000000000e+00 1.180040190110712262e+00 2.352427417935052945e-01 1.803550965329855371e-01 7.677774154983153798e-02 0.000000000000000000e+00 1.103447299555450067e+00 2.493974846992212113e-01 2.133055586877284527e+09 1.095167998666758537e+09
7.300000000000000000e+01 9.400000000000200000e+13 0.000000000000000000e+00 1.085766437667768924e+00 5.529145558389519238e-02 8.657848374241547407e-02 1.511858225516487901e-02 0.000000000000000000e+00 1.188562777539469151e+00 4.916949077317880196e-02 9.078750033488730192e+08 2.219525675798147917e+08
7.400000000000000000e+01 9.400000000000100000e+13 0.000000000000000000e+00 1.672069668272920140e+00 1.096885250614415691e-01 1.249861291258915208e-01 4.037395643279703683e-02 0.000000000000000000e+00 1.690015188056647855e+00 1.221149442240248850e-01 1.178006230719919682e+09 5.414126662806947231e+08
7.500000000000000000e+01 9.400000000000100000e+13 0.000000000000000000e+00 1.127526427555941346e+00 2.232399072916193064e-02 1.204680645284963991e-01 2.338156925056123631e-02 0.000000000000000000e+00 1.250073077343105021e+00 1.430422555347408975e-02 7.641048364591033459e+08 1.099091313745145798e+08
7.600000000000000000e+01 9.400000000000100000e+13 0.000000000000000000e+00 1.181904942967700656e+00 1.054295039184750260e-01 2.353165810272745406e-01 7.295192116265179771e-02 0.000000000000000000e+00 1.249351556173349698e+00 1.679070182611630824e-01 2.116657604091702700e+09 9.961704997398616076e+08
7.700000000000000000e+01 9.400000000000200000e+13 0.000000000000000000e+00 1.198241996516782537e+00 7.212861800585267102e-02 1.378433413603150082e-01 4.025331500563266579e-02 0.000000000000000000e+00 1.171685654685559630e+00 9.080857129713404419e-02 1.590903471737526417e+09 5.353494711862391233e+08
7.800000000000000000e+01 9.400000000000400000e+13 0.000000000000000000e+00 1.198882926385794301e+00 6.711340466126224091e-02 8.926123749350312053e-02 1.508640852390852327e-02 0.000000000000000000e+00 1.163580626883756075e+00 4.842556915427775888e-02 5.541277987656590939e+08 1.169848545809602439e+08
7.900000000000000000e+01 9.400000000000100000e+13 0.000000000000000000e+00 1.196314072722542976e+00 3.630396149318857596e-02 9.049629938967523879e-02 1.455748503700905402e-02 0.000000000000000000e+00 1.332194857105941876e+00 7.938316268857356639e-02 6.719093102006700039e+08 2.256463241768526435e+08
8.000000000000000000e+01 9.400000000000300000e+13 0.000000000000000000e+00 1.066172279580682281e+00 1.600366306289937313e-01 1.653454658656790532e-01 1.029978711615292669e-01 0.000000000000000000e+00 9.717329845940535504e-01 1.940170045639481589e-01 1.960708290391871929e+09 1.467064421075791597e+09
8.100000000000000000e+01 9.400000000000100000e+13 0.000000000000000000e+00 1.062040972565907015e+00 9.799902089861342591e-02 1.593867915986648398e-01 3.847284984376665717e-02 0.000000000000000000e+00 1.025598476991758989e+00 6.099285536422522497e-02 1.319989007983802080e+09 6.620534504100780487e+08
8.200000000000000000e+01 9.400000000000100000e+13 0.000000000000000000e+00 1.221077646099238301e+00 1.187701677538827438e-01 1.812622371534820809e-01 7.497343765092244483e-02 0.000000000000000000e+00 1.139530776842318405e+00 1.224250802374583363e-01 8.565048370674598217e+08 1.269372906230511367e+08
8.300000000000000000e+01 9.400000000000100000e+13 0.000000000000000000e+00 1.379535072283929020e+00 5.137401022255794203e-02 9.366255645329440993e-02 1.380775646371976660e-02 0.000000000000000000e+00 1.377120231500253533e+00 5.851989196514604391e-02 9.297424260106916428e+08 1.801330450800614655e+08
8.400000000000000000e+01 9.400000000000100000e+13 0.000000000000000000e+00 1.997232814085561081e+00 3.664257679015670566e-01 5.229018050663490902e-01 2.582647036464536527e-01 0.000000000000000000e+00 2.223249281710282244e+00 3.877712117135744263e-01 3.270603622062372208e+09 2.180065439840381145e+09
8.500000000000000000e+01 9.400000000000100000e+13 0.000000000000000000e+00 1.118248256515186556e+00 1.059613693089040548e-01 1.632406508490346631e-01 3.057811894238970235e-02 0.000000000000000000e+00 1.255795583622547618e+00 7.429293477131591883e-02 1.170686784939532995e+09 4.079666441429111958e+08
8.600000000000000000e+01 9.400000000000200000e+13 0.000000000000000000e+00 1.256198059979755532e+00 7.481223628012291516e-02 1.079970061859894387e-01 5.476800793445691512e-02 0.000000000000000000e+00 1.403147328831076068e+00 7.113761558680750663e-02 1.348689989107990265e+09 8.065536080744848251e+08
8.700000000000000000e+01 9.400000000000100000e+13 0.000000000000000000e+00 1.130833828282790554e+00 3.855158912656116155e-02 1.595207331811926699e-01 5.200347017444891667e-02 0.000000000000000000e+00 1.080102406815091953e+00 5.083856081273396138e-02 1.775450093179985285e+09 7.099542059645628929e+08
8.800000000000000000e+01 9.400000000000100000e+13 0.000000000000000000e+00 1.190816096217682585e+00 5.111839737063830769e-02 1.470098289874703645e-01 4.821671464047860844e-02 0.000000000000000000e+00 1.205121521587373179e+00 7.081974506382400503e-02 1.520565866258548260e+09 6.339969925607595444e+08
8.900000000000000000e+01 9.400000000000100000e+13 0.000000000000000000e+00 1.041304420664471708e+00 5.507260985649212875e-02 1.874054776485822860e-01 5.771422918858643697e-02 0.000000000000000000e+00 1.274606313317123485e+00 6.092166908270251618e-02 2.062815346143305063e+09 8.653125566791182756e+08
9.000000000000000000e+01 9.400000000000500000e+13 0.000000000000000000e+00 1.101296652457908642e+00 4.840000585613910000e-02 1.055597332449911413e-01 3.292667117980036667e-02 0.000000000000000000e+00 1.303905591713492962e+00 2.330297505476048442e-02 6.663479348946621418e+08 1.957623225813730657e+08
9.100000000000000000e+01 9.400000000000100000e+13 0.000000000000000000e+00 1.502297488241763901e+00 1.337128056582872759e-01 2.299776763699432902e-01 6.017047141361583917e-02 0.000000000000000000e+00 1.412868907006192831e+00 1.782436412313997687e-01 2.057664922577922583e+09 7.152850727085578442e+08
9.200000000000000000e+01 9.400000000000100000e+13 0.000000000000000000e+00 1.322921837380993670e+00 1.071764073122898620e-01 1.202588514057051222e-01 5.264219069858349503e-02 0.000000000000000000e+00 1.374035215242909835e+00 1.149159968763846240e-01 1.228958711111220121e+09 7.341124455261101723e+08
9.300000000000000000e+01 9.400000000000100000e+13 0.000000000000000000e+00 1.082685339525103929e+00 7.642793772898195948e-02 1.454040904320274552e-01 6.090300009901317146e-02 0.000000000000000000e+00 1.299281803842819771e+00 2.896663352290491933e-02 6.569688927006253004e+08 1.475883750885334015e+08
9.400000000000000000e+01 9.400000000000100000e+13 0.000000000000000000e+00 1.093254169357401384e+00 7.811602511777733515e-02 1.853607379983850667e-01 3.412389353565824235e-02 0.000000000000000000e+00 1.130026538380528134e+00 9.581211787330271012e-02 1.558340463133023024e+09 3.904871730886936188e+08
9.500000000000000000e+01 9.400000000000100000e+13 0.000000000000000000e+00 1.187156759915168669e+00 4.532738527279489560e-02 1.112999405748405085e-01 1.207868867346243748e-02 0.000000000000000000e+00 1.253791345035887073e+00 4.828310925674385995e-02 9.353938847444491386e+08 1.394728171020472348e+08
9.600000000000000000e+01 9.400000000000100000e+13 0.000000000000000000e+00 1.334549131748787643e+00 8.965158559450137066e-02 1.569431032673120618e-01 4.368480193618492352e-02 0.000000000000000000e+00 1.191452601914185117e+00 1.046615206717343149e-01 1.868115369795076132e+09 6.052580587709106207e+08
9.700000000000000000e+01 9.400000000000100000e+13 0.000000000000000000e+00 1.265078265568707172e+00 2.290934281462543021e-01 2.103646845904432738e-01 5.171135777341254181e-02 0.000000000000000000e+00 1.269738886448389614e+00 2.911903097906663462e-01 2.072723141179625988e+09 7.272016434101150036e+08
9.800000000000000000e+01 9.400000000000100000e+13 0.000000000000000000e+00 1.160644952314029643e+00 6.637655353893305576e-02 1.374538181615905796e-01 2.371962428679653262e-02 0.000000000000000000e+00 1.213067541455969511e+00 8.603824365026339904e-02 1.155326758461614847e+09 2.106010852166468501e+08
9.900000000000000000e+01 9.400000000000100000e+13 0.000000000000000000e+00 1.165826930857098986e+00 2.102449372405997344e-02 1.261330450054181651e-01 3.525219795764761299e-02 0.000000000000000000e+00 1.257462614936761147e+00 5.299282316259818632e-02 1.446242991864767075e+09 4.501014266692535877e+08
1.000000000000000000e+02 9.400000000000100000e+13 0.000000000000000000e+00 1.240077210842613908e+00 1.072894624940840674e-01 2.397281236673773908e-01 4.188739339019189462e-02 0.000000000000000000e+00 1.204824083207582941e+00 1.646722440566938117e-01 2.094009431725306034e+09 2.991812168401486278e+08
1.010000000000000000e+02 9.400000000000300000e+13 0.000000000000000000e+00 1.445483859498533974e+00 3.834249232023500403e-02 9.605579458996502118e-02 1.812083363071871969e-02 0.000000000000000000e+00 1.476258115624341061e+00 2.239179842391130285e-02 1.029149702306371331e+09 2.483990996711571515e+08
1.020000000000000000e+02 9.400000000000100000e+13 1.000000000000000000e+00 1.030048138848981720e+00 2.908832330241629613e-02 7.901702041700739421e-02 1.139557669190215811e-02 0.000000000000000000e+00 1.145944611292659232e+00 1.930478494060431163e-02 7.500340739869717360e+08 1.680148302530477643e+08
1.030000000000000000e+02 9.400000000000400000e+13 0.000000000000000000e+00 1.253061005235634351e+00 2.126378699715959775e-02 2.289371867253834486e-02 6.129947151357309672e-03 0.000000000000000000e+00 1.213631501015575376e+00 2.325553039256993831e-02 2.636571618459322453e+08 9.692876771442909539e+07
1.040000000000000000e+02 9.400000000000100000e+13 0.000000000000000000e+00 1.242014815060842547e+00 5.517463268344775101e-02 1.340628958650409985e-01 2.343262363900921672e-02 0.000000000000000000e+00 1.398122903818017626e+00 5.341452794072303056e-02 1.079723731513292789e+09 3.306302756885761619e+08
1.050000000000000000e+02 9.400000000000100000e+13 0.000000000000000000e+00 1.131558363475841045e+00 1.382566867512211306e-01 2.432546673784038715e-01 3.974862736398424717e-02 0.000000000000000000e+00 1.145726240945350805e+00 1.913063366122775832e-01 2.488767314733164310e+09 5.918413925329172611e+08
1.060000000000000000e+02 9.400000000000100000e+13 0.000000000000000000e+00 1.198413832387878797e+00 4.275145190612875817e-02 1.561916454565127899e-01 2.311311073724773082e-02 0.000000000000000000e+00 1.135288239808676325e+00 4.635029960571154101e-02 1.594943702788243532e+09 3.208828158931620121e+08
1.070000000000000000e+02 9.400000000000100000e+13 0.000000000000000000e+00 9.050940757388484803e-01 8.079841007873589387e-02 6.856309177750648243e-02 1.170181413180834858e-02 0.000000000000000000e+00 1.298413701567155298e+00 4.391589801576807617e-02 5.639306624802279472e+08 1.985131812286138833e+08
1.080000000000000000e+02 9.400000000000100000e+13 0.000000000000000000e+00 1.146290189652349412e+00 3.935296726748364893e-02 1.064076222428913115e-01 2.920798375156600027e-02 0.000000000000000000e+00 1.178897307046299581e+00 3.642261978015842033e-02 9.614156656899105310e+08 4.157601186804485321e+08
1.090000000000000000e+02 9.400000000000100000e+13 0.000000000000000000e+00 1.248178264844942209e+00 4.168796414391445770e-02 1.300113874371472134e-01 1.594133374409981499e-02 0.000000000000000000e+00 1.107694190624379349e+00 3.960434525968800634e-02 1.333868172634259701e+09 1.859695527308788598e+08
1.100000000000000000e+02 9.400000000000700000e+13 0.000000000000000000e+00 1.165063202461132263e+00 2.696785495700694535e-02 8.031255823537844507e-02 1.284769208715596384e-02 0.000000000000000000e+00 1.344032449696836995e+00 4.149355160561882250e-02 4.893941335942565203e+08 1.099759439225240201e+08
1.110000000000000000e+02 9.400000000000100000e+13 0.000000000000000000e+00 1.124546953789165693e+00 2.958130536796980958e-02 1.152499581229987358e-01 2.377947058354319340e-02 0.000000000000000000e+00 1.399494666195842063e+00 1.073370067916967416e-02 7.621702855382970572e+08 1.460387226481920183e+08
1.120000000000000000e+02 9.400000000000200000e+13 0.000000000000000000e+00 1.127172822538650809e+00 9.807964397779958543e-02 1.241189104633795143e-01 2.548864581563201406e-02 0.000000000000000000e+00 1.129891958883934677e+00 8.049288718596378511e-02 1.142987966929649353e+09 4.563360376971098781e+08
1.130000000000000000e+02 9.400000000000400000e+13 0.000000000000000000e+00 1.072757043408139044e+00 7.886320929740339714e-02 9.531354758852207676e-02 4.693926179591423331e-02 0.000000000000000000e+00 1.177969180562359330e+00 6.916173306153354516e-02 1.177687077934466124e+09 6.631588319950855970e+08
1.140000000000000000e+02 9.400000000000400000e+13 0.000000000000000000e+00 1.071343132109467966e+00 1.967837525058514433e-02 1.105501672746594666e-01 1.221922483471792227e-02 0.000000000000000000e+00 1.011725377706343076e+00 2.860434252940042069e-02 4.495202972122329473e+08 4.778103676560729742e+07
1.150000000000000000e+02 9.400000000000100000e+13 0.000000000000000000e+00 1.203366325368342205e+00 1.583422216012072559e-01 2.298926730201514557e-01 1.488326273905788699e-01 0.000000000000000000e+00 1.089007568125720304e+00 1.932992189016040363e-01 3.033910295350119114e+09 2.062348426504983664e+09
1.160000000000000000e+02 9.400000000000900000e+13 0.000000000000000000e+00 1.749095080526719137e+00 1.376219429537609562e-01 2.699395234923840370e-02 2.507041270114078110e-02 0.000000000000000000e+00 2.174634131308489149e+00 6.295518674152283944e-02 -1.000000000000000000e+00 -1.000000000000000000e+00
1.170000000000000000e+02 9.400000000000200000e+13 0.000000000000000000e+00 1.044587064347878735e+00 5.563393879710094858e-02 1.056471889060417724e-01 5.274488142318566053e-02 0.000000000000000000e+00 1.318362627186048242e+00 8.298123614144845006e-02 1.509378251161843777e+09 8.814671766903015375e+08
1.180000000000000000e+02 9.400000000000100000e+13 0.000000000000000000e+00 1.237964687085650217e+00 9.105520475685734139e-02 1.566735827989391705e-01 2.361967060495256260e-02 0.000000000000000000e+00 1.172122761180836248e+00 9.192750604503586997e-02 1.515397808611979246e+09 3.354456918059992194e+08
1.190000000000000000e+02 9.400000000000100000e+13 0.000000000000000000e+00 1.095445418977167185e+00 2.827445873176459915e-02 1.520236177827799795e-01 2.080972425436128370e-02 0.000000000000000000e+00 1.126863962914178119e+00 3.096109971918760417e-02 1.206317132222119570e+09 2.957869862257390022e+08
1.200000000000000000e+02 9.400000000000100000e+13 0.000000000000000000e+00 1.305474600908597793e+00 8.332350295315477107e-02 1.549953146320313113e-01 3.415362740222145643e-02 0.000000000000000000e+00 1.164406322052522036e+00 9.303825625727490944e-02 1.397312620314055443e+09 4.613073092880718112e+08
1.210000000000000000e+02 9.400000000000200000e+13 1.000000000000000000e+00 1.143605729199788090e+00 3.783998494321178657e-02 8.575149882139358748e-02 3.796224871644918175e-02 0.000000000000000000e+00 9.634389810611885263e-01 6.442941895241535710e-02 1.132310850765102625e+09 5.347452329226899147e+08
1.220000000000000000e+02 9.400000000000100000e+13 0.000000000000000000e+00 9.708574671980650939e-01 9.251345554248896486e-02 2.021072983225607744e-01 1.035233918128655034e-01 0.000000000000000000e+00 1.310051006460647427e+00 2.849165785966915540e-02 3.667495157435992956e+08 4.738646458064126223e+07
1.230000000000000000e+02 9.400000000000100000e+13 0.000000000000000000e+00 1.212413829873764559e+00 1.518048743269780065e-01 2.316652697126211913e-01 5.491085997869270263e-02 0.000000000000000000e+00 1.234311591553407972e+00 2.105919216321373577e-01 2.211172922538803577e+09 7.595876120381840467e+08
1.240000000000000000e+02 9.400000000000100000e+13 0.000000000000000000e+00 1.136859242235672474e+00 3.853041615533687320e-02 1.282925983439433260e-01 1.277656196254181240e-02 0.000000000000000000e+00 1.203457864488471474e+00 4.408482054320075894e-02 9.205537776683195829e+08 1.896574207203316689e+08
1.250000000000000000e+02 9.400000000000100000e+13 0.000000000000000000e+00 1.260643705666759873e+00 2.945528447210724043e-02 1.384424034356691868e-01 3.456270720741178026e-02 0.000000000000000000e+00 1.332295219013892362e+00 2.681069260636409490e-02 1.553778354628123999e+09 4.616202087831811309e+08
1.260000000000000000e+02 9.400000000000100000e+13 0.000000000000000000e+00 1.413528172950220485e+00 1.204883086422897792e-01 2.248862369211977186e-01 8.797553801893312486e-02 0.000000000000000000e+00 1.349258678866426919e+00 1.553512589238711383e-01 2.616880465448694706e+09 1.162153784590440273e+09
1.270000000000000000e+02 9.400000000000100000e+13 0.000000000000000000e+00 1.427885274899804546e+00 2.568173948532867859e-02 9.395967735687553446e-02 2.147373057674645258e-02 0.000000000000000000e+00 1.580743599432352209e+00 3.969870941263492492e-02 8.270974811994495392e+08 2.810865044557538033e+08
1.280000000000000000e+02 9.400000000000100000e+13 1.000000000000000000e+00 1.136140984483204663e+00 3.886492626568673753e-02 7.769897195944223955e-02 1.933189252534859778e-02 0.000000000000000000e+00 1.108471920247974696e+00 3.153980916267876133e-02 7.705829995319160223e+08 2.550631563214421570e+08
1.290000000000000000e+02 9.400000000000100000e+13 1.000000000000000000e+00 1.082403887766383077e+00 1.443176672176904249e-02 4.535606327702119273e-02 2.285310896996144928e-03 0.000000000000000000e+00 1.175806724817120896e+00 2.629487845972282647e-02 3.592821934250158072e+08 3.122191611018521711e+07
1.300000000000000000e+02 9.400000000000100000e+13 0.000000000000000000e+00 1.470307849394733468e+00 7.760839408566752584e-02 1.603579420323394955e-01 4.833652614030350958e-02 0.000000000000000000e+00 1.725573582955546525e+00 7.318936684305765716e-02 1.685591029688197136e+09 6.549371034301919937e+08
1.310000000000000000e+02 9.400000000000100000e+13 0.000000000000000000e+00 1.187512431726141182e+00 6.613845911835207481e-02 1.256557453231567090e-01 2.690668463263592297e-02 0.000000000000000000e+00 1.239216080583611435e+00 9.662278695271232787e-02 1.189557733859803915e+09 3.872884387387800217e+08
1.320000000000000000e+02 9.400000000000500000e+13 0.000000000000000000e+00 1.043442174023891056e+00 1.178147512787741658e-01 1.986289303641327608e-01 8.672583138712541828e-02 0.000000000000000000e+00 1.050251332691946704e+00 5.476525885132297461e-02 1.136146979403226614e+09 3.502357738742871284e+08
1.330000000000000000e+02 9.400000000000100000e+13 1.000000000000000000e+00 1.060937789818554133e+00 9.132143400071927528e-03 4.011270100520324122e-02 6.416939588561382767e-03 0.000000000000000000e+00 1.133039528959810083e+00 1.955257990581082614e-02 3.982374082084755301e+08 9.064779708458071947e+07
1.340000000000000000e+02 9.400000000000100000e+13 0.000000000000000000e+00 1.057089856345756917e+00 1.270657293103893970e-01 1.576662531292528369e-01 5.448419832322451417e-02 0.000000000000000000e+00 1.200383878434624796e+00 1.132875164567279241e-01 1.836168943788088799e+09 8.517118932518659830e+08
1.350000000000000000e+02 9.400000000000100000e+13 0.000000000000000000e+00 9.826642421494041768e-01 3.710949798721887433e-02 1.474160701331365675e-01 2.780492705724213823e-02 0.000000000000000000e+00 1.121346663547990508e+00 4.135758178083655950e-02 1.099787854436022758e+09 1.843160059521150589e+08
1.360000000000000000e+02 9.400000000000300000e+13 0.000000000000000000e+00 1.368316727153915391e+00 7.540109092652944045e-02 1.350345841350732989e-01 3.845398318399560755e-02 0.000000000000000000e+00 1.456010104209937150e+00 9.537712479560908618e-02 1.688292617334710836e+09 5.458494654472949505e+08
1.370000000000000000e+02 9.400000000000100000e+13 0.000000000000000000e+00 1.385934965883520720e+00 6.134766705038340734e-02 1.942019292685072396e-01 3.482007906444845730e-02 0.000000000000000000e+00 1.378347688106097424e+00 3.957447810618389822e-02 1.762505898238658428e+09 3.701885811462332010e+08
1.380000000000000000e+02 9.400000000000200000e+13 0.000000000000000000e+00 1.057484838791408865e+00 4.550257878929581112e-02 5.559705065127126117e-02 7.438285649280473345e-03 0.000000000000000000e+00 1.180703807499962954e+00 5.153179726283085849e-02 4.164676702451035976e+08 1.139012887263819426e+08
1.390000000000000000e+02 9.400000000000100000e+13 0.000000000000000000e+00 1.063182625322864006e+00 1.004793331227061409e-01 2.025131843553262256e-01 6.934438822370288247e-02 0.000000000000000000e+00 1.294826568817713408e+00 1.069999534142329484e-01 1.342178801184921503e+09 5.343003269843695164e+08
1.400000000000000000e+02 9.400000000000100000e+13 0.000000000000000000e+00 1.547011644335973601e+00 5.438346363884759282e-02 2.513171630220344954e-01 6.262635805384979271e-02 0.000000000000000000e+00 1.504666175704971298e+00 3.296105491787305192e-02 1.841527770881180763e+09 3.038097519579361081e+08
1.410000000000000000e+02 9.400000000000300000e+13 0.000000000000000000e+00 1.712851521587293702e+00 1.156475752139864144e-01 1.049157808684409554e+00 1.000000000000000000e+00 0.000000000000000000e+00 1.712851521587293702e+00 1.156484120625784207e-01 8.888337695631776810e+09 8.471878703145049095e+09
1.420000000000000000e+02 9.400000000000300000e+13 0.000000000000000000e+00 1.012752375611694955e+00 2.377962320403234978e-02 1.719149296065776988e-01 6.896182142501702805e-02 0.000000000000000000e+00 1.158797757007060891e+00 5.250981242605144012e-02 8.955841306264590025e+08 6.255358183777107000e+08
1.430000000000000000e+02 9.400000000000100000e+13 1.000000000000000000e+00 1.087333349187991072e+00 2.460044735514981332e-02 7.100708939077995940e-02 2.142011023329123617e-02 0.000000000000000000e+00 1.177517989896909478e+00 2.992554607310209808e-02 7.131385828428142071e+08 2.991531494362452030e+08
1.440000000000000000e+02 9.400000000000300000e+13 0.000000000000000000e+00 1.018723224479785916e+00 7.744394556340565561e-02 1.347216832437611589e-01 2.218014053381929529e-02 0.000000000000000000e+00 1.120562510743341234e+00 9.373631338959423354e-02 1.197278128821431398e+09 3.753823526378014088e+08
1.450000000000000000e+02 9.400000000000100000e+13 0.000000000000000000e+00 1.242342416049254661e+00 4.890061124329794090e-02 7.730556155657646034e-02 1.773682585028761236e-02 0.000000000000000000e+00 1.300648109492447357e+00 3.370639429367966455e-02 4.959861606248446703e+08 1.416031246989726126e+08
1.460000000000000000e+02 9.400000000000100000e+13 0.000000000000000000e+00 1.095049290179851198e+00 4.474549161596334812e-02 8.152451461877756322e-02 1.625444234404536947e-02 0.000000000000000000e+00 1.291983149936427377e+00 4.500717807888900135e-02 7.356141283699091673e+08 2.326420059621402025e+08
1.470000000000000000e+02 9.400000000000100000e+13 0.000000000000000000e+00 1.245137184094859739e+00 1.970233460145527082e-01 2.810615272316331903e-01 2.129095123329374228e-01 0.000000000000000000e+00 1.533002501022389996e+00 8.083034748828128724e-02 3.754429229121479392e+08 8.588720823341001570e+07
1.480000000000000000e+02 9.400000000000200000e+13 0.000000000000000000e+00 9.981027218370953635e-01 1.844940309090615238e-01 2.889919925666153411e-01 1.913771556372295679e-01 0.000000000000000000e+00 1.498760880943841078e+00 6.401559318793688391e-02 8.180734228554538488e+08 1.382023572443192601e+08
1.490000000000000000e+02 9.400000000000200000e+13 0.000000000000000000e+00 1.239728812756198506e+00 4.357257107370458848e-02 5.553387641396585056e-02 2.227109608946620592e-02 0.000000000000000000e+00 1.099499277415502796e+00 4.658141838160319986e-02 7.344186813985874653e+08 3.032287355288745761e+08
1.500000000000000000e+02 9.400000000000100000e+13 0.000000000000000000e+00 1.330464859964739288e+00 1.102504376278767295e-01 1.976461282217015503e-01 4.520174517249737206e-02 0.000000000000000000e+00 1.247295915301307012e+00 9.654956082323280786e-02 1.977689153166363478e+09 7.138416113664588928e+08
1.510000000000000000e+02 9.400000000000100000e+13 0.000000000000000000e+00 1.159928690409827379e+00 3.830795719399683608e-02 6.470879548759848887e-02 9.577211737594239563e-03 0.000000000000000000e+00 1.303779643163268220e+00 1.739719319003648831e-02 6.592635998245865107e+08 9.619015746751555800e+07
1.520000000000000000e+02 9.400000000000100000e+13 0.000000000000000000e+00 9.130468964101929874e-01 9.358793537932297291e-02 2.238039751870470051e-01 8.362973462707505579e-02 0.000000000000000000e+00 1.245950636756892882e+00 5.757757791771025285e-02 4.871037630044665337e+08 1.252789339841140211e+08
1.530000000000000000e+02 9.400000000000100000e+13 0.000000000000000000e+00 1.322444101330868538e+00 1.061792368170586948e-01 1.483959689052974651e-01 4.614283846045510312e-02 0.000000000000000000e+00 1.512674908976054722e+00 1.149301318152845114e-01 1.385117724923730373e+09 6.179931616244161129e+08
1.540000000000000000e+02 9.400000000000100000e+13 0.000000000000000000e+00 1.260415542981670800e+00 6.372735049327886425e-02 1.102566268492143758e-01 1.115926819713991373e-02 0.000000000000000000e+00 1.398809561332532425e+00 9.086753444403376789e-02 1.160951948731442451e+09 1.605716609438233376e+08
1.550000000000000000e+02 9.400000000000100000e+13 0.000000000000000000e+00 1.129229712908910166e+00 1.163743332285959997e-01 2.297762657233784478e-01 7.148728163564346816e-02 0.000000000000000000e+00 1.259207000338495419e+00 1.116905658542056423e-01 1.910370409091421604e+09 8.377935379838027954e+08
1.560000000000000000e+02 9.400000000000100000e+13 0.000000000000000000e+00 9.457653382290394095e-01 7.501241597243855919e-02 1.466155209613125565e-01 5.012074178204856817e-02 0.000000000000000000e+00 1.151839100493263768e+00 6.276175181318664753e-02 9.664583546627893448e+08 1.880953101317070127e+08
1.570000000000000000e+02 9.400000000000100000e+13 0.000000000000000000e+00 1.110121536293715794e+00 1.669992961806010881e-02 1.338144555761900112e-01 2.504847122382065222e-02 0.000000000000000000e+00 1.276095539766481046e+00 6.879974091808988002e-03 1.073293545173708916e+09 3.697327667822008729e+08
1.580000000000000000e+02 9.400000000000200000e+13 0.000000000000000000e+00 1.059513731645231438e+00 1.132306423561108139e-01 1.548228762949420967e-01 6.077237342396855230e-02 0.000000000000000000e+00 1.303655153327090144e+00 7.480628920558270167e-02 1.211426397059508324e+09 1.579930987699896693e+08
1.590000000000000000e+02 9.400000000000200000e+13 0.000000000000000000e+00 1.227944012822139053e+00 5.033674135543581701e-02 1.211477706292954371e-01 5.175195562763774265e-02 0.000000000000000000e+00 1.252242012815039551e+00 4.615872428375079883e-02 9.699415565180220604e+08 2.608973047692379951e+08
1.600000000000000000e+02 9.400000000000100000e+13 0.000000000000000000e+00 1.143852410373530137e+00 1.192480430551421111e-01 2.944146043514590527e-01 1.140471140249389448e-01 0.000000000000000000e+00 1.186902553623916834e+00 1.075493696996326215e-01 1.825768472361539841e+09 9.417417989480984211e+08
1.610000000000000000e+02 9.400000000000100000e+13 0.000000000000000000e+00 1.248398955744071781e+00 1.782921140901788659e-01 1.543063498785980370e-01 3.539330528422886257e-02 0.000000000000000000e+00 1.293733352017612859e+00 2.102042500685008530e-01 1.604941175484250069e+09 4.810407813535530567e+08
1.620000000000000000e+02 9.400000000000100000e+13 0.000000000000000000e+00 1.189998445844504760e+00 1.301054234084476902e-01 2.171130264768199869e-01 6.494611366001197539e-02 0.000000000000000000e+00 1.178916247088155123e+00 1.282178744803978143e-01 1.729037011375121593e+09 3.788144521522196531e+08
1.630000000000000000e+02 9.400000000000100000e+13 0.000000000000000000e+00 1.061933065308595214e+00 2.972979882087202208e-01 2.843903129853878609e-01 1.359139533638138719e-01 0.000000000000000000e+00 9.471879778222516144e-01 2.371157650375190218e-01 1.261617189640035152e+09 7.237769973661106825e+08
1.640000000000000000e+02 9.400000000000100000e+13 0.000000000000000000e+00 1.242366943517073663e+00 1.384972555972134589e-01 1.847800382018197352e-01 1.336193450210823308e-01 0.000000000000000000e+00 9.162232330701154392e-01 1.015650711551456531e-01 2.378412591496975422e+09 1.848975499916138887e+09
1.650000000000000000e+02 9.400000000000100000e+13 0.000000000000000000e+00 1.212629910807661249e+00 3.556430206265795424e-02 1.000874219523782693e-01 1.468696401394670864e-02 0.000000000000000000e+00 1.145854690744380289e+00 5.864713743032120424e-02 9.213984123537155390e+08 2.034864800613780916e+08
1.660000000000000000e+02 9.400000000000100000e+13 0.000000000000000000e+00 1.495331453689123791e+00 5.119022607269207298e-02 1.276917887324509060e-01 2.211139079919867412e-02 0.000000000000000000e+00 1.509403121494599320e+00 5.048171766742570732e-02 1.466040813950736284e+09 2.769251539947804809e+08
1.670000000000000000e+02 9.400000000000300000e+13 0.000000000000000000e+00 1.108769264902994767e+00 1.682788129888955486e-01 1.500931208661448746e-01 4.992021510009015534e-02 0.000000000000000000e+00 1.128792491546518617e+00 1.715188644867717827e-01 1.375884664803121090e+09 6.781901646451909542e+08
1.680000000000000000e+02 9.400000000000200000e+13 0.000000000000000000e+00 1.347792654650955990e+00 2.445140430186373837e-01 3.097214539472724626e-01 1.487905049532396717e-01 0.000000000000000000e+00 1.128334997019234009e+00 2.500233593532546483e-01 3.713628375841197491e+09 2.124832472629551888e+09
1.690000000000000000e+02 9.400000000000200000e+13 0.000000000000000000e+00 1.080825431891210719e+00 5.656965490611376435e-02 9.971015468824369343e-02 1.508646676185943121e-02 0.000000000000000000e+00 1.355734282379436939e+00 2.846055189802445054e-02 1.020280509962538481e+09 2.721407058559936285e+08
1.700000000000000000e+02 9.400000000000100000e+13 0.000000000000000000e+00 1.217164928010466163e+00 2.592756424881039745e-01 4.285517947730772548e-01 2.714127185433463096e-01 0.000000000000000000e+00 1.578295959943057269e+00 1.080387504496002349e-01 7.744826455422269106e+08 1.359728982744387984e+08
1.710000000000000000e+02 9.400000000000500000e+13 0.000000000000000000e+00 1.100918395914072478e+00 9.336746648153616823e-02 1.618097066058014066e-01 1.084078267999202261e-01 0.000000000000000000e+00 1.019760057810604081e+00 1.522658198133130247e-01 2.216385545691603661e+09 1.494330410540102720e+09
1.720000000000000000e+02 9.400000000000200000e+13 0.000000000000000000e+00 9.886957745534309394e-01 5.218280312976220081e-02 1.129071199171003265e-01 5.143160776957521330e-02 0.000000000000000000e+00 1.202328968252600383e+00 7.165146861646555509e-02 1.150358790169480801e+09 7.691470461981202364e+08
1.730000000000000000e+02 9.400000000000100000e+13 0.000000000000000000e+00 1.201942341799866698e+00 7.609936379354939606e-02 9.766364739793717553e-02 2.232254206047296075e-02 0.000000000000000000e+00 1.235504365111069536e+00 5.518521209051225479e-02 5.438211219802455902e+08 8.408099893533223867e+07
1.740000000000000000e+02 9.400000000000300000e+13 0.000000000000000000e+00 1.285217309505578998e+00 1.553973000544210496e-02 8.141807818922873474e-02 2.904627952344457711e-02 0.000000000000000000e+00 1.375018850749222477e+00 2.312749371190240405e-02 9.252272049498295784e+08 3.594468783501578569e+08
1.750000000000000000e+02 9.400000000000200000e+13 0.000000000000000000e+00 1.295774268086478109e+00 2.352177315070193980e-02 7.530056121695466453e-02 1.171260071148659369e-02 0.000000000000000000e+00 1.336193711606499912e+00 4.693284732123768205e-02 5.621807838341506720e+08 1.474316790321608782e+08
1.760000000000000000e+02 9.400000000000100000e+13 0.000000000000000000e+00 1.138252288837213522e+00 5.427504584329736342e-02 1.352803707621865470e-01 5.820321668843082830e-02 0.000000000000000000e+00 1.166532961108844857e+00 3.015711197181206171e-02 4.247863748663181663e+08 7.821734548258064687e+07
1.770000000000000000e+02 9.400000000000200000e+13 0.000000000000000000e+00 1.002103200094760060e+00 1.225902221871055381e-01 2.328675598220820986e-01 1.156554891536029916e-01 0.000000000000000000e+00 1.229579063069614175e+00 9.159620952187717824e-02 6.396250468221620321e+08 1.922340854538623095e+08
1.780000000000000000e+02 9.400000000000100000e+13 0.000000000000000000e+00 1.193103015657769994e+00 8.217061840168526921e-02 1.670519227055532185e-01 5.784085563615656844e-02 0.000000000000000000e+00 1.226226367110906601e+00 1.145554031407616941e-01 1.819866301144502163e+09 7.951950759455971718e+08
1.790000000000000000e+02 9.400000000000100000e+13 0.000000000000000000e+00 1.239175856645087448e+00 2.237886323505609149e-02 1.178831603765496672e-01 1.655761129877627094e-02 0.000000000000000000e+00 1.277497893959051112e+00 3.791235657341386622e-02 8.375761272549542189e+08 9.231200894921007752e+07
1.800000000000000000e+02 9.400000000000300000e+13 0.000000000000000000e+00 1.457408973800792484e+00 7.072328877522897350e-02 1.193256622726839716e-01 8.074816400774768865e-02 0.000000000000000000e+00 1.582837135921592475e+00 3.556460424156186739e-02 4.799166187413279414e+08 3.041242130886996984e+08
1.810000000000000000e+02 9.400000000000100000e+13 0.000000000000000000e+00 1.125070899617134579e+00 2.044193768405309086e-01 1.693198309470218821e-01 9.834227665237446625e-02 0.000000000000000000e+00 1.105096433402343425e+00 1.976750554519583203e-01 1.881866518906020403e+09 1.375025348125290394e+09
1.820000000000000000e+02 9.400000000000300000e+13 1.000000000000000000e+00 1.077988626829735175e+00 3.120365656048409986e-02 4.855928902056490248e-02 1.497541731942209423e-02 0.000000000000000000e+00 1.110378454979219276e+00 1.846498356192339749e-02 3.570726424061332345e+08 2.086879190017519295e+08
1.830000000000000000e+02 9.400000000000100000e+13 0.000000000000000000e+00 1.132668894982391983e+00 1.030034466674506349e-01 1.251378399339464209e-01 3.262528827264185582e-02 0.000000000000000000e+00 1.306962436949723250e+00 8.621436487396917647e-02 1.081518630371179819e+09 4.902392271413652897e+08
1.840000000000000000e+02 9.400000000000100000e+13 0.000000000000000000e+00 8.061601075306852326e-01 1.365496872986518007e-01 3.686778929697567264e-01 2.453973124943363837e-01 0.000000000000000000e+00 1.033167385328062071e+00 3.651286721203959168e-02 1.309362845845659971e+09 2.816517949029306769e+08
1.850000000000000000e+02 9.400000000000200000e+13 0.000000000000000000e+00 8.283236605196826474e-01 4.086741386791482161e-02 3.483810587121264901e-01 1.573165996743025874e-01 0.000000000000000000e+00 1.053862455122076769e+00 1.478422847286125219e-01 2.257824863291279316e+09 2.001190006725257635e+09
1.860000000000000000e+02 9.400000000000100000e+13 0.000000000000000000e+00 1.654977831956464751e+00 3.733488840992089247e-02 1.249431196583904446e-01 2.490187174152576691e-02 0.000000000000000000e+00 1.783111654700934245e+00 2.822493761309932681e-02 9.843328920083366632e+08 8.272138136621576548e+07
1.870000000000000000e+02 9.400000000000200000e+13 0.000000000000000000e+00 1.146381789182684852e+00 1.766462326244854775e-01 2.564066125984379441e-01 1.206259478836343574e-01 0.000000000000000000e+00 9.781284050060525814e-01 1.728984339850127283e-01 3.754609066301182270e+09 2.333865357721990108e+09
1.880000000000000000e+02 9.400000000000100000e+13 1.000000000000000000e+00 1.016054303511286117e+00 2.611776988889226783e-02 6.965061473929655411e-02 1.102101721548823764e-02 0.000000000000000000e+00 1.356192716436488421e+00 2.334412295473601087e-02 3.080369232378376722e+08 5.876260954782304168e+07
1.890000000000000000e+02 9.400000000000100000e+13 0.000000000000000000e+00 9.281693669769033317e-01 3.205479777479242065e-01 4.263616264567219316e-01 1.336858667711779414e-01 0.000000000000000000e+00 1.349867238078844123e+00 1.837924191551243702e-01 2.107404546066213846e+09 1.127084672029834032e+09
1.900000000000000000e+02 9.400000000000100000e+13 1.000000000000000000e+00 1.091324027272676078e+00 2.465166666482233523e-02 9.742914644842495808e-02 1.437486102532427486e-02 0.000000000000000000e+00 1.233510022396250294e+00 1.847349210471052952e-02 5.757129650393635035e+08 8.168031613655881584e+07
1.910000000000000000e+02 9.400000000000100000e+13 0.000000000000000000e+00 1.013109176507608122e+00 3.237820275600459402e-02 1.522183570354486426e-01 5.209778892642566439e-02 0.000000000000000000e+00 9.534709194897322826e-01 9.261218020761100012e-02 1.376227559254526138e+09 8.243778618604500294e+08
1.920000000000000000e+02 9.400000000001100000e+13 0.000000000000000000e+00 1.264850677362014286e+00 1.450025255254984158e-01 8.911158224442941589e-02 5.788671847949415639e-02 0.000000000000000000e+00 1.099317415215286475e+00 1.760278321961222525e-01 1.415234340615518332e+09 9.342173372086579800e+08
1.930000000000000000e+02 9.400000000000100000e+13 0.000000000000000000e+00 1.092682310785326960e+00 1.280654395497788922e-01 1.540268912653126321e-01 8.628865568014046361e-02 0.000000000000000000e+00 1.249557889629793195e+00 1.043845005806982168e-01 7.337828158618537188e+08 1.747938936930693686e+08
1.940000000000000000e+02 9.400000000000100000e+13 0.000000000000000000e+00 1.299060460555599983e+00 1.869386421513475893e-01 1.567705085809445176e-01 4.525342570676049031e-02 0.000000000000000000e+00 1.192659391988255102e+00 2.311331059301028057e-01 1.611795573605313540e+09 6.574405382023558617e+08
1.950000000000000000e+02 9.400000000000200000e+13 1.000000000000000000e+00 1.012027041157188556e+00 1.937016239340481200e-02 4.959901016924329886e-02 1.244400508919826787e-02 0.000000000000000000e+00 1.058441733934923690e+00 1.210913966982123981e-02 4.766831261436489224e+08 7.565326108236142993e+07
1.960000000000000000e+02 9.400000000000100000e+13 0.000000000000000000e+00 1.417366504833939445e+00 7.767717770596568871e-02 7.575686412243248791e-02 6.892375922083131268e-03 0.000000000000000000e+00 1.440374367060827332e+00 2.267486100386056913e-02 7.570917961476438046e+08 1.108768030091568679e+08
1.970000000000000000e+02 9.400000000000100000e+13 0.000000000000000000e+00 1.038460941570269025e+00 1.297954593090364095e-01 1.423726924462075105e-01 5.705362854025231023e-02 0.000000000000000000e+00 1.162428288635892981e+00 9.726392835829179850e-02 8.639273285934870243e+08 1.548471045827087164e+08
1.980000000000000000e+02 9.400000000000400000e+13 0.000000000000000000e+00 1.073611006438541349e+00 1.641689637607634533e-01 1.525076816719214967e-01 5.584497404535825743e-02 0.000000000000000000e+00 1.132763899386314721e+00 1.642760280620216284e-01 1.876979304681817293e+09 8.864004778347653151e+08
1.990000000000000000e+02 9.400000000000200000e+13 0.000000000000000000e+00 1.154555490391050210e+00 2.989112164908110797e-02 8.915350347968964417e-02 1.720479734059088273e-02 0.000000000000000000e+00 1.209444595023515312e+00 1.764665678258414347e-02 9.403270789753804207e+08 2.665966414209944010e+08
2.000000000000000000e+02 9.400000000000100000e+13 0.000000000000000000e+00 1.026609907187485016e+00 2.662454321860632453e-02 1.167947435013942797e-01 3.491385941857110681e-02 0.000000000000000000e+00 1.107825722200317609e+00 1.372537839161942427e-02 8.800544035130316019e+08 1.677535193689365089e+08
2.010000000000000000e+02 9.400000000000100000e+13 0.000000000000000000e+00 1.098857631550086200e+00 6.133942014892064531e-02 1.576171267308469903e-01 7.286802607640995022e-02 0.000000000000000000e+00 1.316163833211381640e+00 3.409455538339444675e-02 9.317263227346949577e+08 2.772329723276293874e+08
2.020000000000000000e+02 9.400000000000100000e+13 0.000000000000000000e+00 1.124707523722333180e+00 8.764280739216719074e-02 1.996537874409305691e-01 7.704425663395128576e-02 0.000000000000000000e+00 1.170402322761349589e+00 1.221089150865578843e-01 1.757351053780224323e+09 1.209869806982091904e+09
2.030000000000000000e+02 9.400000000000100000e+13 0.000000000000000000e+00 9.224188529403209991e-01 4.954972203039271356e-02 9.388731752212164938e-02 4.236696119959067197e-02 0.000000000000000000e+00 1.241648547138846981e+00 7.260985769764621151e-03 4.128948926794030070e+08 6.463189227401921153e+07
2.040000000000000000e+02 9.400000000000100000e+13 0.000000000000000000e+00 1.109147085949657274e+00 1.569318093221316046e-01 1.413163243661888224e-01 6.556190888190371879e-02 0.000000000000000000e+00 1.128735685199132366e+00 1.468196154336404158e-01 1.851752682418897867e+09 9.580492929119937420e+08
2.050000000000000000e+02 9.400000000000200000e+13 0.000000000000000000e+00 9.732045562910000003e-01 1.097265964800758775e-01 1.806289784038758173e-01 2.610986925540359146e-02 0.000000000000000000e+00 1.099474051575355160e+00 5.832907939319399021e-02 1.319336654080585718e+09 4.347444193804182410e+08
2.060000000000000000e+02 9.400000000000100000e+13 0.000000000000000000e+00 1.098963956433467004e+00 6.014294247079537276e-02 9.958568215715518646e-02 1.069603722284466485e-02 0.000000000000000000e+00 1.001263553898750880e+00 4.850223897581303067e-02 8.563890303300728798e+08 1.639523494597989619e+08
2.070000000000000000e+02 9.400000000000200000e+13 0.000000000000000000e+00 1.473507024595326342e+00 3.936209000572439554e-02 6.226842028581974081e-02 1.594497290086963406e-02 0.000000000000000000e+00 1.505814270994245030e+00 3.347583359759934152e-02 9.445749216271628141e+08 2.437027587018829882e+08
2.080000000000000000e+02 9.400000000000100000e+13 0.000000000000000000e+00 1.971318463747326666e+00 1.282558119496270965e-01 1.899291344223532074e-01 7.644697027338651085e-02 0.000000000000000000e+00 1.744812815692688535e+00 1.429018318611163241e-01 2.311925428856540203e+09 1.011757666394720793e+09
2.090000000000000000e+02 9.400000000000100000e+13 0.000000000000000000e+00 1.172345334151237317e+00 3.245381619244426530e-02 1.020590464960592775e-01 2.618145825375899072e-02 0.000000000000000000e+00 1.233833760592915496e+00 6.338584332439430036e-02 1.073260179437572718e+09 3.357343377246652246e+08
2.100000000000000000e+02 9.400000000000100000e+13 0.000000000000000000e+00 9.822030503660609257e-01 1.444682374660143966e-02 1.138550929409903739e-01 3.083002200098740667e-02 0.000000000000000000e+00 1.206028837918714736e+00 6.396736815768538920e-02 1.156096879929153919e+09 4.614028182743776441e+08
2.110000000000000000e+02 9.400000000000100000e+13 0.000000000000000000e+00 1.444380479511327087e+00 6.126481969936457828e-02 1.337846158369596361e-01 1.943911468046618032e-02 0.000000000000000000e+00 1.611821979168472030e+00 8.030011120564947702e-02 1.469850920819906235e+09 2.637407486887513995e+08
2.120000000000000000e+02 9.400000000000100000e+13 0.000000000000000000e+00 1.192748930965824350e+00 1.835364529111596990e-02 1.388638387650500405e-01 2.824798929774511094e-02 0.000000000000000000e+00 1.363274106559250187e+00 1.505177827541707286e-02 1.541140392794934034e+09 3.808490569240955710e+08
2.130000000000000000e+02 9.400000000000200000e+13 1.000000000000000000e+00 1.093572289119573160e+00 3.502941220467716693e-02 3.960770055282664820e-02 4.508767066901898414e-03 0.000000000000000000e+00 1.222265453988067074e+00 7.570851595138339621e-03 3.531789436726344228e+08 6.146245383615399897e+07
2.140000000000000000e+02 9.400000000000100000e+13 0.000000000000000000e+00 1.083634381736717112e+00 6.008822575855913423e-02 2.374202547885236603e-01 1.038643029434926368e-01 0.000000000000000000e+00 1.171424701244250688e+00 7.393468386658254288e-02 1.015018970613492608e+09 1.375512624233507514e+08
2.150000000000000000e+02 9.400000000000100000e+13 0.000000000000000000e+00 1.200185311650691755e+00 9.719281801014405253e-02 1.422164870005526160e-01 5.804224338461143329e-02 0.000000000000000000e+00 8.574776479643697602e-01 6.755246324440764005e-02 1.274283127402883291e+09 8.056662449072242975e+08
2.160000000000000000e+02 9.400000000000100000e+13 0.000000000000000000e+00 1.033815186469334568e+00 8.854476494888167959e-02 2.164801056632891796e-01 5.006388119362958911e-02 0.000000000000000000e+00 1.134687547320043066e+00 7.467392792105355392e-02 1.133280253190145493e+09 2.298302271813600361e+08
2.170000000000000000e+02 9.400000000000100000e+13 0.000000000000000000e+00 1.241191783259433912e+00 5.276453846640707240e-02 1.355923358393229250e-01 4.141345156463709098e-02 0.000000000000000000e+00 1.197748086220241426e+00 2.415868878029823336e-02 8.908690803255491257e+08 3.464491401927148700e+08
2.180000000000000000e+02 9.400000000000200000e+13 0.000000000000000000e+00 1.214252447142928792e+00 5.262167599133996815e-02 1.897407680190727475e-01 4.678700668397973300e-02 0.000000000000000000e+00 1.114820600383620741e+00 1.670706462856530808e-02 2.230670987784104347e+09 6.473721656933264732e+08
2.190000000000000000e+02 9.400000000000100000e+13 0.000000000000000000e+00 1.377052477143074105e+00 1.654795069157827536e-01 1.452235348948784366e-01 5.777359880742276299e-02 0.000000000000000000e+00 1.633544428401108473e+00 2.174201416706627310e-01 1.572991927411659718e+09 8.353171385050718784e+08
2.200000000000000000e+02 9.400000000000100000e+13 0.000000000000000000e+00 1.118879589995614987e+00 7.929557867521869197e-02 1.225950908543319007e-01 4.407988028310410450e-02 0.000000000000000000e+00 1.189170034618352023e+00 7.271806540985170653e-02 1.325550262606807947e+09 6.315205947662988901e+08
2.210000000000000000e+02 9.400000000000100000e+13 0.000000000000000000e+00 1.138189581881326795e+00 5.109992942992451492e-02 1.459697933549542470e-01 4.973109321108573622e-02 0.000000000000000000e+00 1.240298331771932272e+00 7.026539754581427599e-02 1.679598235847711802e+09 6.735491615119196177e+08
2.220000000000000000e+02 9.400000000000100000e+13 0.000000000000000000e+00 1.101289335648075962e+00 3.773350883720347215e-02 1.183269227438937671e-01 4.533541030435123825e-02 0.000000000000000000e+00 1.217653207171093044e+00 3.016838130824022954e-02 4.087847643729242086e+08 7.151953357694251835e+07
2.230000000000000000e+02 9.400000000000100000e+13 0.000000000000000000e+00 2.393542048603947592e+00 2.062494220734345240e-01 3.688502786645890263e-01 1.837309056108364091e-01 0.000000000000000000e+00 2.314420651995670042e+00 1.810771837405022733e-01 2.202226357413412571e+09 7.594299563160707951e+08
2.240000000000000000e+02 9.400000000000100000e+13 0.000000000000000000e+00 1.320461165729630126e+00 7.857791087461898916e-02 1.562888537651338228e-01 2.598593843313969434e-02 0.000000000000000000e+00 1.320475281885594043e+00 7.040763096834115609e-02 1.161784497244021654e+09 1.728839358271042705e+08
2.250000000000000000e+02 9.400000000000100000e+13 0.000000000000000000e+00 1.151746706511053819e+00 6.825223227099010137e-02 9.447565485899776794e-02 1.371856360316494293e-02 0.000000000000000000e+00 1.155548760683678289e+00 7.535536163358980133e-02 7.731945025756460428e+08 1.817405287987825572e+08
2.260000000000000000e+02 9.400000000000100000e+13 0.000000000000000000e+00 1.180716326091581836e+00 1.638865003313949298e-01 1.979881044058794948e-01 3.735913715076485953e-02 0.000000000000000000e+00 1.023953894077067828e+00 1.877033025231026608e-01 2.262463755600597382e+09 4.829497189505551457e+08
2.270000000000000000e+02 9.400000000000100000e+13 0.000000000000000000e+00 1.659085626319403817e+00 9.768025581362997645e-02 1.647455101053044713e-01 5.130760677611354709e-02 0.000000000000000000e+00 1.519281962422422083e+00 9.623670260031859380e-02 1.462071197803133488e+09 7.043144677877743244e+08
2.280000000000000000e+02 9.400000000000200000e+13 0.000000000000000000e+00 1.181502164935153143e+00 6.523207780148254642e-02 1.109251940442583656e-01 4.747868740213603139e-02 0.000000000000000000e+00 1.193517252614693547e+00 8.196600982855505035e-02 1.006029122843647361e+09 6.529657972224870920e+08
2.290000000000000000e+02 9.400000000000100000e+13 0.000000000000000000e+00 1.144683446925698789e+00 4.478173320552675252e-02 1.651932180257748017e-01 3.392526595254337363e-02 0.000000000000000000e+00 1.279809120823914625e+00 3.778052177657410110e-02 1.397235041548734188e+09 4.942746722476385832e+08
2.300000000000000000e+02 9.400000000000100000e+13 0.000000000000000000e+00 1.236329146328281947e+00 7.187033091077094094e-02 1.455325515231572775e-01 2.295765817106928952e-02 0.000000000000000000e+00 1.285596619727934709e+00 8.405513817233700724e-02 1.405186224691958427e+09 2.812952743042851090e+08
2.310000000000000000e+02 9.400000000000200000e+13 0.000000000000000000e+00 1.076580444415204507e+00 5.888829985002199535e-02 1.281797353284029883e-01 5.218779261977106454e-02 0.000000000000000000e+00 1.155762114494817583e+00 4.105614969363657885e-02 4.202580097123373151e+08 5.515831109783369303e+07
2.320000000000000000e+02 9.400000000000100000e+13 0.000000000000000000e+00 1.415502852854030769e+00 4.361563770361941844e-02 1.321093879069656640e-01 1.533161488501675815e-02 0.000000000000000000e+00 1.520316238384164631e+00 6.512594333076358877e-02 1.372405001418320894e+09 2.020220574745125473e+08
2.330000000000000000e+02 9.400000000000100000e+13 0.000000000000000000e+00 1.227820944731235819e+00 1.485913555151853298e-02 1.048731278407272205e-01 1.890734694748522418e-02 0.000000000000000000e+00 1.399443678231593768e+00 3.006875757286690820e-02 8.281835356709377766e+08 2.734500490536943078e+08
2.340000000000000000e+02 9.400000000000100000e+13 0.000000000000000000e+00 1.192311633647562541e+00 9.139907770143781279e-03 6.962527006976194921e-02 9.431694153979246903e-03 0.000000000000000000e+00 1.256348567849406184e+00 1.892392456550780547e-02 5.885414100866137743e+08 1.318305792491552532e+08
2.350000000000000000e+02 9.400000000000100000e+13 0.000000000000000000e+00 1.195756003289552449e+00 5.727295217795123211e-02 3.160274197960706299e-01 1.101050367921354023e-01 0.000000000000000000e+00 1.397613365539379204e+00 5.494441173041565013e-02 2.091576148042130470e+09 7.029053879336882830e+08
2.360000000000000000e+02 9.400000000000300000e+13 0.000000000000000000e+00 1.201543953851816449e+00 8.344829026908236191e-02 1.711998361682739722e-01 6.569671197509302507e-02 0.000000000000000000e+00 1.306418498424341657e+00 9.096409987681944309e-02 1.865028908542192221e+09 8.606688049227492809e+08
2.370000000000000000e+02 9.400000000000100000e+13 0.000000000000000000e+00 1.014241194124440471e+00 8.873200535033190506e-02 2.028728032556513794e-01 7.273712969105551596e-02 0.000000000000000000e+00 1.297433601936986758e+00 7.520590465034317218e-02 8.640635713294954300e+08 1.953340820052626133e+08
2.380000000000000000e+02 9.400000000000100000e+13 1.000000000000000000e+00 1.117828782707055213e+00 3.228133697624184506e-02 5.430820741074940394e-02 8.169639758450752964e-03 0.000000000000000000e+00 1.185550518082715277e+00 2.168935914959750286e-02 4.519440092485352159e+08 1.186079862187181413e+08
2.390000000000000000e+02 9.400000000000100000e+13 0.000000000000000000e+00 1.639284097366980442e+00 1.059924779563689301e-01 1.816093768354094806e-01 7.735117943281208386e-02 0.000000000000000000e+00 1.711575632967937244e+00 1.488003289500803850e-01 1.949786994499588966e+09 1.043218576497672558e+09
2.400000000000000000e+02 9.400000000000100000e+13 0.000000000000000000e+00 1.184000565102146130e+00 1.233175181085844341e-01 1.694393609565038039e-01 4.393587232872947501e-02 0.000000000000000000e+00 1.349024257008462735e+00 9.090237938437657761e-02 1.832172970126371861e+09 6.748918234239357710e+08
2.410000000000000000e+02 9.400000000000100000e+13 1.000000000000000000e+00 9.515953924945491638e-01 3.317803047848069675e-02 7.801067454508039956e-02 1.797801099450275011e-02 0.000000000000000000e+00 1.157111298174578362e+00 4.621589631626085715e-02 5.057718915332168937e+08 8.908327434456592798e+07
2.420000000000000000e+02 9.400000000000100000e+13 0.000000000000000000e+00 1.394775822483853345e+00 1.345355199184830042e-01 1.817976248584121379e-01 7.869891790715048685e-02 0.000000000000000000e+00 1.536665664014980948e+00 1.586041189324995659e-01 1.844681513503597021e+09 1.150234994920528650e+09
2.430000000000000000e+02 9.400000000000100000e+13 0.000000000000000000e+00 1.104192667422564389e+00 1.054814240135865666e-01 1.564187410298275571e-01 3.572928198797339916e-02 0.000000000000000000e+00 1.231093621958062378e+00 8.455111319448750662e-02 7.581407974213091135e+08 2.814149405625728369e+08
2.440000000000000000e+02 9.400000000000200000e+13 0.000000000000000000e+00 1.075345208623969651e+00 6.119847830762538410e-02 1.688683462618824072e-01 5.223357059189968205e-02 0.000000000000000000e+00 1.157559162257178809e+00 7.036545787474450531e-02 2.064689308994403839e+09 7.882326691826419830e+08
2.450000000000000000e+02 9.400000000000100000e+13 1.000000000000000000e+00 1.036260089519262628e+00 2.619104379172846470e-02 9.573179222833701207e-02 2.013976123284824671e-02 0.000000000000000000e+00 1.283493982980658199e+00 2.708170683406252097e-02 6.795391447943544388e+08 1.141684815978563577e+08
2.460000000000000000e+02 9.400000000000200000e+13 1.000000000000000000e+00 1.029891521260643872e+00 2.744419836244351915e-02 5.693839457298493362e-02 6.398516221039424537e-03 0.000000000000000000e+00 1.027561064750281972e+00 2.089020436804673447e-02 4.627447979026765227e+08 8.509137898369197547e+07
2.470000000000000000e+02 9.400000000000100000e+13 0.000000000000000000e+00 1.067006730693316419e+00 2.766875884514352069e-01 3.344746355018654582e-01 1.945548463003194117e-01 0.000000000000000000e+00 1.120201008413437505e+00 2.539193794289348882e-01 1.432450006585705996e+09 4.714443696228637099e+08
2.480000000000000000e+02 9.400000000000500000e+13 0.000000000000000000e+00 1.160485015364261630e+00 5.396890233346962606e-02 9.896719527597561128e-02 2.755178391853558076e-02 0.000000000000000000e+00 1.230647800656853752e+00 1.162828611883575530e-01 7.147883916982573271e+08 2.434814345324133337e+08
2.490000000000000000e+02 9.400000000000100000e+13 0.000000000000000000e+00 1.128523284889131784e+00 1.271302162794387958e-01 1.494074967929633069e-01 6.142963901355148054e-02 0.000000000000000000e+00 1.100826914832905068e+00 1.119720735771639886e-01 1.370954941447763205e+09 9.249167661085932255e+08
2.500000000000000000e+02 9.400000000000600000e+13 0.000000000000000000e+00 1.112383512568951849e+00 1.213695426153072188e-01 1.310403586172810830e-01 3.245962466565879834e-02 0.000000000000000000e+00 1.253324253784741549e+00 8.046173741722638384e-02 1.360912308356462479e+09 5.283943580521562099e+08
2.510000000000000000e+02 9.400000000000100000e+13 0.000000000000000000e+00 1.667014067321070048e+00 1.367781895544197546e-01 1.785434325588180493e-01 5.062566355185632583e-02 0.000000000000000000e+00 1.502553225538266535e+00 1.785619258866150694e-01 1.948561265469014883e+09 6.770058136242802143e+08
2.520000000000000000e+02 9.400000000000500000e+13 0.000000000000000000e+00 1.909374134321319971e+00 2.270727528137665013e-02 9.556892092475435807e-02 2.500246238406992477e-02 0.000000000000000000e+00 2.020586642447543824e+00 5.151695225037215137e-02 9.532783751759539843e+08 3.850813595625075102e+08
2.530000000000000000e+02 9.400000000000100000e+13 0.000000000000000000e+00 1.032502001398219571e+00 8.940160345880274195e-02 1.277160427757680905e-01 6.939904553633630124e-02 0.000000000000000000e+00 1.119015332415587816e+00 1.031760129865301329e-01 1.708181490059855461e+09 1.191867886179972887e+09
2.540000000000000000e+02 9.400000000000100000e+13 0.000000000000000000e+00 1.130771982208054638e+00 1.472801820542790456e-02 1.001796623584362417e-01 1.184071277752895245e-02 0.000000000000000000e+00 1.212076659494906616e+00 2.676957646917649258e-02 1.029276339514362812e+09 1.647821526664374471e+08
2.550000000000000000e+02 9.400000000000100000e+13 0.000000000000000000e+00 1.333623270372380265e+00 9.520888496650310728e-02 1.938886134453781385e-01 4.860757888060884824e-02 0.000000000000000000e+00 1.361906754667224551e+00 1.047482481996222375e-01 1.901085436215029716e+09 6.738879170535105467e+08
2.560000000000000000e+02 9.400000000000100000e+13 0.000000000000000000e+00 1.829459050027486100e+00 6.912487157208703492e-02 1.013581986838603261e-01 1.679262711289472576e-02 0.000000000000000000e+00 2.034137447944206922e+00 7.212207696151984315e-02 9.840467725140603781e+08 2.326657802664143443e+08
2.570000000000000000e+02 9.400000000000100000e+13 0.000000000000000000e+00 1.362583232804060795e+00 6.504383810887960637e-02 1.401603747751442308e-01 4.091153964451817865e-02 0.000000000000000000e+00 1.411418000701877506e+00 1.005516984804544628e-01 1.542368581047176123e+09 5.525360161183453798e+08
2.580000000000000000e+02 9.400000000000100000e+13 0.000000000000000000e+00 1.160114241075888453e+00 5.789882681196463488e-02 9.537519042289467619e-02 1.165057581875045788e-02 0.000000000000000000e+00 1.326010463872625555e+00 5.812525689244850413e-02 8.671939392306329012e+08 1.684928676948531568e+08
2.590000000000000000e+02 9.400000000000200000e+13 0.000000000000000000e+00 1.187315994051144630e+00 5.508118936177600067e-02 4.207060433593091953e-02 6.253822555334005370e-03 0.000000000000000000e+00 1.125336068581674009e+00 4.485999792484883508e-02 4.414348784353628159e+08 8.237896131120242178e+07
2.600000000000000000e+02 9.400000000000100000e+13 0.000000000000000000e+00 1.100346409084934640e+00 1.548618362470954302e-01 2.321983305380416751e-01 1.196423120727060224e-01 0.000000000000000000e+00 1.322381290426702716e+00 1.128624730822964800e-01 1.191026645406891108e+09 1.399077798302052319e+08
2.610000000000000000e+02 9.400000000000100000e+13 0.000000000000000000e+00 1.160933872840438585e+00 1.609164355834474466e-02 8.664842694273276746e-02 1.301633300681924107e-02 0.000000000000000000e+00 1.206958270773232700e+00 1.381906460119922131e-02 6.264096224784944057e+08 1.481872933204564452e+08
2.620000000000000000e+02 9.400000000000100000e+13 0.000000000000000000e+00 1.190386086546480149e+00 4.596752051577088216e-02 1.235205656020829101e-01 2.627440448214379137e-02 0.000000000000000000e+00 1.342605383332039493e+00 6.266524322068342534e-02 1.317830493697702885e+09 3.794055891546571255e+08
2.630000000000000000e+02 9.400000000000100000e+13 1.000000000000000000e+00 1.105211139560223543e+00 3.260864408454181712e-02 7.492004940063477780e-02 5.011541387239771932e-03 0.000000000000000000e+00 1.080915813498388944e+00 3.303257362390852464e-02 5.191023308050646782e+08 5.985299526914765686e+07
2.640000000000000000e+02 9.400000000000400000e+13 0.000000000000000000e+00 1.166804186670896915e+00 1.719203112352802321e-01 1.781040914354145022e-01 3.280427473477360439e-02 0.000000000000000000e+00 1.404734134395700496e+00 1.732007494640359913e-01 1.616516697554178953e+09 4.205223752857620716e+08
2.650000000000000000e+02 9.400000000000100000e+13 0.000000000000000000e+00 1.195917700910660741e+00 1.094239476635667091e-01 1.774790107928608252e-01 6.502007875550704086e-02 0.000000000000000000e+00 9.928751338287317152e-01 8.908512151592999639e-02 9.518000989321986437e+08 4.605038642376815677e+08
2.660000000000000000e+02 9.400000000000100000e+13 0.000000000000000000e+00 1.170223486562885773e+00 2.010336286302296521e-02 1.563081476852142548e-01 5.101411783295619479e-02 0.000000000000000000e+00 1.326227044503298202e+00 2.440910650136046689e-02 1.209563936145767927e+09 3.420664835171888471e+08
2.670000000000000000e+02 9.400000000000100000e+13 0.000000000000000000e+00 1.185539614536752273e+00 1.704772276697371913e-01 1.386228276523570058e-01 4.675606503684641424e-02 0.000000000000000000e+00 1.265867566793383858e+00 1.979121321565780744e-01 1.649367934596845388e+09 6.586330402920217514e+08
2.680000000000000000e+02 9.400000000000100000e+13 1.000000000000000000e+00 1.019897291150123175e+00 1.817529766933839372e-02 5.340994489475538870e-02 9.013359818024540768e-03 0.000000000000000000e+00 1.079000688357475868e+00 4.116354581968052068e-02 5.230597736909365058e+08 1.375151369461393654e+08
2.690000000000000000e+02 9.400000000000100000e+13 0.000000000000000000e+00 1.201632509727999398e+00 5.884721135758933658e-02 1.186713296173308035e-01 2.934882985452245269e-02 0.000000000000000000e+00 1.031811001371319980e+00 6.148668201015600188e-02 7.267939980435700417e+08 9.139000680639240146e+07
2.700000000000000000e+02 9.400000000000300000e+13 0.000000000000000000e+00 1.223835773857167686e+00 5.187181184410567109e-02 7.288250535018565845e-02 2.029814709809588114e-02 0.000000000000000000e+00 1.360761483659532312e+00 5.603660892149919803e-02 6.764250979843318462e+08 2.904781586828380227e+08
2.710000000000000000e+02 9.400000000000100000e+13 0.000000000000000000e+00 1.108908427060576907e+00 8.145770186708792271e-02 1.441582752277350277e-01 2.555838566080009464e-02 0.000000000000000000e+00 1.318712392182131765e+00 3.785804088566668835e-02 7.553462224086815119e+08 1.064736412236611843e+08
2.720000000000000000e+02 9.400000000000400000e+13 0.000000000000000000e+00 1.033038368129958862e+00 1.355226380835510558e-01 1.973790778353662068e-01 5.803984090934941747e-02 0.000000000000000000e+00 9.754540811403017431e-01 1.110357773158779232e-01 1.822277427623097420e+09 8.252320507683061361e+08
2.730000000000000000e+02 9.400000000000100000e+13 0.000000000000000000e+00 1.159163161998506109e+00 1.280790498313796877e-01 2.397972243240786838e-01 8.915595230436651475e-02 0.000000000000000000e+00 1.605256983829585371e+00 9.734541514229627657e-02 1.353873205774866819e+09 4.591190243561146855e+08
2.740000000000000000e+02 9.400000000000100000e+13 0.000000000000000000e+00 1.097675236892087902e+00 1.115079408106467995e-01 2.042758304652479151e-01 6.691443888538284313e-02 0.000000000000000000e+00 1.349433455288078454e+00 1.180498676230452154e-01 7.850999059263957739e+08 3.432389356625095606e+08
2.750000000000000000e+02 9.400000000000600000e+13 0.000000000000000000e+00 1.039211221698496113e+00 1.827086641592379768e-01 2.744732017346600550e-01 8.725103656114480133e-02 0.000000000000000000e+00 1.371936203325984760e+00 1.377553580864312455e-01 9.940887421092567444e+08 3.674766413381959200e+08
2.760000000000000000e+02 9.400000000000100000e+13 0.000000000000000000e+00 1.281800668022085476e+00 4.931024464004122448e-02 1.178032049093797190e-01 1.978537907265079387e-02 0.000000000000000000e+00 1.200467195516702335e+00 3.988977648184440644e-02 1.155838762145677805e+09 2.484032574706281126e+08
2.770000000000000000e+02 9.400000000000200000e+13 0.000000000000000000e+00 1.240035434317806606e+00 4.134955124863298748e-02 1.035177981354073184e-01 1.728422574533851688e-02 0.000000000000000000e+00 1.246862297716057055e+00 3.838511156379878497e-02 1.262051399038335085e+09 2.369792379692809582e+08
2.780000000000000000e+02 9.400000000000300000e+13 0.000000000000000000e+00 1.805412146361184300e+00 2.110581797242431779e-01 2.626137595331101138e-01 2.032893880208333226e-01 0.000000000000000000e+00 1.607322195997545666e+00 1.186495805112240398e-01 8.136295355239776373e+08 3.851435558707005978e+08
2.790000000000000000e+02 9.400000000000400000e+13 0.000000000000000000e+00 1.127879221174783453e+00 1.581468507873063645e-01 3.117592892237865398e-01 1.907757727983784013e-01 0.000000000000000000e+00 1.481406183453004122e+00 1.199278896331818639e-01 1.607465153699847698e+09 6.395535907780668736e+08
2.800000000000000000e+02 9.400000000000200000e+13 0.000000000000000000e+00 1.223453342282214029e+00 2.659051876398866449e-02 1.069801834983677424e-01 1.897443633491418397e-02 0.000000000000000000e+00 1.414530032374016422e+00 4.230964139439455374e-02 7.101088284579341412e+08 2.535688146491455734e+08
2.810000000000000000e+02 9.400000000000200000e+13 0.000000000000000000e+00 1.038247118228976973e+00 9.032085262980250884e-02 1.836241244691259877e-01 4.582771041057853711e-02 0.000000000000000000e+00 1.254298966031307305e+00 3.215679298079819615e-02 9.516202994513416290e+08 1.159652224249980748e+08
2.820000000000000000e+02 9.400000000000100000e+13 0.000000000000000000e+00 1.133813907077977579e+00 2.158519782805785880e-02 1.034037625089485601e-01 1.458341583781396118e-02 0.000000000000000000e+00 1.247070348715554555e+00 3.377432559068267726e-02 6.647934280995804071e+08 2.183505127772363126e+08
2.830000000000000000e+02 9.400000000000100000e+13 0.000000000000000000e+00 1.142334591470472782e+00 8.991562382496709471e-02 1.023379289791352120e-01 4.991393050685367927e-02 0.000000000000000000e+00 1.314357262167407780e+00 7.427451870889671681e-02 4.994874055403448939e+08 1.399845514574324489e+08
2.840000000000000000e+02 9.400000000000100000e+13 0.000000000000000000e+00 1.126327926384234512e+00 2.162173966400177116e-02 1.239663106837137346e-01 3.364512121954723461e-02 0.000000000000000000e+00 1.140933462063667525e+00 1.976049404750712668e-02 1.523513560665908098e+09 4.617036172695448995e+08
2.850000000000000000e+02 9.400000000000100000e+13 0.000000000000000000e+00 1.732534852134687275e+00 5.642275331920455078e-02 1.232129532825917972e-01 1.592583448268033303e-02 0.000000000000000000e+00 1.705331506640984651e+00 5.970553027043622174e-02 1.289470230181647301e+09 1.913137008554116488e+08
2.860000000000000000e+02 9.400000000000200000e+13 0.000000000000000000e+00 1.034146085223056843e+00 1.090454513080083704e-01 2.800459802630748674e-01 1.192123738574078634e-01 0.000000000000000000e+00 1.022631455273417256e+00 1.287910014461883246e-01 2.950960248665987968e+09 2.049743439153168201e+09
2.870000000000000000e+02 9.400000000000100000e+13 0.000000000000000000e+00 1.133905682767470946e+00 6.552757641162366975e-02 1.214704042997331312e-01 2.781263131095221969e-02 0.000000000000000000e+00 1.296322262978022444e+00 5.078611184842765636e-02 1.206051587901591301e+09 4.263303331297634244e+08
2.880000000000000000e+02 9.400000000000100000e+13 0.000000000000000000e+00 1.596165474733388434e+00 8.945324947111475689e-02 1.787895298360209495e-01 5.178162519252537538e-02 0.000000000000000000e+00 1.510515371989848532e+00 1.293742903199817107e-01 2.193201721846018314e+09 7.336330513837950230e+08
2.890000000000000000e+02 9.400000000000700000e+13 0.000000000000000000e+00 1.060327679151135793e+00 8.300913089402318923e-02 1.866277229257229386e-01 7.644452844452843954e-02 0.000000000000000000e+00 9.603958517156945263e-01 8.251695830359502548e-02 1.098855502311060667e+09 4.965897248368985057e+08
2.900000000000000000e+02 9.400000000000100000e+13 0.000000000000000000e+00 1.171840538507159746e+00 2.012506589654147193e-01 2.471679814895171856e-01 9.553082035353765988e-02 0.000000000000000000e+00 1.374847402190315426e+00 1.116344573387213629e-01 1.481372875639905691e+09 4.707349525246452093e+08
2.910000000000000000e+02 9.400000000000200000e+13 0.000000000000000000e+00 1.174954003431822214e+00 9.816382703514574259e-02 3.628122802156523163e-01 2.005453339894985865e-01 0.000000000000000000e+00 1.415512388182131209e+00 3.533376445197912441e-02 1.749237131564901352e+09 3.324071062062891126e+08
2.920000000000000000e+02 9.400000000000300000e+13 0.000000000000000000e+00 1.055460113191910132e+00 6.884137475087165337e-02 1.384161437309176512e-01 3.235094366239759517e-02 0.000000000000000000e+00 1.031834403234523245e+00 5.080295937926030542e-02 7.103542893800904751e+08 2.940774626909603477e+08
2.930000000000000000e+02 9.400000000000100000e+13 0.000000000000000000e+00 1.335816000966076444e+00 2.133435295211145999e-01 3.355158094511371814e-01 2.644488412295392110e-01 0.000000000000000000e+00 1.372599829819493689e+00 4.919389420365458121e-02 5.689838951769891977e+08 1.140366666895119548e+08
2.940000000000000000e+02 9.400000000000100000e+13 0.000000000000000000e+00 1.104002324231430965e+00 3.812344844959962564e-02 1.981023699592149856e-01 6.305212130064749565e-02 0.000000000000000000e+00 1.043857700509283282e+00 6.957124561946254060e-02 1.691167998005367756e+09 5.682328033491027355e+08
2.950000000000000000e+02 9.400000000000100000e+13 0.000000000000000000e+00 1.162780055171641180e+00 7.982793482763861359e-02 1.492371267454707662e-01 3.316208085406599504e-02 0.000000000000000000e+00 1.063791733238816262e+00 6.789369802188056913e-02 1.488403365356580734e+09 4.637029421494814157e+08
2.960000000000000000e+02 9.400000000000100000e+13 0.000000000000000000e+00 9.755804126494589390e-01 8.419019601968563693e-02 7.403484312713733140e-02 1.822274833566037491e-02 0.000000000000000000e+00 1.126675156578883286e+00 5.698334464639467911e-02 3.778650168307939172e+08 2.540996152347491682e+08
2.970000000000000000e+02 9.400000000000100000e+13 0.000000000000000000e+00 1.066829247011036541e+00 1.763558034638861016e-01 1.588597614485769971e-01 4.273376148146929704e-02 0.000000000000000000e+00 1.280649306885967231e+00 1.912637515877468053e-01 1.457522232366353750e+09 7.129832120740265846e+08
2.980000000000000000e+02 9.400000000000100000e+13 0.000000000000000000e+00 1.185104256903648512e+00 8.754985766240985789e-02 8.729203319011033524e-02 2.110776317226814233e-02 0.000000000000000000e+00 1.293816935143210944e+00 1.230607965026958850e-01 9.479065483195544481e+08 3.108257236948338747e+08
2.990000000000000000e+02 9.400000000000100000e+13 0.000000000000000000e+00 1.293370987477457268e+00 9.006347527867222813e-02 1.733888317999491557e-01 6.042467736662671118e-02 0.000000000000000000e+00 1.513829942600303236e+00 1.204798077280633262e-01 1.581881235254613876e+09 8.734401974607170820e+08
3.000000000000000000e+02 9.400000000000100000e+13 0.000000000000000000e+00 1.103292619388639872e+00 6.023164256448480108e-02 1.847893104098329853e-01 3.857783810277871928e-02 0.000000000000000000e+00 1.191920917097468502e+00 6.319785590762347360e-02 1.457389389265548944e+09 5.735027006991527081e+08
3.010000000000000000e+02 9.400000000000100000e+13 0.000000000000000000e+00 1.626729375348423323e+00 2.488770498203331794e-01 2.428312286336325176e-01 5.752761213967792081e-02 0.000000000000000000e+00 1.538305753827518663e+00 2.775015795811886510e-01 2.699228651878136158e+09 8.343636159572366476e+08
3.020000000000000000e+02 9.400000000000100000e+13 0.000000000000000000e+00 1.189116660689333305e+00 1.972907665578671754e-01 2.814578921721807570e-01 1.378852388578571120e-01 0.000000000000000000e+00 9.782724447003161572e-01 1.195373209170831341e-01 9.768603412308282852e+08 2.371926617510578930e+08
3.030000000000000000e+02 9.400000000000100000e+13 0.000000000000000000e+00 9.950608244369494315e-01 7.145110619290152842e-02 1.652539403266104212e-01 5.106193648839482679e-02 0.000000000000000000e+00 1.197512034435244344e+00 4.624583560546695338e-02 1.113283968004727602e+09 4.814665269874171019e+08
3.040000000000000000e+02 9.400000000000900000e+13 0.000000000000000000e+00 1.062738815701889106e+00 2.344363174159166119e-01 3.722262365217940405e-01 2.475384020333738500e-01 0.000000000000000000e+00 1.310460572872711893e+00 1.448172710446163081e-01 1.930645668144160271e+09 1.335984437892264128e+09
3.050000000000000000e+02 9.400000000000100000e+13 0.000000000000000000e+00 1.809683940058244733e+00 1.421595460876388384e-01 2.844945753208499850e-01 8.780507048180097307e-02 0.000000000000000000e+00 1.721696999074201484e+00 2.359036694378361665e-01 2.594515306657124043e+09 1.146395189553312063e+09
3.060000000000000000e+02 9.400000000000100000e+13 0.000000000000000000e+00 1.687557785013861000e+00 9.836885460627517452e-02 2.005937681764027036e-01 3.932116374077790355e-02 0.000000000000000000e+00 1.626595433276151415e+00 7.342906198120924266e-02 1.908211456626760483e+09 5.055201824542979598e+08
3.070000000000000000e+02 9.400000000000100000e+13 0.000000000000000000e+00 1.146334072693256712e+00 9.404258125928886825e-02 2.029860415717215372e-01 1.035134442292355017e-01 0.000000000000000000e+00 1.226533369551620067e+00 3.445864337477795580e-02 7.808224468489260674e+08 1.584569208299343884e+08
3.080000000000000000e+02 9.400000000000100000e+13 0.000000000000000000e+00 1.121508545056678408e+00 1.210219951888880374e-01 2.401236559139784954e-01 1.401297125143974587e-01 0.000000000000000000e+00 1.290767114553845296e+00 3.742867718688944884e-02 6.871326416826708317e+08 3.369848639497555494e+08
3.090000000000000000e+02 9.400000000000600000e+13 0.000000000000000000e+00 1.281143711223569071e+00 2.921018072745751662e-02 6.740138306300919036e-02 1.013349278720382732e-02 0.000000000000000000e+00 1.377823553096540810e+00 2.558797068038129105e-02 7.460128743257575035e+08 1.806893130979614556e+08
3.100000000000000000e+02 9.400000000000100000e+13 0.000000000000000000e+00 1.176029172580935533e+00 2.403682640681516561e-02 1.545968984269925628e-01 3.155689991547543788e-02 0.000000000000000000e+00 1.297654871970329360e+00 1.664702154132923634e-02 1.541389211180122375e+09 4.378476573045669794e+08
3.110000000000000000e+02 9.400000000000200000e+13 0.000000000000000000e+00 1.484351862061295879e+00 5.057007992768755567e-02 1.650365321065556112e-01 5.181622453720945848e-02 0.000000000000000000e+00 1.398947530010135720e+00 6.002156864947236214e-02 1.705824881101978302e+09 7.094473778853458166e+08
3.120000000000000000e+02 9.400000000000100000e+13 0.000000000000000000e+00 1.229001067711535056e+00 1.609763970320143567e-01 3.040743116502035992e-01 1.901300046290121393e-01 0.000000000000000000e+00 1.791964377223643101e+00 6.681966207303634275e-02 1.138321065385184526e+09 3.845622949768224955e+08
3.130000000000000000e+02 9.400000000000300000e+13 0.000000000000000000e+00 1.231417840533251429e+00 1.415204577907123729e-01 1.389387442787487770e-01 6.237433936933478584e-02 0.000000000000000000e+00 1.285616533811406503e+00 7.239888496216612124e-02 9.462721766828041077e+08 1.750323358684266508e+08
3.140000000000000000e+02 9.400000000000100000e+13 0.000000000000000000e+00 1.862056679725735409e+00 5.623010750072654496e-02 1.946715427641262652e-01 3.070505827142535477e-02 0.000000000000000000e+00 2.025809041418786816e+00 1.172714562991937770e-01 1.971789422142075062e+09 3.292789844955788255e+08
3.150000000000000000e+02 9.400000000000700000e+13 0.000000000000000000e+00 1.116837343228955115e+00 4.563120276794921382e-02 1.009101321689137437e-01 2.151451358402724570e-02 0.000000000000000000e+00 1.197130997691370657e+00 3.284649738336022085e-02 5.587144883958545923e+08 1.624361613972096741e+08
3.160000000000000000e+02 9.400000000000200000e+13 0.000000000000000000e+00 1.203288400795406776e+00 6.323321021735654746e-02 7.185447733361748079e-02 1.045478647831293503e-02 0.000000000000000000e+00 1.253482921095313785e+00 7.603488453318139884e-02 7.558032544417661428e+08 1.437807045169118643e+08
3.170000000000000000e+02 9.400000000000100000e+13 0.000000000000000000e+00 1.019387917616326744e+00 6.277413343112918376e-02 1.391116084403133391e-01 9.036449152615241842e-02 0.000000000000000000e+00 1.285571674348033877e+00 4.144603586159803510e-02 5.907839099294054508e+08 9.938515975359937549e+07
3.180000000000000000e+02 9.400000000000100000e+13 0.000000000000000000e+00 8.543226802939887232e-01 1.011604035037747679e-01 3.328265396594189407e-01 1.297134458010010816e-01 0.000000000000000000e+00 1.111539497851305569e+00 6.419551222378794275e-02 2.102325240408808470e+09 8.434684132919788361e+08
3.190000000000000000e+02 9.400000000000100000e+13 0.000000000000000000e+00 1.217108003945796879e+00 5.354079081575745941e-02 1.237841593319792405e-01 7.105566839690062586e-02 0.000000000000000000e+00 1.068892284011999871e+00 2.565555045307339396e-02 3.382701927076570988e+08 1.402510012086302340e+08
3.200000000000000000e+02 9.400000000000100000e+13 0.000000000000000000e+00 1.446767099657558564e+00 1.439619441177656944e-01 1.816513101142460118e-01 1.011197846308232728e-01 0.000000000000000000e+00 1.413881979932259059e+00 1.822734486405087617e-01 2.030770590156621933e+09 1.277824851205484629e+09
3.210000000000000000e+02 9.400000000000100000e+13 0.000000000000000000e+00 1.263480977302578578e+00 1.342205016559062658e-01 2.783802475180708336e-01 7.483233856213071522e-02 0.000000000000000000e+00 1.411723419291182502e+00 2.238429199161173222e-01 2.652539904273513794e+09 1.103792380290574551e+09
3.220000000000000000e+02 9.400000000000300000e+13 1.000000000000000000e+00 1.007313286932056906e+00 2.426873914979515989e-02 8.579811310810098179e-02 5.400252991092605037e-02 0.000000000000000000e+00 1.170029903730131826e+00 4.541198251243779016e-02 4.619831060238549113e+08 1.064882213720933646e+08
3.230000000000000000e+02 9.400000000000300000e+13 0.000000000000000000e+00 1.174880171781047311e+00 1.592083748263452281e-01 1.196508718455273623e-01 4.455773034167632984e-02 0.000000000000000000e+00 1.020805570052119027e+00 1.829986311048181769e-01 1.233279485887662411e+09 6.377189155366009474e+08
3.240000000000000000e+02 9.400000000000100000e+13 0.000000000000000000e+00 1.459950164128883232e+00 1.837730229737203902e-01 1.832624931104367416e-01 2.868563932644913050e-02 0.000000000000000000e+00 1.418797297656319234e+00 1.788158749291933747e-01 2.029146706134731770e+09 3.742031850087407827e+08
