# rID[0] Hid[1]   R200: DS[2], eta[3], detla[4], fm[5], fm2[6];   R500: DS[7], eta[8], detla[9], fm[10], fm2[11]
1.000000000000000000e+00 1.130000000000010000e+14 0.000000000000000000e+00 1.161697531100168712e+00 3.506020662197101290e-02 1.447716184604256606e-01 2.232793983591613643e-02 0.000000000000000000e+00 1.106967158642135907e+00 3.019981292160908715e-02 1.299527236537770033e+09 3.099944241480268240e+08
2.000000000000000000e+00 1.130000000000010000e+14 0.000000000000000000e+00 1.146480852239236459e+00 5.734578917355909883e-02 1.620018620628907724e-01 3.616398156177262624e-02 0.000000000000000000e+00 1.178948748867201912e+00 5.172260222017290715e-02 1.372425229690420389e+09 5.473992035046228170e+08
3.000000000000000000e+00 1.130000000000010000e+14 0.000000000000000000e+00 1.105326453622762273e+00 4.270133759926821038e-02 1.323060599265579174e-01 2.356522559403189179e-02 0.000000000000000000e+00 1.214902963321128793e+00 1.107917115829087570e-02 7.141385459709193707e+08 1.428505511253752112e+08
4.000000000000000000e+00 1.130000000000020000e+14 0.000000000000000000e+00 1.078641242671243061e+00 7.377247601214532990e-02 1.456664630724065768e-01 4.087858524995713339e-02 0.000000000000000000e+00 1.102063804880102582e+00 5.744477801892232394e-02 1.210264987666273117e+09 6.229367121406238079e+08
5.000000000000000000e+00 1.130000000000010000e+14 0.000000000000000000e+00 1.444014009105768270e+00 1.562404017565316716e-01 1.460400839023488773e-01 3.913435496647498651e-02 0.000000000000000000e+00 1.626020311083061554e+00 1.486624869992011766e-01 1.216696710518660545e+09 2.726978178590420485e+08
6.000000000000000000e+00 1.130000000000010000e+14 0.000000000000000000e+00 1.108590441193106235e+00 8.034082381523439953e-02 2.479230284634113268e-01 5.746331122218862469e-02 0.000000000000000000e+00 1.110125835299518471e+00 6.667638973649116230e-02 1.443645915712072849e+09 5.005250491996174455e+08
7.000000000000000000e+00 1.130000000000010000e+14 0.000000000000000000e+00 1.110044838822770830e+00 8.743987521708851407e-02 2.019135302296214407e-01 4.614298780904015074e-02 0.000000000000000000e+00 1.015874373444813239e+00 7.832501173536941808e-02 1.304913991931354523e+09 4.369455788506351113e+08
8.000000000000000000e+00 1.130000000000010000e+14 0.000000000000000000e+00 1.259033130072129580e+00 1.266601365662739787e-01 1.914951598875294092e-01 7.751660626862698356e-02 0.000000000000000000e+00 1.263796517438832590e+00 1.756429171155933500e-01 2.223130270210484982e+09 9.818673450685178041e+08
9.000000000000000000e+00 1.130000000000010000e+14 0.000000000000000000e+00 1.053752433321410109e+00 3.367135894432825988e-02 1.228850298851078826e-01 1.555801613751973261e-02 0.000000000000000000e+00 1.114275362734526098e+00 2.941195719077371526e-02 5.972143479838206768e+08 1.238896902823040932e+08
1.000000000000000000e+01 1.130000000000020000e+14 1.000000000000000000e+00 1.044183512773118494e+00 3.617026895787442409e-02 6.936920192151802000e-02 9.624824271713131735e-03 0.000000000000000000e+00 1.266256688129974384e+00 3.855678462748775293e-02 4.393903578489711285e+08 6.924038652717871964e+07
1.100000000000000000e+01 1.130000000000010000e+14 0.000000000000000000e+00 1.122457393907318801e+00 1.995636357084658030e-01 2.474937699479335396e-01 8.421774610710124065e-02 0.000000000000000000e+00 1.002104982152467905e+00 2.334912425927318236e-01 2.607151293292579174e+09 1.223626715542361021e+09
1.200000000000000000e+01 1.130000000000010000e+14 0.000000000000000000e+00 1.858006009263147185e+00 5.459558246472744764e-02 1.146900877943127506e-01 4.491576221607710556e-02 0.000000000000000000e+00 1.862271217651664257e+00 9.191760408920961190e-02 1.364548522738672972e+09 6.070835839188004732e+08
1.300000000000000000e+01 1.130000000000010000e+14 0.000000000000000000e+00 1.649844845781974767e+00 1.601568721046734978e-01 3.316451010530062637e-01 1.286969383574982917e-01 0.000000000000000000e+00 1.618524890038913533e+00 1.158230121730754181e-01 3.965612286646960258e+09 2.110404123114420891e+09
1.400000000000000000e+01 1.130000000000020000e+14 1.000000000000000000e+00 1.101894508903020098e+00 3.648816618429216729e-02 8.282282543337096681e-02 3.573396443619863277e-02 0.000000000000000000e+00 1.188577173089476080e+00 1.355558434119713031e-02 5.692497230080345869e+08 1.258321093148993403e+08
1.500000000000000000e+01 1.130000000000010000e+14 0.000000000000000000e+00 9.023515312041668901e-01 6.511148950961714865e-02 8.184255226009848339e-02 6.463511512610634405e-03 0.000000000000000000e+00 1.071096884623217838e+00 1.701863837408216021e-02 5.268498335342398286e+08 6.558731220175651461e+07
1.600000000000000000e+01 1.130000000000030000e+14 1.000000000000000000e+00 1.084984503430391989e+00 3.461817843285096979e-02 7.123290688236737223e-02 1.032956064337200476e-02 0.000000000000000000e+00 1.104373238835521409e+00 5.447533281791559767e-02 6.948035444199988842e+08 1.455784856908008158e+08
1.700000000000000000e+01 1.130000000000010000e+14 0.000000000000000000e+00 1.120916811847030292e+00 4.413794384032956875e-02 1.348605907579554786e-01 2.757945502291539799e-02 0.000000000000000000e+00 1.300669419473232225e+00 3.320600433302948323e-02 6.367628855939484835e+08 1.182667157696196288e+08
1.800000000000000000e+01 1.130000000000010000e+14 0.000000000000000000e+00 1.128075413059816290e+00 6.772581026843457752e-02 1.058398806686907945e-01 2.048150478222416845e-02 0.000000000000000000e+00 9.903983767232474866e-01 4.808976086176595249e-02 9.355176200623986721e+08 3.078214008783096671e+08
1.900000000000000000e+01 1.130000000000010000e+14 0.000000000000000000e+00 1.112208232126486562e+00 6.177630042362392687e-02 1.735793661045160197e-01 5.471109333175548650e-02 0.000000000000000000e+00 1.269415067340944780e+00 2.545090931877959720e-02 1.094588834825204372e+09 1.344651942724130154e+08
2.000000000000000000e+01 1.130000000000020000e+14 0.000000000000000000e+00 9.918556785449392788e-01 3.618034596879959180e-02 1.526177713518218348e-01 5.258498682654484668e-02 0.000000000000000000e+00 1.191112399568436508e+00 3.516586722973701756e-02 5.428835318400517702e+08 1.139722928189318180e+08
2.100000000000000000e+01 1.130000000000010000e+14 0.000000000000000000e+00 1.363564926189161586e+00 1.127804500919021014e-01 1.693056004563529005e-01 1.961303407968829210e-02 0.000000000000000000e+00 1.203360408596983122e+00 1.065279219036269487e-01 1.587709567190254211e+09 2.874639777818635702e+08
2.200000000000000000e+01 1.130000000000010000e+14 0.000000000000000000e+00 1.149504986192087186e+00 6.649308611440438166e-02 1.166568018004040252e-01 3.150381212743708081e-02 0.000000000000000000e+00 1.222912006624574444e+00 4.554298427851529579e-02 1.034393981051877856e+09 4.826592145903809667e+08
2.300000000000000000e+01 1.130000000000010000e+14 0.000000000000000000e+00 1.248787636503294829e+00 5.489331423633156404e-02 2.096723794934684804e-01 3.419488615065943704e-02 0.000000000000000000e+00 1.316361548969894990e+00 6.327954007072426890e-02 2.334290912652554989e+09 4.448265170946193337e+08
2.400000000000000000e+01 1.130000000000010000e+14 0.000000000000000000e+00 1.396569810235072540e+00 1.576174423709087724e-01 1.541659994331950612e-01 2.314428882408510121e-02 0.000000000000000000e+00 1.374991881053585940e+00 1.809188036288796320e-01 1.553188704810819387e+09 2.924192280987512469e+08
2.500000000000000000e+01 1.130000000000010000e+14 0.000000000000000000e+00 1.153682591865292650e+00 3.977489042215228560e-02 1.743976157966296014e-01 9.222971036327691496e-02 0.000000000000000000e+00 1.419946437384727478e+00 2.036376621040569476e-02 6.899012412302844524e+08 1.217979318778633922e+08
2.600000000000000000e+01 1.130000000000010000e+14 0.000000000000000000e+00 1.167843665194027603e+00 7.884765971182967903e-02 1.864124491725977495e-01 5.603997009762506226e-02 0.000000000000000000e+00 1.078299454108363031e+00 1.121260941525772103e-01 1.819473350827416182e+09 7.780689761943907738e+08
2.700000000000000000e+01 1.130000000000010000e+14 0.000000000000000000e+00 1.300959201588031577e+00 3.002858904849343286e-02 9.749302779710218581e-02 7.849590104259356396e-03 0.000000000000000000e+00 1.304352192471232907e+00 3.596810115282562947e-02 7.922882732536929846e+08 6.920594833201517165e+07
2.800000000000000000e+01 1.130000000000010000e+14 0.000000000000000000e+00 1.183844189793739510e+00 6.789135706348703447e-02 1.423968610581074212e-01 2.162724447978689110e-02 0.000000000000000000e+00 1.205245136326170252e+00 7.637667662030570015e-02 1.206904325444495678e+09 3.498129107887507081e+08
2.900000000000000000e+01 1.130000000000010000e+14 0.000000000000000000e+00 1.273019078620448052e+00 2.528777416691577185e-02 1.466644388555781164e-01 2.102667485010150522e-02 0.000000000000000000e+00 1.265809880236581364e+00 5.033850845494670240e-02 1.476816421757932663e+09 2.607493254950829148e+08
3.000000000000000000e+01 1.130000000000010000e+14 0.000000000000000000e+00 1.161739587340468560e+00 7.389480892054221817e-02 1.287404600979602798e-01 1.371938741277509317e-02 0.000000000000000000e+00 1.268561286114363584e+00 6.929267802758920514e-02 1.041374376293911934e+09 1.323119408348937929e+08
3.100000000000000000e+01 1.130000000000010000e+14 0.000000000000000000e+00 1.189343672508233141e+00 9.080262434647896896e-02 1.985739161600515168e-01 4.625881894882816897e-02 0.000000000000000000e+00 1.096116705145645964e+00 1.242017246462371188e-01 2.206815899420448303e+09 6.273628145243660212e+08
3.200000000000000000e+01 1.130000000000010000e+14 0.000000000000000000e+00 1.172989796249251704e+00 5.663037355304417070e-02 1.746275453797760113e-01 6.721138316535835155e-02 0.000000000000000000e+00 1.130334323167236477e+00 4.094013515449181073e-02 8.412278038108144999e+08 1.999379639463209808e+08
3.300000000000000000e+01 1.130000000000010000e+14 0.000000000000000000e+00 1.133480454274935489e+00 1.438767486388996264e-02 1.023504436240280646e-01 1.693076699713776112e-02 0.000000000000000000e+00 1.152059837991700419e+00 8.937771559712552952e-03 1.115388484653441191e+09 2.612295331410918832e+08
3.400000000000000000e+01 1.130000000000010000e+14 0.000000000000000000e+00 1.020283286083483842e+00 1.042615646012235719e-01 1.477102841103059283e-01 4.006108655283018016e-02 0.000000000000000000e+00 1.094896337413455933e+00 9.642770385895413354e-02 1.077182818306284904e+09 4.177327330409777164e+08
3.500000000000000000e+01 1.130000000000010000e+14 0.000000000000000000e+00 1.011309433592547879e+00 3.402606179819117616e-02 1.198367061097097147e-01 2.067698992964546803e-02 0.000000000000000000e+00 1.110242086864980493e+00 1.861060426882855945e-02 8.944152697193598747e+08 2.073410367136326134e+08
3.600000000000000000e+01 1.130000000000010000e+14 0.000000000000000000e+00 1.140846474320534654e+00 6.077061969297817279e-02 2.123484069201837243e-01 2.616415319518281338e-02 0.000000000000000000e+00 1.520173770481612285e+00 4.458078661698747919e-02 1.827478969292018652e+09 3.979536249092310071e+08
3.700000000000000000e+01 1.130000000000010000e+14 0.000000000000000000e+00 1.322019092038034360e+00 6.894056796525747932e-02 1.262943454383736175e-01 6.309768914165125864e-02 0.000000000000000000e+00 1.205472992052515124e+00 9.635415149585678518e-02 1.364497674129265308e+09 8.314748160706636906e+08
3.800000000000000000e+01 1.130000000000010000e+14 0.000000000000000000e+00 1.103753279929724274e+00 4.562099152407297215e-02 1.246375530283247435e-01 1.790319541726854286e-02 0.000000000000000000e+00 9.736461967847018784e-01 4.854113048658038887e-02 9.763113781732074022e+08 1.015437733112879097e+08
3.900000000000000000e+01 1.130000000000010000e+14 0.000000000000000000e+00 1.132193657044900714e+00 5.339829192952974535e-02 1.339794037124490411e-01 1.821910182973909484e-02 0.000000000000000000e+00 1.156353981745591675e+00 8.730521138584948493e-02 1.182510726270176411e+09 2.547820611927352250e+08
4.000000000000000000e+01 1.130000000000010000e+14 0.000000000000000000e+00 1.058092300076065140e+00 1.249107112216050613e-01 2.165925418700479499e-01 4.627290182217151659e-02 0.000000000000000000e+00 1.132640341370787729e+00 7.480537946725834830e-02 1.336860342990854979e+09 4.361376385320380926e+08
4.100000000000000000e+01 1.130000000000010000e+14 1.000000000000000000e+00 1.108839031224889027e+00 2.370237460804691318e-02 7.362020095213420157e-02 9.646419549748781047e-03 0.000000000000000000e+00 1.112593433176556568e+00 2.176920000202443861e-02 5.868414045270487070e+08 1.333773852464239299e+08
4.200000000000000000e+01 1.130000000000010000e+14 0.000000000000000000e+00 1.123808812660644696e+00 1.466904280738890731e-01 2.890092844654179038e-01 1.586474397603143682e-01 0.000000000000000000e+00 1.444843161092945527e+00 2.691757528835464139e-02 7.666592111722737551e+08 1.496818375277943313e+08
4.300000000000000000e+01 1.130000000000010000e+14 0.000000000000000000e+00 1.488497043731922931e+00 9.486873759409336637e-02 2.450124648242223979e-01 6.280383109548869081e-02 0.000000000000000000e+00 1.473424348349378077e+00 1.227573871219378165e-01 2.858929046449319363e+09 8.259038363557966948e+08
4.400000000000000000e+01 1.130000000000010000e+14 0.000000000000000000e+00 1.318293906065775900e+00 4.941100335814136574e-02 2.278077451938884668e-01 4.237723783629672447e-02 0.000000000000000000e+00 1.212587326467156279e+00 7.737259409045818548e-02 2.470850124722019672e+09 5.279358676356719136e+08
4.500000000000000000e+01 1.130000000000010000e+14 0.000000000000000000e+00 9.600824934463515481e-01 1.086805158633384061e-01 1.462925450863994115e-01 2.629370991549344339e-02 0.000000000000000000e+00 1.365025906312897996e+00 2.020909883608007149e-02 5.936458362332901955e+08 8.344272967384026945e+07
4.600000000000000000e+01 1.130000000000010000e+14 0.000000000000000000e+00 1.110941010988560462e+00 4.215787044001477468e-02 1.180256261525240019e-01 9.336470070004361174e-03 0.000000000000000000e+00 1.342461394140850528e+00 3.772357703467953821e-02 1.042564800735419512e+09 1.463468892915644646e+08
4.700000000000000000e+01 1.130000000000010000e+14 0.000000000000000000e+00 1.052363860661820194e+00 1.142370090591631471e-01 3.081947432902923389e-01 1.184530810534390188e-01 0.000000000000000000e+00 1.174177691096601972e+00 6.032815296189787679e-02 1.666562606229737520e+09 5.790486109709451199e+08
4.800000000000000000e+01 1.130000000000010000e+14 0.000000000000000000e+00 9.260315685857148926e-01 8.882015167468096384e-02 9.957387301610898245e-02 2.882858532893669765e-02 0.000000000000000000e+00 1.037402101187393955e+00 5.484368206656008160e-02 1.028834108189365029e+09 4.636947140253549218e+08
4.900000000000000000e+01 1.130000000000010000e+14 0.000000000000000000e+00 1.212985965823655032e+00 8.661148965466768102e-02 1.809954612410901165e-01 2.898277949158498817e-02 0.000000000000000000e+00 1.324132440012993017e+00 1.016963687430316593e-01 1.699302723117354870e+09 3.170096761557435989e+08
5.000000000000000000e+01 1.130000000000010000e+14 0.000000000000000000e+00 1.172660220743766857e+00 4.446252016072722857e-02 1.338971175607123199e-01 5.398664493094532113e-02 0.000000000000000000e+00 1.193278191343916994e+00 8.315846778526272964e-02 1.279469327859152555e+09 7.253228683102670908e+08
5.100000000000000000e+01 1.130000000000030000e+14 0.000000000000000000e+00 1.026483120662583737e+00 4.993071045310252393e-02 6.609189240786396413e-02 3.168518869713635167e-02 0.000000000000000000e+00 1.275854269397082019e+00 1.505922002057765753e-02 3.975961034653392434e+08 1.308917292294463813e+08
5.200000000000000000e+01 1.130000000000010000e+14 0.000000000000000000e+00 1.084540875992923370e+00 5.838839879713405429e-02 1.211723611932608996e-01 2.568785633816208364e-02 0.000000000000000000e+00 1.167901832705284804e+00 2.826286200930884160e-02 7.322370462522504330e+08 1.117282587572101802e+08
5.300000000000000000e+01 1.130000000000010000e+14 0.000000000000000000e+00 1.030656749700540997e+00 5.093818042865901757e-02 2.452691514615251700e-01 1.400096794063297456e-01 0.000000000000000000e+00 1.147027241073879766e+00 3.633503797886968728e-02 3.853377409918606281e+08 3.704253195064739138e+07
5.400000000000000000e+01 1.130000000000010000e+14 0.000000000000000000e+00 1.044711150532797062e+00 9.135030830477353092e-02 1.564540177051612357e-01 4.918833450456781137e-02 0.000000000000000000e+00 1.154660210958124988e+00 8.618596423320343258e-02 1.606664895076568842e+09 7.560698064308030605e+08
5.500000000000000000e+01 1.130000000000010000e+14 0.000000000000000000e+00 1.119625424197498553e+00 9.124577803104820528e-02 2.225057031937775209e-01 1.018493669015566594e-01 0.000000000000000000e+00 1.217593110511628218e+00 6.240329712156166692e-02 2.404019996259696960e+09 1.539348785040338039e+09
5.600000000000000000e+01 1.130000000000010000e+14 0.000000000000000000e+00 1.196961566204424843e+00 7.010159501692203587e-02 1.732348511862497054e-01 6.015208578147426821e-02 0.000000000000000000e+00 1.228731809127255881e+00 7.361148197947592342e-02 1.416136099588362932e+09 8.864353561635278463e+08
5.700000000000000000e+01 1.130000000000020000e+14 0.000000000000000000e+00 1.699754076325101559e+00 1.646218754074422197e-01 2.725558741681585184e-01 1.656094056261188940e-01 0.000000000000000000e+00 1.908200497738535617e+00 1.244719020591811276e-01 1.363433526185465574e+09 2.153881375702090561e+08
5.800000000000000000e+01 1.130000000000010000e+14 1.000000000000000000e+00 1.121091385020387632e+00 2.759511332912142553e-02 7.613807227959792923e-02 1.711528378555511945e-02 0.000000000000000000e+00 1.072345876217739802e+00 3.564648497058179460e-02 6.605374952637180090e+08 2.594810987928966880e+08
5.900000000000000000e+01 1.130000000000010000e+14 0.000000000000000000e+00 1.097701787473879476e+00 7.677845215211201446e-02 1.748346903325797563e-01 9.495806523456926107e-02 0.000000000000000000e+00 1.241080148014876539e+00 2.927086449432542495e-02 6.470816370526077747e+08 5.314932036657016724e+07
6.000000000000000000e+01 1.130000000000010000e+14 1.000000000000000000e+00 1.032258173297966319e+00 2.920161405383078085e-02 6.408892985078117055e-02 4.336189870807406060e-03 0.000000000000000000e+00 1.274455863620084672e+00 1.372118408452039674e-02 4.842655450071554780e+08 6.414735048997295648e+07
6.100000000000000000e+01 1.130000000000010000e+14 0.000000000000000000e+00 1.084082292852976082e+00 3.942680295909106042e-02 1.252405114689637833e-01 2.843692864391446709e-02 0.000000000000000000e+00 1.318090608840794209e+00 3.392933894211540291e-02 1.105609949327534676e+09 4.317863270734189749e+08
6.200000000000000000e+01 1.130000000000020000e+14 0.000000000000000000e+00 1.100578165911593853e+00 8.984288332936465893e-02 1.957757023557100962e-01 5.612834485390780920e-02 0.000000000000000000e+00 8.871745330075875291e-01 6.378525018833738902e-02 1.435327050500216722e+09 4.306570499949489832e+08
6.300000000000000000e+01 1.130000000000010000e+14 0.000000000000000000e+00 1.135575019714595069e+00 7.590194111010642453e-02 1.362722385540240388e-01 7.219250220508029170e-02 0.000000000000000000e+00 1.274946068567285318e+00 4.255949384646832284e-02 4.152075538144759536e+08 2.783443257892761007e+07
6.400000000000000000e+01 1.130000000000020000e+14 0.000000000000000000e+00 1.002109264673234801e+00 8.254159390001800101e-02 1.709907213431047512e-01 4.103611383404129342e-02 0.000000000000000000e+00 1.008828754294393448e+00 3.652257921386580647e-02 1.072031512388291001e+09 3.163743073724624515e+08
6.500000000000000000e+01 1.130000000000010000e+14 0.000000000000000000e+00 1.204887615682767477e+00 1.217512980245319260e-01 1.520556358833000665e-01 4.912758420815353799e-02 0.000000000000000000e+00 1.396219415179785983e+00 1.205183585049896151e-02 5.311726560839602351e+08 1.575856863212487698e+08
6.600000000000000000e+01 1.130000000000010000e+14 0.000000000000000000e+00 1.207013652859108888e+00 1.122679783621928079e-01 1.080681158617097792e-01 1.475233658120485639e-02 0.000000000000000000e+00 1.134834026430105336e+00 1.168607526574458183e-01 1.059647750032213449e+09 1.911602217974039018e+08
6.700000000000000000e+01 1.130000000000010000e+14 0.000000000000000000e+00 1.179344700315912986e+00 2.629178222898826550e-02 1.714854458562938833e-01 3.076317994676757914e-02 0.000000000000000000e+00 1.112155274417261808e+00 3.482519462558954226e-02 1.726838954116057873e+09 4.150778510585348010e+08
6.800000000000000000e+01 1.130000000000010000e+14 0.000000000000000000e+00 1.057216822595122618e+00 1.021791938644667913e-01 1.847709296479729535e-01 7.785153770871022783e-02 0.000000000000000000e+00 9.749639000010501544e-01 9.512679169421198178e-02 2.014976936112168074e+09 1.093562242263629198e+09
6.900000000000000000e+01 1.130000000000010000e+14 0.000000000000000000e+00 1.251109243958227424e+00 4.299545411990549071e-02 1.563438441618315022e-01 4.549217379570907882e-02 0.000000000000000000e+00 1.421173772989769102e+00 5.645434729356837295e-02 1.599215162279252291e+09 7.352737038755326271e+08
7.000000000000000000e+01 1.130000000000010000e+14 0.000000000000000000e+00 1.442349086837363181e+00 4.020460151362563461e-02 1.884601732023668819e-01 5.574438052713668462e-02 0.000000000000000000e+00 1.468460032927743519e+00 7.475729347149526194e-02 1.791017745987237453e+09 7.389491282899560928e+08
7.100000000000000000e+01 1.130000000000010000e+14 0.000000000000000000e+00 9.446962418278146423e-01 6.719325607485875096e-02 3.189535837310981115e-01 1.584699929890452386e-01 0.000000000000000000e+00 1.281157326869504454e+00 1.480703042544554149e-01 1.608253416214633465e+09 4.316724202882992029e+08
7.200000000000000000e+01 1.130000000000010000e+14 0.000000000000000000e+00 1.053870045004393852e+00 1.403690319340606361e-02 1.102209172233922369e-01 1.073051228050600492e-02 0.000000000000000000e+00 1.096915144872515402e+00 2.580989306145815496e-02 1.090406079840944290e+09 1.610691385998975039e+08
7.300000000000000000e+01 1.130000000000010000e+14 0.000000000000000000e+00 5.228057574700957222e-01 1.206197936975144797e-01 1.636492271638550489e-01 5.206994296348629175e-02 0.000000000000000000e+00 1.051397676930017955e+00 5.636044631231077601e-02 3.290591787510004044e+08 5.366523340788487345e+07
7.400000000000000000e+01 1.130000000000010000e+14 0.000000000000000000e+00 8.875942384519901474e-01 5.516997526921997574e-02 1.400888954842036960e-01 2.350312336468916852e-02 0.000000000000000000e+00 1.251945912534289107e+00 3.773832231531871334e-02 6.036686608886433840e+08 1.473098805785127580e+08
7.500000000000000000e+01 1.130000000000010000e+14 1.000000000000000000e+00 1.074837650034390357e+00 1.946599832002091079e-02 7.792368363107191054e-02 1.448531635653264697e-02 0.000000000000000000e+00 1.146746730639534251e+00 1.924364389266138356e-02 7.075661607810627222e+08 2.060557871225602329e+08
7.600000000000000000e+01 1.130000000000010000e+14 0.000000000000000000e+00 8.229872783314535756e-01 1.353559509345618472e-01 2.460094143961332747e-01 1.784092394257688619e-01 0.000000000000000000e+00 1.054706525047883536e+00 3.854912827249869223e-02 3.761467274505988359e+08 4.596007389182258397e+07
7.700000000000000000e+01 1.130000000000010000e+14 0.000000000000000000e+00 1.421551222758271393e+00 1.570977994160474567e-01 1.664085128621889120e-01 4.351260516543744433e-02 0.000000000000000000e+00 1.288450825930314458e+00 1.640637829840045359e-01 1.903847440229055405e+09 5.816016816823725700e+08
7.800000000000000000e+01 1.130000000000010000e+14 0.000000000000000000e+00 2.690747346378644433e+00 1.191263266851965291e-01 2.246875301152367888e-01 7.617553050965392147e-02 0.000000000000000000e+00 2.372451173347810194e+00 1.646682338983908589e-01 2.331262835873032093e+09 1.033020451293627024e+09
7.900000000000000000e+01 1.130000000000010000e+14 0.000000000000000000e+00 1.269519437301969811e+00 1.627863259925737272e-01 1.535723312363795612e-01 2.275498134837594319e-02 0.000000000000000000e+00 1.562061952673410747e+00 1.436057146513439464e-01 1.168961148971052408e+09 3.307544107708533406e+08
8.000000000000000000e+01 1.130000000000020000e+14 0.000000000000000000e+00 9.033419619455909100e-01 1.120908302130348977e-01 1.775863591262375196e-01 3.551419797629219027e-02 0.000000000000000000e+00 1.162864433036137291e+00 1.013065513276796559e-01 1.490452480910807610e+09 6.199158674937174320e+08
8.100000000000000000e+01 1.130000000000010000e+14 0.000000000000000000e+00 1.188099000769105684e+00 9.629422563778446131e-02 1.792137346497938155e-01 4.820273004187769494e-02 0.000000000000000000e+00 1.301158606677947027e+00 7.611744274205002603e-02 1.437691542818094015e+09 6.897568398329674006e+08
8.200000000000000000e+01 1.130000000000010000e+14 0.000000000000000000e+00 1.398270789719939788e+00 1.498227069445829396e-01 1.564184939119854789e-01 5.351771831414334213e-02 0.000000000000000000e+00 1.450972292108523076e+00 1.915082622331283069e-01 1.638485017861791611e+09 6.962515197776366472e+08
8.300000000000000000e+01 1.130000000000010000e+14 0.000000000000000000e+00 1.126483151014523010e+00 7.306048547423868444e-02 1.733980021541627337e-01 5.344760903989433792e-02 0.000000000000000000e+00 1.153119981464850508e+00 8.204076846226567021e-02 1.959497995119414330e+09 7.689308469406610727e+08
8.400000000000000000e+01 1.130000000000010000e+14 0.000000000000000000e+00 1.178136867740246618e+00 3.083621230881920458e-02 5.240040809437600255e-02 5.469435912623539162e-03 0.000000000000000000e+00 1.324100035771200057e+00 5.263619627773109128e-02 4.493663904595844150e+08 7.408316439914484322e+07
8.500000000000000000e+01 1.130000000000010000e+14 0.000000000000000000e+00 1.521508535710415000e+00 8.714813584838475291e-02 1.823128571913593399e-01 2.717469725011024961e-02 0.000000000000000000e+00 1.502072457900855307e+00 9.613535363661546151e-02 1.819820378274333715e+09 3.433621448622435331e+08
8.600000000000000000e+01 1.130000000000010000e+14 0.000000000000000000e+00 1.071745663130902804e+00 1.145057518859770168e-01 2.055275318027093845e-01 1.156596911577086190e-01 0.000000000000000000e+00 9.685540830791611322e-01 1.473250976341445584e-01 2.383627043360006332e+09 1.841248249887001991e+09
8.700000000000000000e+01 1.130000000000010000e+14 0.000000000000000000e+00 1.112530350868984774e+00 4.185808224978320585e-02 8.286402748200663582e-02 2.036200141970150382e-02 0.000000000000000000e+00 1.171677222785003636e+00 3.293343084833227907e-02 6.374351549170134068e+08 5.279185827803168446e+07
8.800000000000000000e+01 1.130000000000010000e+14 0.000000000000000000e+00 9.633161417374067614e-01 2.281149978916728605e-01 3.026426335556975378e-01 1.368672664423555285e-01 0.000000000000000000e+00 8.603321622265782675e-01 1.520283736864123381e-01 5.860551938653281927e+08 5.135812395234221965e+07
8.900000000000000000e+01 1.130000000000010000e+14 0.000000000000000000e+00 9.648210790135209880e-01 1.528934385785869488e-01 2.179851230889242597e-01 9.450113610079323434e-02 0.000000000000000000e+00 1.119730681832273200e+00 8.211351994623908301e-02 1.208987619617779493e+09 5.740444655680449009e+08
9.000000000000000000e+01 1.130000000000020000e+14 0.000000000000000000e+00 1.204059513483468624e+00 1.667391260320945090e-01 2.417471878041713984e-01 7.038741873842317698e-02 0.000000000000000000e+00 1.359919101119795304e+00 1.445456560343702235e-01 2.159295792279541016e+09 1.301511222866311550e+09
9.100000000000000000e+01 1.130000000000010000e+14 0.000000000000000000e+00 1.136383988753953966e+00 3.829567917960877838e-02 1.389548569204286099e-01 3.473946849251479535e-02 0.000000000000000000e+00 1.190377366260727099e+00 3.414489524066857684e-02 1.204006445778938770e+09 2.269688027477571666e+08
9.200000000000000000e+01 1.130000000000010000e+14 0.000000000000000000e+00 1.378240069358484865e+00 4.953712667407667025e-02 1.563401227820222505e-01 3.012981235846004524e-02 0.000000000000000000e+00 1.449802234284925939e+00 4.558983532899436864e-02 1.333772945186398506e+09 3.790078928299630284e+08
9.300000000000000000e+01 1.130000000000010000e+14 0.000000000000000000e+00 1.105663003989385107e+00 7.760152950385977577e-02 1.097000698660103857e-01 2.744927536231884027e-02 0.000000000000000000e+00 1.191254850512219132e+00 5.296102730931802338e-02 1.190771332811661959e+09 4.003723938990156651e+08
9.400000000000000000e+01 1.130000000000010000e+14 0.000000000000000000e+00 1.037127308343720467e+00 1.771586766842785654e-01 1.856541123464463261e-01 6.561549851095843655e-02 0.000000000000000000e+00 1.023115900470898065e+00 1.627997351163721629e-01 2.210630836290239334e+09 1.069847966473345399e+09
9.500000000000000000e+01 1.130000000000010000e+14 0.000000000000000000e+00 1.178248052977561855e+00 1.995621760258831784e-02 9.793285733373599533e-02 9.374615720533505461e-03 0.000000000000000000e+00 1.187842328991815632e+00 1.630493975004704277e-02 8.318711297508440018e+08 8.518965507447794080e+07
9.600000000000000000e+01 1.130000000000010000e+14 1.000000000000000000e+00 1.001322032968431364e+00 3.910430188713852340e-02 9.915122674660366286e-02 2.354105072679001445e-02 0.000000000000000000e+00 1.058927893478025517e+00 2.715096141578155278e-02 5.483852299786322117e+08 6.702114977542348951e+07
9.700000000000000000e+01 1.130000000000010000e+14 0.000000000000000000e+00 1.486877051652968351e+00 3.827782096666396128e-02 1.353722809935087867e-01 2.133943705880199729e-02 0.000000000000000000e+00 1.704579789788939426e+00 4.343003718218062942e-02 1.054226223662230849e+09 1.869266938671305478e+08
9.800000000000000000e+01 1.130000000000010000e+14 0.000000000000000000e+00 1.162179107672840495e+00 3.700591632931839875e-02 6.833514488773816120e-02 1.520324166699357944e-02 0.000000000000000000e+00 1.224404028072499928e+00 3.537884245023013158e-02 8.649415371603507996e+08 2.001045449487813711e+08
9.900000000000000000e+01 1.130000000000010000e+14 0.000000000000000000e+00 1.204318681604713337e+00 8.083411781615382208e-02 1.653625980704024889e-01 6.575397955221949642e-02 0.000000000000000000e+00 1.359924498999502518e+00 1.161683968561148805e-01 1.516693288597379208e+09 9.435564378385260105e+08
1.000000000000000000e+02 1.130000000000020000e+14 0.000000000000000000e+00 1.156946346105699019e+00 4.637914182867239332e-02 1.279968398349682623e-01 1.726017873364018781e-02 0.000000000000000000e+00 9.540276886847092186e-01 7.331811599064434748e-02 7.886273976460702419e+08 2.516070102658433020e+08
1.010000000000000000e+02 1.130000000000020000e+14 0.000000000000000000e+00 1.645878419372183155e+00 8.633736307379943908e-02 1.300066135720343852e-01 2.458988586084628544e-02 0.000000000000000000e+00 1.835732139861879775e+00 7.386920617810210921e-02 9.971156718217526674e+08 3.311028153233893514e+08
1.020000000000000000e+02 1.130000000000010000e+14 1.000000000000000000e+00 1.103994250557924106e+00 1.153122954174657690e-02 8.706922531839987600e-02 2.123006572451554413e-02 0.000000000000000000e+00 1.226036453870429810e+00 3.546399265483378416e-02 4.906129696528645754e+08 3.166195311940683052e+07
1.030000000000000000e+02 1.130000000000010000e+14 0.000000000000000000e+00 1.155015816009004048e+00 1.103559517517697791e-01 2.749936352597810996e-01 1.051176770056316684e-01 0.000000000000000000e+00 1.479784721840343931e+00 6.604915370204035574e-02 1.278568485047291994e+09 4.090356085008581877e+08
1.040000000000000000e+02 1.130000000000010000e+14 0.000000000000000000e+00 1.200491946296318613e+00 1.548352176512977629e-01 2.085498480483792827e-01 1.135677184976131154e-01 0.000000000000000000e+00 9.678066610910630585e-01 1.677651873531448012e-01 2.512219996694770336e+09 1.584457738659673452e+09
1.050000000000000000e+02 1.130000000000010000e+14 0.000000000000000000e+00 1.465519027514729622e+00 7.959946756256534861e-02 1.738152284573366568e-01 7.952805541011875867e-02 0.000000000000000000e+00 1.511865802999491804e+00 1.172098764529653364e-01 2.337035171496876240e+09 1.102310633738566875e+09
1.060000000000000000e+02 1.130000000000010000e+14 0.000000000000000000e+00 1.012251271200551139e+00 6.633580273375520864e-02 1.072338858489202268e-01 9.868814842839258514e-03 0.000000000000000000e+00 1.259874176627556519e+00 3.062573173011578706e-02 5.766212836898281574e+08 6.692608179177261144e+07
1.070000000000000000e+02 1.130000000000010000e+14 0.000000000000000000e+00 1.033825034537262599e+00 8.754012005126710072e-02 1.315645667488450632e-01 4.556623913101268825e-02 0.000000000000000000e+00 1.129309709350613478e+00 5.816883993483046300e-02 1.185261390820656061e+09 7.236597144085522890e+08
1.080000000000000000e+02 1.130000000000010000e+14 0.000000000000000000e+00 1.126442800441039394e+00 8.210951569286359386e-02 1.828575532944975712e-01 5.400788229937035501e-02 0.000000000000000000e+00 1.009145035276910463e+00 7.681144101486053755e-02 1.320459921214984417e+09 3.141633845205173492e+08
1.090000000000000000e+02 1.130000000000010000e+14 0.000000000000000000e+00 1.244846515894807437e+00 6.881593965495393095e-02 1.279390781143011080e-01 2.366940233846393654e-02 0.000000000000000000e+00 1.061549560250887092e+00 3.398781560945270813e-02 8.307654882596719265e+08 2.258934078661399484e+08
1.100000000000000000e+02 1.130000000000020000e+14 0.000000000000000000e+00 1.632945579823132709e+00 2.376388370905123393e-01 1.967408825317225052e-01 5.343322052918587917e-02 0.000000000000000000e+00 1.821601365634751390e+00 1.879023182124717750e-01 2.639703110485998631e+09 9.687255152950954437e+08
1.110000000000000000e+02 1.130000000000010000e+14 0.000000000000000000e+00 1.225086528683230647e+00 1.063468752124914762e-01 1.895120017971504423e-01 7.242637545686839151e-02 0.000000000000000000e+00 1.228636146485907243e+00 1.077360777730469316e-01 1.749948437166423559e+09 1.106019752409630775e+09
1.120000000000000000e+02 1.130000000000010000e+14 0.000000000000000000e+00 1.043799549475094901e+00 7.725789002030636343e-02 3.091825333759948835e-01 1.261928568571771270e-01 0.000000000000000000e+00 1.333692342469632752e+00 2.788711616512717928e-02 2.380928977690482616e+09 8.541129642022196054e+08
1.130000000000000000e+02 1.130000000000010000e+14 0.000000000000000000e+00 1.393845091653316492e+00 1.080545465511614511e-01 1.807491252639586710e-01 6.693630890704720116e-02 0.000000000000000000e+00 1.398165834812083341e+00 8.334787209214518378e-02 1.808873574457839727e+09 1.039001665891609907e+09
1.140000000000000000e+02 1.130000000000010000e+14 0.000000000000000000e+00 1.199289888679522909e+00 8.446419400226229390e-02 1.292491143720327917e-01 1.862134319115798034e-02 0.000000000000000000e+00 1.262485642811620234e+00 6.996642163678103155e-02 1.060799204329790235e+09 1.791114115500314534e+08
1.150000000000000000e+02 1.130000000000020000e+14 0.000000000000000000e+00 1.140355762622274005e+00 6.192079462301547377e-02 1.236533187053585475e-01 2.693515083492550519e-02 0.000000000000000000e+00 1.149241536569231226e+00 7.661883217952340785e-02 1.332205279202681780e+09 3.789746342621107697e+08
1.160000000000000000e+02 1.130000000000010000e+14 0.000000000000000000e+00 1.286041337836999476e+00 7.409500386819628526e-02 1.831880119474925683e-01 4.609450312788431620e-02 0.000000000000000000e+00 1.275687799596804561e+00 4.419407680205209715e-02 1.256901745610021353e+09 6.928833368798861504e+08
1.170000000000000000e+02 1.130000000000010000e+14 0.000000000000000000e+00 1.013139687513288978e+00 2.125799051194293340e-02 1.491751508389707603e-01 1.627078135315653679e-02 0.000000000000000000e+00 1.170593008897280685e+00 7.056172156824172537e-02 1.389649507259830475e+09 2.611295810799815357e+08
1.180000000000000000e+02 1.130000000000010000e+14 0.000000000000000000e+00 9.797101820717436516e-01 1.601971669572901588e-02 1.026385134407965249e-01 1.342086293196516865e-02 0.000000000000000000e+00 1.263702302702946145e+00 1.781802314143762084e-02 9.173525284997329712e+08 1.492223953448083997e+08
1.190000000000000000e+02 1.130000000000010000e+14 0.000000000000000000e+00 1.151936473852576359e+00 7.126608361952807558e-02 1.630297153436921498e-01 6.579749544946761342e-02 0.000000000000000000e+00 1.239540019418093886e+00 1.456656460799019837e-01 1.372401223236898899e+09 8.759827579902739525e+08
1.200000000000000000e+02 1.130000000000010000e+14 0.000000000000000000e+00 1.162400017780856665e+00 2.622955045030014865e-02 6.923009982777404703e-02 8.086916330101574096e-03 0.000000000000000000e+00 1.205867838119454527e+00 8.271726821985609865e-03 4.848831587068566084e+08 6.930113335978020728e+07
1.210000000000000000e+02 1.130000000000010000e+14 0.000000000000000000e+00 1.053870536796060131e+00 9.635183323503235253e-02 1.395075635921220747e-01 3.916013016147876918e-02 0.000000000000000000e+00 9.359498584555273615e-01 8.463599383333313131e-02 8.448497238334599733e+08 2.087584107892823815e+08
1.220000000000000000e+02 1.130000000000010000e+14 0.000000000000000000e+00 1.171222646016579549e+00 1.776850589437784303e-02 1.060145103812310668e-01 2.099190388055380274e-02 0.000000000000000000e+00 1.439089460968673961e+00 2.620880670014964081e-02 7.464183142994153500e+08 3.061322488237389922e+08
1.230000000000000000e+02 1.130000000000010000e+14 0.000000000000000000e+00 1.363625638923613881e+00 1.047302907311365439e-01 1.735856342613532055e-01 5.895829508255451268e-02 0.000000000000000000e+00 1.458922169255972179e+00 1.541198508198012018e-01 1.867479134728975296e+09 8.019436357990837097e+08
1.240000000000000000e+02 1.130000000000010000e+14 0.000000000000000000e+00 1.095126096871221533e+00 1.795397917409240901e-02 1.224278052708739073e-01 1.838634262286431564e-02 0.000000000000000000e+00 1.131146898006347046e+00 1.849010473155200326e-02 1.041156224699305058e+09 2.721821708408844471e+08
1.250000000000000000e+02 1.130000000000010000e+14 0.000000000000000000e+00 1.066227401161629951e+00 6.097417364567476322e-02 2.376119113549732542e-01 1.421870103527454465e-01 0.000000000000000000e+00 1.306729223692705943e+00 3.706991623256316454e-02 9.344101027877249718e+08 3.890497346499422193e+08
1.260000000000000000e+02 1.130000000000010000e+14 0.000000000000000000e+00 9.815737054344463308e-01 1.363082331262968627e-01 2.550739973540543382e-01 1.407093813845999297e-01 0.000000000000000000e+00 1.073780321760915646e+00 9.273210663804118403e-02 8.456950305392839909e+08 1.963481324268151820e+08
1.270000000000000000e+02 1.130000000000010000e+14 0.000000000000000000e+00 1.162745591891339858e+00 8.981619701461071581e-02 1.412514201721192519e-01 5.354800786201069362e-02 0.000000000000000000e+00 1.269249848139746506e+00 9.435872619241196524e-02 1.416652068939537048e+09 7.533167863672953844e+08
1.280000000000000000e+02 1.130000000000010000e+14 0.000000000000000000e+00 1.058475713105939686e+00 1.760441590355887528e-02 1.130326136856830560e-01 1.240482510507716352e-02 0.000000000000000000e+00 1.300459715035997554e+00 1.986238645320162130e-02 6.453379750548079014e+08 5.823492416422729194e+07
1.290000000000000000e+02 1.130000000000010000e+14 1.000000000000000000e+00 1.065865227347105648e+00 1.747058060602638130e-02 3.348407565946961983e-02 3.091916520309313538e-03 0.000000000000000000e+00 1.186910173777739441e+00 9.218690223024985503e-03 2.678217979299173951e+08 4.294037729398992658e+07
1.300000000000000000e+02 1.130000000000010000e+14 0.000000000000000000e+00 1.945798048849030515e+00 5.994642193441408751e-02 1.292151515531235195e-01 1.777843422660666667e-02 0.000000000000000000e+00 1.979690885944867196e+00 7.995896039277979039e-02 1.316123034755017519e+09 2.330394699004309773e+08
1.310000000000000000e+02 1.130000000000010000e+14 0.000000000000000000e+00 9.987170296819749549e-01 4.503750335491168988e-02 1.151131975221033610e-01 2.097776944671317020e-02 0.000000000000000000e+00 1.261425080722901049e+00 3.837553806767755177e-02 1.105667456672808409e+09 3.338243741435233951e+08
1.320000000000000000e+02 1.130000000000030000e+14 0.000000000000000000e+00 1.201017792826506225e+00 6.839328101599062570e-02 9.890256675581789170e-02 2.512521134987242069e-02 0.000000000000000000e+00 1.288452950676522768e+00 8.852592441745249507e-02 9.683473645532883406e+08 3.399891257188448906e+08
1.330000000000000000e+02 1.130000000000010000e+14 0.000000000000000000e+00 1.072954607247796899e+00 4.206777285318054338e-02 1.011677657847300377e-01 1.693219129193433356e-02 0.000000000000000000e+00 1.039633389430436816e+00 2.581098798733965846e-02 7.352503142192248106e+08 2.589533041170729995e+08
1.340000000000000000e+02 1.130000000000010000e+14 0.000000000000000000e+00 1.180780886482173830e+00 1.746311862492485045e-01 2.183485827066511398e-01 1.088129971647324445e-01 0.000000000000000000e+00 1.090709047819372168e+00 1.978570152079217603e-01 2.549131905036676884e+09 1.472432678101645231e+09
1.350000000000000000e+02 1.130000000000010000e+14 0.000000000000000000e+00 1.202878972722296602e+00 1.778427253863490778e-02 1.166327827377829224e-01 2.127093660847580170e-02 0.000000000000000000e+00 1.354925943861140514e+00 1.458596424579196131e-02 1.125757460532151222e+09 2.980066990593383908e+08
1.360000000000000000e+02 1.130000000000050000e+14 0.000000000000000000e+00 1.120949782234368808e+00 7.573592829569918139e-02 1.846666292115287655e-01 6.030074272494825166e-02 0.000000000000000000e+00 1.190830123665695517e+00 6.261793595082265629e-02 1.570249182972808838e+09 1.051967060539819002e+09
1.370000000000000000e+02 1.130000000000010000e+14 1.000000000000000000e+00 1.108044165672732229e+00 3.599959498284508591e-02 8.744582400634673403e-02 1.525670061689786590e-02 0.000000000000000000e+00 1.164734735605085891e+00 4.564546464969965189e-02 7.935551977561489344e+08 2.062874111727110445e+08
1.380000000000000000e+02 1.130000000000010000e+14 0.000000000000000000e+00 1.068217569796822586e+00 1.464878443283063880e-01 1.957256071074470472e-01 4.374655518342428218e-02 0.000000000000000000e+00 1.257703277782330265e+00 7.634653087621399992e-02 1.587775013005707026e+09 4.229605860048452020e+08
1.390000000000000000e+02 1.130000000000010000e+14 0.000000000000000000e+00 1.094391453700152450e+00 2.838981883038314488e-02 1.104146922864830405e-01 2.374434693871083427e-02 0.000000000000000000e+00 1.084566346893716560e+00 2.927477512376941426e-02 7.526551271144433022e+08 7.071638841788446903e+07
1.400000000000000000e+02 1.130000000000010000e+14 0.000000000000000000e+00 1.251523938483512399e+00 1.015558570263909305e-01 1.500238097323997877e-01 4.563999207800831931e-02 0.000000000000000000e+00 1.108316912388063624e+00 1.262588947118434002e-01 1.623914479918177843e+09 5.950514824347170591e+08
1.410000000000000000e+02 1.130000000000010000e+14 0.000000000000000000e+00 1.216822636707482586e+00 3.265771306336986979e-02 9.197734111146788072e-02 9.331762197005955342e-03 0.000000000000000000e+00 1.156724811759111793e+00 5.203262388377259684e-02 7.624271529142861366e+08 1.245559528220504075e+08
1.420000000000000000e+02 1.130000000000010000e+14 0.000000000000000000e+00 2.246606921957873038e+00 2.107120200204443405e-01 1.689067514334650633e-01 4.296758237948948567e-02 0.000000000000000000e+00 2.070234898967431292e+00 2.340908795761129646e-01 1.825214983669703722e+09 5.747367360880830288e+08
1.430000000000000000e+02 1.130000000000010000e+14 0.000000000000000000e+00 1.076525971216592881e+00 1.136055848113965566e-01 1.134343349464549261e-01 5.296157237252707012e-02 0.000000000000000000e+00 1.101973767079027722e+00 1.020310989343364283e-01 1.178150183426288605e+09 7.464328944400126934e+08
1.440000000000000000e+02 1.130000000000020000e+14 0.000000000000000000e+00 9.665985012042765945e-01 5.514103739027597512e-02 1.475027163761499782e-01 6.249932182634104078e-02 0.000000000000000000e+00 1.075416352500211614e+00 3.552212221351305765e-02 8.776584941574491262e+08 2.196158980156221092e+08
1.450000000000000000e+02 1.130000000000010000e+14 1.000000000000000000e+00 9.294677010444213350e-01 1.535551426730076552e-02 4.150331743956601344e-02 2.877595591694106624e-03 0.000000000000000000e+00 1.166123265618057125e+00 1.020263367906530140e-02 2.621204213303833902e+08 2.629780254368545488e+07
1.460000000000000000e+02 1.130000000000010000e+14 0.000000000000000000e+00 9.466746435649482372e-01 7.183822121603292143e-02 2.258812581435641342e-01 8.464742076895030720e-02 0.000000000000000000e+00 9.167899670303578663e-01 7.037125834191332308e-02 1.621230931343741417e+09 9.818363724183660746e+08
1.470000000000000000e+02 1.130000000000010000e+14 0.000000000000000000e+00 1.154825545334127401e+00 5.426281410788918319e-02 1.158126205414462540e-01 4.312456771000769407e-02 0.000000000000000000e+00 1.070820411453360599e+00 5.951129698772310989e-02 9.907228659848363400e+08 5.676243044664909840e+08
1.480000000000000000e+02 1.130000000000010000e+14 0.000000000000000000e+00 1.178144374887040602e+00 2.410989225491009524e-01 3.099893654389939690e-01 2.523122047174947702e-01 0.000000000000000000e+00 1.605844029217140090e+00 1.426594730346937012e-01 3.764899274321955442e+08 4.665231925132463872e+07
1.490000000000000000e+02 1.130000000000010000e+14 0.000000000000000000e+00 1.087529237849201413e+00 9.199508634169370480e-02 1.069978948736477475e-01 1.103565243374434422e-02 0.000000000000000000e+00 1.066367532727409584e+00 6.218815553888150383e-02 9.431832080964924097e+08 1.668276722584222853e+08
1.500000000000000000e+02 1.130000000000010000e+14 0.000000000000000000e+00 1.097231573308468544e+00 1.910582517244642786e-01 1.867238817975683252e-01 6.223249540638805394e-02 0.000000000000000000e+00 9.631336849412789336e-01 7.604379300234484496e-02 8.738020148490254879e+08 3.472156527781739831e+08
1.510000000000000000e+02 1.130000000000010000e+14 0.000000000000000000e+00 1.045228242582475930e+00 7.457414541326684576e-02 1.449043700804482915e-01 4.091148860182544644e-02 0.000000000000000000e+00 1.153353493177571076e+00 5.254789509437585160e-02 1.259869270090834856e+09 7.100114880624618530e+08
1.520000000000000000e+02 1.130000000000010000e+14 0.000000000000000000e+00 9.245809747206829021e-01 5.344006061711233796e-02 7.143979987894996664e-02 1.076913796840430794e-02 0.000000000000000000e+00 9.487302208044989804e-01 2.991167201520606236e-02 4.618266388121894598e+08 5.438232527903950214e+07
1.530000000000000000e+02 1.130000000000010000e+14 1.000000000000000000e+00 1.086799173425962328e+00 2.663055954148106641e-02 6.825826465202053384e-02 3.576505947560852054e-03 0.000000000000000000e+00 1.230851460521608098e+00 3.542543545140346140e-02 5.696851509782074690e+08 4.984705326945653558e+07
1.540000000000000000e+02 1.130000000000010000e+14 0.000000000000000000e+00 8.212185712048000186e-01 1.251068652748923149e-01 3.953947270400215430e-01 2.637039937353171659e-01 0.000000000000000000e+00 1.356230937676840886e+00 6.667379965914213558e-02 1.043460803765550256e+09 3.758134579082962275e+08
1.550000000000000000e+02 1.130000000000010000e+14 0.000000000000000000e+00 1.215598451523305812e+00 3.673470778326516639e-02 1.162107015446739583e-01 4.948138138705673872e-02 0.000000000000000000e+00 1.190351902414897856e+00 7.815855723821309164e-02 1.071872029214074135e+09 6.579658702848315239e+08
1.560000000000000000e+02 1.130000000000010000e+14 0.000000000000000000e+00 1.180434534425352400e+00 3.706483936474589541e-02 8.904105213756437209e-02 1.788744044781349907e-02 0.000000000000000000e+00 1.280791551793345695e+00 5.551877236899422502e-02 8.980099688542857170e+08 2.429398879690932930e+08
1.570000000000000000e+02 1.130000000000010000e+14 0.000000000000000000e+00 1.054749256361267928e+00 4.074399240928529980e-02 1.283679928309629237e-01 2.369467053608611401e-02 0.000000000000000000e+00 1.166012080992642863e+00 3.865144507288702236e-02 5.300937166488255262e+08 4.068219556160701811e+07
1.580000000000000000e+02 1.130000000000010000e+14 0.000000000000000000e+00 1.144080354213998785e+00 7.715888563364610431e-02 1.464577132627968847e-01 6.957856236512076353e-02 0.000000000000000000e+00 1.219562323384866920e+00 1.137169485284049153e-01 1.552454484222002506e+09 8.951534279220305681e+08
1.590000000000000000e+02 1.130000000000010000e+14 0.000000000000000000e+00 1.244127466755179379e+00 4.940543407302890044e-02 1.130181156641945350e-01 2.114105129652361567e-02 0.000000000000000000e+00 1.283606378228790534e+00 6.656576338481934307e-02 1.096906394272969723e+09 2.928983951416423917e+08
1.600000000000000000e+02 1.130000000000010000e+14 0.000000000000000000e+00 1.231890283151496623e+00 7.540028157573266943e-02 1.057344201725131799e-01 2.049561224442986856e-02 0.000000000000000000e+00 1.151550405670664690e+00 6.528763059068486141e-02 9.465251551129965782e+08 2.788215015200369358e+08
1.610000000000000000e+02 1.130000000000010000e+14 0.000000000000000000e+00 9.498944516886790312e-01 7.221024397833224195e-02 1.144610807314611622e-01 3.402920397930250113e-02 0.000000000000000000e+00 1.069515937319309939e+00 6.470086341741813907e-02 1.313600719081815481e+09 5.191499961663751602e+08
1.620000000000000000e+02 1.130000000000010000e+14 0.000000000000000000e+00 1.128142215091482825e+00 3.776090900102836712e-02 1.357495140713149973e-01 2.071100282235353862e-02 0.000000000000000000e+00 1.230982148281716038e+00 2.334166363575558914e-02 6.875531302633968592e+08 1.483663889143240750e+08
1.630000000000000000e+02 1.130000000000010000e+14 0.000000000000000000e+00 1.089198828975413313e+00 5.984073645211840375e-02 2.784463194458141611e-01 1.220468608331875260e-01 0.000000000000000000e+00 1.221409198039407729e+00 6.752098489610150467e-02 1.431027427265841007e+09 3.032165022074153423e+08
1.640000000000000000e+02 1.130000000000010000e+14 0.000000000000000000e+00 1.073068067759157973e+00 9.633662892343525241e-02 2.162445086356179491e-01 8.990650443553287186e-02 0.000000000000000000e+00 1.136963746465817993e+00 5.924881886016784838e-02 1.287596889038074017e+09 3.731482922276129723e+08
1.650000000000000000e+02 1.130000000000010000e+14 0.000000000000000000e+00 1.149529929451083232e+00 2.457677767159848620e-02 1.380849141297368077e-01 3.783646417364194825e-02 0.000000000000000000e+00 1.174700560077014622e+00 1.385935003839156542e-02 1.235934766313413858e+09 4.971160901490392685e+08
1.660000000000000000e+02 1.130000000000010000e+14 0.000000000000000000e+00 1.057076602179977343e+00 7.146940278751251485e-02 2.243408049838327700e-01 8.686749996328010925e-02 0.000000000000000000e+00 1.185285062700293768e+00 5.047791748096412678e-02 6.043397368532626629e+08 7.572192641103528440e+07
1.670000000000000000e+02 1.130000000000040000e+14 1.000000000000000000e+00 9.959623354823703423e-01 3.994019868608407464e-02 2.451454826944616736e-02 9.890492367790130676e-03 0.000000000000000000e+00 1.296269518070581439e+00 4.157338670212767234e-02 2.600843457085662782e+08 1.101589220021421611e+08
1.680000000000000000e+02 1.130000000000020000e+14 0.000000000000000000e+00 1.461192683807991388e+00 8.326528956048828700e-02 1.326447185729852096e-01 4.723056320338038516e-02 0.000000000000000000e+00 1.727996350774803069e+00 1.173047287620191809e-01 1.423270950678472281e+09 6.688189813988327980e+08
1.690000000000000000e+02 1.130000000000010000e+14 0.000000000000000000e+00 1.150456959814590174e+00 9.580050196470073220e-02 1.451331906701143482e-01 5.284152158443187336e-02 0.000000000000000000e+00 1.083441066693347832e+00 5.901035536718399893e-02 4.591426734562333822e+08 5.007878992801881582e+07
1.700000000000000000e+02 1.130000000000010000e+14 0.000000000000000000e+00 1.055547184075701361e+00 6.340383016753915746e-02 1.011244162145687325e-01 1.575577567814690633e-02 0.000000000000000000e+00 1.087035620812891956e+00 3.130823497809766959e-02 6.550876269708876610e+08 1.304916624330390096e+08
1.710000000000000000e+02 1.130000000000010000e+14 0.000000000000000000e+00 9.328805027650238779e-01 2.731898420736211253e-01 4.927212666748950198e-01 1.375068801142182440e-01 0.000000000000000000e+00 1.381859203946349091e+00 8.980362944995975982e-02 5.880107197586524487e+08 9.712527979999491572e+07
1.720000000000000000e+02 1.130000000000010000e+14 0.000000000000000000e+00 1.137121274180296959e+00 6.814577295645585231e-02 1.022295879893682369e-01 4.380652100011728917e-02 0.000000000000000000e+00 1.101650103824305393e+00 1.820320255297499731e-02 3.882361819637555480e+08 9.332335213958483934e+07
1.730000000000000000e+02 1.130000000000010000e+14 0.000000000000000000e+00 1.146260700463038074e+00 4.458181150589714953e-02 7.793090749779914284e-02 2.049968795334592558e-02 0.000000000000000000e+00 1.171115553427739542e+00 2.638373266195037647e-02 4.333116531167872548e+08 1.035232600323467702e+08
1.740000000000000000e+02 1.130000000000040000e+14 0.000000000000000000e+00 1.221717088526711237e+00 3.986707340320681109e-02 1.243663968423477234e-01 3.364872165337018384e-02 0.000000000000000000e+00 1.251031635979812817e+00 3.559884154645350657e-02 8.031089569683047533e+08 1.650881314546321332e+08
1.750000000000000000e+02 1.130000000000020000e+14 0.000000000000000000e+00 1.289211025503466335e+00 8.919924602793553869e-02 1.962637200138880600e-01 4.628996815795845265e-02 0.000000000000000000e+00 1.281891970513718171e+00 1.419356934881675358e-01 1.603103930215163946e+09 3.150159656047601700e+08
1.760000000000000000e+02 1.130000000000010000e+14 0.000000000000000000e+00 1.679848974134027229e+00 1.427720243621333485e-01 1.946256402776894434e-01 5.312331064966451660e-02 0.000000000000000000e+00 1.660692254795223644e+00 1.701661422235720145e-01 1.854169301923806429e+09 7.873495683163422346e+08
1.770000000000000000e+02 1.130000000000010000e+14 0.000000000000000000e+00 1.193010556466283179e+00 1.994455561773063323e-02 5.035081733460664705e-02 8.354322596427512376e-03 0.000000000000000000e+00 1.231082749821957867e+00 2.322528271742680880e-02 6.083985325601537228e+08 1.150790204799284339e+08
1.780000000000000000e+02 1.130000000000010000e+14 0.000000000000000000e+00 1.130348819691125772e+00 8.750699562489830385e-02 8.869226934136820173e-02 2.230796133220940697e-02 0.000000000000000000e+00 1.270245453993076978e+00 6.907873301928732501e-02 4.898199153248100877e+08 2.016327017755134106e+08
1.790000000000000000e+02 1.130000000000010000e+14 0.000000000000000000e+00 1.105434082888005154e+00 3.244407230831727884e-02 1.291030975020414362e-01 1.842545699839818335e-02 0.000000000000000000e+00 1.317256886148153727e+00 4.592013191313564641e-02 1.401257178064285517e+09 2.740524754597443342e+08
1.800000000000000000e+02 1.130000000000010000e+14 1.000000000000000000e+00 9.888468563773610276e-01 1.517708034618915972e-02 5.477720669245945279e-02 6.110136052678777525e-03 0.000000000000000000e+00 9.932043622757209533e-01 1.887795604642373420e-02 4.030880951956841350e+08 5.466186342272043228e+07
1.810000000000000000e+02 1.130000000000010000e+14 1.000000000000000000e+00 1.141042671171944578e+00 2.272616663846147370e-02 6.218544067385831098e-02 7.629806590529514439e-03 0.000000000000000000e+00 1.136987726515848340e+00 3.189441507708694334e-02 5.486382138611122370e+08 1.011403569730285406e+08
1.820000000000000000e+02 1.130000000000030000e+14 0.000000000000000000e+00 1.313445582980107940e+00 1.365514036970449097e-01 1.610347992071066783e-02 3.862108345773274977e-03 0.000000000000000000e+00 1.461271829642102116e+00 1.506825911108604366e-01 1.828795540521500409e+08 4.603022786923409998e+07
1.830000000000000000e+02 1.130000000000010000e+14 0.000000000000000000e+00 1.075242754262521805e+00 4.825283356027727094e-02 1.278049785592732246e-01 2.941757785734276653e-02 0.000000000000000000e+00 1.198481415091128044e+00 2.896126347063171860e-02 9.859701938064405918e+08 4.177187648604894280e+08
1.840000000000000000e+02 1.130000000000010000e+14 0.000000000000000000e+00 1.017603890460230920e+00 1.856705785629606809e-01 3.337048619191709253e-01 1.908008882886158830e-01 0.000000000000000000e+00 1.021930780755155865e+00 1.142463707429658137e-01 1.070683576472640634e+09 2.612157527167132795e+08
1.850000000000000000e+02 1.130000000000010000e+14 0.000000000000000000e+00 1.197560845097390692e+00 1.664497134413299995e-01 2.320499089532184200e-01 1.746009224341594779e-01 0.000000000000000000e+00 8.650334903168799272e-01 2.113450524679987563e-01 3.126645156438525677e+09 2.617451598000503540e+09
1.860000000000000000e+02 1.130000000000010000e+14 0.000000000000000000e+00 1.075557296304614940e+00 9.541890028812384517e-02 1.275941664283459231e-01 1.476086835410128292e-02 0.000000000000000000e+00 1.088359275417036365e+00 6.452266172737618211e-02 8.493594735775142908e+08 1.610143632313773334e+08
1.870000000000000000e+02 1.130000000000010000e+14 0.000000000000000000e+00 1.352239751442877669e+00 5.649494283605124845e-02 1.009523323955717755e-01 2.499484656506383365e-02 0.000000000000000000e+00 1.399022816307982975e+00 7.956689024497590190e-02 1.026393532653520346e+09 3.137832573237908483e+08
1.880000000000000000e+02 1.130000000000020000e+14 0.000000000000000000e+00 8.359493994265908556e-01 8.985018242258106802e-02 2.520816739034116225e-02 2.712077979618963009e-03 0.000000000000000000e+00 1.217815549362446292e+00 2.915280426746992559e-02 2.314305539436945021e+08 4.336677691127417982e+07
1.890000000000000000e+02 1.130000000000010000e+14 0.000000000000000000e+00 1.152855219459666181e+00 8.073069811013140751e-02 1.692006476506380253e-01 3.106541381312880393e-02 0.000000000000000000e+00 1.316392635712771764e+00 5.326287345421891473e-02 1.101684991788649082e+09 3.286303396151792407e+08
1.900000000000000000e+02 1.130000000000010000e+14 1.000000000000000000e+00 1.074946223378755006e+00 1.767942983178736466e-02 8.104237551448288668e-02 6.505732809308658465e-03 0.000000000000000000e+00 1.237770204950119357e+00 9.869686843638919918e-03 6.473125877745729685e+08 9.014455175555846095e+07
1.910000000000000000e+02 1.130000000000010000e+14 0.000000000000000000e+00 1.129563591126857558e+00 8.410101070077988239e-02 1.608083626859178883e-01 2.455301869690528632e-02 0.000000000000000000e+00 1.100446312900463797e+00 1.030827827786083423e-01 1.616086561202940226e+09 3.296878441178746223e+08
1.920000000000000000e+02 1.130000000000050000e+14 1.000000000000000000e+00 9.991722798102532499e-01 1.407477464411309789e-02 3.372509569293462295e-02 4.659886699565406708e-03 0.000000000000000000e+00 1.018309293590045961e+00 3.113506464529769424e-02 4.287079981039994359e+08 6.329679251573465019e+07
1.930000000000000000e+02 1.130000000000010000e+14 1.000000000000000000e+00 1.143599646379308554e+00 1.996971844334140961e-02 6.308046439669448557e-02 4.704471914707639493e-03 0.000000000000000000e+00 1.208291991823965850e+00 2.595767276950019381e-02 5.990731830993803740e+08 6.139504708339861780e+07
1.940000000000000000e+02 1.130000000000010000e+14 0.000000000000000000e+00 1.001500243281422176e+00 2.022802801368934686e-02 1.365965225400198879e-01 2.106199392420269462e-02 0.000000000000000000e+00 1.171156189110871937e+00 3.093829522550818958e-02 1.098600367862633944e+09 3.250484658065378666e+08
1.950000000000000000e+02 1.130000000000010000e+14 0.000000000000000000e+00 1.024266780280781441e+00 4.207431206497289078e-02 1.065578070225197127e-01 3.926841324765200508e-02 0.000000000000000000e+00 1.008717074066370678e+00 4.781543290866628604e-03 5.345756543749035001e+08 1.087970205088528246e+08
1.960000000000000000e+02 1.130000000000010000e+14 0.000000000000000000e+00 1.590035721837167904e+00 5.697906445481512594e-02 1.451707216428816671e-01 2.075611218827694282e-02 0.000000000000000000e+00 1.567510488784012335e+00 6.077439398582198254e-02 1.120541454225079298e+09 2.706530868552212715e+08
1.970000000000000000e+02 1.130000000000010000e+14 0.000000000000000000e+00 1.089108573473032360e+00 5.549974596647516689e-02 1.994700605999415177e-01 1.195934902915990888e-01 0.000000000000000000e+00 1.267830319595880439e+00 2.356323507852437632e-02 4.293744001818646193e+08 2.909161667443863302e+07
1.980000000000000000e+02 1.130000000000010000e+14 0.000000000000000000e+00 1.623414093330419306e+00 1.045922904298911549e-01 1.804469151097829183e-01 4.935876692902894242e-02 0.000000000000000000e+00 1.645260806649303076e+00 1.296148364893245086e-01 2.068467468647438049e+09 6.430334912065831423e+08
1.990000000000000000e+02 1.130000000000010000e+14 0.000000000000000000e+00 1.059352372365116812e+00 5.535690906766996267e-02 1.849421608438022169e-01 7.080717775663118718e-02 0.000000000000000000e+00 1.191292637011895916e+00 7.580866725916242388e-02 2.155558897367976665e+09 1.147272173989511967e+09
2.000000000000000000e+02 1.130000000000010000e+14 0.000000000000000000e+00 1.092265403418081648e+00 3.701271744286863813e-02 1.849815974954150954e-01 4.150315713365977655e-02 0.000000000000000000e+00 1.002338248361935413e+00 3.242713076107402170e-02 1.335706107132061005e+09 4.401217008705171347e+08
2.010000000000000000e+02 1.130000000000010000e+14 0.000000000000000000e+00 1.033895404529681761e+00 4.882931415581068940e-02 1.009483581611321928e-01 1.174990116253530302e-02 0.000000000000000000e+00 1.050147784704301701e+00 3.785705234063196228e-02 7.055706226237720251e+08 1.794584134851817191e+08
2.020000000000000000e+02 1.130000000000010000e+14 0.000000000000000000e+00 1.057631951386482028e+00 9.885717106177337177e-02 1.471448111432945571e-01 4.575864354927706296e-02 0.000000000000000000e+00 1.086312149343789502e+00 1.195585906794713882e-01 1.613379628690708160e+09 6.243785299916120768e+08
2.030000000000000000e+02 1.130000000000010000e+14 0.000000000000000000e+00 1.591700589010728306e+00 3.681226897989295366e-02 1.837456934403249587e-01 3.757613218688948126e-02 0.000000000000000000e+00 1.627426285164524034e+00 5.427995304605616467e-02 1.814263091712066650e+09 4.972783771508388519e+08
2.040000000000000000e+02 1.130000000000010000e+14 0.000000000000000000e+00 1.098918037852694152e+00 6.429303125511129369e-02 1.699444888743370519e-01 3.933985139848805018e-02 0.000000000000000000e+00 1.116508633256525496e+00 4.089679134536559207e-02 1.147248525476220846e+09 4.701104220177021027e+08
2.050000000000000000e+02 1.130000000000010000e+14 0.000000000000000000e+00 1.118156996807192716e+00 7.933595906680339371e-02 1.791899142328086947e-01 4.096014645231883106e-02 0.000000000000000000e+00 1.086462085693894464e+00 1.341314216507577539e-01 1.700768311619562149e+09 6.578547429142704010e+08
2.060000000000000000e+02 1.130000000000010000e+14 0.000000000000000000e+00 1.078254541634768193e+00 5.136122775428502568e-02 1.111637265751708875e-01 3.620107587846434216e-02 0.000000000000000000e+00 1.195918214103643962e+00 5.903187746686880399e-02 9.359468315244578123e+08 5.277606216341918707e+08
2.070000000000000000e+02 1.130000000000010000e+14 0.000000000000000000e+00 1.163619048960891300e+00 7.122241083710807719e-02 1.227813542640427552e-01 2.235151403653004923e-02 0.000000000000000000e+00 1.182180109415152502e+00 1.085348452491730897e-01 1.117693096050747395e+09 3.402507605936698914e+08
2.080000000000000000e+02 1.130000000000010000e+14 0.000000000000000000e+00 1.372827891554540436e+00 1.541726242943903258e-01 2.087919910059871653e-01 5.750518520765476871e-02 0.000000000000000000e+00 1.436436287464700534e+00 1.410344211648739132e-01 1.582398744503481388e+09 6.896327953481415510e+08
2.090000000000000000e+02 1.130000000000010000e+14 1.000000000000000000e+00 1.144961390181196137e+00 2.456733843607955894e-02 6.653630583782946251e-02 2.242095772447834021e-02 0.000000000000000000e+00 1.283795824613814363e+00 7.787346919194912571e-03 3.508800556903709173e+08 2.879787419993378595e+07
2.100000000000000000e+02 1.130000000000010000e+14 0.000000000000000000e+00 1.160541987648177953e+00 8.027702483612429718e-02 3.123034968115498411e-01 1.611756453423120183e-01 0.000000000000000000e+00 1.393645942601905663e+00 1.566677076037904237e-01 1.770703060970731258e+09 1.153033064810662270e+09
2.110000000000000000e+02 1.130000000000010000e+14 0.000000000000000000e+00 1.136588149304688988e+00 2.829438751096045521e-02 1.040908757185395744e-01 1.837482884734087732e-02 0.000000000000000000e+00 1.074970560816656651e+00 5.587214053326947788e-02 6.733124659917110205e+08 1.588462209709311426e+08
2.120000000000000000e+02 1.130000000000010000e+14 0.000000000000000000e+00 1.201220967152527797e+00 9.521675919612519745e-02 1.707726971831870222e-01 7.315651333057052175e-02 0.000000000000000000e+00 1.381995174149127870e+00 1.477937475824553648e-01 1.977895784250813484e+09 1.072595940080666780e+09
2.130000000000000000e+02 1.130000000000010000e+14 0.000000000000000000e+00 1.459462910968549298e+00 1.620358056172485628e-01 1.869585063504341504e-01 6.585878487448544594e-02 0.000000000000000000e+00 1.280960570966509948e+00 2.050181223990394375e-01 2.018827153385026455e+09 8.410504211780060530e+08
2.140000000000000000e+02 1.130000000000010000e+14 0.000000000000000000e+00 1.108488555817843446e+00 4.355352284536370688e-02 6.036685068529106662e-02 9.793556780444382867e-03 0.000000000000000000e+00 1.183392663653384247e+00 4.251022079556118077e-02 4.244090887930456996e+08 5.607938003010834008e+07
2.150000000000000000e+02 1.130000000000010000e+14 0.000000000000000000e+00 1.345535416697675624e+00 5.041240769267139876e-02 1.223015494797265318e-01 2.145222406157286030e-02 0.000000000000000000e+00 1.494989074084228431e+00 6.747359642472217089e-02 1.138178637048754692e+09 2.952189117201452851e+08
2.160000000000000000e+02 1.130000000000010000e+14 0.000000000000000000e+00 1.213486935487449792e+00 5.603473883650791909e-02 1.550203497201971536e-01 5.170016074489584834e-02 0.000000000000000000e+00 1.261031463906432615e+00 8.305750351752187732e-02 1.676201268250492096e+09 7.311001347103726864e+08
2.170000000000000000e+02 1.130000000000010000e+14 0.000000000000000000e+00 1.890313436218520993e+00 1.696874815602034403e-01 2.833667072513358920e-01 1.520313818318177468e-01 0.000000000000000000e+00 1.398177461523179677e+00 1.917636442043451628e-01 3.694757863257744789e+09 2.263702711127987862e+09
2.180000000000000000e+02 1.130000000000010000e+14 0.000000000000000000e+00 1.110791201089356361e+00 1.147368461475999912e-01 1.530219196860087838e-01 4.377359258467893727e-02 0.000000000000000000e+00 1.096130118056732883e+00 1.048861821509606551e-01 7.281823063408491611e+08 3.257123482515175939e+08
2.190000000000000000e+02 1.130000000000010000e+14 0.000000000000000000e+00 1.006652983999538842e+00 5.375611386511505024e-02 1.371984117715631946e-01 1.146220645473352423e-02 0.000000000000000000e+00 1.187885483025274969e+00 4.838405798351358422e-02 1.279840740659011364e+09 1.735792755124390125e+08
2.200000000000000000e+02 1.130000000000010000e+14 0.000000000000000000e+00 1.068699786367273585e+00 1.941543417729408791e-02 1.445009723475259855e-01 2.929660059386687831e-02 0.000000000000000000e+00 1.171920136477361485e+00 2.868950413351712206e-02 1.342912385101279020e+09 4.296230475623376369e+08
2.210000000000000000e+02 1.130000000000010000e+14 0.000000000000000000e+00 1.151880710844311650e+00 3.033483835714075386e-02 5.964916655914896670e-02 5.652474936261691653e-03 0.000000000000000000e+00 1.259412516440905794e+00 2.632032184030412905e-02 4.265738348982375860e+08 3.195327984077462554e+07
2.220000000000000000e+02 1.130000000000010000e+14 0.000000000000000000e+00 1.037847180585426798e+00 7.425351133519041136e-02 1.740451585524734612e-01 8.870084367371203204e-02 0.000000000000000000e+00 1.164100829203719156e+00 3.423257327255743721e-02 6.030108981676560640e+08 1.040416988833831549e+08
2.230000000000000000e+02 1.130000000000010000e+14 1.000000000000000000e+00 1.105468507147352009e+00 3.220963904199434374e-02 9.120513250446625475e-02 1.359246965911413245e-02 0.000000000000000000e+00 1.184799992876846897e+00 3.641087578289886606e-02 6.429220330387094021e+08 1.332771067437353134e+08
2.240000000000000000e+02 1.130000000000010000e+14 0.000000000000000000e+00 1.026433792449889637e+00 8.062526817927466449e-02 2.108631747965454550e-01 3.815276412859866517e-02 0.000000000000000000e+00 1.236573786969456634e+00 5.124686013910762644e-02 1.279265007266458750e+09 1.615531700692389905e+08
2.250000000000000000e+02 1.130000000000010000e+14 0.000000000000000000e+00 1.111478723028161975e+00 7.537921701693067744e-02 6.023071413387326434e-02 8.063840579557628521e-03 0.000000000000000000e+00 1.223264002836217834e+00 4.347265345968333999e-02 2.827277177707962394e+08 4.641083778352039307e+07
2.260000000000000000e+02 1.130000000000010000e+14 0.000000000000000000e+00 1.156033362913852169e+00 4.698250017386686184e-02 1.297324437063654412e-01 1.300527500264216443e-02 0.000000000000000000e+00 1.258715338763607638e+00 3.198177111579569853e-02 1.031057651472264290e+09 1.641617435816053152e+08
2.270000000000000000e+02 1.130000000000010000e+14 0.000000000000000000e+00 1.162845615020131618e+00 1.793056035585436636e-01 2.061846330579225339e-01 1.037880421782418905e-01 0.000000000000000000e+00 1.137493896679389271e+00 1.935946094719259714e-01 2.295485603131633759e+09 1.466195969471331120e+09
2.280000000000000000e+02 1.130000000000020000e+14 0.000000000000000000e+00 1.073254812309331951e+00 2.196033452569543312e-02 1.092185284692550606e-01 1.320205585485169364e-02 0.000000000000000000e+00 1.152623698255884177e+00 4.167116357431491919e-02 1.064374669975884438e+09 1.575889930638580322e+08
2.290000000000000000e+02 1.130000000000010000e+14 0.000000000000000000e+00 1.409722225354112846e+00 5.081298970383744951e-02 1.257932760698623198e-01 2.123259064111419903e-02 0.000000000000000000e+00 1.416293207743322569e+00 1.702201097584044379e-02 1.218824446981548786e+09 2.884606634135757685e+08
2.300000000000000000e+02 1.130000000000010000e+14 0.000000000000000000e+00 1.269372858054459652e+00 1.718941464645878242e-02 1.026055968379342154e-01 2.449140840748696007e-02 0.000000000000000000e+00 1.182171197672007956e+00 2.114299165836796418e-02 1.117777612898838997e+09 3.087494779841526151e+08
2.310000000000000000e+02 1.130000000000020000e+14 1.000000000000000000e+00 1.148212706666699834e+00 1.777387450247881057e-02 6.560673947747253099e-02 1.109250243918426596e-02 0.000000000000000000e+00 1.153579145270463346e+00 7.896358991491415902e-03 6.405955550074483156e+08 1.404803055564701855e+08
2.320000000000000000e+02 1.130000000000020000e+14 0.000000000000000000e+00 1.051706993058571848e+00 7.210701824094964407e-02 1.034498378292526000e-01 2.055344250601174108e-02 0.000000000000000000e+00 1.416425469126858072e+00 2.198754464765480254e-02 5.051211948008352518e+08 5.661714004551702738e+07
2.330000000000000000e+02 1.130000000000010000e+14 0.000000000000000000e+00 1.397270222627489122e+00 1.336690678014402223e-01 1.827934648161128328e-01 8.242683819400609124e-02 0.000000000000000000e+00 1.316377383572918447e+00 1.907321546880088037e-01 1.976113618541207552e+09 9.825759933169676065e+08
2.340000000000000000e+02 1.130000000000010000e+14 0.000000000000000000e+00 9.979141333628762656e-01 7.268039980355907315e-02 1.404009839496598022e-01 7.124291128309213905e-02 0.000000000000000000e+00 1.035574099935915537e+00 8.050798290010911795e-02 1.552025281233785629e+09 1.079812162081077099e+09
2.350000000000000000e+02 1.130000000000020000e+14 0.000000000000000000e+00 1.000816368749328777e+00 4.029011805367876259e-02 1.080622575805858521e-01 5.260938840544184675e-02 0.000000000000000000e+00 1.010443014811108320e+00 2.118172565965491597e-02 6.441242179687881470e+08 1.467404005765603781e+08
2.360000000000000000e+02 1.130000000000020000e+14 0.000000000000000000e+00 1.277627533315695452e+00 1.463089689620566680e-01 1.551547564961595072e-01 5.249720291148628898e-02 0.000000000000000000e+00 1.222944665023717903e+00 1.352818089898229770e-01 1.513460067647584677e+09 7.565735025463604927e+08
2.370000000000000000e+02 1.130000000000010000e+14 0.000000000000000000e+00 9.903054667968902436e-01 4.715173665293585781e-02 7.450490223880176788e-02 1.067270957468955533e-02 0.000000000000000000e+00 9.486865730705662525e-01 5.180037641377000651e-02 6.438873002598285675e+08 1.473961292829217315e+08
2.380000000000000000e+02 1.130000000000010000e+14 1.000000000000000000e+00 1.101908460484949837e+00 2.945419425065819857e-02 7.001669941606877834e-02 2.069475275274596654e-02 0.000000000000000000e+00 1.255299116144235061e+00 1.630030086902847092e-02 6.496811668332104683e+08 2.846617060127404928e+08
2.390000000000000000e+02 1.130000000000010000e+14 0.000000000000000000e+00 9.486634655144986494e-01 9.444998988528037487e-02 1.207660592830270968e-01 1.954985659477781468e-02 0.000000000000000000e+00 9.514584686612845843e-01 1.899272168537326222e-02 7.591174561993885040e+08 2.987065645078026652e+08
2.400000000000000000e+02 1.130000000000010000e+14 0.000000000000000000e+00 1.073905265429682787e+00 1.876436222970774281e-01 1.571997814358549461e-01 9.418560054001810788e-02 0.000000000000000000e+00 1.062444709177449376e+00 1.776926604476898042e-01 2.021203652080486536e+09 1.405409206239652634e+09
2.410000000000000000e+02 1.130000000000010000e+14 0.000000000000000000e+00 1.179744386094408570e+00 7.855003513146346927e-02 8.453789670084947694e-02 2.760309253961094195e-02 0.000000000000000000e+00 1.138385557928154324e+00 2.779601823595881718e-02 4.531424099342080355e+08 1.509713385215755403e+08
2.420000000000000000e+02 1.130000000000010000e+14 0.000000000000000000e+00 1.089780770489949813e+00 4.120667075326441692e-02 1.308027985375192215e-01 3.914176020755091856e-02 0.000000000000000000e+00 1.094084390373235127e+00 3.429361794795947327e-02 8.574906717849423885e+08 1.822459099576538503e+08
2.430000000000000000e+02 1.130000000000010000e+14 0.000000000000000000e+00 1.225629461846594159e+00 2.330454659966728348e-02 1.078973570275189586e-01 9.723460058617338156e-03 0.000000000000000000e+00 1.351594818911470819e+00 4.267013135457080504e-03 6.769450119638154507e+08 1.288735783324254751e+08
2.440000000000000000e+02 1.130000000000010000e+14 0.000000000000000000e+00 1.296704504479585074e+00 1.979515425517637539e-01 2.836534331773641338e-01 1.550354823300899021e-01 0.000000000000000000e+00 1.103769662030128940e+00 1.397362797258056566e-01 1.173042946230278969e+09 3.868158375903246999e+08
2.450000000000000000e+02 1.130000000000010000e+14 0.000000000000000000e+00 1.116158095211045254e+00 6.026066703881444164e-02 1.066989720706214007e-01 3.975384438696772521e-02 0.000000000000000000e+00 1.065374839913533656e+00 6.683695483303060680e-02 1.166201320204856396e+09 5.603432007252485752e+08
2.460000000000000000e+02 1.130000000000010000e+14 0.000000000000000000e+00 1.150484732989313086e+00 4.955775040327638908e-02 1.409208758033223263e-01 2.761705553954440368e-02 0.000000000000000000e+00 1.394805783158576951e+00 6.041220781901637110e-02 1.361450120255427122e+09 4.130596562496446967e+08
2.470000000000000000e+02 1.130000000000010000e+14 0.000000000000000000e+00 1.172605529591445706e+00 5.617070532320355553e-02 7.578935319280354077e-02 7.869810626470239920e-03 0.000000000000000000e+00 1.069096055880048857e+00 1.251264775782827583e-02 4.288545779612300992e+08 3.670613553416228294e+07
2.480000000000000000e+02 1.130000000000010000e+14 0.000000000000000000e+00 1.041543220631722777e+00 1.037988798920603528e-01 1.421032387822245557e-01 4.549589904388254974e-02 0.000000000000000000e+00 1.035080256196116322e+00 4.544737961719429176e-02 6.754705780773555040e+08 9.775558981548687816e+07
2.490000000000000000e+02 1.130000000000010000e+14 0.000000000000000000e+00 1.287212025017160810e+00 7.335995076999805853e-02 1.421940648467900914e-01 3.505008392264407496e-02 0.000000000000000000e+00 1.433156343096325669e+00 3.232410272147655944e-02 1.426777981371708870e+09 4.907418717872374058e+08
2.500000000000000000e+02 1.130000000000010000e+14 0.000000000000000000e+00 1.513743569946981449e+00 1.433611561946095403e-01 1.921613014847451395e-01 7.911405640445062781e-02 0.000000000000000000e+00 1.622948955022049278e+00 1.839350301410615229e-01 2.257229167916417122e+09 1.093096559095107794e+09
2.510000000000000000e+02 1.130000000000010000e+14 0.000000000000000000e+00 9.488272964950972277e-01 5.480063836974879282e-02 1.296989014094995230e-01 5.783755870216613498e-02 0.000000000000000000e+00 9.751425427827102865e-01 4.190076731999857473e-02 1.399319294493332148e+09 8.767378593723834753e+08
2.520000000000000000e+02 1.130000000000030000e+14 0.000000000000000000e+00 1.155785636151841933e+00 5.633441955308400584e-02 1.558567361130262785e-01 6.083874941396015534e-02 0.000000000000000000e+00 1.279119082990680223e+00 4.735487092623821836e-02 2.066661013537860394e+09 8.826368018523207903e+08
2.530000000000000000e+02 1.130000000000010000e+14 0.000000000000000000e+00 1.076816833507613369e+00 1.175521301757180559e-01 1.815763071324465183e-01 7.451645605504558789e-02 0.000000000000000000e+00 1.006292760592641722e+00 9.085694700526240897e-02 2.075404181450627089e+09 1.157462166625300884e+09
2.540000000000000000e+02 1.130000000000010000e+14 0.000000000000000000e+00 1.270316526128356438e+00 6.061257108192554671e-02 1.236689902367582583e-01 2.885504576208828068e-02 0.000000000000000000e+00 1.325346134242369134e+00 6.234332413992958732e-02 1.084716305192159176e+09 3.871074361954707503e+08
2.550000000000000000e+02 1.130000000000010000e+14 0.000000000000000000e+00 1.206130999403815407e+00 8.692369367495883514e-02 1.372249740355833691e-01 4.601957421047320890e-02 0.000000000000000000e+00 1.204731675102866939e+00 1.239417563379908716e-01 1.288466448230170012e+09 5.959250178791643381e+08
2.560000000000000000e+02 1.130000000000010000e+14 0.000000000000000000e+00 1.386195517760741902e+00 5.491073040637808184e-02 1.334553258824087429e-01 3.665297457144664484e-02 0.000000000000000000e+00 1.510724166120328560e+00 7.350227457503903661e-02 1.350653965633084536e+09 5.058445751141281724e+08
2.570000000000000000e+02 1.130000000000010000e+14 0.000000000000000000e+00 1.033453550222037443e+00 1.478922434582249090e-01 2.105979216890697947e-01 1.120413957775317215e-01 0.000000000000000000e+00 1.013760297234872931e+00 9.076113041286090755e-02 1.165547705137833595e+09 2.945009310206500888e+08
2.580000000000000000e+02 1.130000000000010000e+14 0.000000000000000000e+00 1.228092201038065046e+00 4.224510485534307275e-02 1.408685571655076130e-01 1.821633490840018216e-02 0.000000000000000000e+00 1.157344258757682764e+00 6.771574082539907891e-02 1.361048790603883505e+09 2.614269985112995803e+08
2.590000000000000000e+02 1.130000000000010000e+14 0.000000000000000000e+00 1.351512897057133511e+00 8.045281480896916693e-02 9.221315967919799239e-02 1.457395488721804563e-02 0.000000000000000000e+00 1.215772414293895709e+00 1.022842551766920821e-01 6.967762450000083447e+08 2.288771046151304841e+08
2.600000000000000000e+02 1.130000000000010000e+14 0.000000000000000000e+00 1.246291425642041206e+00 1.074346563143590977e-01 1.807040353753981421e-01 9.552993277344451473e-02 0.000000000000000000e+00 1.360105600816218674e+00 1.361202331393875364e-01 1.990916701675444126e+09 1.331845955198460102e+09
2.610000000000000000e+02 1.130000000000010000e+14 0.000000000000000000e+00 9.646568073474687255e-01 6.154286111568446627e-02 8.272139263454444946e-02 5.491359530655513799e-03 0.000000000000000000e+00 1.223750092035034820e+00 4.326137785927618856e-02 5.290359530470076203e+08 8.490242157552427053e+07
2.620000000000000000e+02 1.130000000000010000e+14 0.000000000000000000e+00 9.528265981767576331e-01 8.175309289856912132e-02 1.733486300571600580e-01 8.847501129451512680e-02 0.000000000000000000e+00 1.287522943106707229e+00 6.027542779394607503e-02 7.892182473260934353e+08 2.156537006409549117e+08
2.630000000000000000e+02 1.130000000000010000e+14 0.000000000000000000e+00 1.087429117260980460e+00 4.742605812391973569e-02 1.111576417360916058e-01 2.130279675912925136e-02 0.000000000000000000e+00 1.236381137430748733e+00 2.643709263649784980e-02 6.278370910346019268e+08 1.032212722285536081e+08
2.640000000000000000e+02 1.130000000000060000e+14 0.000000000000000000e+00 1.188555173520215780e+00 1.494497445217498992e-02 6.951993706034802212e-02 1.178298862374204878e-02 0.000000000000000000e+00 1.233573134306145791e+00 2.715591552520332450e-02 7.878695700641106367e+08 1.167326340167040080e+08
2.650000000000000000e+02 1.130000000000010000e+14 0.000000000000000000e+00 1.037088720732128211e+00 6.596383783756272490e-02 1.085320506978068866e-01 4.244441576473938910e-02 0.000000000000000000e+00 1.202793080508252954e+00 3.444405012424935769e-02 5.376350176272184849e+08 5.858426123395908624e+07
2.660000000000000000e+02 1.130000000000010000e+14 0.000000000000000000e+00 1.088518880424721891e+00 2.016445319854087356e-02 1.402824049758972236e-01 3.167778312025085197e-02 0.000000000000000000e+00 1.199703200471834874e+00 3.094214467814938863e-02 1.208527500745808125e+09 4.471590008471564054e+08
2.670000000000000000e+02 1.130000000000010000e+14 0.000000000000000000e+00 1.034030598142543944e+00 9.656341648719504733e-02 1.778281131923560576e-01 5.765742437232621032e-02 0.000000000000000000e+00 1.152896469303007931e+00 4.088248355215471502e-02 8.269734184756927490e+08 2.021365706112949252e+08
2.680000000000000000e+02 1.130000000000010000e+14 0.000000000000000000e+00 1.279868090495155819e+00 8.365376663085116737e-02 1.709508256845677088e-01 5.077394554027925277e-02 0.000000000000000000e+00 1.281498455486577370e+00 1.008102909593673879e-01 1.871020446061614037e+09 6.407434345163506269e+08
2.690000000000000000e+02 1.130000000000010000e+14 0.000000000000000000e+00 1.203315055394506894e+00 1.244276054572706139e-02 5.926428788997312180e-02 7.243843350506620933e-03 0.000000000000000000e+00 1.208302935966870661e+00 2.060882410258367547e-02 4.406669762886517048e+08 8.798874717868824303e+07
2.700000000000000000e+02 1.130000000000010000e+14 0.000000000000000000e+00 9.597105369943964570e-01 1.165450206106324882e-01 2.200866298183568326e-01 1.101389528313732047e-01 0.000000000000000000e+00 1.013837640668071582e+00 1.297882710235448989e-01 5.319114270690133572e+08 4.969307729082106054e+07
2.710000000000000000e+02 1.130000000000010000e+14 0.000000000000000000e+00 1.014491085381179269e+00 7.861173769936959099e-02 1.448904365077665346e-01 2.251401745060160539e-02 0.000000000000000000e+00 9.318145646760381817e-01 8.119160697572581908e-02 1.258722628320636749e+09 3.594325739723606110e+08
2.720000000000000000e+02 1.130000000000050000e+14 0.000000000000000000e+00 1.264809448167075523e+00 2.796720005162426151e-02 4.343811914722137124e-02 5.180658965305495571e-03 0.000000000000000000e+00 1.094078016164222289e+00 1.383194832524585645e-02 3.313775474584535956e+08 7.683172809760285914e+07
2.730000000000000000e+02 1.130000000000010000e+14 0.000000000000000000e+00 1.300421260682612656e+00 2.669327339480593100e-02 1.734431719206280531e-01 2.790740146290230511e-02 0.000000000000000000e+00 1.354573574909055500e+00 5.072938927180145607e-02 1.944361068954908848e+09 3.602762882932976484e+08
2.740000000000000000e+02 1.130000000000010000e+14 1.000000000000000000e+00 1.081761655642359266e+00 2.825806936637718578e-02 9.636914804995004580e-02 3.059960039960039901e-02 0.000000000000000000e+00 1.295814273392976501e+00 1.906012904420794143e-02 4.875646608082718849e+08 7.705651624286146462e+07
2.750000000000000000e+02 1.130000000000020000e+14 0.000000000000000000e+00 1.761302256271055855e+00 1.935323034731888658e-01 2.599718914592584751e-01 1.724028630669134643e-01 0.000000000000000000e+00 1.320583364865497655e+00 1.629675047209026839e-01 9.063068426898003817e+08 7.946407809991326928e+07
2.760000000000000000e+02 1.130000000000010000e+14 0.000000000000000000e+00 1.168827837569715644e+00 3.381253033447710610e-02 1.156602134375871171e-01 4.186504988723831200e-02 0.000000000000000000e+00 1.128617554721351279e+00 1.784305437896334737e-02 1.100384023651644945e+09 5.649206684405400753e+08
2.770000000000000000e+02 1.130000000000020000e+14 0.000000000000000000e+00 1.260764824256772831e+00 7.349864417758721069e-02 1.168347982882645547e-01 2.933111382561695221e-02 0.000000000000000000e+00 1.130220418714154906e+00 7.257951386793176640e-02 1.470441603526786327e+09 4.302332454373836517e+08
2.780000000000000000e+02 1.130000000000010000e+14 1.000000000000000000e+00 1.020635987663648381e+00 2.049045546512797203e-02 5.026998725914049587e-02 7.426346379591719504e-03 0.000000000000000000e+00 1.165025650886684083e+00 2.382959382784487559e-02 3.207172041238771081e+08 1.112048071705621034e+08
2.790000000000000000e+02 1.130000000000010000e+14 0.000000000000000000e+00 1.202560585895083856e+00 2.419607121907235356e-02 1.591617474581870362e-01 3.353137655536931466e-02 0.000000000000000000e+00 1.257998584654320684e+00 7.644554848727912189e-02 1.631106500507431507e+09 4.680151221325078607e+08
2.800000000000000000e+02 1.130000000000010000e+14 0.000000000000000000e+00 1.259087852449543687e+00 1.187864568912252172e-01 2.916399311762549185e-01 1.328773134095103114e-01 0.000000000000000000e+00 1.138683754304054663e+00 1.135879355033684313e-01 3.495060808750360012e+09 1.701754433708233356e+09
2.810000000000000000e+02 1.130000000000020000e+14 0.000000000000000000e+00 1.121488270377742902e+00 6.047499490392627131e-02 1.331530253801968544e-01 2.515621177998768679e-02 0.000000000000000000e+00 1.370414493627256869e+00 6.714226135083146974e-02 1.024735246054388523e+09 3.982711047164505124e+08
2.820000000000000000e+02 1.130000000000010000e+14 1.000000000000000000e+00 1.102483547051817725e+00 1.147462478187777184e-02 6.531298598535548172e-02 7.947661601448705038e-03 0.000000000000000000e+00 1.100357583900695158e+00 1.642128941110532897e-02 6.029623920688353777e+08 1.038841139022011310e+08
2.830000000000000000e+02 1.130000000000020000e+14 1.000000000000000000e+00 1.095004498045818675e+00 2.891793190861877139e-02 3.302977170258205447e-02 6.867279459500602069e-03 0.000000000000000000e+00 1.117629081385139722e+00 1.277275699134038101e-02 3.550071051129871011e+08 5.419209182042346150e+07
2.840000000000000000e+02 1.130000000000030000e+14 0.000000000000000000e+00 1.221226908749756035e+00 4.687294330463395026e-02 1.082635899187805589e-01 3.668309018822895479e-02 0.000000000000000000e+00 1.108041176371827863e+00 7.539199050195577456e-02 8.469388910645532608e+08 5.198130964581651092e+08
2.850000000000000000e+02 1.130000000000010000e+14 0.000000000000000000e+00 1.146947485127377098e+00 3.324850868891985473e-02 1.444526076922413582e-01 4.818436548923585999e-02 0.000000000000000000e+00 1.073855344924163679e+00 1.086274215393757785e-02 8.384403083219556808e+08 1.216195712765128762e+08
2.860000000000000000e+02 1.130000000000010000e+14 0.000000000000000000e+00 1.361365308246681449e+00 5.597149974487872909e-02 1.911187085887685044e-01 3.129479954242810058e-02 0.000000000000000000e+00 1.397060056924580573e+00 5.538547653771646456e-02 2.087806287317038059e+09 4.005541570700376630e+08
2.870000000000000000e+02 1.130000000000010000e+14 0.000000000000000000e+00 2.200745096858816474e+00 1.632888882199812763e-01 3.584744517028164434e-01 1.960924751479655170e-01 0.000000000000000000e+00 1.823732870705600639e+00 1.113918082714409341e-01 1.733672316171783924e+09 6.351871627622064352e+08
2.880000000000000000e+02 1.130000000000010000e+14 0.000000000000000000e+00 1.164611217658403808e+00 4.906969264208275311e-02 1.086061252318979153e-01 2.370010681358218976e-02 0.000000000000000000e+00 1.039560451056614321e+00 6.192918076821157802e-02 1.084408232616181612e+09 2.892045132333254814e+08
2.890000000000000000e+02 1.130000000000060000e+14 0.000000000000000000e+00 8.939679272281894074e-01 1.343360778568464531e-01 1.208606961943579777e-01 6.332795434822753589e-02 0.000000000000000000e+00 1.288110053840757496e+00 5.496544448080773609e-02 4.062500079357684255e+08 1.537786352420429885e+08
2.900000000000000000e+02 1.130000000000010000e+14 0.000000000000000000e+00 1.239558718213202626e+00 3.485443029076654153e-02 1.670354462509727744e-01 1.568617728480639281e-02 0.000000000000000000e+00 1.272519878962083295e+00 5.022639416434294957e-02 1.453732662902941227e+09 2.315218938677478433e+08
2.910000000000000000e+02 1.130000000000010000e+14 0.000000000000000000e+00 3.149597440949863270e+00 1.007201529620102565e-01 1.252564539965419776e-01 1.310686019938602474e-02 0.000000000000000000e+00 3.102197582685056965e+00 1.225337668347130371e-01 1.194434068885190964e+09 1.765599869633921981e+08
2.920000000000000000e+02 1.130000000000020000e+14 0.000000000000000000e+00 1.056062359689054819e+00 1.267902887096366282e-01 1.837002709778394471e-01 1.368036139864119705e-01 0.000000000000000000e+00 1.247235319327031355e+00 5.709637758277335412e-02 4.721387370360382199e+08 2.257205139646779895e+08
2.930000000000000000e+02 1.130000000000010000e+14 0.000000000000000000e+00 1.138789372523866250e+00 4.075857860359354684e-02 1.211002772723379639e-01 2.297044793911649785e-02 0.000000000000000000e+00 1.035368482788409317e+00 4.935370143938468124e-02 1.143224860872595549e+09 3.329759616912063360e+08
2.940000000000000000e+02 1.130000000000010000e+14 0.000000000000000000e+00 1.079355124563058155e+00 1.424842011328515401e-01 1.368871122427075537e-01 5.725149267377425966e-02 0.000000000000000000e+00 9.609126252070644414e-01 1.129028975593416029e-01 1.546327104385521412e+09 8.534269582817155123e+08
2.950000000000000000e+02 1.130000000000010000e+14 1.000000000000000000e+00 1.073062538090878260e+00 2.407803578475600087e-02 7.421373685634954920e-02 6.419053155979671972e-03 0.000000000000000000e+00 1.245621247867137127e+00 1.672938815067315232e-02 5.355138995205333233e+08 8.879883946071887016e+07
2.960000000000000000e+02 1.130000000000010000e+14 0.000000000000000000e+00 1.051905565054899849e+00 9.215325499848366075e-02 1.109155978040580748e-01 2.217454281013805234e-02 0.000000000000000000e+00 1.309019061504146153e+00 5.989215756369353771e-02 9.278148213244508505e+08 3.585390992032249570e+08
2.970000000000000000e+02 1.130000000000010000e+14 0.000000000000000000e+00 1.113339742317016601e+00 4.070197907299307610e-02 1.203503579905274984e-01 3.094744321525873948e-02 0.000000000000000000e+00 9.746072921277569856e-01 7.001438677816199108e-02 1.221670614316484213e+09 4.567231424421482682e+08
2.980000000000000000e+02 1.130000000000010000e+14 0.000000000000000000e+00 1.080542061265667320e+00 4.819044906735540923e-02 1.248296099857786334e-01 4.561095071018457514e-02 0.000000000000000000e+00 1.067316033813079823e+00 6.576104601882996892e-02 1.236497827284158230e+09 7.062853425178391933e+08
2.990000000000000000e+02 1.130000000000010000e+14 0.000000000000000000e+00 1.177917295248401386e+00 1.126033183576572935e-02 7.696647979165363584e-02 5.667826689267019269e-03 0.000000000000000000e+00 1.239655464172607413e+00 1.089014148128431697e-02 6.340536955004179478e+08 7.187317887435713410e+07
3.000000000000000000e+02 1.130000000000020000e+14 0.000000000000000000e+00 1.024864073702160594e+00 6.555911154776730698e-02 1.024788424991523034e-01 2.037318553921172934e-02 0.000000000000000000e+00 1.157401781727027457e+00 3.298865421354597871e-02 3.463057614068925381e+08 5.116560232391301543e+07
3.010000000000000000e+02 1.130000000000010000e+14 1.000000000000000000e+00 1.011166938898109269e+00 1.507263528410168404e-02 7.450880868426916492e-02 1.698615753119429514e-02 0.000000000000000000e+00 1.160805816888582198e+00 1.576361117695486772e-02 4.005757469315942526e+08 1.263477915146118551e+08
3.020000000000000000e+02 1.130000000000010000e+14 0.000000000000000000e+00 1.065744110994794491e+00 6.865821334013363919e-02 1.792670394827305946e-01 6.274672800230009229e-02 0.000000000000000000e+00 1.135707930148422307e+00 8.408253820206269824e-02 1.661403467453695059e+09 9.550509370984249115e+08
3.030000000000000000e+02 1.130000000000010000e+14 0.000000000000000000e+00 9.964529188082535960e-01 6.773594800127664961e-02 2.517547916421315063e-02 3.697259705082035341e-03 0.000000000000000000e+00 1.249303866652559991e+00 1.559837028952717336e-02 3.381267827333471775e+08 5.516542970104737580e+07
3.040000000000000000e+02 1.130000000000030000e+14 0.000000000000000000e+00 1.091479814409939797e+00 1.911705970196126703e-01 1.893364922785188142e-01 8.844970754917114153e-02 0.000000000000000000e+00 1.148015617617334838e+00 1.865305003254925653e-01 2.557027691021487236e+09 1.382070595918087006e+09
3.050000000000000000e+02 1.130000000000010000e+14 1.000000000000000000e+00 1.146800049481558448e+00 2.946097350024149894e-02 8.552225865941673333e-02 1.965752037509819333e-02 0.000000000000000000e+00 1.149940027946480869e+00 3.944213469477114709e-02 9.224353248770147562e+08 2.904769883725914359e+08
3.060000000000000000e+02 1.130000000000010000e+14 0.000000000000000000e+00 1.176247178169590457e+00 9.146509402124099186e-02 1.103592451738224928e-01 3.399931912848445925e-02 0.000000000000000000e+00 1.200465822639757318e+00 7.802234993895941495e-02 5.427453721043016911e+08 7.477530955290453136e+07
3.070000000000000000e+02 1.130000000000010000e+14 0.000000000000000000e+00 1.132928887936766937e+00 6.692357460440238881e-02 1.617260830493156554e-01 6.766929861093404219e-02 0.000000000000000000e+00 1.058083008995557739e+00 1.246923857895108900e-01 1.691229483946889877e+09 9.282344554378490448e+08
3.080000000000000000e+02 1.130000000000010000e+14 0.000000000000000000e+00 1.016533664420567806e+00 4.703661898199160141e-02 1.037945349768899517e-01 1.988379849459055021e-02 0.000000000000000000e+00 1.098022172684597342e+00 9.282907144331246571e-03 5.125311544947077632e+08 8.720904273565945029e+07
3.090000000000000000e+02 1.130000000000020000e+14 0.000000000000000000e+00 1.157010362815214410e+00 9.667108347381184186e-02 1.427135291921383109e-01 3.452783803326102408e-02 0.000000000000000000e+00 1.359227850397791482e+00 7.270800871371514706e-02 9.096312547209788561e+08 1.497438072518090606e+08
3.100000000000000000e+02 1.130000000000010000e+14 0.000000000000000000e+00 1.161393828014097407e+00 4.499989602357752638e-02 1.439926869390530662e-01 2.048880571834948636e-02 0.000000000000000000e+00 1.283303636328557706e+00 4.430547804255345612e-02 1.213503880397702456e+09 3.034255469406241179e+08
3.110000000000000000e+02 1.130000000000020000e+14 0.000000000000000000e+00 1.385679928059796451e+00 1.063941008199765365e-01 5.375192334570867009e-02 2.815571085389823036e-02 0.000000000000000000e+00 1.384712737151665651e+00 1.063944980677582197e-01 5.283969664148682952e+08 2.767787881145978570e+08
3.120000000000000000e+02 1.130000000000010000e+14 0.000000000000000000e+00 1.242360249242979275e+00 6.090993378918272555e-02 1.316012777738906070e-01 3.267251298317629116e-02 0.000000000000000000e+00 1.291887392780689314e+00 8.954693168365322753e-02 1.171721590251484632e+09 4.622096812373988032e+08
3.130000000000000000e+02 1.130000000000020000e+14 0.000000000000000000e+00 9.005482444097931971e-01 1.031420212000124098e-01 1.910369396949179385e-02 3.559127433674947986e-03 0.000000000000000000e+00 1.093802314999017256e+00 1.010812522532715529e-01 1.914409703288989663e+08 3.617303262924736738e+07
3.140000000000000000e+02 1.130000000000010000e+14 0.000000000000000000e+00 1.752208529637972356e+00 6.128919826117796427e-02 2.389774754671128987e-01 1.942910058693933795e-01 0.000000000000000000e+00 1.718213084857272754e+00 5.609576777915596321e-03 3.895500305379914045e+08 4.986009431155192107e+07
3.150000000000000000e+02 1.130000000000010000e+14 0.000000000000000000e+00 1.160501358122331572e+00 1.085351943988673018e-01 1.754436967277677173e-01 2.906256930265280897e-02 0.000000000000000000e+00 1.263169177653852504e+00 1.164034779797030461e-01 2.185121371226320267e+09 4.190207153672810197e+08
3.160000000000000000e+02 1.130000000000010000e+14 0.000000000000000000e+00 9.880921646940021841e-01 2.051059326709321340e-01 2.026127603310474423e-01 1.394719776923949994e-01 0.000000000000000000e+00 1.319719548820911026e+00 1.448616567965103075e-01 3.022424015117273808e+09 2.363623026529549599e+09
3.170000000000000000e+02 1.130000000000010000e+14 0.000000000000000000e+00 1.240978640153395318e+00 1.919611398261573953e-02 1.112840494918427015e-01 1.309919640823762818e-02 0.000000000000000000e+00 1.195678237323277937e+00 1.131080839631529687e-02 1.067395194895080924e+09 1.900435016440762281e+08
3.180000000000000000e+02 1.130000000000020000e+14 0.000000000000000000e+00 1.193027203399707581e+00 1.301263224404591301e-01 2.812028575858049328e-01 1.096442174533481945e-01 0.000000000000000000e+00 8.593155312775122567e-01 9.061835023443338966e-02 1.945991142520160198e+09 8.903981616118714809e+08
3.190000000000000000e+02 1.130000000000010000e+14 1.000000000000000000e+00 9.653669038717488382e-01 2.593671837117877271e-02 7.482295075730614753e-02 1.432902749177161240e-02 0.000000000000000000e+00 1.204210227307162207e+00 3.885916056448811967e-02 6.347090429273195267e+08 2.212278429082837403e+08
3.200000000000000000e+02 1.130000000000010000e+14 0.000000000000000000e+00 1.026691320656032413e+00 1.342902896262799239e-01 4.228507406534736113e-01 3.546488595671300481e-01 0.000000000000000000e+00 1.013423108197790690e+00 3.420911564706108354e-02 4.661318754006320834e+08 9.267654900403031707e+07
3.210000000000000000e+02 1.130000000000010000e+14 0.000000000000000000e+00 1.197218038309724397e+00 8.231046677699772884e-02 1.982017885448080774e-01 8.016240509745478637e-02 0.000000000000000000e+00 1.341923769723886606e+00 9.736966795994098089e-02 2.142931032422226429e+09 1.114901940508877516e+09
3.220000000000000000e+02 1.130000000000010000e+14 0.000000000000000000e+00 1.403259838108614321e+00 8.222056955292540714e-02 1.935712246919668311e-01 4.459290309012190617e-02 0.000000000000000000e+00 1.415911684118282388e+00 7.857077400175659088e-02 1.403400444297424078e+09 4.980762974349836111e+08
3.230000000000000000e+02 1.130000000000010000e+14 1.000000000000000000e+00 1.023708174999280907e+00 2.416603240250506102e-02 6.734456569155987393e-02 1.238897039328325234e-02 0.000000000000000000e+00 1.026989633613252462e+00 8.177167148222367482e-03 6.694944502427544594e+08 1.741550045316889286e+08
3.240000000000000000e+02 1.130000000000010000e+14 0.000000000000000000e+00 1.218276285230418976e+00 2.836375678735236078e-02 9.335006657534888896e-02 9.468064947510327137e-03 0.000000000000000000e+00 1.229353005458770687e+00 2.436552975960921269e-02 8.781695936142611504e+08 1.204232818654815853e+08
