# rID[0] Hid[1]   R200: DS[2], eta[3], detla[4], fm[5], fm2[6];   R500: DS[7], eta[8], detla[9], fm[10], fm2[11]
1.000000000000000000e+00 8.900000000000500000e+13 0.000000000000000000e+00 1.182607632667519892e+00 3.489459080658278978e-02 3.267669340086129526e-02 6.272164997174301676e-03 0.000000000000000000e+00 1.261601048247810164e+00 3.823093466850400329e-02 4.582728121233957410e+08 1.029943617804149389e+08
2.000000000000000000e+00 8.900000000000100000e+13 0.000000000000000000e+00 1.155224668649782460e+00 9.124590384598668669e-02 1.687047197099783014e-01 5.375451999925825314e-02 0.000000000000000000e+00 1.083245204691007935e+00 1.198206907523887421e-01 1.177725703357629776e+09 1.671574020851085484e+08
3.000000000000000000e+00 8.900000000000300000e+13 0.000000000000000000e+00 9.416631935314183632e-01 9.565813643287508772e-02 2.832278352337514460e-01 1.354589509692132321e-01 0.000000000000000000e+00 7.844060506907143404e-01 5.993299066953025611e-02 1.596551038505274773e+09 5.578708186811729670e+08
4.000000000000000000e+00 8.900000000000300000e+13 0.000000000000000000e+00 1.160370109825638041e+00 3.166188543369994474e-02 9.164407231662870246e-02 1.396176471364441243e-02 0.000000000000000000e+00 1.280194915461616123e+00 4.874158623458289125e-02 9.980368255202660561e+08 1.990982083225105703e+08
5.000000000000000000e+00 8.900000000000600000e+13 0.000000000000000000e+00 1.132360321924560598e+00 1.929689689155687782e-01 1.541230785758843091e-01 6.498971882725319837e-02 0.000000000000000000e+00 8.746594065873122270e-01 2.093743519016282584e-01 2.032785781963649511e+09 9.517537387530121803e+08
6.000000000000000000e+00 8.900000000000100000e+13 0.000000000000000000e+00 1.194343540077602350e+00 3.893758545539335869e-02 7.781466661246932981e-02 1.021040884500546905e-02 0.000000000000000000e+00 1.293172412016167838e+00 4.142710807906226783e-02 5.821584329841645956e+08 1.410595033358752429e+08
7.000000000000000000e+00 8.900000000000100000e+13 0.000000000000000000e+00 1.262190331857012016e+00 8.811473490739094028e-02 1.428078277584622080e-01 4.371817927506693735e-02 0.000000000000000000e+00 1.449540074890541597e+00 6.907173948332066826e-02 1.001213218398753524e+09 9.661453285553748906e+07
8.000000000000000000e+00 8.900000000001700000e+13 0.000000000000000000e+00 1.286927814310878659e+00 5.974436912405289846e-02 9.458082072550688668e-02 4.970963553433244836e-02 0.000000000000000000e+00 1.272463511874637909e+00 8.091765515487296667e-02 1.562441851633246422e+09 8.252059479937992096e+08
9.000000000000000000e+00 8.900000000000100000e+13 0.000000000000000000e+00 1.220616703709810125e+00 3.070711077296697095e-02 1.343505270083688030e-01 3.898137451041167739e-02 0.000000000000000000e+00 1.371659779794258016e+00 3.669429935523169095e-02 7.049629129143359661e+08 5.544175823252354562e+07
1.000000000000000000e+01 8.900000000000200000e+13 1.000000000000000000e+00 1.093525078153555263e+00 2.027556621651014496e-02 9.426132464735197114e-02 1.391972506123828092e-02 0.000000000000000000e+00 1.086989112606632890e+00 1.853743305406071323e-02 9.738526590794138908e+08 1.952863656197939813e+08
1.100000000000000000e+01 8.900000000000100000e+13 0.000000000000000000e+00 1.124450294898264868e+00 9.782686009035623798e-02 6.693700811761088554e-02 1.036836762292196908e-02 0.000000000000000000e+00 1.443951446924039761e+00 6.259445951350604831e-02 7.318257778240165710e+08 1.656307805903972089e+08
1.200000000000000000e+01 8.900000000000600000e+13 1.000000000000000000e+00 1.115720976865657743e+00 2.614841120752986470e-02 6.299118951698591540e-02 3.051647813317167821e-02 0.000000000000000000e+00 1.366061959224541988e+00 2.412103367665733092e-02 9.284672852026994228e+08 4.656165482894950509e+08
1.300000000000000000e+01 8.900000000001300000e+13 0.000000000000000000e+00 1.320888502280666454e+00 1.895684015793542843e-01 2.120862543913455689e-01 6.281297050131043336e-02 0.000000000000000000e+00 1.329778919722247377e+00 1.983573223623928405e-01 2.083530627761477947e+09 6.601826333798109293e+08
1.400000000000000000e+01 8.900000000000100000e+13 0.000000000000000000e+00 1.436236616861597870e+00 1.756581907987922742e-01 3.025780897339710451e-01 1.575672496795773592e-01 0.000000000000000000e+00 2.101978735015895161e+00 4.175522476001743144e-02 1.139059853462459087e+09 2.705218903638749719e+08
1.500000000000000000e+01 8.900000000000400000e+13 0.000000000000000000e+00 1.236047716034087696e+00 2.842948627878965143e-02 5.741227032678336561e-02 1.313356834570946104e-02 0.000000000000000000e+00 1.325758375410172274e+00 3.272220431163756771e-02 7.547495026980199814e+08 1.841553237256902754e+08
1.600000000000000000e+01 8.900000000000100000e+13 0.000000000000000000e+00 1.014110329600203642e+00 5.967501438139715536e-02 1.302760327468451829e-01 4.396526301506174100e-02 0.000000000000000000e+00 1.207034450791968361e+00 4.182610085029143249e-02 3.515571670156332850e+08 7.480221108525848389e+07
1.700000000000000000e+01 8.900000000000100000e+13 0.000000000000000000e+00 1.164907506089114086e+00 5.177550201432572913e-02 1.073907434481855688e-01 1.358580458390614039e-02 0.000000000000000000e+00 1.313689820378754591e+00 8.352704298298080365e-02 8.948622376990869045e+08 1.941550725532170534e+08
1.800000000000000000e+01 8.900000000000100000e+13 0.000000000000000000e+00 1.489117470836058610e+00 1.475432648235667221e-01 2.219956400183055734e-01 1.018428041045738169e-01 0.000000000000000000e+00 1.235803048790582892e+00 1.949574384918285053e-01 2.299750634541183949e+09 1.453833294695054054e+09
1.900000000000000000e+01 8.900000000000100000e+13 0.000000000000000000e+00 1.143168115718689259e+00 9.612110978559529340e-02 1.656787272775546715e-01 6.196574043397604786e-02 0.000000000000000000e+00 1.233498070826599013e+00 1.347379892316429850e-01 1.809687004577870131e+09 8.723631380272704363e+08
2.000000000000000000e+01 8.900000000000100000e+13 0.000000000000000000e+00 1.009892181488083462e+00 1.268815122916956972e-01 2.447148999748806897e-01 7.151620195930670498e-02 0.000000000000000000e+00 1.292332682790961584e+00 9.852163258213299246e-02 9.621329515769435167e+08 1.453883544106450081e+08
2.100000000000000000e+01 8.900000000000200000e+13 0.000000000000000000e+00 1.263596799740047683e+00 9.088493161548975852e-02 9.140651329655653801e-02 1.753289464277032680e-02 0.000000000000000000e+00 1.122507540151962635e+00 6.163924826227607651e-02 8.296900406794832945e+08 2.650876124766179621e+08
2.200000000000000000e+01 8.900000000000100000e+13 0.000000000000000000e+00 1.657765457090006889e+00 2.025508222180606374e-02 8.628039702007353484e-02 8.984235521411266731e-03 0.000000000000000000e+00 1.739981714062261098e+00 3.913796820763011663e-02 9.032257017289022207e+08 1.122698203526955247e+08
2.300000000000000000e+01 8.900000000000500000e+13 0.000000000000000000e+00 1.387441684828801591e+00 6.874833449567026300e-02 1.611727400226440621e-01 5.311115716006114401e-02 0.000000000000000000e+00 1.426843551856695980e+00 1.047877341951303359e-01 1.846206310126624346e+09 7.629046920881340504e+08
2.400000000000000000e+01 8.900000000001300000e+13 0.000000000000000000e+00 1.493340618378422802e+00 1.119971533284344622e-02 8.983022633347313712e-02 2.614111559830167505e-02 0.000000000000000000e+00 1.548395066103106732e+00 2.896544183101263520e-02 5.597765196536210775e+08 2.190656587890129387e+08
2.500000000000000000e+01 8.900000000000100000e+13 0.000000000000000000e+00 1.107431892680908136e+00 1.537581534459889210e-01 1.646766665359513659e-01 6.087560572532982328e-02 0.000000000000000000e+00 1.150220578474956179e+00 1.506637519981710027e-01 2.022133623420562267e+09 8.625994546910799742e+08
2.600000000000000000e+01 8.900000000000100000e+13 0.000000000000000000e+00 1.187433409999575140e+00 2.085683561010864481e-02 7.482751536598994391e-02 2.711038408901341942e-02 0.000000000000000000e+00 1.201987964141735032e+00 2.368896632613724448e-02 4.055421116037967801e+08 3.447090797237396240e+07
2.700000000000000000e+01 8.900000000000100000e+13 0.000000000000000000e+00 1.378614555794847707e+00 1.837853870770008446e-01 1.755761525681288626e-01 4.667855333806098656e-02 0.000000000000000000e+00 1.426340832404014547e+00 1.652096465692083349e-01 1.746471938636805058e+09 6.520463224504150152e+08
2.800000000000000000e+01 8.900000000000100000e+13 0.000000000000000000e+00 1.906699650174729976e+00 7.409014489643188373e-02 1.112868482303426276e-01 2.956142250510794892e-02 0.000000000000000000e+00 2.062741527532491403e+00 1.070598018451831002e-01 1.234891875672914982e+09 3.894526069129394293e+08
2.900000000000000000e+01 8.900000000000100000e+13 0.000000000000000000e+00 1.076659141920635054e+00 9.332124175891079454e-02 1.126671487069457467e-01 1.580023281824199238e-02 0.000000000000000000e+00 1.331939523553683724e+00 1.022870863620285592e-01 1.067969407595510125e+09 2.486822870294818282e+08
3.000000000000000000e+01 8.900000000000100000e+13 0.000000000000000000e+00 1.289458505768428243e+00 1.420347115534371651e-01 2.561381054768021026e-01 1.341773470876315433e-01 0.000000000000000000e+00 1.253266547391646002e+00 1.526923942727367034e-01 3.033274097851545334e+09 1.877253015123729229e+09
3.100000000000000000e+01 8.900000000000300000e+13 0.000000000000000000e+00 1.255577855503034357e+00 2.359081940147968182e-02 5.003169245320931297e-02 7.883502330345459885e-03 0.000000000000000000e+00 1.255436484068942038e+00 1.831386136744742738e-02 3.856545664709236026e+08 9.005862507927586138e+07
3.200000000000000000e+01 8.900000000000100000e+13 1.000000000000000000e+00 1.099475103263638731e+00 3.456812512777544116e-02 6.950782390633566954e-02 1.203455430961263527e-02 0.000000000000000000e+00 1.459031043110092574e+00 3.344014806497088571e-02 5.148772532614765167e+08 4.987563325877195597e+07
3.300000000000000000e+01 8.900000000000100000e+13 0.000000000000000000e+00 1.149697366598867232e+00 3.804421849971038189e-02 1.490111639159591439e-01 2.254749790200273607e-02 0.000000000000000000e+00 1.027515310180641794e+00 4.587875119296448700e-02 1.471350549679411650e+09 2.927468690558025241e+08
3.400000000000000000e+01 8.900000000000100000e+13 1.000000000000000000e+00 1.133691177505191217e+00 1.995381314527454666e-02 9.022459835693349972e-02 1.537588242579366639e-02 0.000000000000000000e+00 1.324044760982993729e+00 5.319993812082085029e-03 5.723418380282096863e+08 7.418973564804123342e+07
3.500000000000000000e+01 8.900000000000100000e+13 0.000000000000000000e+00 1.184480022537949040e+00 1.391854236283057433e-01 2.241759535631650813e-01 7.479596929079479484e-02 0.000000000000000000e+00 1.099803708382632417e+00 1.801041412380646745e-01 1.962371820994174004e+09 1.002019628598899007e+09
3.600000000000000000e+01 8.900000000000300000e+13 1.000000000000000000e+00 1.061737551204186891e+00 2.743343083339089619e-02 6.921335289040392302e-02 1.320197865110841681e-02 0.000000000000000000e+00 1.143245457713713664e+00 1.786666378057154975e-02 5.885208341633707285e+08 2.130873193605766296e+08
3.700000000000000000e+01 8.900000000000100000e+13 0.000000000000000000e+00 9.260257658333295172e-01 1.486211351391285018e-01 2.344058222824733084e-01 1.082630886791687702e-01 0.000000000000000000e+00 1.230273618225135701e+00 1.241042497074598822e-01 8.619588433664075136e+08 1.181268319290287197e+08
3.800000000000000000e+01 8.900000000000100000e+13 0.000000000000000000e+00 1.152704727359005643e+00 4.832575041593103332e-02 1.137319667155596431e-01 2.797197366885077752e-02 0.000000000000000000e+00 1.224532465450961727e+00 7.032332879444012919e-02 1.174691559420270205e+09 3.817221078191819191e+08
3.900000000000000000e+01 8.900000000000100000e+13 0.000000000000000000e+00 9.843728466202471550e-01 1.149911751508204544e-01 3.323584525292931913e-01 1.719967484718352424e-01 0.000000000000000000e+00 1.309001191244395734e+00 6.432351087320320460e-02 1.686187252163999319e+09 7.817225814312934875e+08
4.000000000000000000e+01 8.900000000000900000e+13 0.000000000000000000e+00 1.199567874374943388e+00 1.460183246680260838e-01 2.016120684227702409e-01 7.708940417433192416e-02 0.000000000000000000e+00 1.096210314425596577e+00 1.386298714938230259e-01 2.336806075100283623e+09 1.185022846570629835e+09
4.100000000000000000e+01 8.900000000000100000e+13 1.000000000000000000e+00 1.129700224967217892e+00 2.473180694064127869e-02 6.666463282144902136e-02 3.687383662657502895e-03 0.000000000000000000e+00 1.336667344997292117e+00 2.872211059773967581e-02 6.274546435308122635e+08 5.055532299356096983e+07
4.200000000000000000e+01 8.900000000000100000e+13 0.000000000000000000e+00 1.014785153479740298e+00 8.074426745774188063e-02 2.058495857836550036e-01 8.881274691792125087e-02 0.000000000000000000e+00 1.312410896405344696e+00 6.660108986783525031e-02 9.297033956944441795e+08 2.691942065149596930e+08
4.300000000000000000e+01 8.900000000000100000e+13 0.000000000000000000e+00 1.263835879562752895e+00 5.716280158262887490e-02 1.232774547130453396e-01 1.947019769488614327e-02 0.000000000000000000e+00 1.331085980191672569e+00 8.895983629001313897e-02 1.179383511344638348e+09 2.512875375134560764e+08
4.400000000000000000e+01 8.900000000000100000e+13 0.000000000000000000e+00 1.269225262714340108e+00 1.411284845524797826e-01 2.246369688810285481e-01 7.559088289648868697e-02 0.000000000000000000e+00 1.233410733409316729e+00 1.386275904618154697e-01 1.879654110634447813e+09 9.743604371027419567e+08
4.500000000000000000e+01 8.900000000000100000e+13 0.000000000000000000e+00 9.096948301469651721e-01 1.433852810901206365e-01 1.782087353667136942e-01 6.531655500705219053e-02 0.000000000000000000e+00 9.037333191384615549e-01 7.578965844205570734e-02 7.775814368961714506e+08 1.302621437633973658e+08
4.600000000000000000e+01 8.900000000000100000e+13 0.000000000000000000e+00 1.193042292500420709e+00 6.583396414302074284e-02 7.912027081310564480e-02 1.696175300321739465e-02 0.000000000000000000e+00 1.365996205000875596e+00 7.837709672060293176e-02 7.803703976722149849e+08 2.330934713244083822e+08
4.700000000000000000e+01 8.900000000000300000e+13 0.000000000000000000e+00 1.296216449064552689e+00 1.601899331571857432e-01 1.865396638952493691e-01 9.273177846529125079e-02 0.000000000000000000e+00 1.286710145507496961e+00 1.881324968368974504e-01 2.249112873064933300e+09 1.166425785714937449e+09
4.800000000000000000e+01 8.900000000000100000e+13 1.000000000000000000e+00 1.132001567864133529e+00 3.157170404264847408e-02 7.200470996825782122e-02 8.771885000627914486e-03 0.000000000000000000e+00 1.296770071886838682e+00 3.173423611159081892e-02 5.796516501473419666e+08 1.186794427096635997e+08
4.900000000000000000e+01 8.900000000000200000e+13 0.000000000000000000e+00 1.131580320464771194e+00 9.945274659789966887e-02 1.479660316450759350e-01 3.468817939809953205e-02 0.000000000000000000e+00 1.211409956245617980e+00 9.025524365059556242e-02 1.693599216240347624e+09 5.093372017898470759e+08
5.000000000000000000e+01 8.900000000000100000e+13 0.000000000000000000e+00 2.013784205936188343e+00 1.053892530551068241e-01 1.688222420216834441e-01 8.548284421371574182e-02 0.000000000000000000e+00 1.965966128364523557e+00 1.470519823379258517e-01 1.826116003318421364e+09 1.088361712593563795e+09
5.100000000000000000e+01 8.900000000000200000e+13 0.000000000000000000e+00 1.168202225594298760e+00 1.565050367826189837e-01 1.686924322823908917e-01 6.348871558908089630e-02 0.000000000000000000e+00 1.133367316832912808e+00 1.621572748663891450e-01 1.891842530918428659e+09 9.470916642992336750e+08
5.200000000000000000e+01 8.900000000000100000e+13 0.000000000000000000e+00 1.260658244053288302e+00 1.356759708843034151e-01 2.341352666099903168e-01 9.570005537129529227e-02 0.000000000000000000e+00 1.412585454218797665e+00 1.153864724095323424e-01 1.444817149028056860e+09 6.365699974229238033e+08
5.300000000000000000e+01 8.900000000000300000e+13 0.000000000000000000e+00 1.255493209648881781e+00 2.170970615637249912e-01 3.840619659892161031e-02 2.277427860401729995e-02 0.000000000000000000e+00 1.425772883653652734e+00 1.478262003690603010e-01 6.504645747451177835e+08 3.931682872566820383e+08
5.400000000000000000e+01 8.900000000000100000e+13 0.000000000000000000e+00 1.149433559707552233e+00 3.050559265366033224e-02 1.757952127745924797e-01 3.595901681683011386e-02 0.000000000000000000e+00 1.294872575211620136e+00 3.717964377969316253e-02 1.541757964843701363e+09 5.265156925378066897e+08
5.500000000000000000e+01 8.900000000000100000e+13 0.000000000000000000e+00 9.348223495269356587e-01 1.442224456205430383e-01 3.394727153711202816e-01 1.150538840010024988e-01 0.000000000000000000e+00 1.351311087375721920e+00 6.694342285164676942e-02 2.437610581008436203e+09 1.375167481689496279e+09
5.600000000000000000e+01 8.900000000000100000e+13 0.000000000000000000e+00 1.183699732703875407e+00 1.063292664537426463e-01 9.746170814163714058e-02 2.234964404529174442e-02 0.000000000000000000e+00 1.387239572493711881e+00 9.110662341328711056e-02 9.971098944060955048e+08 3.158739906067219973e+08
5.700000000000000000e+01 8.900000000000400000e+13 0.000000000000000000e+00 1.189509985562426930e+00 2.132238590292529490e-01 1.939825973481049959e-01 5.322671604244418042e-02 0.000000000000000000e+00 1.176113194497954373e+00 2.298357436140686383e-01 1.874611407809374571e+09 7.987326016407728195e+08
5.800000000000000000e+01 8.900000000000100000e+13 0.000000000000000000e+00 1.257944616115976411e+00 7.963334317791959105e-02 1.609682920289331465e-01 9.840763308526609410e-02 0.000000000000000000e+00 1.264731873041392340e+00 2.446846401646434604e-02 5.582155645879970789e+08 7.853193969333906472e+07
5.900000000000000000e+01 8.900000000000100000e+13 1.000000000000000000e+00 1.086047755687404415e+00 3.825595098977332964e-02 6.285903776978417346e-02 1.462181867409298452e-02 0.000000000000000000e+00 1.281652222824017251e+00 3.228106171514851658e-02 4.237321010701859593e+08 5.687094539029094577e+07
6.000000000000000000e+01 8.900000000000100000e+13 0.000000000000000000e+00 1.114487488232887236e+00 1.730313900853782949e-01 1.849546052646168504e-01 7.212957521594021149e-02 0.000000000000000000e+00 1.035592845650449956e+00 1.863266836101707680e-01 1.810302521009851933e+09 1.025179441356327057e+09
6.100000000000000000e+01 8.900000000000100000e+13 0.000000000000000000e+00 1.343891752071711965e+00 1.994565246955316562e-01 2.235817809054524707e-01 1.240430647162312772e-01 0.000000000000000000e+00 1.248987365370413771e+00 2.354444499092293586e-01 2.444959165958361149e+09 1.474813542824682474e+09
6.200000000000000000e+01 8.900000000000300000e+13 0.000000000000000000e+00 1.443331449295376823e+00 1.143679634133201728e-01 1.987590443616523150e-01 2.746283806382749867e-02 0.000000000000000000e+00 1.220332222308999848e+00 1.393953411643809037e-01 2.305286779642417908e+09 3.584666053482010365e+08
6.300000000000000000e+01 8.900000000000100000e+13 1.000000000000000000e+00 1.067752455043510240e+00 1.730160492051191490e-02 8.510114494441232968e-02 1.811966647400809274e-02 0.000000000000000000e+00 1.350242752279352976e+00 2.282903096016285910e-02 6.544848656242229939e+08 1.236762839183066189e+08
6.400000000000000000e+01 8.900000000000300000e+13 0.000000000000000000e+00 1.127003591167843322e+00 8.818684815841554281e-02 1.295444406281957839e-01 3.200636178965559492e-02 0.000000000000000000e+00 1.363061900227863221e+00 4.966929489489314842e-02 6.941146232483249903e+08 9.910598209216998518e+07
6.500000000000000000e+01 8.900000000000100000e+13 0.000000000000000000e+00 1.005722788590670769e+00 5.112164554532891425e-02 1.158029109184616906e-01 2.339985536036324684e-02 0.000000000000000000e+00 1.275247043593653373e+00 4.064129229557456036e-02 7.644894653647387028e+08 1.129354190996261537e+08
6.600000000000000000e+01 8.900000000000300000e+13 1.000000000000000000e+00 1.112869757825057482e+00 3.554409510564335295e-02 7.351526353028380034e-02 1.247034512191013203e-02 0.000000000000000000e+00 1.088827612125772060e+00 4.036611916833608010e-02 6.105402985303896666e+08 1.613482380267867148e+08
6.700000000000000000e+01 8.900000000000100000e+13 1.000000000000000000e+00 1.112919385087413282e+00 2.983245350011167613e-02 5.457366898216865769e-02 5.468668157559685231e-03 0.000000000000000000e+00 1.234012575675031753e+00 4.527621565783834789e-02 4.627508010699408650e+08 7.190037285304576159e+07
6.800000000000000000e+01 8.900000000000100000e+13 0.000000000000000000e+00 1.126984217084513018e+00 6.446358796753730303e-02 1.732847392252885310e-01 4.201547577461261368e-02 0.000000000000000000e+00 1.059822526893475780e+00 7.290681646283558859e-02 1.667519316146565676e+09 5.942660124748482704e+08
6.900000000000000000e+01 8.900000000000200000e+13 0.000000000000000000e+00 9.056485364829457430e-01 1.722281082046248357e-01 1.642349473922141978e-01 7.578510649157473023e-02 0.000000000000000000e+00 9.132287887720078601e-01 1.318626194183503963e-01 1.979876903469548702e+09 1.620451230664726734e+09
7.000000000000000000e+01 8.900000000000100000e+13 0.000000000000000000e+00 1.240781354341581988e+00 2.198411841500960695e-02 1.285696546781854299e-01 2.147665516545069903e-02 0.000000000000000000e+00 1.347291566542265118e+00 5.518297953904528763e-02 1.343280728777524471e+09 2.882204305204497576e+08
7.100000000000000000e+01 8.900000000000100000e+13 0.000000000000000000e+00 1.290657374192794471e+00 5.225893759382094911e-02 1.744370091797453337e-01 3.446713838193351392e-02 0.000000000000000000e+00 1.235648209134208253e+00 7.745727636578507436e-02 1.879389836050836563e+09 4.258994654514399171e+08
7.200000000000000000e+01 8.900000000000100000e+13 0.000000000000000000e+00 9.162723893407768161e-01 1.334256397106687309e-01 3.766436307457826649e-01 2.228542727493158793e-01 0.000000000000000000e+00 1.537534464337511730e+00 5.586676591532126201e-02 1.565467663563813925e+09 5.160025498319518566e+08
7.300000000000000000e+01 8.900000000000200000e+13 0.000000000000000000e+00 1.230837251435911162e+00 3.233227213834573982e-02 8.484193686444081728e-02 1.174521677225270899e-02 0.000000000000000000e+00 1.135732355518441539e+00 4.122804354606224297e-02 9.862527548909260035e+08 1.585115944891448021e+08
7.400000000000000000e+01 8.900000000000300000e+13 0.000000000000000000e+00 1.145890466262969420e+00 5.968411457198681547e-02 3.451762881166295371e-02 1.104973291473201717e-02 0.000000000000000000e+00 1.035729331248827823e+00 3.280012010521540095e-02 4.926361091886358261e+08 1.630097380302282870e+08
7.500000000000000000e+01 8.900000000000100000e+13 0.000000000000000000e+00 1.163664639124104783e+00 8.745922574496445279e-02 1.413099471943699559e-01 3.073124004178239346e-02 0.000000000000000000e+00 1.253144025805366990e+00 1.107833145868624136e-01 1.166974375881195307e+09 4.267810630035710335e+08
7.600000000000000000e+01 8.900000000000200000e+13 0.000000000000000000e+00 9.693233771175240321e-01 1.042794870665596368e-01 1.195194073035033278e-01 6.239077560580127968e-02 0.000000000000000000e+00 1.243647769648098755e+00 9.021951025383466438e-02 1.270489570367190361e+09 1.020602779874719143e+09
7.700000000000000000e+01 8.900000000000100000e+13 0.000000000000000000e+00 1.088907848753959851e+00 4.737398120949126018e-02 9.773068054929619219e-02 1.548740202478244427e-02 0.000000000000000000e+00 1.426130017379111603e+00 2.738127093640822102e-02 6.561483285041346550e+08 1.336255401588439792e+08
7.800000000000000000e+01 8.900000000000300000e+13 0.000000000000000000e+00 1.223913203075633449e+00 7.684163859877886360e-02 1.322640369593823806e-01 2.097954815455497016e-02 0.000000000000000000e+00 1.161025240378380730e+00 5.599317806438504352e-02 9.578240498442367315e+08 2.440892828467739224e+08
7.900000000000000000e+01 8.900000000000100000e+13 0.000000000000000000e+00 1.170377109007803895e+00 2.000702512229273478e-01 1.559290314729911420e-01 8.172429246096038491e-02 0.000000000000000000e+00 1.039677436198991334e+00 2.064672110698951013e-01 1.879545799556905985e+09 1.142047692216065884e+09
8.000000000000000000e+01 8.900000000000400000e+13 0.000000000000000000e+00 8.800907329069316276e-01 1.115603296890031043e-01 9.358853592673387067e-02 2.770937641145888516e-02 0.000000000000000000e+00 1.104839087391592090e+00 3.556261628786598628e-02 5.451096084146145582e+08 2.387434321608876884e+08
8.100000000000000000e+01 8.900000000000100000e+13 0.000000000000000000e+00 1.253144371573944760e+00 1.447703472807976566e-01 1.461460436688596098e-01 5.466065108020881635e-02 0.000000000000000000e+00 1.304350205602727186e+00 1.498777230946499450e-01 1.656137498144906282e+09 6.803320130066854954e+08
8.200000000000000000e+01 8.900000000000100000e+13 0.000000000000000000e+00 1.482453102221201746e+00 1.897287686186214239e-01 2.097704987921600595e-01 8.105493654132749082e-02 0.000000000000000000e+00 1.344448536681077444e+00 2.024600883068084223e-01 2.124015491636383533e+09 1.311056508216764927e+09
8.300000000000000000e+01 8.900000000000100000e+13 0.000000000000000000e+00 1.174825852508359247e+00 2.861520229914962452e-02 8.213938943012460969e-02 1.028012765697532312e-02 0.000000000000000000e+00 1.199590019537754015e+00 5.360378440015542943e-03 5.433121486560758352e+08 6.548449492702417076e+07
8.400000000000000000e+01 8.900000000000100000e+13 0.000000000000000000e+00 1.456410649927440293e+00 1.451067822299782761e-01 3.471287298832173573e-01 1.076726041017171953e-01 0.000000000000000000e+00 1.364999362608087630e+00 1.750934598571871892e-01 2.661835879573578358e+09 1.168345067031349421e+09
8.500000000000000000e+01 8.900000000000100000e+13 0.000000000000000000e+00 1.231281950399606195e+00 1.239548348212083512e-01 2.123129090436317590e-01 9.709591350249073549e-02 0.000000000000000000e+00 1.170966861607054543e+00 8.936515026673094719e-02 1.301805990403974533e+09 3.953287619954954386e+08
8.600000000000000000e+01 8.900000000000300000e+13 0.000000000000000000e+00 1.264902774125139295e+00 5.209671620027366695e-02 1.176551035560633451e-01 2.687039981556883783e-02 0.000000000000000000e+00 1.329005366230354479e+00 3.768340668873593202e-02 6.272421929099315405e+08 2.281942995649448633e+08
8.700000000000000000e+01 8.900000000000100000e+13 0.000000000000000000e+00 1.006308822402893766e+00 9.618848154136053208e-02 2.111328529177856350e-01 9.631862242251702788e-02 0.000000000000000000e+00 1.042656865348577488e+00 6.735954010772207678e-02 9.586017100268342495e+08 2.562365131352711022e+08
8.800000000000000000e+01 8.900000000000200000e+13 0.000000000000000000e+00 1.046548289796525699e+00 4.837527892019696102e-02 1.188511824691361046e-01 3.654324421305924636e-02 0.000000000000000000e+00 1.161201107938569344e+00 7.390274205375346739e-02 1.224394340944535494e+09 6.220471070579677820e+08
8.900000000000000000e+01 8.900000000000100000e+13 0.000000000000000000e+00 1.049117532345468895e+00 9.068882903879138535e-02 1.399853574100796416e-01 5.034685479129923785e-02 0.000000000000000000e+00 1.147270549429757480e+00 1.109181496721917543e-01 1.400878841613345623e+09 7.788044976785299778e+08
9.000000000000000000e+01 8.900000000000400000e+13 0.000000000000000000e+00 1.070606144270315196e+00 5.299716662075095591e-02 1.125729336870739811e-01 4.707962301525058652e-02 0.000000000000000000e+00 1.124378122263199664e+00 6.343391452405547359e-02 1.171419606246685266e+09 7.088536352304782867e+08
9.100000000000000000e+01 8.900000000000100000e+13 0.000000000000000000e+00 1.351559566192751083e+00 1.943695496508138776e-01 2.328233045042953364e-01 5.142144018043716402e-02 0.000000000000000000e+00 1.317080638219143784e+00 1.502148177256344141e-01 1.738137552499270201e+09 3.938870227654593587e+08
9.200000000000000000e+01 8.900000000000200000e+13 0.000000000000000000e+00 1.093459943541466473e+00 7.893914831099314855e-02 1.067549567039628722e-01 2.104890917935860542e-02 0.000000000000000000e+00 1.236213955366474382e+00 4.132622760038800330e-02 9.028782999229825735e+08 3.091806160060926676e+08
9.300000000000000000e+01 8.900000000000100000e+13 0.000000000000000000e+00 1.311857920874298644e+00 3.861107350813616085e-02 8.280174000978934856e-02 1.563718473231684100e-02 0.000000000000000000e+00 1.376482666043786329e+00 2.972327603204804117e-02 5.497661286447432041e+08 2.146950210445066392e+08
9.400000000000000000e+01 8.900000000000100000e+13 0.000000000000000000e+00 1.112847319145950920e+00 1.395712195726700189e-01 3.427549758265971969e-01 6.959791035259269010e-02 0.000000000000000000e+00 5.047293232429794774e-01 1.199072834280642402e-01 2.941869661154625893e+09 1.372882944016120195e+09
9.500000000000000000e+01 8.900000000000100000e+13 0.000000000000000000e+00 1.109102312908247567e+00 4.100038964172126460e-02 1.389923372364324505e-01 4.443140200957836072e-02 0.000000000000000000e+00 1.203603233419085150e+00 6.136183082522102955e-02 1.401474849320352077e+09 6.097891790949045420e+08
9.600000000000000000e+01 8.900000000000100000e+13 0.000000000000000000e+00 9.769998779031162650e-01 1.840625823835999597e-01 3.394170441218332113e-01 9.679232239437192409e-02 0.000000000000000000e+00 8.870078064425139797e-01 2.124818406848319741e-01 1.524152158519518852e+09 4.892259084201055765e+08
9.700000000000000000e+01 8.900000000000300000e+13 0.000000000000000000e+00 1.081832399675771050e+00 7.325636478212087244e-02 1.535622712967162629e-01 3.196700364451791204e-02 0.000000000000000000e+00 9.459260636360989905e-01 7.409035823110420027e-02 1.858570804309442043e+09 4.252476966097307205e+08
9.800000000000000000e+01 8.900000000000100000e+13 0.000000000000000000e+00 1.350409150009166837e+00 5.981763360146563624e-02 1.583126023243771885e-01 2.549180139232495174e-02 0.000000000000000000e+00 1.305633393257979558e+00 7.064282119462107767e-02 1.401862496234398603e+09 1.998148829996304810e+08
9.900000000000000000e+01 8.900000000000200000e+13 0.000000000000000000e+00 1.368530498848939070e+00 4.217449142628568876e-02 1.079376586882929839e-01 2.749915139950276713e-02 0.000000000000000000e+00 1.324063637951227834e+00 4.980033065299941525e-02 1.196792869958652735e+09 3.948497092620135546e+08
1.000000000000000000e+02 8.900000000000200000e+13 0.000000000000000000e+00 1.254106794536647085e+00 1.460596502324404966e-01 2.607911747274740955e-01 6.156801974233915703e-02 0.000000000000000000e+00 1.658535469277932162e+00 1.924322399304217168e-01 1.888289666255069733e+09 4.845820469839807749e+08
1.010000000000000000e+02 8.900000000000300000e+13 0.000000000000000000e+00 1.893417088941108828e+00 4.937323461997497609e-02 1.606269780631153499e-01 4.183262830831430135e-02 0.000000000000000000e+00 1.825759434192180342e+00 7.712583072219991731e-02 1.759413069316776752e+09 5.172453555384239554e+08
1.020000000000000000e+02 8.900000000000100000e+13 0.000000000000000000e+00 1.582705701590398251e+00 5.481470537350902061e-02 9.949585109490219348e-02 9.025090925095326233e-03 0.000000000000000000e+00 1.788841488779514322e+00 6.091041773193500014e-02 7.049494374284465313e+08 9.635578369156710804e+07
1.030000000000000000e+02 8.900000000000300000e+13 0.000000000000000000e+00 1.142746817506554935e+00 8.019831942410018955e-02 9.702245453214396187e-02 3.041958495580633637e-02 0.000000000000000000e+00 1.332976618916601019e+00 9.507433059061211333e-02 1.195294810054685593e+09 4.409799391294976473e+08
1.040000000000000000e+02 8.900000000000100000e+13 0.000000000000000000e+00 1.104996104595347139e+00 5.386880258598843868e-02 1.553003388081214409e-01 6.068784810577076971e-02 0.000000000000000000e+00 1.322737848265359339e+00 3.097426011172927166e-02 1.040631905846187353e+09 2.402376666800883412e+08
1.050000000000000000e+02 8.900000000000300000e+13 0.000000000000000000e+00 1.251824915390581161e+00 5.251180502440361275e-02 8.772475027515011514e-02 2.636025160562281353e-02 0.000000000000000000e+00 1.222239935691462609e+00 9.093205104276977715e-03 3.972145639441328049e+08 1.159952905576025546e+08
1.060000000000000000e+02 8.900000000000100000e+13 0.000000000000000000e+00 9.968876314728865040e-01 7.241523862576197679e-02 1.593891976180725201e-01 3.642514040440277684e-02 0.000000000000000000e+00 1.271637019822883019e+00 4.186720188252505276e-02 6.155802744908261299e+08 1.461044848830553889e+08
1.070000000000000000e+02 8.900000000000100000e+13 0.000000000000000000e+00 1.672832344685822648e+00 4.463418983438272730e-02 1.656128805912635282e-01 4.942479964323289593e-02 0.000000000000000000e+00 1.589152649923416982e+00 5.965541123748119290e-02 1.676696118717006445e+09 5.866148285451722145e+08
1.080000000000000000e+02 8.900000000000100000e+13 0.000000000000000000e+00 1.145718159888068355e+00 1.229075909520785798e-01 1.290972558415508231e-01 3.429233109751966130e-02 0.000000000000000000e+00 1.263620736757371743e+00 9.783732935498705430e-02 1.308965788414155960e+09 4.803830781318790317e+08
1.090000000000000000e+02 8.900000000000100000e+13 0.000000000000000000e+00 1.045501840313062702e+00 4.083690425527762569e-02 3.472062705785123882e-01 1.685479338842975072e-01 0.000000000000000000e+00 8.858834231490823052e-01 8.760592551886493828e-02 1.300475508876752377e+09 5.213918581794229746e+08
1.100000000000000000e+02 8.900000000000500000e+13 0.000000000000000000e+00 1.094802507767312250e+00 2.644554776511829144e-02 1.067535289545733235e-01 1.162028050414194713e-02 0.000000000000000000e+00 1.316067997531093381e+00 3.693013787666418052e-02 6.287897489094096422e+08 1.215258975405288339e+08
1.110000000000000000e+02 8.900000000000100000e+13 0.000000000000000000e+00 1.204069117768872932e+00 3.830066543471283280e-02 1.298629686488486090e-01 2.362268961963773922e-02 0.000000000000000000e+00 1.278707766952967839e+00 3.437819625762418563e-02 1.050120114191860080e+09 3.178542526954516768e+08
1.120000000000000000e+02 8.900000000000200000e+13 0.000000000000000000e+00 1.335728368637177921e+00 1.229383928276776283e-01 1.485740076445179747e-01 4.192095361583313834e-02 0.000000000000000000e+00 1.193231758581457136e+00 1.035837192147226193e-01 1.120461256009634256e+09 4.143338057155732512e+08
1.130000000000000000e+02 8.900000000000500000e+13 0.000000000000000000e+00 1.259363673565624619e+00 9.745066015146786748e-03 9.559665169045758470e-02 1.885144303846024785e-02 0.000000000000000000e+00 1.126244452800599039e+00 2.422402342316685997e-02 7.159948050666441917e+08 9.580300596648639441e+07
1.140000000000000000e+02 8.900000000000300000e+13 0.000000000000000000e+00 9.528743310489870000e-01 3.689985851666915256e-02 1.076620849952886205e-01 1.684534259419553925e-02 0.000000000000000000e+00 1.204329976693417459e+00 3.676425618298968800e-02 7.157000709198156595e+08 1.758778180948714316e+08
1.150000000000000000e+02 8.900000000000100000e+13 0.000000000000000000e+00 1.310067580990551983e+00 1.264816867469627792e-01 1.288293896188049681e-01 4.379690036626122940e-02 0.000000000000000000e+00 1.386695524483531505e+00 1.217050234733265401e-01 1.272795291933533430e+09 5.496642038149839640e+08
1.160000000000000000e+02 8.900000000001300000e+13 0.000000000000000000e+00 1.164731593795370612e+00 5.737285810042112855e-02 1.314795015715020110e-02 5.650283824394587186e-03 0.000000000000000000e+00 1.159885989825077734e+00 3.066212972021551200e-02 1.918032703329744041e+08 8.242675876277333498e+07
1.170000000000000000e+02 8.900000000000100000e+13 0.000000000000000000e+00 1.401556880641147362e+00 6.115595101334196648e-02 1.420972806598546634e-01 4.533362332286709762e-02 0.000000000000000000e+00 1.289781115111156007e+00 7.810308600035884008e-02 1.523946468988401651e+09 6.312580902904161215e+08
1.180000000000000000e+02 8.900000000000100000e+13 0.000000000000000000e+00 1.277729261906691782e+00 1.240932696630107357e-01 1.590310639764027645e-01 3.997873895980570691e-02 0.000000000000000000e+00 1.307390032683645176e+00 1.653654948023813576e-01 1.782795052041162968e+09 5.129852970986450315e+08
1.190000000000000000e+02 8.900000000000100000e+13 0.000000000000000000e+00 1.034131857367993179e+00 1.421993053345916025e-01 2.644692040388145760e-01 1.453986362444269487e-01 0.000000000000000000e+00 1.298979665512294268e+00 4.891798490495696816e-02 7.543950992052332163e+08 1.460300023022171557e+08
1.200000000000000000e+02 8.900000000000100000e+13 0.000000000000000000e+00 1.302093499755245798e+00 5.557324708231102528e-02 1.758675274279048462e-01 5.845035413867272905e-02 0.000000000000000000e+00 1.115613954783637451e+00 4.492034397569567156e-02 1.246821021733110666e+09 3.251727923536472917e+08
1.210000000000000000e+02 8.900000000000100000e+13 0.000000000000000000e+00 1.200595599892633203e+00 3.805407170560918401e-02 6.316880623821688467e-02 1.823022947088943566e-02 0.000000000000000000e+00 1.245397468836743071e+00 4.429914285374571270e-03 3.641960881085094213e+08 1.335962524655949175e+08
1.220000000000000000e+02 8.900000000000100000e+13 0.000000000000000000e+00 1.170750760401809920e+00 5.255711947927217687e-02 1.147581734716204976e-01 1.738742286989628308e-02 0.000000000000000000e+00 1.337095600944686158e+00 6.304106805454109952e-02 9.988373847340303659e+08 2.377015512752800882e+08
1.230000000000000000e+02 8.900000000000100000e+13 0.000000000000000000e+00 1.445392598087145375e+00 2.385317067010764847e-01 3.317763687756210556e-01 1.413755178256322631e-01 0.000000000000000000e+00 1.739677809308239231e+00 2.261756039612888014e-01 2.254233612717055321e+09 9.039697632922275066e+08
1.240000000000000000e+02 8.900000000000100000e+13 0.000000000000000000e+00 1.254131866138292972e+00 5.306981399826042611e-02 1.926483403284603435e-01 3.475902222288487775e-02 0.000000000000000000e+00 1.314744627234819330e+00 5.402563458483561343e-02 1.011775930684500575e+09 1.626338922567131817e+08
1.250000000000000000e+02 8.900000000000100000e+13 0.000000000000000000e+00 1.139747729576639612e+00 6.553030106834110968e-02 1.732558294358231832e-01 6.550361049685915482e-02 0.000000000000000000e+00 1.357936752746059517e+00 6.717558716580128431e-02 1.810334282447307348e+09 9.070362330032789707e+08
1.260000000000000000e+02 8.900000000000200000e+13 0.000000000000000000e+00 1.119489273182280531e+00 2.265957901041336375e-02 1.496822593722717254e-01 4.275147596532021671e-02 0.000000000000000000e+00 1.292707906751376923e+00 2.808053797887653455e-02 8.021913696152091026e+08 1.132748393119938225e+08
1.270000000000000000e+02 8.900000000000100000e+13 0.000000000000000000e+00 1.192176404745943774e+00 1.071455430645578411e-01 1.605293520315826117e-01 5.017207265498260793e-02 0.000000000000000000e+00 1.295509876568026630e+00 9.711267491194874868e-02 1.742249141094248533e+09 7.305706783355797529e+08
1.280000000000000000e+02 8.900000000000100000e+13 1.000000000000000000e+00 1.070744087280784962e+00 3.664198197449025640e-02 8.309148701236750145e-02 1.020868587152462190e-02 0.000000000000000000e+00 1.073313523780861312e+00 5.828779617689456086e-03 6.470223458871986866e+08 1.082436069564756006e+08
1.290000000000000000e+02 8.900000000000100000e+13 1.000000000000000000e+00 1.140408302997065304e+00 2.949313481086977135e-02 6.031180031344843262e-02 9.402059803970345964e-03 0.000000000000000000e+00 1.218242010709522205e+00 3.849394828153861192e-02 4.296566385201845765e+08 1.288717693870078474e+08
1.300000000000000000e+02 8.900000000000100000e+13 0.000000000000000000e+00 1.411964799558067085e+00 1.310648258145229172e-01 2.091970414926277722e-01 6.537124636000685163e-02 0.000000000000000000e+00 1.418420024636938725e+00 2.198912168600181127e-01 2.185600695663635254e+09 8.412132750798714161e+08
1.310000000000000000e+02 8.900000000000100000e+13 0.000000000000000000e+00 1.145371114827352210e+00 1.397461159911975448e-01 1.727141659825601194e-01 3.287861256730638393e-02 0.000000000000000000e+00 1.301211244420743984e+00 1.546754021624681119e-01 1.735699139080197334e+09 5.061581671971040368e+08
1.320000000000000000e+02 8.900000000000400000e+13 0.000000000000000000e+00 1.148166017848914366e+00 8.442015764040602943e-02 2.062303172739471391e-01 6.363478014037984853e-02 0.000000000000000000e+00 1.047159033911559733e+00 1.176939121664973276e-01 2.540661278292274952e+09 8.670959695701028109e+08
1.330000000000000000e+02 8.900000000000100000e+13 1.000000000000000000e+00 1.132581985715764183e+00 2.056602329426689482e-02 5.890201150480758180e-02 1.431620007437144765e-02 0.000000000000000000e+00 1.221744499049187249e+00 2.087610166189015487e-02 5.436956742451226711e+08 1.950858722802011371e+08
1.340000000000000000e+02 8.900000000000100000e+13 0.000000000000000000e+00 1.053519315597281292e+00 7.921216075923409594e-02 2.351734058515436154e-01 9.365967963110863326e-02 0.000000000000000000e+00 1.062749746106183890e+00 4.619696496396524105e-02 1.050285378082856178e+09 1.939788040584277511e+08
1.350000000000000000e+02 8.900000000000100000e+13 0.000000000000000000e+00 1.217714867649510646e+00 2.216240185127426598e-01 3.397238610103894829e-01 2.400147794665614676e-01 0.000000000000000000e+00 1.103848517273927410e+00 1.023005403613615333e-01 4.860171313411605954e+08 1.750016549616709948e+08
1.360000000000000000e+02 8.900000000000300000e+13 0.000000000000000000e+00 1.459117752384734956e+00 9.127983513495645240e-02 1.384472726147261690e-01 7.220706639725160692e-02 0.000000000000000000e+00 1.456358109716373805e+00 1.024181854937976921e-01 1.606808698132099390e+09 9.652866925652170181e+08
1.370000000000000000e+02 8.900000000000100000e+13 0.000000000000000000e+00 1.264934878807862928e+00 2.860806795389191776e-02 6.712674606321512860e-02 7.448850118953211780e-03 0.000000000000000000e+00 1.373109761676347018e+00 6.717889725125275255e-03 5.741693031820012331e+08 1.035871617137038857e+08
1.380000000000000000e+02 8.900000000000100000e+13 0.000000000000000000e+00 1.674597520636038173e+00 4.872955892275010470e-02 9.014106265930878215e-02 3.126305581064032363e-02 0.000000000000000000e+00 1.737937237863817153e+00 6.356839739870290273e-02 8.874862228241890669e+08 4.122251210539762974e+08
1.390000000000000000e+02 8.900000000000100000e+13 0.000000000000000000e+00 1.140875527512037024e+00 1.431336554866068367e-01 1.414705179197559004e-01 4.451513610449399361e-02 0.000000000000000000e+00 1.350072162359930772e+00 9.460972313162253899e-02 7.461747076066151857e+08 2.521252626220476925e+08
1.400000000000000000e+02 8.900000000000100000e+13 0.000000000000000000e+00 1.218071275611048332e+00 6.816959188754073695e-02 2.033801892657704780e-01 9.833623691431715719e-02 0.000000000000000000e+00 1.108844326956607063e+00 1.151750138490836572e-01 2.188382895784158230e+09 1.462552203580952644e+09
1.410000000000000000e+02 8.900000000000200000e+13 0.000000000000000000e+00 1.299214757108425378e+00 4.656413579508406758e-02 7.947193932590329579e-02 1.417514512833997417e-02 0.000000000000000000e+00 1.279875513456782521e+00 4.819433321528111824e-02 1.053617138319185495e+09 2.078806011295182705e+08
1.420000000000000000e+02 8.900000000000300000e+13 1.000000000000000000e+00 1.059789316730887609e+00 2.932174605033407988e-02 5.538080356636689017e-02 9.460550931532970415e-03 0.000000000000000000e+00 1.345695645521568728e+00 5.079395264750537903e-02 5.571538257894009352e+08 1.625987394567275345e+08
1.430000000000000000e+02 8.900000000000100000e+13 0.000000000000000000e+00 1.156313105650865536e+00 5.833199840194384228e-02 8.680326501134320860e-02 2.108247906694751123e-02 0.000000000000000000e+00 1.212951313060974368e+00 4.024635638648091374e-02 6.888266149282709360e+08 9.901649569502550364e+07
1.440000000000000000e+02 8.900000000000300000e+13 0.000000000000000000e+00 1.117017184360137749e+00 5.833135402583318474e-02 1.264319192912398415e-01 5.441981799391975433e-02 0.000000000000000000e+00 1.248090678094755823e+00 5.672698170827102787e-02 1.329855468744378090e+09 7.852114534165863991e+08
1.450000000000000000e+02 8.900000000000100000e+13 0.000000000000000000e+00 1.020786451810353324e+00 2.650942307695488415e-02 1.013595987180916785e-01 2.490722271092223744e-02 0.000000000000000000e+00 1.269214200778779666e+00 1.902141244861581607e-02 7.432851175643069744e+08 3.804325362350846529e+08
1.460000000000000000e+02 8.900000000000100000e+13 0.000000000000000000e+00 1.175002849719764431e+00 8.261375143299386214e-02 8.995703363779407324e-02 3.046782054726177372e-02 0.000000000000000000e+00 1.413086093538304500e+00 7.552487721573492019e-02 5.573955162584910393e+08 1.382889692600626349e+08
1.470000000000000000e+02 8.900000000000100000e+13 0.000000000000000000e+00 1.234088327171367849e+00 4.976267209867576286e-02 1.118007082157659871e-01 1.985683522488579725e-02 0.000000000000000000e+00 1.086084945178848349e+00 3.061333771492891903e-02 8.613667281531692743e+08 2.926007673568837643e+08
1.480000000000000000e+02 8.900000000000100000e+13 0.000000000000000000e+00 3.084471024541422413e+00 9.126014867695576849e-02 1.438783520723247999e-01 4.275887905836023295e-02 0.000000000000000000e+00 2.872824967091906156e+00 1.123625354813234944e-01 1.605894995469177008e+09 5.544091419935160875e+08
1.490000000000000000e+02 8.900000000000100000e+13 0.000000000000000000e+00 1.373322008647754222e+00 1.181769774189487671e-01 1.753413428081180281e-01 7.493073233850437720e-02 0.000000000000000000e+00 1.191202568855140864e+00 1.287037776801238653e-01 2.177960875467107296e+09 1.014202442519841075e+09
1.500000000000000000e+02 8.900000000000200000e+13 0.000000000000000000e+00 1.156767814168063291e+00 1.781169325035696360e-01 1.872846229378291039e-01 6.402491544596868034e-02 0.000000000000000000e+00 1.356556356297034638e+00 1.146495214305101457e-01 1.830286823876738310e+09 1.098770045775781870e+09
1.510000000000000000e+02 8.900000000000100000e+13 0.000000000000000000e+00 1.108129930161169119e+00 4.231130625650642713e-02 6.149552581817391977e-02 1.340356821430462204e-02 0.000000000000000000e+00 1.196179474722949942e+00 3.024018269789341407e-02 3.842389994484950900e+08 1.993358404986016452e+08
1.520000000000000000e+02 8.900000000000100000e+13 0.000000000000000000e+00 1.093431534580971309e+00 5.065532547835193550e-02 1.231265668962021054e-01 2.357040260234041784e-02 0.000000000000000000e+00 1.177700990601398656e+00 9.219996470747837680e-02 1.095344222130723238e+09 3.189163467283538580e+08
1.530000000000000000e+02 8.900000000000100000e+13 0.000000000000000000e+00 1.404383500509047700e+00 8.755722676679268679e-02 1.434716112082062567e-01 1.861009256403519871e-02 0.000000000000000000e+00 1.426128097912832571e+00 1.532632828006811332e-01 1.446377922808164358e+09 2.274547138061980903e+08
1.540000000000000000e+02 8.900000000000100000e+13 0.000000000000000000e+00 1.827320283999232187e+00 8.935651925134525941e-02 1.624604489550789399e-01 4.716673375117397954e-02 0.000000000000000000e+00 1.743971235240336703e+00 1.182188799431643650e-01 1.704184222887315035e+09 6.047812736178004742e+08
1.550000000000000000e+02 8.900000000000100000e+13 0.000000000000000000e+00 1.166535855112946107e+00 3.108886646045173549e-02 1.447185868711599877e-01 4.864500084692258836e-02 0.000000000000000000e+00 1.234542098655927900e+00 1.162632919225078942e-02 8.046879515120342970e+08 2.566353473523072302e+08
1.560000000000000000e+02 8.900000000000100000e+13 0.000000000000000000e+00 1.297786587244937229e+00 1.284465992897897424e-01 1.931206295244626003e-01 5.262021896903230911e-02 0.000000000000000000e+00 1.238015750287959182e+00 1.350703778121164211e-01 2.340689145501830578e+09 7.489558908268026114e+08
1.570000000000000000e+02 8.900000000000100000e+13 0.000000000000000000e+00 1.212928966212319493e+00 3.185222440402436100e-02 1.230489277847605090e-01 2.180071431238099836e-02 0.000000000000000000e+00 1.218362076359081447e+00 3.539535033195722463e-02 9.189403370541379452e+08 2.438772935380011499e+08
1.580000000000000000e+02 8.900000000000200000e+13 0.000000000000000000e+00 1.215131363658544128e+00 1.116885841002509955e-01 2.804710804462056672e-01 9.605301094951688989e-02 0.000000000000000000e+00 1.197637568952901743e+00 5.444250619710801209e-02 2.407800351209148884e+09 5.049721333087033033e+08
1.590000000000000000e+02 8.900000000000200000e+13 0.000000000000000000e+00 1.102911190722973833e+00 1.161917014258991576e-01 1.041603645012484231e-01 3.302148447875900839e-02 0.000000000000000000e+00 1.243296832240781358e+00 9.113449732475538412e-02 1.302912710784192801e+09 4.911947944439277649e+08
1.600000000000000000e+02 8.900000000000100000e+13 0.000000000000000000e+00 1.144191224412403063e+00 3.612906437574812252e-02 1.488592697587871605e-01 2.993191503957330982e-02 0.000000000000000000e+00 1.256336728319004781e+00 4.283198668151660254e-02 1.232793471808533907e+09 4.037071248151673675e+08
1.610000000000000000e+02 8.900000000000200000e+13 0.000000000000000000e+00 1.310199505356172134e+00 1.128539464582986873e-01 2.157241630546607447e-01 1.022603848683655697e-01 0.000000000000000000e+00 1.539627741224029345e+00 4.660370515183034218e-02 1.074937593641583681e+09 3.452809644488483667e+08
1.620000000000000000e+02 8.900000000000300000e+13 0.000000000000000000e+00 1.175781223817407239e+00 1.063129130746841289e-01 5.435137733955355821e-02 1.686770873990917421e-02 0.000000000000000000e+00 1.506415254409073201e+00 5.837827876035482644e-02 4.836173897219080329e+08 7.005806530545531213e+07
1.630000000000000000e+02 8.900000000000100000e+13 0.000000000000000000e+00 1.164106107709686366e+00 2.190954459913109220e-01 2.800252858610944862e-01 1.927918129656589763e-01 0.000000000000000000e+00 1.390499573940702449e+00 1.083140380139735182e-01 4.759526706096346974e+08 6.443178107516214997e+07
1.640000000000000000e+02 8.900000000000100000e+13 0.000000000000000000e+00 1.088055828486972132e+00 3.850241441641769763e-02 1.142313042296770331e-01 6.379352980339406121e-02 0.000000000000000000e+00 1.039579730445097550e+00 3.487107854581809885e-02 3.312240659792394042e+08 9.430370773416553438e+07
1.650000000000000000e+02 8.900000000000100000e+13 0.000000000000000000e+00 1.096206788751624694e+00 4.539224662963643048e-02 1.064894234156322228e-01 2.952192117447293221e-02 0.000000000000000000e+00 1.268237691263565781e+00 2.610572727436449164e-02 5.530359052097116709e+08 9.630213291675044596e+07
1.660000000000000000e+02 8.900000000000100000e+13 0.000000000000000000e+00 1.236922429463476858e+00 8.090633767739567953e-03 1.008373154636814928e-01 1.636716737671003313e-02 0.000000000000000000e+00 1.290342000412329382e+00 1.923725869056831447e-02 5.959604700707855225e+08 1.701546485402440429e+08
1.670000000000000000e+02 8.900000000000300000e+13 0.000000000000000000e+00 8.942715423486496951e-01 1.979352872955022491e-01 2.807473658348853540e-01 1.669690493044053980e-01 0.000000000000000000e+00 1.225412913465002251e+00 6.074651024352551582e-02 4.546550222108827829e+08 1.024663376579852998e+08
1.680000000000000000e+02 8.900000000000500000e+13 0.000000000000000000e+00 2.027539514359623318e+00 1.081820540387898461e-01 3.239602901497791732e-01 1.169318785377179565e-01 0.000000000000000000e+00 1.843862334094722888e+00 1.335771470863409416e-01 2.823926681773025990e+09 9.673915087995575666e+08
1.690000000000000000e+02 8.900000000000200000e+13 0.000000000000000000e+00 1.212427589141381157e+00 6.869677851507759170e-02 1.374587069606600376e-01 5.323878010839298153e-02 0.000000000000000000e+00 1.137979484508581995e+00 8.162380707310450123e-02 1.519499745640001535e+09 7.323806877184771299e+08
1.700000000000000000e+02 8.900000000000600000e+13 0.000000000000000000e+00 1.074319801026475840e+00 7.186506102960768527e-02 7.495570845985452535e-02 2.027010804321728588e-02 0.000000000000000000e+00 1.273900828629834114e+00 1.117124376586588058e-01 1.036806894387453675e+09 3.185111645568734407e+08
1.710000000000000000e+02 8.900000000000700000e+13 0.000000000000000000e+00 1.152190554866000527e+00 1.368433615789973190e-01 1.145260862909370514e-01 3.640105349954596281e-02 0.000000000000000000e+00 1.405016990612681704e+00 5.783975830632447079e-02 1.148141363319378853e+09 5.571523713634678125e+08
1.720000000000000000e+02 8.900000000000200000e+13 0.000000000000000000e+00 1.082998633304546265e+00 5.750658508263557095e-02 1.719580934274577977e-01 1.102517517773874273e-01 0.000000000000000000e+00 1.284476463135438395e+00 3.199577806222455439e-02 6.135395924837008715e+08 1.091865103093807548e+08
1.730000000000000000e+02 8.900000000000100000e+13 0.000000000000000000e+00 1.314921339500590314e+00 1.722242959004719950e-02 1.073585224559780865e-01 1.286906679227750767e-02 0.000000000000000000e+00 1.393251671943652292e+00 1.730857847808662045e-02 9.355094280716699362e+08 1.642703054926919937e+08
1.740000000000000000e+02 8.900000000000300000e+13 0.000000000000000000e+00 9.880314673447736507e-01 4.328255066349344371e-02 4.774077765710536825e-02 1.200125695321157052e-02 0.000000000000000000e+00 1.173807928762450103e+00 2.367199827236434254e-02 2.879706139836667776e+08 9.307509966476505995e+07
1.750000000000000000e+02 8.900000000000200000e+13 0.000000000000000000e+00 1.294339539788668780e+00 3.665009737331097889e-02 1.116642001255992028e-01 3.829118817474067710e-02 0.000000000000000000e+00 1.316396045310849416e+00 4.549090233176730780e-02 1.238828569075010061e+09 4.757154155933123827e+08
1.760000000000000000e+02 8.900000000000100000e+13 1.000000000000000000e+00 1.118734803101309572e+00 2.725108418094534732e-02 7.745217036112213294e-02 3.343906627483503313e-02 0.000000000000000000e+00 1.277509121511668511e+00 2.775565788060166059e-02 7.575310860146239996e+08 4.622093157760846019e+08
1.770000000000000000e+02 8.900000000000200000e+13 0.000000000000000000e+00 1.316160889548999569e+00 2.208654973007219136e-01 3.645997998307477506e-01 2.115315216450810165e-01 0.000000000000000000e+00 1.130073803795051957e+00 1.706967572856480098e-01 1.717448815186016083e+09 5.215258824565084577e+08
1.780000000000000000e+02 8.900000000000100000e+13 0.000000000000000000e+00 1.194114242696867612e+00 4.917955280145201724e-02 1.102136475247809388e-01 2.414264047326389676e-02 0.000000000000000000e+00 1.330711268178775386e+00 5.961094945923314792e-02 1.069450261351238132e+09 3.644200704849530458e+08
1.790000000000000000e+02 8.900000000000100000e+13 0.000000000000000000e+00 1.133275105213398914e+00 5.104495263320330684e-02 1.405871125774287855e-01 4.851246176464440313e-02 0.000000000000000000e+00 1.191235718192987569e+00 9.527441788111698506e-02 1.284397439430872440e+09 6.618000813145480156e+08
1.800000000000000000e+02 8.900000000000300000e+13 0.000000000000000000e+00 1.126428727924923878e+00 4.510423213783210789e-02 2.979148867773732251e-02 1.087345706420389004e-02 0.000000000000000000e+00 1.275838857031082352e+00 3.410708873688123727e-02 4.127780388733875155e+08 1.544067876342265308e+08
1.810000000000000000e+02 8.900000000000200000e+13 0.000000000000000000e+00 1.356349133692518194e+00 1.177725545683380864e-01 1.069254439746300189e+00 1.000000000000000000e+00 0.000000000000000000e+00 1.356349133692518194e+00 1.177727265194477985e-01 1.061550305565638924e+10 9.927948541579221725e+09
1.820000000000000000e+02 8.900000000000300000e+13 1.000000000000000000e+00 1.030707818999830661e+00 3.080323266424505116e-02 5.588945917571600669e-02 9.451679660501227653e-03 0.000000000000000000e+00 1.109652720777695833e+00 2.469299530818077487e-02 2.912508208594616652e+08 9.107131180606663227e+07
1.830000000000000000e+02 8.900000000000100000e+13 0.000000000000000000e+00 1.380957582108553128e+00 1.705164782153094916e-01 2.547823094548579137e-01 1.400749451039047799e-01 0.000000000000000000e+00 1.453414594878546406e+00 1.718624630531628839e-01 3.300109219587527275e+09 2.279058786081787109e+09
1.840000000000000000e+02 8.900000000000200000e+13 0.000000000000000000e+00 1.000644934728219360e+00 6.899412539008702161e-02 2.017240909451204767e-01 3.898126532563865598e-02 0.000000000000000000e+00 1.281645678705749525e+00 9.431350744007974130e-02 1.506212395388924122e+09 5.690074783804988861e+08
1.850000000000000000e+02 8.900000000000500000e+13 0.000000000000000000e+00 1.307521474037660836e+00 2.973138996729879358e-02 4.927041730994333700e-03 2.716166239543918448e-03 0.000000000000000000e+00 1.301966091782915003e+00 2.629093123903616241e-02 6.859612794307930768e+07 3.781548788400986791e+07
1.860000000000000000e+02 8.900000000000100000e+13 0.000000000000000000e+00 2.157804180002953931e+00 7.599399951391176689e-02 1.465813846923333386e-01 5.108369456485495341e-02 0.000000000000000000e+00 2.192941780085591041e+00 1.023808543071376004e-01 1.444657205653443098e+09 5.869284704947866201e+08
1.870000000000000000e+02 8.900000000000300000e+13 0.000000000000000000e+00 1.284062658760248610e+00 1.109377527954356346e-01 8.723697267971471103e-02 2.383529510166218154e-02 0.000000000000000000e+00 1.408920041636192888e+00 1.094330172616490987e-01 8.597383535058161020e+08 3.820869484222760201e+08
1.880000000000000000e+02 8.900000000000100000e+13 0.000000000000000000e+00 1.660754846153108089e+00 3.019247431093649570e-02 8.278882530674233631e-02 1.678957675552535805e-02 0.000000000000000000e+00 1.791619552702745199e+00 4.702355838658981574e-02 5.453017479052138329e+08 1.053920470974072218e+08
1.890000000000000000e+02 8.900000000000300000e+13 0.000000000000000000e+00 8.223950296601237886e-01 8.150636127615393245e-02 1.108746957933131466e-01 1.538360488168131687e-02 0.000000000000000000e+00 1.291223423586657981e+00 7.254409838904374297e-02 5.923180648044577837e+08 1.502397311998787522e+08
1.900000000000000000e+02 8.900000000000100000e+13 0.000000000000000000e+00 1.237766359485080514e+00 2.285406697611809188e-02 1.012639381772590247e-01 1.430288963849667139e-02 0.000000000000000000e+00 1.372575969851735023e+00 3.420780837629076865e-02 1.035222775894850016e+09 1.864741538464462161e+08
1.910000000000000000e+02 8.900000000000100000e+13 0.000000000000000000e+00 9.937058205176324543e-01 3.839597211545869859e-02 1.892300288721861512e-01 1.192231961983377247e-01 0.000000000000000000e+00 1.053249306055513035e+00 1.537091131439691574e-02 7.504346584866468906e+08 4.817195828456141353e+08
1.920000000000000000e+02 8.900000000001600000e+13 0.000000000000000000e+00 1.102377687074075130e+00 1.359647738975002518e-01 2.027313744721028765e-01 1.168422054205976862e-01 0.000000000000000000e+00 1.431944481142460646e+00 4.528218127708746876e-02 3.647053325356635451e+08 1.789808718136218786e+08
1.930000000000000000e+02 8.900000000000100000e+13 0.000000000000000000e+00 8.821000920139241419e-01 1.171969103500001969e-01 9.600373970894933440e-02 2.155758806977908087e-02 0.000000000000000000e+00 1.304555095069520387e+00 7.029601647177531609e-02 6.492403192945352793e+08 1.555667952670149207e+08
1.940000000000000000e+02 8.900000000000100000e+13 0.000000000000000000e+00 1.094587674227661900e+00 6.492758268411370770e-02 1.641508621254504641e-01 1.868602101761548256e-02 0.000000000000000000e+00 1.303312518698273470e+00 4.848363989953952125e-02 1.667892781282274485e+09 3.064743615617981553e+08
1.950000000000000000e+02 8.900000000000200000e+13 0.000000000000000000e+00 9.742863715695028182e-01 7.874465050265408439e-02 9.931698149272119580e-02 1.551223400882334284e-02 0.000000000000000000e+00 1.323610044402775632e+00 4.137256679620802263e-02 5.787449033937985897e+08 1.029295597426408827e+08
1.960000000000000000e+02 8.900000000000100000e+13 0.000000000000000000e+00 1.263297348202820913e+00 4.083136408671665663e-02 8.500756279745100286e-02 1.844591433411309211e-02 0.000000000000000000e+00 1.390895360327396357e+00 3.847675762128655030e-02 8.627272532148168087e+08 2.391323017597751617e+08
1.970000000000000000e+02 8.900000000000100000e+13 0.000000000000000000e+00 1.490470663160283316e+00 8.194043416359325649e-02 1.968711728517317239e-01 6.290260688733195771e-02 0.000000000000000000e+00 1.386490437480919047e+00 1.118284407458380869e-01 2.266786633317187786e+09 8.101665154107443094e+08
1.980000000000000000e+02 8.900000000000300000e+13 0.000000000000000000e+00 1.181875410120373893e+00 5.386894044998227077e-02 1.794647149425287469e-01 3.156050156739811929e-02 0.000000000000000000e+00 1.406308740619642395e+00 5.789407953037070675e-02 1.533457185465821743e+09 4.656442790434656143e+08
1.990000000000000000e+02 8.900000000000100000e+13 0.000000000000000000e+00 1.071919313137611018e+00 1.361492815403171075e-01 1.331036877718385913e-01 3.422091347659921012e-02 0.000000000000000000e+00 1.168993024841869177e+00 1.117461670264810053e-01 1.310167409760422230e+09 5.021493389627181292e+08
2.000000000000000000e+02 8.900000000000100000e+13 0.000000000000000000e+00 1.247768754529098301e+00 3.541422448695719094e-02 1.479031542069277338e-01 3.763264960162739786e-02 0.000000000000000000e+00 1.350013969089578714e+00 5.968752792523478179e-02 1.702793135385941744e+09 5.092796703121292591e+08
2.010000000000000000e+02 8.900000000000100000e+13 0.000000000000000000e+00 1.397626655216333225e+00 1.166932827677487627e-01 1.424998050600246868e-01 4.066644227532817402e-02 0.000000000000000000e+00 1.342853290551932144e+00 1.475935661963145573e-01 1.569877690475580692e+09 4.954324070008573532e+08
2.020000000000000000e+02 8.900000000000100000e+13 0.000000000000000000e+00 1.047264063438094750e+00 5.180669303073016235e-02 8.176002481435529212e-02 1.323994000111109078e-02 0.000000000000000000e+00 1.173992866792929135e+00 5.611141496509539084e-02 6.923221564329583645e+08 1.888945687109277546e+08
2.030000000000000000e+02 8.900000000000100000e+13 0.000000000000000000e+00 1.020037093454416732e+00 6.082372277213335399e-02 9.227571418542958315e-02 2.404418121762519345e-02 0.000000000000000000e+00 1.240817753804531964e+00 7.515378726468306680e-02 9.125273788927385807e+08 3.839763250738832951e+08
2.040000000000000000e+02 8.900000000000200000e+13 0.000000000000000000e+00 1.273316556740380134e+00 1.943526952630681426e-01 2.455494762249504637e-01 1.152853746529451801e-01 0.000000000000000000e+00 8.013683842645500377e-01 2.043573846512495851e-01 3.137316229041353703e+09 1.771373554612279892e+09
2.050000000000000000e+02 8.900000000000300000e+13 0.000000000000000000e+00 9.321221211789818550e-01 1.075687591109798363e-01 2.931086999566633877e-01 2.010509576661341780e-01 0.000000000000000000e+00 1.199979531221043727e+00 8.640772031599187886e-02 1.400768618325671911e+09 7.991232383860303164e+08
2.060000000000000000e+02 8.900000000000100000e+13 0.000000000000000000e+00 1.131685995622790486e+00 1.196942173207779375e-01 1.636312156334467638e-01 3.655459722355863805e-02 0.000000000000000000e+00 1.308051214253698413e+00 1.110280377628492104e-01 1.533690134963235378e+09 5.370065410043386221e+08
2.070000000000000000e+02 8.900000000000200000e+13 0.000000000000000000e+00 1.468138732941398183e+00 5.524599192287472232e-02 1.222412913092495446e-01 2.895975687466300838e-02 0.000000000000000000e+00 1.481679773015687651e+00 6.114545256389303934e-02 1.319598729705501318e+09 3.866953521765489578e+08
2.080000000000000000e+02 8.900000000000600000e+13 0.000000000000000000e+00 1.208475857653680707e+00 1.869355546005245228e-01 1.563384403380001231e-01 5.711647224322229099e-02 0.000000000000000000e+00 1.524948291176622561e+00 1.587731695670954735e-01 1.661488518990912676e+09 1.028574818509820938e+09
2.090000000000000000e+02 8.900000000000100000e+13 0.000000000000000000e+00 6.833675779761914093e-01 1.433778169515931566e-01 3.515110282860370305e-01 2.032575101635922532e-01 0.000000000000000000e+00 1.106495762334699817e+00 3.976829083062009829e-02 1.254399425992498636e+09 2.603779877436412573e+08
2.100000000000000000e+02 8.900000000000100000e+13 0.000000000000000000e+00 1.113322689075240346e+00 1.133058119510757800e-01 1.567120683944500381e-01 3.957896623381337159e-02 0.000000000000000000e+00 1.017285306228075337e+00 8.050737445317493468e-02 1.947419441691570520e+09 6.339782401075973511e+08
2.110000000000000000e+02 8.900000000000100000e+13 0.000000000000000000e+00 1.198256203234447037e+00 4.540640022928699171e-02 1.726823095875438807e-01 3.948500875299871399e-02 0.000000000000000000e+00 1.159769617034644762e+00 4.523945972223158973e-02 1.893425158167136908e+09 5.233301006065573692e+08
2.120000000000000000e+02 8.900000000000100000e+13 0.000000000000000000e+00 1.303184306629897815e+00 1.430510462808998184e-01 1.318136966077094741e-01 3.790129367103173275e-02 0.000000000000000000e+00 1.263961440478625908e+00 1.611856411714205906e-01 1.584961635799797773e+09 4.915435735027259588e+08
2.130000000000000000e+02 8.900000000000200000e+13 0.000000000000000000e+00 1.073453332470807542e+00 4.782041705354354161e-02 4.886756693581788963e-02 7.514158119850893915e-03 0.000000000000000000e+00 1.192848406049207499e+00 5.173742670926530229e-02 5.658843041332008839e+08 1.024756023331172168e+08
2.140000000000000000e+02 8.900000000000100000e+13 0.000000000000000000e+00 1.333883110884830803e+00 2.012688524085442798e-01 3.264475377996546857e-01 1.808030220645050479e-01 0.000000000000000000e+00 1.457567805353803703e+00 1.987500633942048678e-01 1.618927199002128363e+09 3.961986019381428957e+08
2.150000000000000000e+02 8.900000000000100000e+13 0.000000000000000000e+00 1.137486857279402130e+00 1.793464856266731855e-01 3.034563075990481806e-01 2.193626896595401998e-01 0.000000000000000000e+00 1.469916561473627814e+00 6.624518802449252952e-02 8.404923567363572121e+08 1.973944189795372486e+08
2.160000000000000000e+02 8.900000000000100000e+13 0.000000000000000000e+00 9.919529891818621437e-01 6.095713088730945334e-02 1.668821538623953826e-01 3.413453135721952053e-02 0.000000000000000000e+00 1.153006001210389542e+00 3.914232722450157465e-02 1.033206230086380005e+09 2.533656546665035188e+08
2.170000000000000000e+02 8.900000000000100000e+13 0.000000000000000000e+00 1.373709440278068072e+00 5.405968094722001654e-02 1.835323972762949174e-01 4.881435662863528591e-02 0.000000000000000000e+00 1.377575638922259760e+00 5.172422222327789643e-02 2.215328008425979137e+09 6.356857576936085224e+08
2.180000000000000000e+02 8.900000000000300000e+13 0.000000000000000000e+00 1.273134809652550770e+00 5.595562334084239198e-02 1.108332171382464676e-01 2.016048974189278697e-02 0.000000000000000000e+00 1.213915977841454774e+00 3.849768063188272610e-02 8.673792013682974577e+08 2.262311649266575575e+08
2.190000000000000000e+02 8.900000000000100000e+13 0.000000000000000000e+00 1.170442280388237499e+00 4.121163695017534406e-02 1.034190702904221743e-01 1.676189266576141174e-02 0.000000000000000000e+00 1.328466044099516408e+00 2.702773609802413754e-02 5.352590580960363746e+08 1.687376606208066642e+08
2.200000000000000000e+02 8.900000000000200000e+13 0.000000000000000000e+00 1.124344017320378031e+00 4.270329244630818172e-02 1.734531615519992465e-01 7.579898211127590602e-02 0.000000000000000000e+00 1.299161036747181752e+00 4.447479086553715599e-02 1.157289485694064379e+09 4.558698040103080273e+08
2.210000000000000000e+02 8.900000000000100000e+13 0.000000000000000000e+00 1.433826025998543585e+00 1.003596614750932314e-01 2.859638254716981298e-01 1.129495212616164479e-01 0.000000000000000000e+00 1.311134874603071321e+00 1.473659813085685943e-01 1.996027169008607149e+09 1.076681315151278734e+09
2.220000000000000000e+02 8.900000000000100000e+13 1.000000000000000000e+00 1.047197034021120965e+00 1.906058273514300155e-02 7.550408331615020285e-02 1.426269565614647628e-02 0.000000000000000000e+00 1.051759513559961556e+00 2.412838518371985055e-02 8.200248253566472530e+08 2.051872328615043163e+08
2.230000000000000000e+02 8.900000000000100000e+13 0.000000000000000000e+00 9.266669714011190884e-01 2.013251638958765133e-01 1.631133135080399255e-01 2.957335968572335008e-02 0.000000000000000000e+00 7.441984478713944418e-01 1.425503893994884141e-01 1.777690249004567146e+09 5.283827400826573968e+08
2.240000000000000000e+02 8.900000000000100000e+13 0.000000000000000000e+00 1.097910983961497777e+00 1.447040608673834938e-01 1.924903102188933179e-01 5.910270468685385747e-02 0.000000000000000000e+00 1.108707372599803342e+00 1.841874342628052330e-01 2.038967694964353085e+09 8.844861442809211016e+08
2.250000000000000000e+02 8.900000000000100000e+13 1.000000000000000000e+00 1.113196547469558428e+00 3.104510359495715743e-02 9.769035684747304216e-02 2.837586473207683729e-02 0.000000000000000000e+00 1.208466081435059403e+00 3.099571638615998895e-02 3.948671058881371617e+08 1.259223595298815221e+08
2.260000000000000000e+02 8.900000000000100000e+13 0.000000000000000000e+00 1.028296915883993634e+00 1.096077145104224076e-01 3.171752213832543799e-01 9.692386739344115154e-02 0.000000000000000000e+00 1.516905449684919249e+00 1.570681531991842128e-01 1.133243565922444582e+09 4.921460389213638306e+08
2.270000000000000000e+02 8.900000000000300000e+13 0.000000000000000000e+00 1.204226539931136930e+00 2.793495366058738535e-02 6.452240369398161424e-02 8.909315035202040184e-03 0.000000000000000000e+00 1.288148749605742660e+00 2.726212232835401386e-02 4.407557750796604753e+08 6.707805617409556359e+07
2.280000000000000000e+02 8.900000000000300000e+13 0.000000000000000000e+00 1.065092329354232925e+00 4.339617596365583085e-02 3.675440480197954968e-02 8.084978949807423293e-03 0.000000000000000000e+00 1.151114459096557185e+00 4.986241148277852087e-02 3.449679413172908425e+08 1.153561129649460763e+08
2.290000000000000000e+02 8.900000000000100000e+13 0.000000000000000000e+00 1.999895958824268627e+00 2.302055482616559012e-01 3.886277009330072474e-01 2.370213647010106506e-01 0.000000000000000000e+00 2.082972879054339810e+00 1.878271015436642211e-01 1.897847307481019497e+09 5.189135159369592667e+08
2.300000000000000000e+02 8.900000000000100000e+13 0.000000000000000000e+00 1.194414009662534859e+00 5.184239625997356243e-02 7.012107664252084649e-02 2.758931958286086478e-02 0.000000000000000000e+00 1.317590161714353725e+00 4.601315433921242259e-02 8.548779511273666620e+08 3.879736678738505840e+08
2.310000000000000000e+02 8.900000000000100000e+13 0.000000000000000000e+00 1.014735760580185220e+00 9.754964721592876420e-02 1.822567466347896348e-01 7.180970002946082675e-02 0.000000000000000000e+00 1.108485650763981756e+00 7.289543306223490726e-02 9.552431455011153221e+08 2.227398992430805564e+08
2.320000000000000000e+02 8.900000000000100000e+13 0.000000000000000000e+00 1.219653100467281037e+00 6.061244417366210002e-02 1.235852016476416126e-01 3.483786075813052191e-02 0.000000000000000000e+00 1.376231213521999175e+00 6.059769376933205748e-02 8.768239161804602146e+08 1.437368433063354194e+08
2.330000000000000000e+02 8.900000000000200000e+13 0.000000000000000000e+00 1.187397922297187547e+00 3.384961341964563830e-02 8.095384839829705692e-02 9.506054983717367873e-03 0.000000000000000000e+00 1.257109543241320404e+00 3.733007122381532678e-02 7.148229715446273088e+08 9.218878368092198670e+07
2.340000000000000000e+02 8.900000000000100000e+13 0.000000000000000000e+00 1.155659393054256245e+00 4.166968310245066504e-02 7.112686169678883452e-02 3.677136376106579507e-02 0.000000000000000000e+00 1.239847914631435843e+00 1.350166440391504033e-02 3.068250251721260548e+08 4.575432550876363367e+07
2.350000000000000000e+02 8.900000000000100000e+13 0.000000000000000000e+00 9.497142601855730337e-01 1.284906378319838338e-01 2.457752607191735772e-01 9.921299158920333927e-02 0.000000000000000000e+00 1.090712123392341582e+00 9.459666337427316551e-02 1.526293350723469496e+09 4.251066867169445157e+08
2.360000000000000000e+02 8.900000000000300000e+13 0.000000000000000000e+00 1.240084902071342698e+00 6.345563627227415737e-02 1.586964305937015596e-01 4.311493541200315388e-02 0.000000000000000000e+00 1.449608929029811755e+00 4.973988225841467076e-02 6.441920108126188517e+08 1.695637067350191772e+08
2.370000000000000000e+02 8.900000000000100000e+13 0.000000000000000000e+00 1.288779291734155175e+00 7.427880478203074954e-02 1.239899561739426365e-01 3.164131608060232609e-02 0.000000000000000000e+00 1.346404555977478879e+00 8.137823173545562228e-02 1.172709320267045736e+09 4.823724293687738776e+08
2.380000000000000000e+02 8.900000000000100000e+13 0.000000000000000000e+00 1.184943002545358226e+00 6.196458955443085587e-02 9.259562418445639598e-02 3.716810637298397640e-02 0.000000000000000000e+00 1.238431657324847945e+00 9.891761435871902763e-02 1.048727758785549402e+09 4.814400267527481914e+08
2.390000000000000000e+02 8.900000000000100000e+13 0.000000000000000000e+00 1.128983323960285334e+00 7.565967714949360656e-02 1.581764469487066116e-01 4.386423432443130321e-02 0.000000000000000000e+00 1.305318000141158175e+00 1.223679271880418057e-01 1.403340353292395830e+09 6.918975373327373266e+08
2.400000000000000000e+02 8.900000000000100000e+13 0.000000000000000000e+00 1.286946012065543821e+00 5.870456218513478430e-02 2.424175872293683753e-01 6.553211965514413317e-02 0.000000000000000000e+00 1.709306827864398581e+00 2.100540440604275333e-02 6.060400982388008833e+08 1.821913290795911551e+08
2.410000000000000000e+02 8.900000000000100000e+13 0.000000000000000000e+00 1.029142753704889834e+00 3.001570477157371533e-02 1.251012068955580092e-01 2.695705549759946570e-02 0.000000000000000000e+00 1.224493200762194922e+00 1.098648523387884754e-02 7.840356531624717712e+08 1.339520744504826218e+08
2.420000000000000000e+02 8.900000000000100000e+13 0.000000000000000000e+00 1.048979367448041433e+00 4.216859491454820474e-02 1.174730186563568562e-01 2.905810072505453368e-02 0.000000000000000000e+00 1.298585431177309735e+00 3.368524647103275649e-02 6.534547316299544573e+08 1.718811205230719149e+08
2.430000000000000000e+02 8.900000000000200000e+13 0.000000000000000000e+00 1.155299128217760707e+00 2.530629589799040721e-02 1.213736151706790029e-01 2.870745045640087437e-02 0.000000000000000000e+00 1.344228799511729466e+00 3.926378331980061309e-02 1.063539581330426335e+09 4.141424536408486962e+08
2.440000000000000000e+02 8.900000000000200000e+13 0.000000000000000000e+00 1.220781312734460444e+00 7.793286136673333031e-02 2.253433151074468455e-01 6.574058170159166603e-02 0.000000000000000000e+00 1.153866458334189771e+00 4.390448020298133580e-02 2.084423347066444635e+09 9.890776468933309317e+08
2.450000000000000000e+02 8.900000000000100000e+13 0.000000000000000000e+00 1.121131101481368741e+00 6.391965662900102318e-02 1.174890221241998295e-01 1.920425116615051206e-02 0.000000000000000000e+00 1.237878508020542556e+00 5.736668146844000477e-02 1.266381740804236889e+09 2.671671926648338437e+08
2.460000000000000000e+02 8.900000000000100000e+13 1.000000000000000000e+00 1.125612310441193253e+00 3.168288363535816388e-02 5.351588997422331018e-02 9.599274182607515568e-03 0.000000000000000000e+00 1.132953348729298648e+00 5.027530977205756785e-02 5.732186751211522818e+08 1.286450148090361208e+08
2.470000000000000000e+02 8.900000000000100000e+13 0.000000000000000000e+00 1.316096689449077761e+00 2.329129360458226383e-01 1.905885993077742202e-01 7.271742988995384682e-02 0.000000000000000000e+00 1.523104761792623885e+00 1.833804690245704472e-01 2.305312239962739468e+09 1.044474377240745425e+09
2.480000000000000000e+02 8.900000000000300000e+13 0.000000000000000000e+00 1.044572171220370382e+00 8.475949182177454355e-02 1.495227273469461882e-01 4.049311042371574187e-02 0.000000000000000000e+00 1.280394120859550844e+00 9.120245259380946323e-02 1.202732389666193485e+09 5.099346471850104332e+08
2.490000000000000000e+02 8.900000000000100000e+13 0.000000000000000000e+00 1.124984490470730902e+00 1.374577011950134098e-01 2.602665011390412619e-01 1.305175060374074714e-01 0.000000000000000000e+00 1.358026185814523057e+00 4.401212661688531230e-02 5.783437802366085052e+08 1.272215538178621978e+08
2.500000000000000000e+02 8.900000000000300000e+13 0.000000000000000000e+00 1.264300125177663547e+00 3.274542524066540589e-02 1.620576665406144867e-01 4.463017689323380000e-02 0.000000000000000000e+00 1.136290382935465360e+00 4.559632530192930105e-02 1.514855392806352377e+09 6.241716639489431381e+08
2.510000000000000000e+02 8.900000000000100000e+13 0.000000000000000000e+00 1.190277944806257482e+00 5.925990789380723711e-02 7.948346508358443419e-02 1.363021323148379087e-02 0.000000000000000000e+00 1.249704228024608899e+00 2.658754977669433930e-02 2.651197730740247369e+08 3.626554095048774034e+07
2.520000000000000000e+02 8.900000000000400000e+13 0.000000000000000000e+00 1.364894838560339441e+00 7.184641647593070779e-02 1.007648575516297551e-01 3.004798635054917871e-02 0.000000000000000000e+00 1.393695436502791152e+00 6.159266766010380173e-02 1.046141338808330059e+09 3.988479975671800971e+08
2.530000000000000000e+02 8.900000000000100000e+13 0.000000000000000000e+00 1.510538772250565431e+00 1.096922667083645997e-01 1.122356250794495913e-01 5.892006111322976858e-02 0.000000000000000000e+00 1.365276410856064437e+00 1.430093756286228701e-01 1.399261348454481363e+09 7.972315419438179731e+08
2.540000000000000000e+02 8.900000000000100000e+13 0.000000000000000000e+00 1.256422584922663788e+00 2.739589587681046448e-02 1.790361372293695907e-01 4.397624876295640195e-02 0.000000000000000000e+00 1.155935271716032275e+00 3.922079540039274254e-02 1.881688572562435865e+09 5.165155807230044007e+08
2.550000000000000000e+02 8.900000000000300000e+13 0.000000000000000000e+00 1.149159660515119308e+00 7.255958274393263518e-02 9.446558443525368554e-02 2.296494437001223368e-02 0.000000000000000000e+00 1.184778705405981958e+00 5.135076641167467953e-02 5.471648066048610210e+08 1.980857372416677177e+08
2.560000000000000000e+02 8.900000000000100000e+13 0.000000000000000000e+00 1.149210267761877846e+00 2.040234943625158226e-01 2.510427329043930511e-01 1.510309153932611337e-01 0.000000000000000000e+00 1.236289215088977711e+00 2.328170711499371881e-01 1.268991383568251133e+09 1.833880459273800254e+08
2.570000000000000000e+02 8.900000000000400000e+13 1.000000000000000000e+00 1.145107890346098278e+00 2.400535032882163480e-02 2.819927422901942482e-02 6.582503735289673731e-03 0.000000000000000000e+00 1.061164793790473571e+00 2.718996921715608264e-02 3.061559494086346626e+08 8.294389275043706596e+07
2.580000000000000000e+02 8.900000000000100000e+13 0.000000000000000000e+00 1.091127954585120685e+00 1.777583236634643349e-01 1.256195956761675947e-01 1.423837080421416074e-02 0.000000000000000000e+00 1.214945550657377193e+00 8.480229204870859405e-02 7.127656171752750874e+08 8.696318452853414416e+07
2.590000000000000000e+02 8.900000000000100000e+13 1.000000000000000000e+00 1.148366569473022070e+00 2.254311126652196531e-02 4.976332114027359060e-02 9.035451416569084682e-03 0.000000000000000000e+00 1.147902381646515479e+00 2.517904404524260592e-02 6.019788875067275763e+08 1.296235202267334312e+08
2.600000000000000000e+02 8.900000000000100000e+13 0.000000000000000000e+00 1.156993603112833835e+00 1.869434563961145934e-01 3.283000862260724850e-01 1.338303870062323708e-01 0.000000000000000000e+00 9.288054127685239081e-01 1.889902901590338191e-01 1.774178831892642736e+09 2.744629306133806109e+08
2.610000000000000000e+02 8.900000000000100000e+13 0.000000000000000000e+00 1.028338141038979359e+00 5.320007643100778394e-02 1.200780880702449344e-01 2.068184176027313206e-02 0.000000000000000000e+00 1.141054338184978478e+00 6.572057200806222244e-02 8.390161205376648903e+08 2.067275637755051851e+08
2.620000000000000000e+02 8.900000000000200000e+13 0.000000000000000000e+00 1.617684310339546849e+00 9.298712478927817493e-02 9.741567761500020961e-02 3.280378422244052683e-02 0.000000000000000000e+00 1.656537165358993091e+00 1.078494884171175006e-01 1.074781755782359362e+09 4.209717766759119034e+08
2.630000000000000000e+02 8.900000000000100000e+13 0.000000000000000000e+00 1.076689856741434470e+00 4.999131087105868065e-02 1.059772165009557343e-01 1.579439990911829864e-02 0.000000000000000000e+00 9.932652741703895671e-01 3.800632247467553015e-02 9.286423946437243223e+08 2.365699005848908126e+08
2.640000000000000000e+02 8.900000000000400000e+13 0.000000000000000000e+00 9.604122770176940493e-01 2.787644583337060555e-01 3.088414328016307886e-01 1.193685473589480850e-01 0.000000000000000000e+00 1.532912662291529449e+00 1.672446488772118545e-01 1.212457498886082649e+09 3.801871079795636535e+08
2.650000000000000000e+02 8.900000000000300000e+13 0.000000000000000000e+00 1.659464097803678539e+00 8.671694750350548986e-02 1.519060445013524219e-01 3.922767990291362028e-02 0.000000000000000000e+00 1.910134279563894477e+00 9.915836791408141893e-02 9.832029110199394226e+08 3.387841171628277898e+08
2.660000000000000000e+02 8.900000000000100000e+13 0.000000000000000000e+00 1.671756048690713259e+00 1.575812641126655977e-01 1.962182028694820501e-01 6.053963393953258609e-02 0.000000000000000000e+00 1.525769218269060978e+00 1.934625982236383712e-01 2.128676875055113316e+09 7.179065128856747150e+08
2.670000000000000000e+02 8.900000000000100000e+13 0.000000000000000000e+00 1.525654735317814925e+00 1.238262531154937646e-01 1.346935407886176439e-01 2.358640002262891305e-02 0.000000000000000000e+00 1.594969024833901239e+00 5.851736041172612979e-02 1.438450358164917946e+09 3.478993769091839194e+08
2.680000000000000000e+02 8.900000000000100000e+13 0.000000000000000000e+00 1.101128824594200140e+00 2.951417961501988721e-02 1.057408189462412940e-01 2.592605423109627452e-02 0.000000000000000000e+00 1.054050202382738055e+00 5.046243766366795974e-02 1.164868918261031389e+09 3.332662521294961572e+08
2.690000000000000000e+02 8.900000000000100000e+13 0.000000000000000000e+00 1.429771479664639244e+00 8.902804392013362322e-02 1.980275451832988198e-01 3.897061897793572399e-02 0.000000000000000000e+00 1.419771085949550704e+00 1.064996839660822675e-01 2.053677720976346254e+09 4.640238432685626149e+08
2.700000000000000000e+02 8.900000000000200000e+13 0.000000000000000000e+00 1.176242421263913540e+00 5.661811964314676648e-02 9.245121082452698036e-02 3.829693898726263535e-02 0.000000000000000000e+00 1.281797593454741202e+00 5.528566824716489581e-02 5.673408695660500526e+08 2.049399569478905797e+08
2.710000000000000000e+02 8.900000000000100000e+13 0.000000000000000000e+00 1.473715908097585459e+00 6.765093640768769789e-02 1.548400638882649061e-01 3.478877892149737777e-02 0.000000000000000000e+00 1.495519210085059170e+00 8.322256132701510989e-02 1.735053851434303999e+09 4.711846691813720465e+08
2.720000000000000000e+02 8.900000000001000000e+13 0.000000000000000000e+00 1.072562421919015740e+00 7.437128487272756661e-02 4.742159578146611099e-02 3.217284751037344237e-02 0.000000000000000000e+00 1.266732853764536815e+00 5.626636604112051493e-02 6.751647687497750521e+08 4.965437741351334453e+08
2.730000000000000000e+02 8.900000000000800000e+13 0.000000000000000000e+00 1.383027413562014196e+00 4.691886687402536255e-02 6.939161962952186680e-02 2.403161672000775698e-02 0.000000000000000000e+00 1.519359827800857099e+00 5.583889769979929335e-02 8.696825208039064407e+08 3.658552757149549127e+08
2.740000000000000000e+02 8.900000000000100000e+13 0.000000000000000000e+00 1.597658009790153599e+00 8.173800325129258748e-02 9.531584173019555517e-02 2.046149596729643014e-02 0.000000000000000000e+00 1.714377022698474917e+00 9.989683597657525449e-02 8.332645926073709726e+08 2.815117297464517355e+08
2.750000000000000000e+02 8.900000000000500000e+13 0.000000000000000000e+00 1.098040239323681222e+00 9.227915702045777491e-02 2.867445782677498500e-01 1.078405601695011234e-01 0.000000000000000000e+00 9.094035037436007940e-01 1.106286855358167009e-01 1.304166222235055447e+09 4.555083345255110860e+08
2.760000000000000000e+02 8.900000000000100000e+13 0.000000000000000000e+00 1.018342533186743726e+00 1.652671008745593417e-01 3.233920815652595593e-01 2.338010628166331262e-01 0.000000000000000000e+00 9.872387479842913427e-01 7.442609820641024609e-02 5.892216620033582449e+08 6.948946494773705304e+07
2.770000000000000000e+02 8.900000000000300000e+13 1.000000000000000000e+00 1.106324622856920348e+00 3.355372215509237754e-02 9.724729478087852652e-02 3.831150196418550008e-02 0.000000000000000000e+00 1.198327483168775798e+00 2.759309178955626426e-02 1.329021045213621140e+09 6.006147074898947477e+08
2.780000000000000000e+02 8.900000000000100000e+13 0.000000000000000000e+00 1.970329073256040786e+00 1.855680047397338384e-01 2.207181539888489752e-01 6.083979927337460764e-02 0.000000000000000000e+00 2.070365418373667499e+00 1.242991530800951067e-01 2.182919052076526165e+09 9.015862044227070808e+08
2.790000000000000000e+02 8.900000000015700000e+13 0.000000000000000000e+00 1.628335343738971597e+00 3.035859718419241585e-02 2.918638077477462688e-03 2.918638077477462688e-03 0.000000000000000000e+00 1.386167173491454685e+00 1.691789066773500411e-02 3.565055745493042469e+07 3.565055745493042469e+07
2.800000000000000000e+02 8.900000000000100000e+13 0.000000000000000000e+00 1.071955011465373753e+00 8.806196518309021559e-02 1.486658982707954879e-01 3.732722721835821794e-02 0.000000000000000000e+00 1.171862899384201295e+00 7.446386026896088806e-02 1.219726306351670980e+09 5.633876231424062252e+08
2.810000000000000000e+02 8.900000000000300000e+13 0.000000000000000000e+00 1.427441179978210073e+00 4.341653478202691513e-02 1.429134711162519389e-01 1.802266854031042698e-02 0.000000000000000000e+00 1.514609949072807105e+00 5.449831090105292791e-02 1.488469070614442825e+09 2.504126186386000812e+08
2.820000000000000000e+02 8.900000000000100000e+13 0.000000000000000000e+00 1.276706148849501288e+00 8.020861161247017090e-02 1.566662390254211779e-01 3.748263993720186288e-02 0.000000000000000000e+00 1.218056587871515717e+00 1.060490153628631527e-01 1.769856200602532864e+09 4.533710362718654275e+08
2.830000000000000000e+02 8.900000000000100000e+13 0.000000000000000000e+00 1.077918935427525593e+00 6.719453954062624967e-02 1.401456587351985472e-01 8.495237383736133074e-02 0.000000000000000000e+00 1.344495539833745701e+00 3.253626202305252152e-02 4.069844333435294628e+08 6.538616019936933368e+07
2.840000000000000000e+02 8.900000000000100000e+13 0.000000000000000000e+00 1.027623570569910383e+00 1.106393735776265430e-01 1.228529300042890682e-01 3.691906468613347092e-02 0.000000000000000000e+00 9.139484114054905461e-01 8.126409352400089381e-02 1.283570592326071262e+09 5.534033648694752455e+08
2.850000000000000000e+02 8.900000000000100000e+13 0.000000000000000000e+00 1.294203470912997478e+00 3.805597109547420587e-02 9.435720962168536730e-02 2.227779892379225246e-02 0.000000000000000000e+00 1.350171679620351339e+00 5.093134597659298990e-02 1.129397985472371817e+09 2.827975181405686736e+08
2.860000000000000000e+02 8.900000000000200000e+13 0.000000000000000000e+00 1.200574286005896774e+00 1.218912516916773603e-01 1.515970592879051781e-01 5.319912172303961628e-02 0.000000000000000000e+00 1.392089566230746200e+00 1.233849268680306255e-01 1.488372864516767740e+09 7.693977487326084375e+08
2.870000000000000000e+02 8.900000000000100000e+13 0.000000000000000000e+00 1.261688199764159357e+00 3.130063277829484708e-02 1.745944532177402808e-01 5.076516584592526832e-02 0.000000000000000000e+00 1.236231429769119261e+00 2.849228636348274946e-02 2.104123447856589556e+09 6.677212360216845274e+08
2.880000000000000000e+02 8.900000000000700000e+13 0.000000000000000000e+00 1.066876915539511250e+00 6.293081925539216470e-02 7.633678790144556026e-02 3.707874919888912851e-02 0.000000000000000000e+00 1.149121399100917484e+00 6.164261077044101006e-02 8.668272016596404314e+08 5.704953969602960348e+08
2.890000000000000000e+02 8.900000000000800000e+13 0.000000000000000000e+00 1.158973303446819925e+00 3.546706566767985486e-02 1.728422666269709140e-01 6.623234852863055244e-02 0.000000000000000000e+00 1.261129037317412882e+00 5.710564162826196888e-02 1.058741326652887821e+09 5.450685485886764526e+08
2.900000000000000000e+02 8.900000000000100000e+13 0.000000000000000000e+00 1.091307503113584598e+00 8.735730269224323968e-03 1.173771365823400165e-01 4.073127797616053758e-02 0.000000000000000000e+00 1.268728474371774162e+00 4.084404289164957069e-02 1.209068903211992979e+09 6.371739368450222015e+08
2.910000000000000000e+02 8.900000000000500000e+13 0.000000000000000000e+00 9.769583678589628395e-01 9.982917979655420160e-02 4.203244800400166015e-01 1.925855610565745946e-01 0.000000000000000000e+00 1.249360316226647782e+00 1.077134577866881299e-01 1.563291999437920570e+09 3.426449588804621100e+08
2.920000000000000000e+02 8.900000000000300000e+13 0.000000000000000000e+00 1.198670157368616263e+00 8.296815043837717230e-02 1.265166929155807085e-01 5.423601722672093117e-02 0.000000000000000000e+00 1.128572423650201939e+00 6.165476995646019392e-02 7.022920365391359329e+08 3.020792304737730026e+08
2.930000000000000000e+02 8.900000000000100000e+13 0.000000000000000000e+00 1.205879101974419276e+00 3.285293436305585651e-02 4.802487927941167384e-02 5.707037492881679788e-03 0.000000000000000000e+00 9.563199929959487200e-01 1.233250259341984491e-02 4.140253446579949856e+08 7.703013656439113617e+07
2.940000000000000000e+02 8.900000000000200000e+13 0.000000000000000000e+00 1.064864522351618215e+00 9.635335713667746160e-02 1.433509155986865957e-01 6.437589154339500019e-02 0.000000000000000000e+00 1.225438631792877153e+00 6.949916898490857142e-02 9.067370549945162535e+08 3.945332658637229800e+08
2.950000000000000000e+02 8.900000000000100000e+13 0.000000000000000000e+00 1.149830347625508953e+00 4.320316752140601624e-02 1.949783184455042562e-01 4.513233044250725828e-02 0.000000000000000000e+00 1.096152833135315863e+00 6.483210964470094428e-02 2.041729577158423662e+09 6.316671210580930710e+08
2.960000000000000000e+02 8.900000000000100000e+13 0.000000000000000000e+00 1.204016298707055066e+00 7.557994469382300906e-02 1.481093843807766430e-01 6.011177640873836131e-02 0.000000000000000000e+00 1.319498518836572432e+00 5.895914275232984336e-02 8.879867035175986290e+08 4.644109207561101913e+08
2.970000000000000000e+02 8.900000000000100000e+13 0.000000000000000000e+00 1.023076650106749197e+00 2.143614116549877602e-01 3.846056073431964317e-01 1.467838077423636034e-01 0.000000000000000000e+00 1.902838193044831483e+00 1.142688418077752316e-01 1.192177937401700258e+09 2.277037171422446668e+08
2.980000000000000000e+02 8.900000000000100000e+13 0.000000000000000000e+00 1.156077215864959928e+00 1.736111638025097381e-01 2.424331161170720783e-01 1.494841113795105092e-01 0.000000000000000000e+00 1.131770236568422794e+00 1.771290530571991428e-01 3.129757002870386124e+09 2.110541061623255968e+09
2.990000000000000000e+02 8.900000000000100000e+13 0.000000000000000000e+00 1.245808939279509309e+00 4.070962381719834405e-02 1.460407277014161009e-01 1.916726123257055797e-02 0.000000000000000000e+00 1.134413981894164980e+00 3.143778318085072715e-02 1.434084012560188770e+09 2.828457659069793224e+08
3.000000000000000000e+02 8.900000000000100000e+13 0.000000000000000000e+00 1.225031025586060807e+00 1.292514464792182405e-01 2.057418318426583737e-01 6.552038108095668834e-02 0.000000000000000000e+00 1.132488982906795894e+00 1.700672515836370025e-01 2.275964880578378201e+09 8.337716646122559309e+08
3.010000000000000000e+02 8.900000000000100000e+13 0.000000000000000000e+00 1.346269246105453732e+00 1.775261716794922506e-01 1.710046482662581913e-01 1.005192591561063914e-01 0.000000000000000000e+00 1.237499163394849999e+00 2.110547282644283096e-01 2.664045642691902637e+09 2.155194085433022976e+09
3.020000000000000000e+02 8.900000000000100000e+13 0.000000000000000000e+00 1.091492255491825158e+00 7.287390313660832564e-02 1.102298709332503041e-01 2.985598027025975279e-02 0.000000000000000000e+00 1.415150285688870913e+00 8.578836680392787351e-02 1.426523396171079159e+09 4.390512813837570548e+08
3.030000000000000000e+02 8.900000000000100000e+13 0.000000000000000000e+00 1.485852339371194208e+00 7.335738894285168121e-02 1.228356193566343263e-01 3.056199049984945765e-02 0.000000000000000000e+00 1.463244598510681005e+00 9.485718573988398405e-02 1.087560405012042046e+09 3.960100520493170619e+08
3.040000000000000000e+02 8.900000000001600000e+13 0.000000000000000000e+00 6.725848963786820178e-01 7.260984967088500441e-02 8.391525953385774172e-02 3.275128101040893080e-02 0.000000000000000000e+00 1.279075110600276011e+00 7.514065744571424288e-02 7.007455703470516205e+08 4.191318942530225515e+08
3.050000000000000000e+02 8.900000000000100000e+13 0.000000000000000000e+00 1.208866000020033304e+00 2.132633582856370280e-01 3.710246473540547707e-01 1.577881482785946921e-01 0.000000000000000000e+00 1.624450500119684726e+00 1.174408199778273071e-01 1.557517175912114859e+09 4.389900855432724357e+08
3.060000000000000000e+02 8.900000000000100000e+13 0.000000000000000000e+00 1.325891887436765115e+00 3.553833822323688996e-02 1.083402588429766278e-01 2.856086662677623580e-02 0.000000000000000000e+00 1.414521089576127766e+00 3.380205303035288544e-02 1.087177464532618284e+09 4.112613414128659368e+08
3.070000000000000000e+02 8.900000000000100000e+13 0.000000000000000000e+00 1.079831222916530997e+00 2.401503935470974266e-02 1.082578232494198905e-01 4.040066477041266702e-02 0.000000000000000000e+00 1.341290020355262236e+00 2.949321303163689179e-02 4.118896027673249245e+08 2.140513954268254936e+08
3.080000000000000000e+02 8.900000000000100000e+13 0.000000000000000000e+00 1.157438097450574022e+00 4.748440775419005000e-02 6.892134242629550933e-02 1.755750700122267471e-02 0.000000000000000000e+00 1.299867556903980814e+00 4.021467319451373090e-02 7.465165480948445797e+08 2.348619149090059400e+08
3.090000000000000000e+02 8.900000000000500000e+13 0.000000000000000000e+00 1.104354646378894245e+00 8.006278574310743412e-02 1.177740246437501831e-01 5.439475190552224559e-02 0.000000000000000000e+00 1.286843448008520019e+00 8.982811511739123567e-02 9.324314218140847683e+08 3.061601935160185695e+08
3.100000000000000000e+02 8.900000000000100000e+13 0.000000000000000000e+00 1.138321643792240323e+00 1.888703651538245140e-02 1.456523931509398906e-01 1.586361436813698081e-02 0.000000000000000000e+00 1.391483491779249126e+00 3.259493004878021016e-02 1.121080443354043961e+09 7.849459291526371241e+07
3.110000000000000000e+02 8.900000000000200000e+13 0.000000000000000000e+00 1.084588858204873718e+00 4.275289097055127996e-02 1.299937589439694730e-01 2.770727075918247642e-02 0.000000000000000000e+00 1.061135033531189764e+00 5.159806646170157080e-02 6.317181982995821238e+08 1.942447404319670200e+08
3.120000000000000000e+02 8.900000000000300000e+13 0.000000000000000000e+00 1.271968460043614524e+00 6.510724163348627358e-02 9.922893134006087468e-02 3.517716033647718538e-02 0.000000000000000000e+00 9.313229629019562639e-01 4.908438448483450067e-02 1.154715337062406540e+09 6.100144872803506851e+08
3.130000000000000000e+02 8.900000000000700000e+13 0.000000000000000000e+00 1.624755447837166411e+00 1.174455224191775365e-01 1.454322246049035983e-01 6.216965165008973837e-02 0.000000000000000000e+00 1.696133713499186957e+00 1.677157875494277028e-01 1.902510372462077856e+09 8.132888528520922661e+08
3.140000000000000000e+02 8.900000000000300000e+13 0.000000000000000000e+00 1.230364378362756694e+00 8.430596273949024499e-02 4.964086438069269941e-02 2.568639365347661491e-02 0.000000000000000000e+00 1.061137580630953758e+00 6.030426736119179343e-02 6.467426867935391665e+08 4.044389327001525164e+08
3.150000000000000000e+02 8.900000000000700000e+13 1.000000000000000000e+00 1.067099296234879535e+00 3.643806184395222136e-02 5.795966691533761816e-02 9.170262314252877398e-03 0.000000000000000000e+00 9.861434507039941177e-01 1.926452499531768406e-02 4.897241247889668345e+08 1.285081385712884218e+08
3.160000000000000000e+02 8.900000000000100000e+13 0.000000000000000000e+00 1.371330902303140364e+00 1.274431303177351038e-01 1.333819492657799255e-01 5.099500451357704550e-02 0.000000000000000000e+00 1.696315496217695173e+00 6.699212563098556894e-02 6.323961612381199598e+08 9.935558409655582905e+07
3.170000000000000000e+02 8.900000000000100000e+13 0.000000000000000000e+00 1.458380723024883086e+00 8.413359977939358081e-02 1.619166977674387498e-01 8.184035680814030767e-02 0.000000000000000000e+00 1.323114602566042297e+00 9.233601738266501713e-02 2.025902782496095896e+09 1.177604703375039101e+09
3.180000000000000000e+02 8.900000000000200000e+13 0.000000000000000000e+00 1.244533696784096977e+00 1.486000100199377505e-01 2.605050539113457631e-01 8.404812086790611203e-02 0.000000000000000000e+00 1.087202017825712907e+00 1.681729395838335583e-01 3.144080528851929188e+09 1.044262294265577674e+09
3.190000000000000000e+02 8.900000000000100000e+13 1.000000000000000000e+00 1.120713959826412642e+00 3.576174737896899158e-02 9.980484022500404895e-02 1.935009233335319156e-02 0.000000000000000000e+00 1.161258457762980756e+00 6.215781721047887454e-02 8.735538121279227734e+08 2.733357938916171193e+08
3.200000000000000000e+02 8.900000000000100000e+13 0.000000000000000000e+00 1.253944817741048823e+00 1.068213985737545973e-01 1.488155451287311859e-01 4.259387307979686788e-02 0.000000000000000000e+00 1.097512092242268311e+00 9.109139754623191143e-02 2.029868718342717648e+09 6.685368470633177757e+08
3.210000000000000000e+02 8.900000000000100000e+13 0.000000000000000000e+00 1.319397063655829205e+00 8.829150891296776160e-02 1.979679121571273070e-01 7.327094408199860687e-02 0.000000000000000000e+00 1.101748655529862342e+00 9.367372730138331938e-02 2.411656176281922817e+09 1.158041697998291016e+09
3.220000000000000000e+02 8.900000000000100000e+13 0.000000000000000000e+00 1.283358259204604890e+00 6.123017104552460482e-02 1.098003243851577299e-01 5.516791161423911100e-02 0.000000000000000000e+00 1.371780948970609204e+00 1.067719066133202971e-01 1.292875272230281830e+09 8.326437767949526310e+08
3.230000000000000000e+02 8.900000000000300000e+13 0.000000000000000000e+00 8.765509260109183298e-01 1.090027841022880584e-01 1.227075395727004609e-01 3.162072337044508075e-02 0.000000000000000000e+00 1.436743130226307619e+00 4.814751186540399547e-02 6.844827413933824301e+08 1.550775075814016461e+08
3.240000000000000000e+02 8.900000000000100000e+13 0.000000000000000000e+00 1.254799557725065018e+00 1.310991456302741942e-01 2.551801045498965359e-01 8.919579213612324753e-02 0.000000000000000000e+00 1.342150747256997567e+00 1.465836653334963435e-01 3.105539057296920300e+09 1.413333760298306227e+09
