# rID[0] Hid[1]   R200: DS[2], eta[3], detla[4], fm[5], fm2[6];   R500: DS[7], eta[8], detla[9], fm[10], fm2[11]
1.000000000000000000e+00 5.000000000005100000e+13 0.000000000000000000e+00 1.607558790214351996e+00 2.759299820393719682e-01 4.156149331587637441e-01 2.266066031227794708e-01 0.000000000000000000e+00 -5.966006367298317681e-01 3.039523424840852028e-01 1.833671691703470707e+09 1.833671691703470707e+09
2.000000000000000000e+00 5.000000000001100000e+13 0.000000000000000000e+00 1.328930641683887304e+00 3.519099968795925265e-02 2.510413891564372210e-02 2.510413891564372210e-02 0.000000000000000000e+00 1.366714284855816031e+00 3.469449714144621361e-02 2.964660463900229335e+08 2.964660463900229335e+08
3.000000000000000000e+00 5.000000000000100000e+13 0.000000000000000000e+00 1.179398648113255232e+00 6.048141614974368585e-02 1.078094652144237359e-01 7.062692866000788716e-02 0.000000000000000000e+00 1.424134477764631201e+00 3.251622092168084122e-02 5.226031181548483968e+08 5.011633387314813733e+08
4.000000000000000000e+00 5.000000000008500000e+13 0.000000000000000000e+00 1.175975309875995745e+00 2.059516947041829804e-01 1.941175575365346184e-01 1.941175575365346184e-01 0.000000000000000000e+00 1.102479306955223670e+00 2.223688248084037533e-01 2.257002288775146484e+09 2.257002288775146484e+09
5.000000000000000000e+00 5.000000000007400000e+13 1.000000000000000000e+00 9.813330478343456065e-01 3.812619313368208196e-02 -1.000000000000000000e+00 -1.000000000000000000e+00 0.000000000000000000e+00 7.657523019318920321e-01 4.622728507556982114e-02 -1.000000000000000000e+00 -1.000000000000000000e+00
6.000000000000000000e+00 5.000000000000100000e+13 0.000000000000000000e+00 1.189964726258158523e+00 3.300015571488381511e-02 7.568590468831921936e-02 2.914999494099359059e-02 0.000000000000000000e+00 1.312282661469642786e+00 3.772531401349986380e-02 8.985797714489324093e+08 3.951073562609845400e+08
7.000000000000000000e+00 5.000000000000400000e+13 0.000000000000000000e+00 1.142030275937873318e+00 1.449758124552152083e-01 1.041918537260229649e-01 8.568762230005110003e-02 0.000000000000000000e+00 1.042801499323479986e+00 1.508399186145846227e-01 1.164545651807701588e+09 1.088950437541857481e+09
8.000000000000000000e+00 5.000000000014500000e+13 0.000000000000000000e+00 9.975410303105441967e-01 7.637188810251852034e-02 3.730773907590774763e-01 1.783377879294353874e-01 0.000000000000000000e+00 8.407191568153881134e-01 1.007957640063921745e-01 2.356539720056950092e+09 1.497206002477699280e+09
9.000000000000000000e+00 5.000000000000300000e+13 0.000000000000000000e+00 9.100312075657770450e-01 1.587498973283074932e-01 3.302317395169311887e-01 2.723717561061045900e-01 0.000000000000000000e+00 1.413320097066958825e+00 8.533135975281036512e-02 8.115137484064402580e+08 7.866121086814103127e+08
1.000000000000000000e+01 5.000000000000800000e+13 0.000000000000000000e+00 1.112071750587017904e+00 6.530644979868414912e-02 1.263447295187081765e-01 5.697729195927732360e-02 0.000000000000000000e+00 1.162518240800503477e+00 5.502403611484753959e-02 1.575421568873822689e+09 7.104629930398089886e+08
1.100000000000000000e+01 5.000000000033400000e+13 0.000000000000000000e+00 1.042869270865955711e+00 1.191232940541892271e-01 -1.000000000000000000e+00 -1.000000000000000000e+00 0.000000000000000000e+00 7.392744930206456289e-01 1.201402326566266276e-01 -1.000000000000000000e+00 -1.000000000000000000e+00
1.200000000000000000e+01 5.000000000000500000e+13 1.000000000000000000e+00 1.128814930118381410e+00 3.223675837889414253e-02 3.175602306289820181e-02 3.175602306289820181e-02 0.000000000000000000e+00 1.177906040126848630e+00 5.339648816028779582e-02 4.292066645030891895e+08 4.292066645030891895e+08
1.300000000000000000e+01 5.000000000018800000e+13 0.000000000000000000e+00 8.985335068451445473e-01 8.711492095669562397e-02 -1.000000000000000000e+00 -1.000000000000000000e+00 0.000000000000000000e+00 7.611750732417734699e-01 6.061806429658277151e-02 -1.000000000000000000e+00 -1.000000000000000000e+00
1.400000000000000000e+01 5.000000000006000000e+13 0.000000000000000000e+00 6.522905272163616042e-01 2.909511089256675564e-01 3.794340627000560295e-01 3.794340627000560295e-01 0.000000000000000000e+00 8.194609863940571781e-01 1.503474959246228482e-01 -1.000000000000000000e+00 -1.000000000000000000e+00
1.500000000000000000e+01 5.000000000000100000e+13 0.000000000000000000e+00 2.259467078710376775e+00 1.240723147746329164e-01 6.719816998728808666e-02 5.126729009603161330e-02 0.000000000000000000e+00 2.093585931127068367e+00 1.581709140242267553e-01 8.340919464416615963e+08 7.179611254299691916e+08
1.600000000000000000e+01 5.000000000000200000e+13 1.000000000000000000e+00 1.117602339888113416e+00 1.273803259818746120e-02 7.883102029991688464e-02 3.383240551528828022e-02 0.000000000000000000e+00 1.234021215240457048e+00 1.292933762034387951e-02 5.407450522145537138e+08 4.875265847140744925e+08
1.700000000000000000e+01 5.000000000001100000e+13 1.000000000000000000e+00 1.021260988161718730e+00 2.934230434302122215e-02 2.065493839783242094e-02 2.065493839783242094e-02 0.000000000000000000e+00 1.220540260224185714e+00 6.514104582386888442e-02 2.822108715182810426e+08 2.822108715182810426e+08
1.800000000000000000e+01 5.000000000000800000e+13 0.000000000000000000e+00 1.388765635993091108e+00 6.964229776558142349e-02 1.601843266059050849e-02 1.442295844906551702e-02 0.000000000000000000e+00 1.592079256362204376e+00 8.171845586058588962e-02 2.378768189986856654e+07 2.378768189986856654e+07
1.900000000000000000e+01 5.000000000000100000e+13 0.000000000000000000e+00 1.432530906345899968e+00 1.352678875982000518e-02 5.652544257575141395e-02 3.418313297957563390e-02 0.000000000000000000e+00 1.473355122080189705e+00 2.109409612232064982e-02 6.779283187502899170e+08 4.099696139381043911e+08
2.000000000000000000e+01 5.000000000027500000e+13 0.000000000000000000e+00 9.379666478274878427e-01 1.419133660979519374e-01 1.761977388883520512e-01 1.761977388883520512e-01 0.000000000000000000e+00 5.279717783189871172e-01 1.527210849991385566e-01 2.341636949618585587e+09 2.341636949618585587e+09
2.100000000000000000e+01 5.000000000007900000e+13 1.000000000000000000e+00 1.021689536498450401e+00 2.237955216362510699e-02 6.140697863257777583e-02 6.140697863257777583e-02 0.000000000000000000e+00 9.996462055644569356e-01 5.260121064205532798e-02 7.864077109629948139e+08 7.864077109629948139e+08
2.200000000000000000e+01 5.000000000005600000e+13 0.000000000000000000e+00 9.132371089898303484e-01 8.727408501453980116e-02 9.604067515167769020e-02 9.604067515167769020e-02 0.000000000000000000e+00 7.815083759657289741e-01 1.218175471572083418e-01 1.221046452758953333e+09 1.221046452758953333e+09
2.300000000000000000e+01 5.000000000046100000e+13 0.000000000000000000e+00 8.698600851320349436e-01 1.485872472182198645e-01 -1.000000000000000000e+00 -1.000000000000000000e+00 0.000000000000000000e+00 3.980887945834478692e-01 1.125085734016753741e-01 -1.000000000000000000e+00 -1.000000000000000000e+00
2.400000000000000000e+01 5.000000000006700000e+13 0.000000000000000000e+00 9.479379947236702408e-01 4.136803141976524989e-02 3.135761483118657683e-02 3.135761483118657683e-02 0.000000000000000000e+00 1.038612315236736139e+00 7.714201060879538607e-02 -1.000000000000000000e+00 -1.000000000000000000e+00
2.500000000000000000e+01 5.000000000062100000e+13 0.000000000000000000e+00 1.030679191136564921e+00 1.004065699351589097e-01 -1.000000000000000000e+00 -1.000000000000000000e+00 0.000000000000000000e+00 1.028573766116323007e+00 1.394253795896529258e-01 -1.000000000000000000e+00 -1.000000000000000000e+00
2.600000000000000000e+01 5.000000000001500000e+13 1.000000000000000000e+00 1.036763573810680628e+00 1.374467691613941167e-02 -1.000000000000000000e+00 -1.000000000000000000e+00 1.000000000000000000e+00 1.027092135137932516e+00 3.490073842667605619e-02 -1.000000000000000000e+00 -1.000000000000000000e+00
2.700000000000000000e+01 5.000000000001600000e+13 0.000000000000000000e+00 1.135531564303547070e+00 2.472752389513979410e-01 2.630063469339060100e-01 2.255184920066809762e-01 0.000000000000000000e+00 6.035521894007457311e-01 3.425481604958718895e-01 3.978047191240173817e+09 3.411032525102315426e+09
2.800000000000000000e+01 5.000000000008500000e+13 0.000000000000000000e+00 1.046347134248666544e+00 1.875520060512986809e-01 2.791074892149246756e-01 2.791074892149246756e-01 0.000000000000000000e+00 7.058673050460201326e-01 1.381760349585738346e-01 -1.000000000000000000e+00 -1.000000000000000000e+00
2.900000000000000000e+01 5.000000000000400000e+13 0.000000000000000000e+00 1.248515267085837932e+00 2.742080134701489064e-02 9.324597209957204841e-03 9.324597209957204841e-03 0.000000000000000000e+00 1.322144090919108228e+00 2.801364728221560768e-02 1.249039788706394732e+08 1.249039788706394732e+08
3.000000000000000000e+01 5.000000000003900000e+13 0.000000000000000000e+00 9.514926334792522811e-01 4.663509952072711351e-02 1.141420723960379358e-01 6.224598255988879336e-02 0.000000000000000000e+00 9.318141830164501371e-01 3.690176162878870680e-02 6.716172484846786261e+08 6.716172484846786261e+08
3.100000000000000000e+01 5.000000000002400000e+13 0.000000000000000000e+00 1.320629366575430286e+00 1.896016457723943005e-01 3.374955572921513602e-01 2.040977182700964565e-01 0.000000000000000000e+00 1.002538094267525492e+00 2.326610859644654694e-01 6.274149439012540817e+09 3.794241307536894798e+09
3.200000000000000000e+01 5.000000000000100000e+13 0.000000000000000000e+00 1.227030497724604929e+00 8.665327785379180192e-02 2.756911998904053029e-01 1.222876175145983513e-01 0.000000000000000000e+00 1.495208445503158234e+00 1.139434254181356937e-01 1.699525593163024664e+09 6.611165734690499306e+08
3.300000000000000000e+01 5.000000000001200000e+13 0.000000000000000000e+00 1.226065781957987433e+00 1.149556667615489192e-01 1.638048394043810085e-01 8.994969849864632716e-02 0.000000000000000000e+00 1.225148828218792119e+00 1.500614637007340324e-01 8.821987855985760689e+08 5.427520544218716621e+08
3.400000000000000000e+01 5.000000000000100000e+13 0.000000000000000000e+00 1.229585833307794918e+00 7.067215730643990057e-02 1.151668394546042223e-01 4.134399426533862804e-02 0.000000000000000000e+00 1.235568149197344701e+00 8.033074140558578435e-02 1.163112232401874304e+09 4.684909826445503831e+08
3.500000000000000000e+01 5.000000000000700000e+13 0.000000000000000000e+00 1.088094776579644263e+00 8.857026083769717340e-02 1.194572885782570482e-01 1.194572885782570482e-01 0.000000000000000000e+00 1.189891845047352126e+00 1.357385238717733755e-01 1.458603323390455246e+09 1.458603323390455246e+09
3.600000000000000000e+01 5.000000000000100000e+13 1.000000000000000000e+00 1.138502663379348023e+00 3.188486405274205959e-02 6.505398036293587316e-02 2.264383981752576824e-02 0.000000000000000000e+00 1.306293075694610950e+00 3.537942214234715554e-02 8.428923625294137001e+08 2.933920343390120864e+08
3.700000000000000000e+01 5.000000000000200000e+13 0.000000000000000000e+00 1.281703357958762002e+00 8.776904091616766213e-02 1.027641122069150731e-01 4.051817636496937020e-02 0.000000000000000000e+00 1.242610377452723958e+00 1.013043101328100770e-01 1.124805623779779673e+09 4.691040388555171490e+08
3.800000000000000000e+01 5.000000000000100000e+13 0.000000000000000000e+00 1.236390173725428809e+00 4.768818820376128503e-02 7.022051383913094358e-02 3.160182884548711629e-02 0.000000000000000000e+00 1.351266651960113085e+00 3.576778138127584966e-02 9.998278878148195744e+08 4.865856026448133588e+08
3.900000000000000000e+01 5.000000000000100000e+13 0.000000000000000000e+00 1.611108178146074987e+00 2.410717756419153701e-01 2.412009957161051210e-01 1.039831538728725191e-01 0.000000000000000000e+00 9.542881653785811880e-01 2.763617201904005616e-01 3.254792199402171135e+09 1.403159871251157761e+09
4.000000000000000000e+01 5.000000000040100000e+13 0.000000000000000000e+00 1.090382263052448009e+00 2.564761202018507324e-01 9.104667368614206835e-02 9.104667368614206835e-02 0.000000000000000000e+00 1.277505679119985915e+00 1.607912372741709672e-01 -1.000000000000000000e+00 -1.000000000000000000e+00
4.100000000000000000e+01 5.000000000003200000e+13 0.000000000000000000e+00 1.068094330877671139e+00 5.266966655719246271e-02 -1.000000000000000000e+00 -1.000000000000000000e+00 1.000000000000000000e+00 9.963926909856305469e-01 2.876419666382138904e-02 -1.000000000000000000e+00 -1.000000000000000000e+00
4.200000000000000000e+01 5.000000000000700000e+13 1.000000000000000000e+00 1.105712527932698919e+00 3.555625054585703770e-02 2.190823669342848584e-02 1.163859649122806969e-02 0.000000000000000000e+00 1.158604016000462922e+00 3.635808082088638066e-02 -1.000000000000000000e+00 -1.000000000000000000e+00
4.300000000000000000e+01 5.000000000005900000e+13 0.000000000000000000e+00 1.235004200299940846e+00 7.012342715333559628e-02 4.091899866111924078e-02 4.091899866111924078e-02 0.000000000000000000e+00 1.127141515675633698e+00 1.211291605493890200e-01 6.283202234520367384e+08 6.283202234520367384e+08
4.400000000000000000e+01 5.000000000003300000e+13 0.000000000000000000e+00 9.740984263768845963e-01 8.433159136903707609e-02 7.824468448564497747e-02 7.824468448564497747e-02 0.000000000000000000e+00 1.036643768205966376e+00 7.349264999631011097e-02 -1.000000000000000000e+00 -1.000000000000000000e+00
4.500000000000000000e+01 5.000000000000400000e+13 0.000000000000000000e+00 1.224799261505245873e+00 1.070878774115183694e-02 3.986791235170296377e-02 1.750438784311123680e-02 0.000000000000000000e+00 1.444531418841327852e+00 1.286927701688927311e-02 3.251807080068559051e+08 2.140201844153703153e+08
4.600000000000000000e+01 5.000000000000400000e+13 0.000000000000000000e+00 1.308044747450059386e+00 4.200205447570570794e-02 1.517701643236379905e-01 7.380301165789027174e-02 0.000000000000000000e+00 1.359625343291483768e+00 6.132796126377204615e-02 1.515938176203044176e+09 9.186541322192213535e+08
4.700000000000000000e+01 5.000000000004600000e+13 1.000000000000000000e+00 9.948016627791396171e-01 3.394685560856453704e-02 8.260785567849526778e-02 8.260785567849526778e-02 0.000000000000000000e+00 1.067807431798393880e+00 4.480354632521515307e-02 -1.000000000000000000e+00 -1.000000000000000000e+00
4.800000000000000000e+01 5.000000000000100000e+13 0.000000000000000000e+00 1.705757116673799700e+00 6.902979323649258148e-02 9.615977002871449464e-02 5.555431411638705325e-02 0.000000000000000000e+00 1.726820640751069558e+00 9.225920935406878298e-02 1.188372698391447783e+09 6.865576961557085514e+08
4.900000000000000000e+01 5.000000000003400000e+13 0.000000000000000000e+00 1.042080274636266957e+00 6.747528893754889401e-02 -1.000000000000000000e+00 -1.000000000000000000e+00 0.000000000000000000e+00 1.042080274636266957e+00 6.748513942569060731e-02 -1.000000000000000000e+00 -1.000000000000000000e+00
5.000000000000000000e+01 5.000000000004900000e+13 0.000000000000000000e+00 1.364138392724850934e+00 9.301479881974072939e-02 4.292623870548632758e-02 4.292623870548632758e-02 0.000000000000000000e+00 1.199275472313998447e+00 1.045190501235490482e-01 5.261645064593318105e+08 5.261645064593318105e+08
5.100000000000000000e+01 5.000000000009700000e+13 0.000000000000000000e+00 8.737876159214164051e-01 8.099005759408627048e-02 1.298983702856548739e-01 1.298983702856548739e-01 0.000000000000000000e+00 6.603823359405025517e-01 1.313494362969461760e-01 1.967522104672544718e+09 1.967522104672544718e+09
5.200000000000000000e+01 5.000000000000100000e+13 0.000000000000000000e+00 1.685496594070519771e+00 1.146700826929700628e-01 1.421681698632319135e-01 6.412465132707814708e-02 0.000000000000000000e+00 1.678703429173260098e+00 1.419775309619193404e-01 1.830282053952528954e+09 8.255448364624974728e+08
5.300000000000000000e+01 5.000000000026700000e+13 0.000000000000000000e+00 9.327539049439174113e-01 1.531295093954491149e-01 1.139029966478898731e-01 1.139029966478898731e-01 0.000000000000000000e+00 9.057179424262493672e-01 1.770712521492925073e-01 1.534384812662030220e+09 1.534384812662030220e+09
5.400000000000000000e+01 5.000000000000600000e+13 0.000000000000000000e+00 1.217531234272202001e+00 6.376461928389696998e-02 1.425248394570304521e-02 1.425248394570304521e-02 0.000000000000000000e+00 1.310169293561729731e+00 4.199674246177382414e-02 2.150613948102149963e+08 2.150613948102149963e+08
5.500000000000000000e+01 5.000000000000100000e+13 0.000000000000000000e+00 3.080012798135608687e+00 1.751036870444294125e-01 1.135743932294622088e-01 6.598842393683425345e-02 0.000000000000000000e+00 2.910573069523164857e+00 1.943813296364262366e-01 1.383940259359755039e+09 9.605607404747366905e+08
5.600000000000000000e+01 5.000000000002000000e+13 0.000000000000000000e+00 1.119589777932382013e+00 2.506427023526917597e-01 -1.000000000000000000e+00 -1.000000000000000000e+00 0.000000000000000000e+00 1.407079846993174010e+00 1.898081933942854516e-01 -1.000000000000000000e+00 -1.000000000000000000e+00
5.700000000000000000e+01 5.000000000003000000e+13 0.000000000000000000e+00 1.137087321442423304e+00 4.617570775261314181e-02 6.022893326838772710e-02 6.022893326838772710e-02 0.000000000000000000e+00 1.150315100706997384e+00 6.425005986740348063e-02 7.120659087444940805e+08 7.120659087444940805e+08
5.800000000000000000e+01 5.000000000000200000e+13 0.000000000000000000e+00 1.732964885796388632e+00 6.682961321496826146e-02 9.843946894689468985e-02 9.346817746290758677e-02 0.000000000000000000e+00 1.711538508144902604e+00 1.350792699579460854e-01 1.318507424036730051e+09 1.251921482454460382e+09
5.900000000000000000e+01 -1.000000000000000000e+00 -1.000000000000000000e+00 -1.000000000000000000e+00 -1.000000000000000000e+00 -1.000000000000000000e+00 -1.000000000000000000e+00 -1.000000000000000000e+00 -1.000000000000000000e+00 -1.000000000000000000e+00 -1.000000000000000000e+00 -1.000000000000000000e+00
6.000000000000000000e+01 5.000000000000300000e+13 0.000000000000000000e+00 1.171625245384880554e+00 4.203157684630186991e-02 2.142066897585689911e-02 2.142066897585689911e-02 0.000000000000000000e+00 1.252006855994617807e+00 6.116248246799132343e-02 2.717569951194090843e+08 2.717569951194090843e+08
6.100000000000000000e+01 5.000000000003200000e+13 0.000000000000000000e+00 9.186854021651249536e-01 6.575740788708983597e-02 -1.000000000000000000e+00 -1.000000000000000000e+00 0.000000000000000000e+00 9.427209129372536855e-01 4.047656576177603022e-02 -1.000000000000000000e+00 -1.000000000000000000e+00
6.200000000000000000e+01 5.000000000001900000e+13 0.000000000000000000e+00 1.135229125237339654e+00 9.746718186358410696e-02 8.363931657246800877e-02 8.363931657246800877e-02 0.000000000000000000e+00 1.116717659990065226e+00 1.284109767806241587e-01 1.044647013481538534e+09 1.044647013481538534e+09
6.300000000000000000e+01 5.000000000000100000e+13 0.000000000000000000e+00 1.191018527367158297e+00 7.347292097250589238e-02 1.002448664434602704e-01 2.641012623513068480e-02 0.000000000000000000e+00 1.174713860018097744e+00 5.811163215892585499e-02 7.980549264477102757e+08 3.576467692878949046e+08
6.400000000000000000e+01 5.000000000000300000e+13 0.000000000000000000e+00 1.193099397384840277e+00 7.604202063802120715e-02 1.499605360365836582e-01 1.204375637081162992e-01 0.000000000000000000e+00 1.378317814350716430e+00 7.507076154247302457e-02 4.308074570126098394e+08 4.308074570126098394e+08
6.500000000000000000e+01 5.000000000002100000e+13 0.000000000000000000e+00 1.176661789087453780e+00 1.399766522195824980e-01 1.006923824714732046e-01 6.157362226647664777e-02 0.000000000000000000e+00 1.011541476378135185e+00 1.394041425861846373e-01 1.260353401873492002e+09 7.707089889467366934e+08
6.600000000000000000e+01 5.000000000001100000e+13 0.000000000000000000e+00 9.259507003997532459e-01 1.314479524643451802e-01 3.378853001387420174e-01 2.598715423648235712e-01 0.000000000000000000e+00 1.115128148187193302e+00 1.067098244947008029e-01 -1.000000000000000000e+00 -1.000000000000000000e+00
6.700000000000000000e+01 5.000000000000200000e+13 0.000000000000000000e+00 1.085126465592530565e+00 6.319096950407294966e-02 1.306065272425302737e-01 6.254790353182729246e-02 0.000000000000000000e+00 1.319779206587166520e+00 1.273216990962170170e-01 1.607684143043506384e+09 8.124362142179775238e+08
6.800000000000000000e+01 5.000000000000100000e+13 0.000000000000000000e+00 1.256270404148377873e+00 6.721777582799970396e-02 2.209558220147873064e-01 1.072822467460256696e-01 0.000000000000000000e+00 1.218764000345649023e+00 8.614876260890533266e-02 1.978925960150485992e+09 1.267819556324465036e+09
6.900000000000000000e+01 5.000000000000700000e+13 0.000000000000000000e+00 1.878153719144028067e+00 2.005163452241407740e-01 3.043541552697703323e-01 1.096178987677443872e-01 0.000000000000000000e+00 1.752889679097006770e+00 1.381046524108363316e-01 1.300222556560131550e+09 9.958871187727611065e+08
7.000000000000000000e+01 5.000000000000400000e+13 0.000000000000000000e+00 1.285215422141424702e+00 1.357634633984450279e-01 2.954189446273835506e-01 1.972500142207952167e-01 0.000000000000000000e+00 1.147787060108368618e+00 1.185030053369642150e-01 1.255205475259814978e+09 9.799566341961802244e+08
7.100000000000000000e+01 5.000000000002500000e+13 0.000000000000000000e+00 1.085555202802884311e+00 1.349863220651192630e-01 1.435115441409861858e-01 8.346738245400973921e-02 0.000000000000000000e+00 9.568347359451194745e-01 2.048444830863018484e-01 1.715568917940909147e+09 9.977876543458499908e+08
7.200000000000000000e+01 5.000000000000500000e+13 0.000000000000000000e+00 6.374812335645680950e-01 1.103483846921421568e-01 2.190227206126555692e-01 1.517797487643346988e-01 0.000000000000000000e+00 8.520326169053011878e-01 3.303103089799541009e-02 7.559721430059820414e+08 7.559721430059820414e+08
7.300000000000000000e+01 5.000000000000900000e+13 0.000000000000000000e+00 7.769884954041762493e-01 8.315489457865002376e-02 1.696017903687275230e-01 8.817096949270653017e-02 0.000000000000000000e+00 1.066040330061629016e+00 4.992014796796345050e-02 2.212908420754182041e+08 2.212908420754182041e+08
7.400000000000000000e+01 5.000000000000100000e+13 0.000000000000000000e+00 1.262696459728170240e+00 1.220025248080690711e-01 1.428371054137853313e-01 1.324146597483373822e-01 0.000000000000000000e+00 1.220523971243790751e+00 1.572597835977667668e-01 1.819349641876121283e+09 1.686596512120552778e+09
7.500000000000000000e+01 5.000000000003000000e+13 1.000000000000000000e+00 1.112219071817297511e+00 1.287626669749065630e-02 -1.000000000000000000e+00 -1.000000000000000000e+00 0.000000000000000000e+00 1.086682536877225935e+00 4.136460019026112767e-02 -1.000000000000000000e+00 -1.000000000000000000e+00
7.600000000000000000e+01 5.000000000000400000e+13 0.000000000000000000e+00 7.380484324246817662e-01 2.808173526359787897e-01 3.027651344470269623e-01 2.509813781661671128e-01 0.000000000000000000e+00 1.237598009421186473e+00 1.269922833901714898e-01 6.187929247962668538e+07 6.187929247962668538e+07
7.700000000000000000e+01 5.000000000000300000e+13 1.000000000000000000e+00 1.044393596049465023e+00 1.797780032946148798e-02 1.424389775232320389e-02 1.424389775232320389e-02 0.000000000000000000e+00 1.068527468089361054e+00 3.525423523989469621e-02 1.754660968428293467e+08 1.754660968428293467e+08
7.800000000000000000e+01 5.000000000003600000e+13 0.000000000000000000e+00 9.960817031056710125e-01 1.501276049097384213e-01 1.600602845933004337e-01 1.600602845933004337e-01 0.000000000000000000e+00 1.227563495086454681e+00 1.436014554592338066e-01 2.124534403752623320e+09 2.124534403752623320e+09
7.900000000000000000e+01 5.000000000003300000e+13 0.000000000000000000e+00 1.391737362433279390e+00 5.054017059131680339e-02 1.089717982421262860e-01 7.027086130198660630e-02 0.000000000000000000e+00 1.406582314645172582e+00 5.897104778502155337e-02 1.307425633788343191e+09 8.430981855550036430e+08
8.000000000000000000e+01 5.000000000000900000e+13 0.000000000000000000e+00 1.258558633751216238e+00 8.087448440815651896e-02 5.016968728462476573e-02 2.359448487923839627e-02 0.000000000000000000e+00 1.512332423047447527e+00 7.468945584169166263e-02 3.223057337776473165e+08 1.916188642784100473e+08
8.100000000000000000e+01 5.000000000002500000e+13 0.000000000000000000e+00 7.039427670008437943e-01 1.905434135725151690e-01 1.265356178780330243e-01 9.827004568476592483e-02 0.000000000000000000e+00 9.507093805691201327e-01 1.031833057700739520e-01 -1.000000000000000000e+00 -1.000000000000000000e+00
8.200000000000000000e+01 5.000000000013700000e+13 0.000000000000000000e+00 1.249948681295567354e+00 1.150045570732389083e-01 -1.000000000000000000e+00 -1.000000000000000000e+00 0.000000000000000000e+00 7.596332024760730217e-01 4.889241915636059060e-02 -1.000000000000000000e+00 -1.000000000000000000e+00
8.300000000000000000e+01 5.000000000002000000e+13 0.000000000000000000e+00 1.094513934445266345e+00 4.172446725032739195e-02 -1.000000000000000000e+00 -1.000000000000000000e+00 0.000000000000000000e+00 1.146883092702668749e+00 5.455042038577107705e-02 -1.000000000000000000e+00 -1.000000000000000000e+00
8.400000000000000000e+01 5.000000000008200000e+13 0.000000000000000000e+00 1.078718505326326405e+00 5.479113152082407123e-02 -1.000000000000000000e+00 -1.000000000000000000e+00 1.000000000000000000e+00 9.961922090021040344e-01 3.932932463989002869e-02 -1.000000000000000000e+00 -1.000000000000000000e+00
8.500000000000000000e+01 5.000000000039100000e+13 0.000000000000000000e+00 1.000154510701549038e+00 5.144305963598759524e-02 -1.000000000000000000e+00 -1.000000000000000000e+00 1.000000000000000000e+00 8.641011354742020867e-01 3.863813248863480487e-02 -1.000000000000000000e+00 -1.000000000000000000e+00
8.600000000000000000e+01 5.000000000092400000e+13 0.000000000000000000e+00 1.020029552441875209e+00 5.262070197484845085e-02 -1.000000000000000000e+00 -1.000000000000000000e+00 0.000000000000000000e+00 1.008361147220447451e+00 7.313081761320913698e-02 -1.000000000000000000e+00 -1.000000000000000000e+00
8.700000000000000000e+01 5.000000000000200000e+13 0.000000000000000000e+00 1.120667359024600129e+00 4.962757856609801427e-02 9.824308930065324408e-02 4.027366903401505965e-02 0.000000000000000000e+00 1.226496947483271649e+00 7.350207990149031090e-02 9.482742624898208380e+08 5.096082884395664930e+08
8.800000000000000000e+01 5.000000000000300000e+13 0.000000000000000000e+00 1.216036995242818497e+00 1.444877260140805253e-01 9.024668861738165127e-02 9.024668861738165127e-02 0.000000000000000000e+00 1.368616376190470829e+00 1.924317660334348146e-01 1.309005283116056919e+09 1.309005283116056919e+09
8.900000000000000000e+01 5.000000000000100000e+13 0.000000000000000000e+00 1.421646131518890188e+00 4.828099427826022805e-02 1.102471572269207167e-01 4.449424212522150313e-02 0.000000000000000000e+00 1.316370713950447469e+00 3.887441991695494287e-02 8.110656129214212894e+08 6.316774586916524172e+08
9.000000000000000000e+01 5.000000000001200000e+13 1.000000000000000000e+00 1.045498796994358548e+00 3.051659574317943519e-02 -1.000000000000000000e+00 -1.000000000000000000e+00 1.000000000000000000e+00 1.108463811019963163e+00 2.344958205002356175e-02 -1.000000000000000000e+00 -1.000000000000000000e+00
9.100000000000000000e+01 5.000000000006600000e+13 0.000000000000000000e+00 1.336099617124272942e+00 9.492314473041524314e-02 2.223036422966616632e-01 1.383526100694553451e-01 0.000000000000000000e+00 1.167023989644373261e+00 5.272065169511391119e-02 1.105597057458365440e+09 1.105597057458365440e+09
9.200000000000000000e+01 5.000000000000300000e+13 0.000000000000000000e+00 1.354829271076245734e+00 6.537174453266533791e-02 1.117613646613671990e-01 5.325657826264943578e-02 0.000000000000000000e+00 1.330425301251226600e+00 9.172809719830810060e-02 1.236363241182632685e+09 7.219847997081960440e+08
9.300000000000000000e+01 5.000000000000300000e+13 0.000000000000000000e+00 1.480292249926407733e+00 1.172451301308047589e-01 1.436585510560721424e-01 1.116221872235766271e-01 0.000000000000000000e+00 1.366448193582362247e+00 1.384131692838654615e-01 1.645454763425138950e+09 1.278512544646770954e+09
9.400000000000000000e+01 5.000000000006800000e+13 1.000000000000000000e+00 9.262467426044374008e-01 2.608038777437673636e-02 -1.000000000000000000e+00 -1.000000000000000000e+00 1.000000000000000000e+00 9.625684287467233258e-01 3.811589835029797341e-02 -1.000000000000000000e+00 -1.000000000000000000e+00
9.500000000000000000e+01 5.000000000000200000e+13 0.000000000000000000e+00 1.107606423923631400e+00 5.258990187413557782e-02 1.960227525019884176e-01 1.820128632818535097e-01 0.000000000000000000e+00 1.465859999694952620e+00 2.946668516945805810e-02 1.299639825372325480e+08 8.147234805256782472e+07
9.600000000000000000e+01 5.000000000108400000e+13 0.000000000000000000e+00 9.409325915993912437e-01 1.735838945880518458e-01 -1.000000000000000000e+00 -1.000000000000000000e+00 0.000000000000000000e+00 1.047389058538261475e+00 8.349238942358537530e-02 -1.000000000000000000e+00 -1.000000000000000000e+00
9.700000000000000000e+01 5.000000000001900000e+13 0.000000000000000000e+00 1.054840748555994523e+00 9.144348993249895585e-02 -1.000000000000000000e+00 -1.000000000000000000e+00 0.000000000000000000e+00 1.099938916537164468e+00 1.121333456249175853e-01 -1.000000000000000000e+00 -1.000000000000000000e+00
9.800000000000000000e+01 5.000000000013600000e+13 0.000000000000000000e+00 8.915160493937042130e-01 5.636278234919680358e-02 -1.000000000000000000e+00 -1.000000000000000000e+00 0.000000000000000000e+00 8.589959237133597547e-01 8.014522958935027530e-02 -1.000000000000000000e+00 -1.000000000000000000e+00
9.900000000000000000e+01 5.000000000000200000e+13 0.000000000000000000e+00 9.626055256589729492e-01 6.464186702539832796e-02 7.972103736296751175e-02 7.124093621788753217e-02 0.000000000000000000e+00 1.176428778464402525e+00 2.567411731857648441e-02 1.150368689800722599e+08 1.150368689800722599e+08
1.000000000000000000e+02 5.000000000022700000e+13 1.000000000000000000e+00 8.803150575625625640e-01 2.080465930899254301e-02 -1.000000000000000000e+00 -1.000000000000000000e+00 0.000000000000000000e+00 8.575313004483698931e-01 5.697377039162262319e-02 -1.000000000000000000e+00 -1.000000000000000000e+00
1.010000000000000000e+02 5.000000000036100000e+13 0.000000000000000000e+00 9.577933340052081634e-01 1.819527930882280653e-01 2.375383601854631488e-01 2.375383601854631488e-01 0.000000000000000000e+00 9.948721498633884552e-01 1.281363554107951552e-01 -1.000000000000000000e+00 -1.000000000000000000e+00
1.020000000000000000e+02 5.000000000000200000e+13 0.000000000000000000e+00 9.965843752559851998e-01 5.655326027840961584e-02 4.755041398977066791e-02 2.155259543171398479e-02 0.000000000000000000e+00 1.114716081663984504e+00 7.561716160570979006e-02 3.194559892804388404e+08 3.194559892804388404e+08
1.030000000000000000e+02 5.000000000002000000e+13 0.000000000000000000e+00 9.805687864428312972e-01 1.400567929074957585e-01 9.826222624254142557e-02 6.448725715566104577e-02 0.000000000000000000e+00 1.106196294952509263e+00 1.331627402692136808e-01 1.358896231193728924e+09 8.918125922828892469e+08
1.040000000000000000e+02 5.000000000000100000e+13 0.000000000000000000e+00 1.449785267926911425e+00 1.034106219751363687e-01 2.322504654847710459e-01 1.350730104193897663e-01 0.000000000000000000e+00 1.533393962578658121e+00 1.000733105811201090e-01 1.349325654891565561e+09 9.108505783839746714e+08
1.050000000000000000e+02 5.000000000002200000e+13 1.000000000000000000e+00 1.054656065360471073e+00 2.795387320854974753e-02 -1.000000000000000000e+00 -1.000000000000000000e+00 0.000000000000000000e+00 1.195349300147011906e+00 4.773564038563160583e-02 -1.000000000000000000e+00 -1.000000000000000000e+00
1.060000000000000000e+02 5.000000000001700000e+13 0.000000000000000000e+00 4.018161829424727882e-01 4.012664283981217106e-01 7.098671746894286150e-01 7.098671746894286150e-01 0.000000000000000000e+00 7.216272426613519198e-01 7.389102128465360741e-02 -1.000000000000000000e+00 -1.000000000000000000e+00
1.070000000000000000e+02 5.000000000004200000e+13 0.000000000000000000e+00 1.096680949653089154e+00 8.544470572274326381e-02 -1.000000000000000000e+00 -1.000000000000000000e+00 0.000000000000000000e+00 1.096680949653089154e+00 8.598894526796793669e-02 -1.000000000000000000e+00 -1.000000000000000000e+00
1.080000000000000000e+02 5.000000000000200000e+13 0.000000000000000000e+00 1.074383252359588203e+00 7.367626830668036475e-02 1.079359848967442331e-01 4.464946316264955389e-02 0.000000000000000000e+00 1.127568629852701010e+00 8.414572354152996536e-02 8.415907534165284634e+08 4.419591524936562777e+08
1.090000000000000000e+02 5.000000000002700000e+13 0.000000000000000000e+00 7.230189684771086700e-01 1.478955791744751835e-01 2.324732513232300735e-01 2.324732513232300735e-01 0.000000000000000000e+00 1.246569257441893397e+00 7.380254843968429845e-02 -1.000000000000000000e+00 -1.000000000000000000e+00
1.100000000000000000e+02 5.000000000004900000e+13 0.000000000000000000e+00 1.036741980942474939e+00 1.245271546284269087e-01 1.594424395704906738e-01 1.125053566860854670e-01 0.000000000000000000e+00 1.127435376129370059e+00 1.589049696311777560e-01 1.602508346082839251e+09 1.602508346082839251e+09
1.110000000000000000e+02 5.000000000000400000e+13 0.000000000000000000e+00 1.304569926253939194e+00 1.292620634053811557e-01 2.590600143900491648e-01 1.506712070885776467e-01 0.000000000000000000e+00 1.166031217940199927e+00 1.717190222438033098e-01 2.846264475447835922e+09 1.893708676620944023e+09
1.120000000000000000e+02 5.000000000003000000e+13 0.000000000000000000e+00 7.704278274122483561e-01 1.211312168188067029e-01 1.753279203877850523e-01 1.067286383579980624e-01 0.000000000000000000e+00 8.724557456740288375e-01 1.112713685962203880e-01 9.637418692578473091e+08 9.637418692578473091e+08
1.130000000000000000e+02 5.000000000000600000e+13 0.000000000000000000e+00 1.125300587495010385e+00 5.083896367534605082e-02 1.652679813498433015e-01 1.114002904532599564e-01 0.000000000000000000e+00 1.127838816022154189e+00 1.440166577520065050e-01 6.464215097620203495e+08 6.464215097620203495e+08
1.140000000000000000e+02 5.000000000000300000e+13 0.000000000000000000e+00 1.123433708192478342e+00 1.308720410895675701e-01 1.372216354814105588e-01 1.261647814868308015e-01 0.000000000000000000e+00 9.605703168234602796e-01 1.441270228141862397e-01 2.064917642663782597e+09 1.898533582266409874e+09
1.150000000000000000e+02 5.000000000004400000e+13 0.000000000000000000e+00 8.203460005485438966e-01 8.998486721018315870e-02 1.777676127061866285e-01 1.777676127061866285e-01 1.000000000000000000e+00 1.037785629070579363e+00 2.321841370195314516e-02 -1.000000000000000000e+00 -1.000000000000000000e+00
1.160000000000000000e+02 5.000000000001200000e+13 0.000000000000000000e+00 8.879423702770836702e-01 4.065340594156595377e-02 -1.000000000000000000e+00 -1.000000000000000000e+00 0.000000000000000000e+00 1.007351228296169410e+00 6.154016107941460284e-02 -1.000000000000000000e+00 -1.000000000000000000e+00
1.170000000000000000e+02 5.000000000000400000e+13 1.000000000000000000e+00 1.080507400774826099e+00 3.371465025203679994e-02 -1.000000000000000000e+00 -1.000000000000000000e+00 1.000000000000000000e+00 1.114361648017696993e+00 3.686965197158782043e-02 -1.000000000000000000e+00 -1.000000000000000000e+00
1.180000000000000000e+02 5.000000000000100000e+13 0.000000000000000000e+00 1.041508835423248902e+00 1.180847970304227945e-01 1.306031922354591313e-01 8.995354266590728509e-02 0.000000000000000000e+00 1.114432600608279866e+00 1.561253534073480942e-01 1.669264841092906237e+09 1.149713751507995844e+09
1.190000000000000000e+02 5.000000000009200000e+13 0.000000000000000000e+00 1.344547914765712893e+00 1.174386488483936952e-01 9.080531636607713786e-02 9.080531636607713786e-02 0.000000000000000000e+00 1.239336435071045184e+00 2.062105512971346977e-01 1.153701329127730370e+09 1.153701329127730370e+09
1.200000000000000000e+02 5.000000000000300000e+13 0.000000000000000000e+00 2.505875289846641429e+00 1.468066002573941153e-01 1.035074184397666713e-01 9.590184014229770348e-02 0.000000000000000000e+00 2.547858562631397206e+00 2.144511070159727528e-01 1.371512559611777306e+09 1.270735762012873173e+09
1.210000000000000000e+02 5.000000000001600000e+13 0.000000000000000000e+00 1.013395508229061326e+00 1.660379527824822621e-01 1.767332698571082161e-01 1.767332698571082161e-01 0.000000000000000000e+00 7.398499596521693755e-01 1.697442281739892644e-01 2.582143528271098614e+09 2.582143528271098614e+09
1.220000000000000000e+02 5.000000000000100000e+13 0.000000000000000000e+00 1.164920380820109402e+00 2.397772819410368822e-02 7.149885789515139818e-03 7.149885789515139818e-03 0.000000000000000000e+00 1.256390231809126234e+00 5.337173623843119268e-03 9.347332453729912639e+07 9.347332453729912639e+07
1.230000000000000000e+02 5.000000000013000000e+13 0.000000000000000000e+00 1.054855693258809790e+00 4.885866601088972166e-02 -1.000000000000000000e+00 -1.000000000000000000e+00 0.000000000000000000e+00 1.002215091845285233e+00 6.507341337272241899e-02 -1.000000000000000000e+00 -1.000000000000000000e+00
1.240000000000000000e+02 5.000000000000100000e+13 0.000000000000000000e+00 1.430330707603860718e+00 7.878004806698246654e-02 2.430479580909380433e-01 1.332129316083470738e-01 0.000000000000000000e+00 1.465246531536342767e+00 1.570685301695261826e-01 2.455763029945504189e+09 1.899873456912594557e+09
1.250000000000000000e+02 5.000000000000600000e+13 0.000000000000000000e+00 1.128219101045705886e+00 8.010891186184036783e-02 4.259965895249695489e-02 4.259965895249695489e-02 1.000000000000000000e+00 1.113836030341322392e+00 1.770955612843154101e-02 -1.000000000000000000e+00 -1.000000000000000000e+00
1.260000000000000000e+02 5.000000000000400000e+13 0.000000000000000000e+00 1.162992578664171939e+00 3.145471236651887353e-02 1.142541245658351690e-01 3.601811651405115167e-02 0.000000000000000000e+00 1.050533162349800209e+00 4.135120436064737559e-02 7.493928038397126198e+08 4.551279349368284345e+08
1.270000000000000000e+02 5.000000000000300000e+13 0.000000000000000000e+00 9.686348785707156184e-01 2.225024100360904200e-01 3.488858632989397246e-01 2.973451674786695698e-01 0.000000000000000000e+00 9.902933391409648456e-01 1.118802480743166794e-01 1.035537159113283515e+09 6.051259192808654308e+08
1.280000000000000000e+02 5.000000000000200000e+13 0.000000000000000000e+00 1.237017339616376166e+00 1.471379222772098705e-01 3.462788317107093339e-01 2.298496059341678388e-01 0.000000000000000000e+00 1.257722320833466245e+00 1.308555930980117576e-01 1.874094695126839161e+09 1.315802799862994671e+09
1.290000000000000000e+02 5.000000000000100000e+13 0.000000000000000000e+00 1.555962508785227350e+00 9.010639580248136493e-02 4.054228121983541322e-01 1.974570401758203309e-01 0.000000000000000000e+00 1.637983877114244979e+00 1.333033699803571615e-01 1.776354906317118883e+09 4.231990842034997940e+08
1.300000000000000000e+02 5.000000000000600000e+13 0.000000000000000000e+00 1.138938326439022486e+00 1.484357871156794240e-01 2.356163019835398331e-01 2.181736978119012405e-01 0.000000000000000000e+00 7.625787074093348661e-01 2.123408972419992546e-01 2.883227914287776947e+09 2.669783416508272171e+09
1.310000000000000000e+02 5.000000000000100000e+13 0.000000000000000000e+00 1.065251114637259189e+00 1.088713453054511449e-01 1.082834491890102557e-01 7.789506785832506219e-02 0.000000000000000000e+00 1.061715177800827803e+00 1.392656988581910116e-01 1.078175427606889248e+09 1.078175427606889248e+09
1.320000000000000000e+02 5.000000000001000000e+13 0.000000000000000000e+00 1.028706584999917961e+00 6.258680297619816091e-02 3.521791543026706051e-02 2.322443506048847348e-02 0.000000000000000000e+00 8.900421868078514098e-01 5.702132673657983597e-02 1.433049121058862507e+08 1.433049121058862507e+08
1.330000000000000000e+02 5.000000000000200000e+13 0.000000000000000000e+00 1.345072061799736485e+00 6.384737491359189498e-02 1.489759667165473644e-01 4.446991431321901944e-02 0.000000000000000000e+00 1.332275902978944160e+00 8.274462004702598517e-02 1.538624516949010849e+09 5.326494194246088266e+08
1.340000000000000000e+02 5.000000000003500000e+13 1.000000000000000000e+00 1.105874255406178674e+00 3.505065182621498743e-02 -1.000000000000000000e+00 -1.000000000000000000e+00 0.000000000000000000e+00 1.151353493176924703e+00 3.922897786728193198e-02 -1.000000000000000000e+00 -1.000000000000000000e+00
1.350000000000000000e+02 5.000000000000100000e+13 0.000000000000000000e+00 1.550426656049843643e+00 1.011067636919115581e-01 2.017868780064663581e-01 6.059159372289251583e-02 0.000000000000000000e+00 1.489701369141736675e+00 1.594830441203871629e-01 2.308956963932920933e+09 7.784129050584732294e+08
1.360000000000000000e+02 5.000000000004600000e+13 0.000000000000000000e+00 1.914395688977714505e+00 2.173770819968889600e-01 2.546236345179558880e-01 1.784022597008103894e-01 0.000000000000000000e+00 1.405673905562717430e+00 2.820640148278948933e-01 3.836387108579793453e+09 2.687967794322834492e+09
1.370000000000000000e+02 5.000000000000100000e+13 0.000000000000000000e+00 1.246859387698952881e+00 1.037388281615688329e-01 1.489496808939713979e-01 7.821371800042706268e-02 0.000000000000000000e+00 1.386418429666559149e+00 7.890454526884002617e-02 7.451483562582533360e+08 2.748037031463242173e+08
1.380000000000000000e+02 5.000000000000200000e+13 0.000000000000000000e+00 1.237343288975159883e+00 4.320488383982300923e-02 6.372005266968015780e-02 2.899152382961016350e-02 0.000000000000000000e+00 1.314226103111954869e+00 3.614587361518323272e-02 6.018624549519240856e+08 4.008530840381500125e+08
1.390000000000000000e+02 5.000000000000200000e+13 0.000000000000000000e+00 1.059328967369549179e+00 5.744355994961180406e-02 1.248454883747489863e-01 1.094772205990121178e-01 1.000000000000000000e+00 1.055430503654480212e+00 1.579611143981562646e-02 -1.000000000000000000e+00 -1.000000000000000000e+00
1.400000000000000000e+02 5.000000000000200000e+13 0.000000000000000000e+00 1.178732145964401345e+00 1.249233467521372459e-01 2.025022867462532572e-01 1.587840373384618864e-01 0.000000000000000000e+00 1.040426658605262400e+00 7.519838701353202814e-02 2.713731206181726456e+08 2.713731206181726456e+08
1.410000000000000000e+02 5.000000000000100000e+13 0.000000000000000000e+00 1.346869875006108552e+00 2.470171031417387961e-02 7.001548886737657407e-02 7.001548886737657407e-02 0.000000000000000000e+00 1.371458162196713237e+00 2.851800469200418270e-02 8.235396781216174364e+08 8.235396781216174364e+08
1.420000000000000000e+02 5.000000000000700000e+13 0.000000000000000000e+00 1.428574597976525640e+00 1.954306188686422419e-01 6.668119242491695742e-01 3.338846843144641086e-01 0.000000000000000000e+00 5.792639299311028722e-01 2.136070340401775847e-01 8.299452672962625027e+08 8.299452672962625027e+08
1.430000000000000000e+02 5.000000000000100000e+13 0.000000000000000000e+00 1.043931061421591311e+00 6.676967181802868911e-02 2.943039705043782456e-02 1.395995906857575887e-02 0.000000000000000000e+00 1.165989180077140031e+00 8.311670047752321711e-02 2.135555311492044926e+08 1.972905475325291455e+08
1.440000000000000000e+02 5.000000000000500000e+13 0.000000000000000000e+00 1.507671018101519156e+00 6.656077546606117834e-02 7.597523089840470256e-02 6.791929051217464319e-02 0.000000000000000000e+00 1.450478491968476558e+00 7.787554825208362064e-02 8.501881990094366074e+08 7.600395365136951208e+08
1.450000000000000000e+02 5.000000000000100000e+13 0.000000000000000000e+00 1.127492700432939365e+00 7.587600779910294579e-02 2.678752153837663658e-02 2.403909713577915414e-02 0.000000000000000000e+00 1.163073226319504938e+00 3.335679546649627375e-02 4.505783663020186871e+07 4.012117168070962280e+07
1.460000000000000000e+02 5.000000000001400000e+13 0.000000000000000000e+00 1.147441385450469475e+00 4.931910671974552851e-02 -1.000000000000000000e+00 -1.000000000000000000e+00 0.000000000000000000e+00 1.175226390513526065e+00 4.270017820059699570e-02 -1.000000000000000000e+00 -1.000000000000000000e+00
1.470000000000000000e+02 5.000000000000800000e+13 0.000000000000000000e+00 9.900511987366884536e-01 1.181402360611921165e-01 2.223494938732019088e-01 1.835925277587504567e-01 0.000000000000000000e+00 1.080989857165822965e+00 8.703191583406169607e-02 5.577661126110709906e+08 5.577661126110709906e+08
1.480000000000000000e+02 5.000000000000500000e+13 1.000000000000000000e+00 1.056092279217313745e+00 2.000706803111327453e-02 1.026236680027373116e-02 1.026236680027373116e-02 1.000000000000000000e+00 1.124080838191328091e+00 1.272871122708856342e-02 -1.000000000000000000e+00 -1.000000000000000000e+00
1.490000000000000000e+02 5.000000000004500000e+13 0.000000000000000000e+00 1.254480534250218549e+00 7.299925858928894840e-02 5.175745681500733969e-02 5.175745681500733969e-02 0.000000000000000000e+00 1.084998147013830128e+00 9.046462448126647848e-02 5.964904792543356419e+08 5.964904792543356419e+08
1.500000000000000000e+02 5.000000000001600000e+13 0.000000000000000000e+00 9.831648510390478268e-01 5.297601204847177808e-02 7.613996825819485670e-02 7.613996825819485670e-02 1.000000000000000000e+00 1.018381610705314078e+00 3.233505487600749073e-02 -1.000000000000000000e+00 -1.000000000000000000e+00
1.510000000000000000e+02 5.000000000002900000e+13 0.000000000000000000e+00 1.354855936851950382e+00 9.150965776540093133e-02 1.536076857529040662e-01 8.425593547376050707e-02 0.000000000000000000e+00 1.294931751014280374e+00 1.259628057766669640e-01 1.111918083664393663e+09 1.111918083664393663e+09
1.520000000000000000e+02 5.000000000000100000e+13 0.000000000000000000e+00 1.345422946171923595e+00 1.122858458061398307e-01 2.400769368819236915e-01 1.279995711485527321e-01 0.000000000000000000e+00 1.364535191917934043e+00 1.254661799759319851e-01 1.960461118150078058e+09 1.527387368155170441e+09
1.530000000000000000e+02 5.000000000000500000e+13 0.000000000000000000e+00 1.096408814155015232e+00 1.403012139252436952e-01 2.059522005717344950e-01 2.059522005717344950e-01 0.000000000000000000e+00 1.197688449939593891e+00 1.895556077141413720e-02 -1.000000000000000000e+00 -1.000000000000000000e+00
1.540000000000000000e+02 5.000000000000400000e+13 0.000000000000000000e+00 1.251967779392308078e+00 9.449719552919355614e-02 2.331575634710949529e-01 7.783104137239546527e-02 0.000000000000000000e+00 1.051393623887172168e+00 1.095252466500382799e-01 2.252809957490859032e+09 1.072343618120575309e+09
1.550000000000000000e+02 5.000000000002700000e+13 0.000000000000000000e+00 1.034242498978895863e+00 5.112717767304368610e-02 1.998659119121202754e-01 9.723980651496161309e-02 0.000000000000000000e+00 1.049351180562096308e+00 6.525665973647723495e-02 -1.000000000000000000e+00 -1.000000000000000000e+00
1.560000000000000000e+02 5.000000000000200000e+13 0.000000000000000000e+00 1.288694923178546947e+00 7.276048166742359047e-02 8.448401229792402989e-02 5.064997013704890250e-02 0.000000000000000000e+00 1.399920826218564063e+00 7.889569101581192512e-02 1.113276311726479530e+09 6.674329309122514725e+08
1.570000000000000000e+02 5.000000000000100000e+13 0.000000000000000000e+00 1.338027862589892480e+00 1.237884694998783175e-01 5.726084620903910266e-02 5.060950642188738469e-02 0.000000000000000000e+00 1.164236818168191689e+00 7.639953639542262920e-02 8.630803983670648336e+08 7.628261867507613897e+08
1.580000000000000000e+02 5.000000000017200000e+13 0.000000000000000000e+00 8.297304483464508218e-01 7.993795368405656743e-02 -1.000000000000000000e+00 -1.000000000000000000e+00 0.000000000000000000e+00 6.528248847216593376e-01 4.979747181115597859e-02 -1.000000000000000000e+00 -1.000000000000000000e+00
1.590000000000000000e+02 5.000000000012700000e+13 0.000000000000000000e+00 9.517254995240489457e-01 3.305663873886671711e-01 4.029454866573189409e-01 4.029454866573189409e-01 0.000000000000000000e+00 9.085346031267836908e-01 1.654810242098964379e-01 -1.000000000000000000e+00 -1.000000000000000000e+00
1.600000000000000000e+02 5.000000000000100000e+13 0.000000000000000000e+00 1.162717917029447490e+00 3.299399331569483063e-02 5.956251936329305663e-02 2.970391954918067193e-02 0.000000000000000000e+00 1.254398507399454576e+00 5.114311726859015195e-02 8.587262728856296539e+08 4.282481063130145073e+08
1.610000000000000000e+02 5.000000000000300000e+13 0.000000000000000000e+00 1.553226171982297954e+00 2.077260016018786515e-01 3.314696823869104914e-01 2.796912094963105444e-01 0.000000000000000000e+00 8.624342503646091895e-01 2.232921113691918313e-01 4.393792596922209740e+09 3.707443639670970917e+09
1.620000000000000000e+02 5.000000000004600000e+13 0.000000000000000000e+00 1.096281837087939692e+00 1.028162234514237716e-01 -1.000000000000000000e+00 -1.000000000000000000e+00 0.000000000000000000e+00 1.113228501293729966e+00 1.342997523903494417e-01 -1.000000000000000000e+00 -1.000000000000000000e+00
1.630000000000000000e+02 5.000000000000200000e+13 0.000000000000000000e+00 1.308131492633054060e+00 1.283610396139045484e-01 1.661923107023571822e-01 9.008555725822942062e-02 0.000000000000000000e+00 1.168526578855041409e+00 1.688872085545848334e-01 1.898942473057839394e+09 1.204854273841186047e+09
1.640000000000000000e+02 5.000000000018200000e+13 0.000000000000000000e+00 9.962877769967709574e-01 6.133720652364323123e-02 -1.000000000000000000e+00 -1.000000000000000000e+00 0.000000000000000000e+00 1.000614216787775845e+00 1.124267493423412589e-01 -1.000000000000000000e+00 -1.000000000000000000e+00
1.650000000000000000e+02 5.000000000003800000e+13 0.000000000000000000e+00 1.244411999855357998e+00 1.267514401514101552e-01 1.045303471736193646e-01 1.045303471736193646e-01 0.000000000000000000e+00 9.140459906888779296e-01 1.655572852224542479e-01 1.640994300471014738e+09 1.640994300471014738e+09
1.660000000000000000e+02 5.000000000000800000e+13 0.000000000000000000e+00 1.683227451059992719e+00 6.785274154147799552e-02 1.268315997605024004e-01 8.574919587284347833e-02 0.000000000000000000e+00 1.509762866846346752e+00 9.914436225637082711e-02 2.056039317129379511e+09 1.390061455187121391e+09
1.670000000000000000e+02 5.000000000017700000e+13 0.000000000000000000e+00 7.710242159114314431e-01 1.124383785200564062e-01 7.234922416758704511e-02 7.234922416758704511e-02 0.000000000000000000e+00 6.599588327100415208e-01 1.299265404133528312e-01 8.999323894883389473e+08 8.999323894883389473e+08
1.680000000000000000e+02 5.000000000004300000e+13 0.000000000000000000e+00 1.124141054240620718e+00 7.091016634604964397e-02 4.086481183923280219e-02 4.086481183923280219e-02 0.000000000000000000e+00 1.026847880966129001e+00 7.292924692676386322e-02 5.253054248156839609e+08 5.253054248156839609e+08
1.690000000000000000e+02 5.000000000006100000e+13 0.000000000000000000e+00 8.556764273539663179e-01 1.166098063398433998e-01 9.064875992279781969e-02 5.284654345835465561e-02 0.000000000000000000e+00 6.376569750732155040e-01 1.210190631647868886e-01 7.071347511010929346e+08 7.071347511010929346e+08
1.700000000000000000e+02 5.000000000000700000e+13 0.000000000000000000e+00 9.720504657697021100e-01 4.427712700881919483e-02 -1.000000000000000000e+00 -1.000000000000000000e+00 0.000000000000000000e+00 1.033042833466003785e+00 5.015610584347238859e-02 -1.000000000000000000e+00 -1.000000000000000000e+00
1.710000000000000000e+02 5.000000000002400000e+13 1.000000000000000000e+00 1.013370601534967053e+00 1.403637374608775364e-02 2.956167272953730274e-02 2.956167272953730274e-02 0.000000000000000000e+00 1.093334502822452592e+00 2.651643804412920011e-02 4.092705885044690371e+08 4.092705885044690371e+08
1.720000000000000000e+02 5.000000000000300000e+13 0.000000000000000000e+00 1.158622907739486729e+00 6.573216470057523242e-02 9.039698737078256940e-02 3.992247710444123826e-02 0.000000000000000000e+00 1.241568980450819204e+00 7.795114131635015597e-02 7.629014353781112432e+08 5.211864276214838028e+08
1.730000000000000000e+02 5.000000000000500000e+13 0.000000000000000000e+00 1.073605357448670583e+00 5.696971517259668411e-02 1.176622750273680074e-01 7.068018097330566740e-02 0.000000000000000000e+00 1.140900038004849737e+00 8.955578116883659845e-02 1.013024244434306145e+09 1.013024244434306145e+09
1.740000000000000000e+02 5.000000000000100000e+13 0.000000000000000000e+00 1.355038426045295008e+00 1.543176280674923850e-01 1.034271858727481147e-01 5.595125869134737889e-02 0.000000000000000000e+00 1.403013458505170563e+00 1.390907498420142774e-01 6.359366783131848574e+08 4.803463893185667992e+08
1.750000000000000000e+02 5.000000000001000000e+13 1.000000000000000000e+00 1.108332344012127324e+00 3.846451167011712829e-02 7.199540812829827163e-02 4.506219587416900735e-02 0.000000000000000000e+00 1.038967780267409102e+00 4.288037857697834382e-02 8.425120853776018620e+08 5.273314730015056133e+08
1.760000000000000000e+02 5.000000000000100000e+13 0.000000000000000000e+00 1.261144310061816043e+00 9.270113774019056452e-02 1.257130250436089280e-01 5.625395567584812184e-02 0.000000000000000000e+00 1.161922741281078419e+00 1.366751323609881330e-01 1.477595936218647480e+09 6.825962942518240213e+08
1.770000000000000000e+02 5.000000000015800000e+13 0.000000000000000000e+00 1.177998481324219027e+00 1.272107899070196169e-01 -1.000000000000000000e+00 -1.000000000000000000e+00 0.000000000000000000e+00 8.128837200054901402e-01 1.380767198746684077e-01 -1.000000000000000000e+00 -1.000000000000000000e+00
1.780000000000000000e+02 5.000000000000100000e+13 0.000000000000000000e+00 1.259859067499339069e+00 1.925922488384532172e-02 4.618309095886431737e-03 4.618309095886431737e-03 0.000000000000000000e+00 1.382619795708798227e+00 2.511988779287246606e-02 -1.000000000000000000e+00 -1.000000000000000000e+00
1.790000000000000000e+02 5.000000000000500000e+13 0.000000000000000000e+00 1.216198375259601505e+00 7.618753393968340226e-02 6.634355370428120235e-02 3.815287120773377255e-02 0.000000000000000000e+00 1.244480812364276989e+00 1.030744665133728755e-01 4.567291920630065799e+08 4.567291920630065799e+08
1.800000000000000000e+02 5.000000000000200000e+13 0.000000000000000000e+00 8.068564111317311216e-01 1.881902539002917041e-01 3.740686480759579657e-01 3.030385213948607603e-01 0.000000000000000000e+00 1.122917327616639760e+00 5.299455088161881405e-02 7.012042373240505457e+08 2.721837891830968261e+08
1.810000000000000000e+02 5.000000000000800000e+13 0.000000000000000000e+00 1.016658657191345183e+00 8.970253729727260816e-02 1.512196435785788107e-01 1.512196435785788107e-01 0.000000000000000000e+00 1.104353049068939274e+00 4.495761675510574068e-02 -1.000000000000000000e+00 -1.000000000000000000e+00
1.820000000000000000e+02 5.000000000000100000e+13 1.000000000000000000e+00 1.120648811852605009e+00 3.202437596995247326e-02 7.544677106057075255e-02 2.391756012347631341e-02 0.000000000000000000e+00 1.327269512421340281e+00 2.956639481238378109e-02 2.581591315216730237e+08 1.079277602060104460e+08
1.830000000000000000e+02 5.000000000000600000e+13 0.000000000000000000e+00 1.317819411130687568e+00 8.481769564798465055e-02 2.563152655101565147e-02 2.563152655101565147e-02 0.000000000000000000e+00 1.438678708516023974e+00 8.460405700203162127e-02 4.182315035605690479e+08 4.182315035605690479e+08
1.840000000000000000e+02 5.000000000004500000e+13 0.000000000000000000e+00 9.498908845222292507e-01 9.107860996553900079e-02 -1.000000000000000000e+00 -1.000000000000000000e+00 0.000000000000000000e+00 9.088906266607494899e-01 7.404644853282177364e-02 -1.000000000000000000e+00 -1.000000000000000000e+00
1.850000000000000000e+02 5.000000000000100000e+13 1.000000000000000000e+00 1.106741622275783543e+00 3.796552386543862456e-02 4.347065358266987561e-02 1.633684985872181639e-02 0.000000000000000000e+00 1.111881031164217548e+00 3.126244744664997965e-02 2.605363393659009635e+08 1.624459062287035584e+08
1.860000000000000000e+02 5.000000000000800000e+13 0.000000000000000000e+00 1.448659151834144065e+00 5.977114816471218450e-02 1.046205226540797062e+00 1.000000000000000000e+00 0.000000000000000000e+00 1.448659151834144065e+00 5.980945235218674411e-02 1.028977250801622391e+10 9.835328907731250763e+09
1.870000000000000000e+02 5.000000000000300000e+13 0.000000000000000000e+00 1.241379610117501198e+00 8.188270873424167984e-02 4.762577243704958774e-02 4.762577243704958774e-02 0.000000000000000000e+00 1.346085640047542498e+00 9.289316718116522043e-02 7.036751488441244364e+08 7.036751488441244364e+08
1.880000000000000000e+02 5.000000000000100000e+13 0.000000000000000000e+00 1.161355369976516894e+00 6.775557895636442896e-02 1.218529417646873891e-01 7.721728745667993943e-02 0.000000000000000000e+00 1.022100978819860950e+00 8.480807487313561654e-02 1.412736796587965727e+09 1.010431863482119560e+09
1.890000000000000000e+02 5.000000000003200000e+13 0.000000000000000000e+00 1.119025726085428829e+00 8.559160650754614463e-02 1.426109450360779352e-01 8.588249337745820777e-02 0.000000000000000000e+00 1.087827920230858503e+00 9.057458855916743212e-02 1.361789418860617638e+09 1.361789418860617638e+09
1.900000000000000000e+02 5.000000000000100000e+13 0.000000000000000000e+00 9.677591361037245488e-01 1.754702354928679431e-01 2.533140639560379492e-01 2.010617086005591081e-01 0.000000000000000000e+00 1.253389251788263214e+00 5.858812531763930853e-02 1.349484353552187979e+08 9.406683169918978214e+07
1.910000000000000000e+02 5.000000000000100000e+13 0.000000000000000000e+00 1.095756944317873183e+00 1.217810596154906833e-01 2.414119698157067562e-01 1.713493999242751142e-01 0.000000000000000000e+00 1.192904429778837816e+00 4.443490014361225343e-02 7.193847191622467339e+07 7.193847191622467339e+07
1.920000000000000000e+02 5.000000000090500000e+13 0.000000000000000000e+00 1.166781673057114554e+00 3.278685038454013378e-01 -1.000000000000000000e+00 -1.000000000000000000e+00 0.000000000000000000e+00 1.040799410143936621e+00 2.886329070029625687e-01 -1.000000000000000000e+00 -1.000000000000000000e+00
1.930000000000000000e+02 5.000000000011400000e+13 0.000000000000000000e+00 8.058538338004099799e-01 1.126565947840250936e-01 -1.000000000000000000e+00 -1.000000000000000000e+00 0.000000000000000000e+00 8.880426896947010151e-01 1.242424524966857929e-01 -1.000000000000000000e+00 -1.000000000000000000e+00
1.940000000000000000e+02 5.000000000000900000e+13 0.000000000000000000e+00 1.104521386126502858e+00 6.233248619459842016e-02 1.202685129003921299e-01 7.391566974271664148e-02 0.000000000000000000e+00 1.116363800568329401e+00 8.408199915563036031e-02 1.853882791923001051e+09 1.139375426575505972e+09
1.950000000000000000e+02 5.000000000004400000e+13 1.000000000000000000e+00 9.367623463752596802e-01 3.837539030485152824e-02 -1.000000000000000000e+00 -1.000000000000000000e+00 1.000000000000000000e+00 1.059921086574094229e+00 2.420844654891803754e-02 -1.000000000000000000e+00 -1.000000000000000000e+00
1.960000000000000000e+02 5.000000000000100000e+13 0.000000000000000000e+00 1.058543932230681994e+00 1.128990027615079383e-01 1.920003606862876466e-01 1.170224800461241305e-01 0.000000000000000000e+00 1.021937168233051807e+00 1.400154628989674077e-01 2.383272014961665630e+09 1.511571614498201370e+09
1.970000000000000000e+02 5.000000000000100000e+13 0.000000000000000000e+00 1.320157908465671381e+00 3.100775942610883157e-02 6.921749118362886810e-02 3.468906769979635679e-02 0.000000000000000000e+00 1.337005483360810709e+00 2.911129738770263861e-02 3.567946259686664939e+08 1.688785018016738892e+08
1.980000000000000000e+02 5.000000000000100000e+13 0.000000000000000000e+00 1.002649363071044242e+00 2.106221741965577376e-01 4.100897506254888580e-01 3.262908404236471438e-01 0.000000000000000000e+00 1.205318946653342937e+00 8.513367070241584234e-02 1.456318523351897240e+09 1.202742283071702003e+09
1.990000000000000000e+02 5.000000000000100000e+13 1.000000000000000000e+00 8.904274206541531456e-01 3.304886434486606350e-02 -1.000000000000000000e+00 -1.000000000000000000e+00 1.000000000000000000e+00 9.870811528706106008e-01 3.302284847535222334e-02 -1.000000000000000000e+00 -1.000000000000000000e+00
2.000000000000000000e+02 5.000000000000100000e+13 0.000000000000000000e+00 1.249316542356905924e+00 5.577972843794906654e-02 4.886535126629647230e-02 3.585880712207339255e-02 0.000000000000000000e+00 1.393425010837873401e+00 8.765807791372412505e-02 6.977615483011662960e+08 5.120375916541971564e+08
2.010000000000000000e+02 5.000000000000100000e+13 0.000000000000000000e+00 1.181716752564511363e+00 2.205356876606720529e-02 1.715807859375119079e-02 1.160091800182280232e-02 0.000000000000000000e+00 1.324365390093781292e+00 4.353634257930144580e-02 -1.000000000000000000e+00 -1.000000000000000000e+00
2.020000000000000000e+02 5.000000000000800000e+13 0.000000000000000000e+00 7.751255244004913170e-01 2.025612206385800085e-01 3.028960888299635501e-01 2.521085063428450956e-01 0.000000000000000000e+00 1.388949980221838354e+00 1.188301563923902654e-01 8.028089476842862368e+08 8.028089476842862368e+08
2.030000000000000000e+02 5.000000000000300000e+13 0.000000000000000000e+00 1.271511744739767691e+00 9.949792319060518642e-02 1.021839526597098508e-01 4.332081954695851667e-02 0.000000000000000000e+00 9.676481104686501800e-01 1.473604760683456250e-01 1.510204871334700346e+09 6.402503622843710184e+08
2.040000000000000000e+02 5.000000000002400000e+13 0.000000000000000000e+00 9.511936932729406768e-01 1.668870332882262386e-01 1.551455690691126432e-01 1.551455690691126432e-01 0.000000000000000000e+00 7.210071241478244186e-01 5.429825456679752971e-02 -1.000000000000000000e+00 -1.000000000000000000e+00
2.050000000000000000e+02 5.000000000000400000e+13 0.000000000000000000e+00 1.127670813999774202e+00 3.340033624651997379e-02 1.070355119952057787e-01 8.483700309948642715e-02 0.000000000000000000e+00 1.179610721760055325e+00 4.554858666974214570e-02 1.138250376076632023e+09 1.138250376076632023e+09
2.060000000000000000e+02 5.000000000032900000e+13 0.000000000000000000e+00 9.141957217063118035e-01 5.342586825998712347e-02 -1.000000000000000000e+00 -1.000000000000000000e+00 0.000000000000000000e+00 9.552245880846964576e-01 7.961553925629016870e-02 -1.000000000000000000e+00 -1.000000000000000000e+00
2.070000000000000000e+02 5.000000000000600000e+13 0.000000000000000000e+00 1.043429003948254774e+00 6.198638485477359072e-02 1.134815694152740972e-01 9.395377388163435317e-02 1.000000000000000000e+00 1.063091862968221335e+00 2.451047053700301098e-02 -1.000000000000000000e+00 -1.000000000000000000e+00
2.080000000000000000e+02 5.000000000001300000e+13 0.000000000000000000e+00 1.104143684296133410e+00 1.325683903503760419e-01 1.744854088326485420e-01 1.207510434708867902e-01 0.000000000000000000e+00 1.057444720538042393e+00 1.872110989586502627e-01 1.835520766468362331e+09 1.440385453475174189e+09
2.090000000000000000e+02 5.000000000000300000e+13 0.000000000000000000e+00 1.220417256983907128e+00 1.852337958184400307e-02 1.429330420947604041e-01 6.644931639834965320e-02 0.000000000000000000e+00 1.284760988304038509e+00 2.966381169813746971e-02 5.714474453096283674e+08 4.795884270633238554e+08
2.100000000000000000e+02 5.000000000027200000e+13 1.000000000000000000e+00 9.338384669810203542e-01 2.807313632891774921e-02 -1.000000000000000000e+00 -1.000000000000000000e+00 0.000000000000000000e+00 7.620352200834831224e-01 7.393911613094597546e-02 -1.000000000000000000e+00 -1.000000000000000000e+00
2.110000000000000000e+02 5.000000000000100000e+13 1.000000000000000000e+00 1.143375565576528530e+00 3.268718516221088416e-02 5.394609626252849094e-02 2.489867923939176331e-02 0.000000000000000000e+00 1.295739603404344908e+00 5.642872021827773088e-02 4.638961758773447275e+08 3.626720570666590929e+08
2.120000000000000000e+02 5.000000000000100000e+13 0.000000000000000000e+00 1.238053599216283551e+00 6.215378354298827651e-02 1.133067730999495065e-01 2.901834531509220674e-02 0.000000000000000000e+00 1.191279280719425682e+00 4.987503331546087187e-02 8.157961812593541145e+08 3.630806174133207202e+08
2.130000000000000000e+02 5.000000000000700000e+13 0.000000000000000000e+00 1.163511595585779768e+00 5.199111926177873988e-02 -1.000000000000000000e+00 -1.000000000000000000e+00 0.000000000000000000e+00 1.127987493823892295e+00 7.549337766446823084e-02 -1.000000000000000000e+00 -1.000000000000000000e+00
2.140000000000000000e+02 5.000000000000500000e+13 0.000000000000000000e+00 1.588979723562254920e+00 6.141481701932704346e-02 1.698341941742481931e-01 8.870244618651844382e-02 0.000000000000000000e+00 1.574368766062219871e+00 1.041023153883896685e-01 2.053299643263020992e+09 1.072414786650498152e+09
2.150000000000000000e+02 5.000000000000300000e+13 0.000000000000000000e+00 1.233320686658326615e+00 4.034349063636984145e-02 1.216557933423602356e-02 6.449126910158791554e-03 0.000000000000000000e+00 1.419856796473359495e+00 5.439404451935814233e-02 1.896048018540984690e+08 1.005118947760641575e+08
2.160000000000000000e+02 5.000000000006200000e+13 0.000000000000000000e+00 8.345634088384144000e-01 4.400779274672868974e-02 -1.000000000000000000e+00 -1.000000000000000000e+00 1.000000000000000000e+00 8.808404511335993226e-01 2.110920165340312779e-02 -1.000000000000000000e+00 -1.000000000000000000e+00
2.170000000000000000e+02 5.000000000005400000e+13 0.000000000000000000e+00 1.014298435304564094e+00 6.905707429065777170e-02 -1.000000000000000000e+00 -1.000000000000000000e+00 0.000000000000000000e+00 1.051653259206640989e+00 8.754111919781167039e-02 -1.000000000000000000e+00 -1.000000000000000000e+00
2.180000000000000000e+02 5.000000000003000000e+13 0.000000000000000000e+00 1.506991739640902273e+00 9.337471021990789710e-02 7.881018258048107239e-02 4.427603640819723768e-02 0.000000000000000000e+00 1.464098765150206649e+00 1.175402009550287202e-01 8.931907668148806095e+08 5.017999656399204731e+08
2.190000000000000000e+02 5.000000000000900000e+13 1.000000000000000000e+00 1.066727030577571567e+00 2.888162388870918126e-02 -1.000000000000000000e+00 -1.000000000000000000e+00 0.000000000000000000e+00 1.150516103588758332e+00 3.017655642019421644e-02 -1.000000000000000000e+00 -1.000000000000000000e+00
2.200000000000000000e+02 5.000000000001900000e+13 0.000000000000000000e+00 9.191117693461822169e-01 7.539751151065826607e-02 9.010598735589438191e-02 9.010598735589438191e-02 0.000000000000000000e+00 1.175880135070973775e+00 9.330481705470455855e-02 -1.000000000000000000e+00 -1.000000000000000000e+00
2.210000000000000000e+02 5.000000000014500000e+13 0.000000000000000000e+00 7.405158545732555275e-01 2.058267833617908327e-01 1.312289576793055634e-01 1.312289576793055634e-01 0.000000000000000000e+00 7.948224379432848874e-01 8.219343464680946287e-02 -1.000000000000000000e+00 -1.000000000000000000e+00
2.220000000000000000e+02 5.000000000000300000e+13 0.000000000000000000e+00 1.530787024574858712e+00 1.511826835809660374e-01 2.160136525725929735e-01 1.635542536933265456e-01 0.000000000000000000e+00 1.421195333007645667e+00 2.024924447817020856e-01 2.592498837862335205e+09 1.962904694113709211e+09
2.230000000000000000e+02 5.000000000004100000e+13 0.000000000000000000e+00 1.091002305923497673e+00 1.745716304700558885e-01 6.561846965852581592e-02 4.392734554607096581e-02 0.000000000000000000e+00 9.027930797991839951e-01 1.679909320602389067e-01 9.007268422474399805e+08 6.029786956008927822e+08
2.240000000000000000e+02 5.000000000003300000e+13 1.000000000000000000e+00 9.440906896866952946e-01 3.740726220228777349e-02 5.344330504003883681e-02 5.344330504003883681e-02 0.000000000000000000e+00 1.039223294638799588e+00 4.390559143329743341e-02 -1.000000000000000000e+00 -1.000000000000000000e+00
2.250000000000000000e+02 5.000000000000100000e+13 0.000000000000000000e+00 1.474100726061207789e+00 8.628075802586231136e-02 2.098273332260476853e-01 8.237028692598237500e-02 0.000000000000000000e+00 1.373608821426051341e+00 1.090489810884224947e-01 2.266063599801098347e+09 9.601789064408460855e+08
2.260000000000000000e+02 5.000000000001200000e+13 0.000000000000000000e+00 1.224038160582639367e+00 3.673761087632492622e-02 4.580899163462230986e-03 4.580899163462230986e-03 0.000000000000000000e+00 1.137536228451380138e+00 5.071950104202483517e-02 6.880945983526943624e+07 6.880945983526943624e+07
2.270000000000000000e+02 5.000000000000100000e+13 0.000000000000000000e+00 1.194454249085619146e+00 4.224764975052074795e-02 5.563368049778723984e-02 2.047931986823278705e-02 0.000000000000000000e+00 1.375672588356188886e+00 1.217154256391066169e-02 -1.000000000000000000e+00 -1.000000000000000000e+00
2.280000000000000000e+02 5.000000000000100000e+13 0.000000000000000000e+00 2.488017318410447931e+00 7.179267380263373854e-02 7.716466526030238415e-02 4.616059289014382006e-02 0.000000000000000000e+00 2.465949906201077013e+00 7.266360580862735175e-02 7.756538772237447500e+08 6.317547939303120375e+08
2.290000000000000000e+02 5.000000000000700000e+13 0.000000000000000000e+00 9.164957035710906696e-01 8.638615485935331739e-02 1.985129696745846772e-01 1.260601583600729492e-01 0.000000000000000000e+00 1.170721457477554850e+00 7.011047880057388881e-02 1.169056608967097521e+09 6.656011102769806385e+08
2.300000000000000000e+02 5.000000000000100000e+13 1.000000000000000000e+00 1.127116589539911340e+00 2.358765729282739226e-02 -1.000000000000000000e+00 -1.000000000000000000e+00 1.000000000000000000e+00 1.148813163224166045e+00 3.038777420354028813e-02 -1.000000000000000000e+00 -1.000000000000000000e+00
2.310000000000000000e+02 5.000000000000100000e+13 0.000000000000000000e+00 6.061041016248189806e-01 2.279503754725749065e-01 4.597166700046732002e-01 3.914929176709462388e-01 0.000000000000000000e+00 1.994785174081958212e+00 1.039227677110048514e-01 -1.000000000000000000e+00 -1.000000000000000000e+00
2.320000000000000000e+02 5.000000000009300000e+13 0.000000000000000000e+00 1.032296851029780527e+00 1.677092140716034407e-01 1.557606122103838975e-01 1.557606122103838975e-01 0.000000000000000000e+00 1.037137720593182877e+00 1.803614810174924976e-01 1.878350885282207727e+09 1.878350885282207727e+09
2.330000000000000000e+02 5.000000000000400000e+13 0.000000000000000000e+00 1.339298469735045849e+00 1.074382637684331981e-01 8.240192179714002363e-02 8.240192179714002363e-02 0.000000000000000000e+00 1.598225586170332502e+00 1.021216502936130172e-01 -1.000000000000000000e+00 -1.000000000000000000e+00
2.340000000000000000e+02 5.000000000000100000e+13 0.000000000000000000e+00 1.288536403206557379e+00 2.338538769111296947e-02 3.675110957455462318e-02 8.975270479134466947e-03 0.000000000000000000e+00 1.441167324958438467e+00 1.914958864841159042e-02 4.366377002772343755e+08 1.274426413039462864e+08
2.350000000000000000e+02 5.000000000001100000e+13 0.000000000000000000e+00 1.149563205237853047e+00 5.976478316354204984e-02 2.510277707861397617e-02 2.510277707861397617e-02 0.000000000000000000e+00 1.140237600240327831e+00 8.601470598034048620e-02 3.131316440131204128e+08 3.131316440131204128e+08
2.360000000000000000e+02 5.000000000000200000e+13 1.000000000000000000e+00 1.109643968563193805e+00 3.447345403597587565e-02 -1.000000000000000000e+00 -1.000000000000000000e+00 0.000000000000000000e+00 1.158665385660432534e+00 3.528031049700586924e-02 -1.000000000000000000e+00 -1.000000000000000000e+00
2.370000000000000000e+02 5.000000000001200000e+13 0.000000000000000000e+00 1.421537466611640488e+00 6.289375444925680847e-02 8.519695575019690936e-02 5.866899477125423618e-02 0.000000000000000000e+00 1.342949133208352741e+00 1.071441535473895423e-01 1.081348161361530066e+09 7.446464379647550583e+08
2.380000000000000000e+02 5.000000000000100000e+13 0.000000000000000000e+00 1.157423597144297212e+00 1.169652275467404495e-01 3.076308325274573208e-01 1.206810803343234123e-01 0.000000000000000000e+00 1.187309694301089902e+00 1.180469870805298388e-01 3.335176530628153801e+09 1.586769920815988541e+09
2.390000000000000000e+02 5.000000000001200000e+13 0.000000000000000000e+00 1.119963094233432210e+00 1.815541017007108737e-01 2.794484465173825427e-01 2.230226368098459089e-01 0.000000000000000000e+00 -3.945557829163732766e+00 1.385740156754252106e-01 9.295671399920957088e+08 9.295671399920957088e+08
2.400000000000000000e+02 5.000000000000300000e+13 0.000000000000000000e+00 1.487464883539690419e+00 2.772230142516150450e-02 1.658245206144261588e-02 9.744816766926628002e-03 0.000000000000000000e+00 1.652368923614464524e+00 3.526324132624170798e-02 2.481820684258487523e+08 1.458462700622059107e+08
2.410000000000000000e+02 5.000000000000300000e+13 0.000000000000000000e+00 1.219419319904512022e+00 1.344468108814911023e-01 1.834879191423941514e-01 1.146466115427764165e-01 0.000000000000000000e+00 1.163867964892085105e+00 1.608704704062971780e-01 2.046751972803606272e+09 1.359871810560768604e+09
2.420000000000000000e+02 5.000000000005400000e+13 0.000000000000000000e+00 1.311186763452586224e+00 2.194288377050853112e-01 2.048051803555931416e-01 1.427345957853979885e-01 0.000000000000000000e+00 1.064529426115996769e+00 2.948158992127997147e-01 1.819445357885141850e+09 1.819445357885141850e+09
2.430000000000000000e+02 5.000000000000200000e+13 0.000000000000000000e+00 1.375163259291067419e+00 1.955944284917716935e-01 1.461891328416578817e-01 1.256232254147395533e-01 0.000000000000000000e+00 1.352135174703927412e+00 1.573809057742075468e-01 1.973350746633581400e+09 1.844120553770947933e+09
2.440000000000000000e+02 5.000000000000700000e+13 0.000000000000000000e+00 5.765141953577765932e-01 2.310975484225338272e-01 4.333177246896964263e-01 1.991877897412890619e-01 0.000000000000000000e+00 8.951736487737945724e-01 2.980994412678164562e-01 3.445511576161964893e+09 2.396835278196599483e+09
2.450000000000000000e+02 5.000000000000700000e+13 0.000000000000000000e+00 1.289942778418710745e+00 8.219326181694054656e-02 1.906841530177754707e-01 1.306080609187374730e-01 0.000000000000000000e+00 1.402747756538643698e+00 1.026015053861384085e-01 2.428522238004268646e+09 1.840392862596690893e+09
2.460000000000000000e+02 5.000000000000100000e+13 0.000000000000000000e+00 1.428262416051169659e+00 1.191185385861893153e-01 3.206017003590450609e-01 1.132544625384994952e-01 0.000000000000000000e+00 1.715625437592063429e+00 1.728865896099340271e-01 1.757943586583052874e+09 6.110125349769582748e+08
2.470000000000000000e+02 5.000000000004900000e+13 0.000000000000000000e+00 9.324700478554991401e-01 7.529722126443522123e-02 -1.000000000000000000e+00 -1.000000000000000000e+00 0.000000000000000000e+00 9.876119625106112299e-01 6.815324041300295510e-02 -1.000000000000000000e+00 -1.000000000000000000e+00
2.480000000000000000e+02 5.000000000000200000e+13 0.000000000000000000e+00 1.205790155941755870e+00 5.045517784624076185e-02 1.807208568429802265e-02 1.637532314758070873e-02 0.000000000000000000e+00 1.405516382393890984e+00 3.726776090370271383e-02 2.409570115873219371e+08 2.183338989392917752e+08
2.490000000000000000e+02 5.000000000000100000e+13 0.000000000000000000e+00 1.278272440040004954e+00 7.208067415696781111e-02 5.928661696159787109e-02 3.331320700437345045e-02 0.000000000000000000e+00 1.278851498844578938e+00 8.312203415070625045e-02 6.281460557230851650e+08 3.871520223776115179e+08
2.500000000000000000e+02 5.000000000000500000e+13 0.000000000000000000e+00 1.822942977277152155e+00 2.753396363188201010e-02 5.072586041681165225e-02 4.435478776652979765e-02 0.000000000000000000e+00 1.967710275251193686e+00 4.148188602569782835e-02 6.540107784572402239e+08 5.718682549124346972e+08
2.510000000000000000e+02 5.000000000000100000e+13 0.000000000000000000e+00 1.199211000079095646e+00 5.409320186136195446e-02 6.443718271121899599e-02 5.132377809461815404e-02 0.000000000000000000e+00 1.142017188459639288e+00 6.462577540573219426e-02 6.568613721419717073e+08 6.315921042671391964e+08
2.520000000000000000e+02 5.000000000001200000e+13 0.000000000000000000e+00 1.288100887968753439e+00 5.308094815264099292e-02 1.131869695101711815e-01 1.131869695101711815e-01 0.000000000000000000e+00 1.234555971218904924e+00 7.683423699577947297e-02 1.261485226592536688e+09 1.261485226592536688e+09
2.530000000000000000e+02 5.000000000002600000e+13 0.000000000000000000e+00 7.977315512325636737e-01 1.889673641155371620e-01 2.500026740705312833e-01 2.500026740705312833e-01 0.000000000000000000e+00 1.218399189850229769e+00 3.675804561100669970e-02 -1.000000000000000000e+00 -1.000000000000000000e+00
2.540000000000000000e+02 5.000000000000100000e+13 0.000000000000000000e+00 1.104079723751972164e+00 4.730430316557283910e-02 6.013325171589418983e-02 3.269164031772962137e-02 0.000000000000000000e+00 1.315152700725166879e+00 5.008860842072706404e-02 8.609753258142001927e+07 4.630340337979719043e+07
2.550000000000000000e+02 5.000000000000300000e+13 0.000000000000000000e+00 1.283802371932769137e+00 5.768148495513675950e-02 1.141985688172489771e-01 7.138465373270740100e-02 0.000000000000000000e+00 1.385575699920873260e+00 6.280311362402681008e-02 7.483035610648196936e+08 4.360180970879702568e+08
2.560000000000000000e+02 5.000000000002500000e+13 1.000000000000000000e+00 9.972499079897155783e-01 2.629972869370840460e-02 -1.000000000000000000e+00 -1.000000000000000000e+00 1.000000000000000000e+00 1.043900370491144036e+00 2.904754278701138920e-02 -1.000000000000000000e+00 -1.000000000000000000e+00
2.570000000000000000e+02 5.000000000000100000e+13 0.000000000000000000e+00 1.097367140267791585e+00 5.126203907041650132e-02 5.395218722887651364e-02 2.976299016827667343e-02 0.000000000000000000e+00 1.135028932827727433e+00 4.267383019506090780e-02 6.334694123770065308e+08 4.074044283799899220e+08
2.580000000000000000e+02 5.000000000000100000e+13 0.000000000000000000e+00 1.061019515291094839e+00 6.300634057117998621e-02 8.282806671359602135e-02 3.197967995654415335e-02 0.000000000000000000e+00 1.120556888251088123e+00 4.855115291510660874e-02 6.141643814315121174e+08 3.934081250671942830e+08
2.590000000000000000e+02 5.000000000000400000e+13 0.000000000000000000e+00 7.156041517008252528e-01 2.555362310081198962e-01 4.519257241508110590e-01 3.490459293135884100e-01 0.000000000000000000e+00 1.250063649045519698e+00 1.016056753840077487e-01 9.110221616552098989e+08 4.629953242884534597e+08
2.600000000000000000e+02 5.000000000003600000e+13 0.000000000000000000e+00 1.253839320459642526e+00 5.826987624681304045e-02 -1.000000000000000000e+00 -1.000000000000000000e+00 0.000000000000000000e+00 1.234715514757548593e+00 6.949483719204689602e-02 -1.000000000000000000e+00 -1.000000000000000000e+00
2.610000000000000000e+02 5.000000000000100000e+13 0.000000000000000000e+00 1.217951856475898431e+00 1.385148964436118124e-01 2.191790279110602813e-01 9.582686771341650256e-02 0.000000000000000000e+00 1.132373133565837353e+00 1.415561374355966684e-01 2.366178812575719833e+09 1.167505716663220406e+09
2.620000000000000000e+02 5.000000000000300000e+13 0.000000000000000000e+00 1.163226462238762471e+00 5.720412523873686511e-02 -1.000000000000000000e+00 -1.000000000000000000e+00 0.000000000000000000e+00 1.257188625407359428e+00 5.494220950348504412e-02 -1.000000000000000000e+00 -1.000000000000000000e+00
2.630000000000000000e+02 5.000000000007500000e+13 0.000000000000000000e+00 7.713624204443935151e-01 9.005204452139466131e-02 2.271148316341728701e-01 1.064160784957414591e-01 0.000000000000000000e+00 9.994168363509720043e-01 8.496215698880489609e-02 1.442036357134505510e+09 8.810729490378080606e+08
2.640000000000000000e+02 5.000000000419200000e+13 0.000000000000000000e+00 5.276960848813487814e-01 2.042601366832839105e-01 -1.000000000000000000e+00 -1.000000000000000000e+00 0.000000000000000000e+00 -1.545301895215448695e+01 2.175481696619415428e-01 -1.000000000000000000e+00 -1.000000000000000000e+00
2.650000000000000000e+02 5.000000000004900000e+13 0.000000000000000000e+00 4.945534096479647368e-01 2.229478950839322571e-01 3.253127320002648926e-01 3.253127320002648926e-01 0.000000000000000000e+00 8.390186506325882920e-01 3.555221455264000185e-02 -1.000000000000000000e+00 -1.000000000000000000e+00
2.660000000000000000e+02 5.000000000011600000e+13 0.000000000000000000e+00 1.053117846603373264e+00 9.241039461541224187e-02 -1.000000000000000000e+00 -1.000000000000000000e+00 0.000000000000000000e+00 1.043716087393602443e+00 9.559915833534823881e-02 -1.000000000000000000e+00 -1.000000000000000000e+00
2.670000000000000000e+02 5.000000000003400000e+13 0.000000000000000000e+00 1.061285693940267505e+00 8.935619263884730934e-02 7.051633731060188981e-02 5.187799122207274044e-02 0.000000000000000000e+00 1.256841072050555841e+00 8.231286193521396288e-02 2.408155956791721284e+08 2.408155956791721284e+08
2.680000000000000000e+02 5.000000000000100000e+13 0.000000000000000000e+00 1.036753259575593278e+00 9.255496952799086019e-02 3.750169803118407197e-01 1.752531647818737770e-01 0.000000000000000000e+00 1.179590367117262950e+00 1.338101143233282886e-01 2.019874480763838053e+09 1.053665432218198776e+09
2.690000000000000000e+02 5.000000000011100000e+13 0.000000000000000000e+00 1.081659318232573996e+00 6.912819246423736186e-02 -1.000000000000000000e+00 -1.000000000000000000e+00 0.000000000000000000e+00 1.055271217532590677e+00 1.068618891835769469e-01 -1.000000000000000000e+00 -1.000000000000000000e+00
2.700000000000000000e+02 5.000000000002600000e+13 0.000000000000000000e+00 1.039464722838758126e+00 8.294681411907013635e-02 1.825583423223247903e-01 1.825583423223247903e-01 1.000000000000000000e+00 1.034185913989328354e+00 2.219079235544533374e-02 -1.000000000000000000e+00 -1.000000000000000000e+00
2.710000000000000000e+02 5.000000000001400000e+13 0.000000000000000000e+00 1.242047027050914521e+00 5.546447868224121253e-02 6.277047728681484084e-02 6.277047728681484084e-02 0.000000000000000000e+00 1.259109021804928119e+00 1.081435777238966139e-01 9.428564063721538782e+08 9.428564063721538782e+08
2.720000000000000000e+02 5.000000000000400000e+13 0.000000000000000000e+00 1.192307748625673902e+00 8.343085713840077411e-02 6.228817511893287168e-02 6.228817511893287168e-02 0.000000000000000000e+00 1.283685930994143742e+00 4.953881846699929176e-02 -1.000000000000000000e+00 -1.000000000000000000e+00
2.730000000000000000e+02 5.000000000005100000e+13 1.000000000000000000e+00 9.033571431028054599e-01 2.865476130549829761e-02 -1.000000000000000000e+00 -1.000000000000000000e+00 1.000000000000000000e+00 8.684918577320346333e-01 1.478913534153994749e-02 -1.000000000000000000e+00 -1.000000000000000000e+00
2.740000000000000000e+02 5.000000000000500000e+13 0.000000000000000000e+00 1.142959299350797098e+00 4.805876689046748029e-02 5.309586340274067423e-02 5.309586340274067423e-02 0.000000000000000000e+00 1.164169073729961257e+00 7.827448935225322924e-02 6.241559193766130209e+08 6.241559193766130209e+08
2.750000000000000000e+02 5.000000000000400000e+13 0.000000000000000000e+00 1.708493276845463260e+00 2.392932792532128927e-01 2.447988419536781535e-01 1.586523460938437657e-01 0.000000000000000000e+00 1.711122199116724030e+00 2.710277455880757969e-01 2.723124269453761578e+09 2.058528490367784262e+09
2.760000000000000000e+02 5.000000000000200000e+13 0.000000000000000000e+00 3.023800369039050917e+00 1.644515158793879994e-01 1.325444312297586469e-01 1.070550564470385824e-01 0.000000000000000000e+00 3.003136494226744446e+00 2.104592837286060891e-01 1.714184755262834549e+09 1.384533050786624908e+09
2.770000000000000000e+02 -1.000000000000000000e+00 -1.000000000000000000e+00 -1.000000000000000000e+00 -1.000000000000000000e+00 -1.000000000000000000e+00 -1.000000000000000000e+00 -1.000000000000000000e+00 -1.000000000000000000e+00 -1.000000000000000000e+00 -1.000000000000000000e+00 -1.000000000000000000e+00
2.780000000000000000e+02 5.000000000006500000e+13 1.000000000000000000e+00 9.773868066591268056e-01 2.224138625011779294e-02 -1.000000000000000000e+00 -1.000000000000000000e+00 1.000000000000000000e+00 9.717805541790158763e-01 1.581337030675692215e-02 -1.000000000000000000e+00 -1.000000000000000000e+00
2.790000000000000000e+02 5.000000000046200000e+13 0.000000000000000000e+00 9.505870677077006281e-01 7.188864419276616569e-02 -1.000000000000000000e+00 -1.000000000000000000e+00 0.000000000000000000e+00 9.189993645506880915e-01 4.161019703025100464e-02 -1.000000000000000000e+00 -1.000000000000000000e+00
2.800000000000000000e+02 5.000000000001800000e+13 1.000000000000000000e+00 1.011137866640964500e+00 3.934319102139206131e-02 -1.000000000000000000e+00 -1.000000000000000000e+00 0.000000000000000000e+00 9.730663220720658924e-01 5.347116453681315801e-02 -1.000000000000000000e+00 -1.000000000000000000e+00
2.810000000000000000e+02 5.000000000001500000e+13 0.000000000000000000e+00 1.106809155254617094e+00 7.059408885516037235e-02 2.307818066888863429e-01 1.386497720568516945e-01 0.000000000000000000e+00 1.051233365369846684e+00 8.697273473239824915e-02 2.865923744387453079e+09 1.721798089687867880e+09
2.820000000000000000e+02 5.000000000000500000e+13 0.000000000000000000e+00 1.860112631099347658e+00 2.719776565731443219e-01 2.261908478244934739e-01 2.147635206512506223e-01 0.000000000000000000e+00 -2.583139425126203910e-04 2.702966514002125842e-01 3.709275897124282360e+09 3.521880564112611771e+09
2.830000000000000000e+02 5.000000000000900000e+13 1.000000000000000000e+00 1.099421547693719914e+00 3.804666543131381140e-02 9.791302250898419046e-02 5.777909787614471382e-02 0.000000000000000000e+00 1.104738889519090383e+00 3.618618350541057127e-02 4.766858502282472253e+08 3.740004244625597000e+08
2.840000000000000000e+02 5.000000000000100000e+13 0.000000000000000000e+00 1.259431293028442811e+00 7.892552495899890497e-02 5.742964464179023398e-02 2.281244907935473312e-02 0.000000000000000000e+00 1.314155040625623938e+00 8.983382624719833676e-02 4.254354612067569494e+08 2.922385909330518842e+08
2.850000000000000000e+02 5.000000000000300000e+13 1.000000000000000000e+00 1.039845962979402572e+00 1.855660996501972207e-02 -1.000000000000000000e+00 -1.000000000000000000e+00 1.000000000000000000e+00 1.043744664105070052e+00 1.902756091443310107e-02 -1.000000000000000000e+00 -1.000000000000000000e+00
2.860000000000000000e+02 5.000000000006000000e+13 0.000000000000000000e+00 1.206176805904602078e+00 9.804305147017430833e-02 1.115168525837106905e-01 1.115168525837106905e-01 0.000000000000000000e+00 1.138731719780969653e+00 1.502694812125446866e-01 1.461399476465241432e+09 1.461399476465241432e+09
2.870000000000000000e+02 5.000000000012000000e+13 0.000000000000000000e+00 1.061471291929896754e+00 1.109720373153740419e-01 1.981256115955819241e-01 1.272662150545773030e-01 0.000000000000000000e+00 8.998591034267222621e-01 1.631799623697650914e-01 2.394768326539810181e+09 1.538282195809266806e+09
2.880000000000000000e+02 5.000000000000200000e+13 0.000000000000000000e+00 1.290104889755375739e+00 4.977764913872390062e-02 5.074549064026209755e-02 2.406956775914355709e-02 0.000000000000000000e+00 1.427159517624894347e+00 4.664129374815956935e-02 1.596959646184903085e+08 1.596959646184903085e+08
2.890000000000000000e+02 5.000000000002100000e+13 0.000000000000000000e+00 1.195755306990901934e+00 4.440640810178612258e-02 5.541562730221917532e-02 5.541562730221917532e-02 0.000000000000000000e+00 1.235703761137485923e+00 4.195093153669379737e-02 7.090828925586465597e+08 7.090828925586465597e+08
2.900000000000000000e+02 5.000000000009400000e+13 0.000000000000000000e+00 9.118967711125454123e-01 5.466377613789048795e-02 -1.000000000000000000e+00 -1.000000000000000000e+00 1.000000000000000000e+00 8.826065365944721908e-01 3.975947881708141729e-02 -1.000000000000000000e+00 -1.000000000000000000e+00
2.910000000000000000e+02 5.000000000002100000e+13 0.000000000000000000e+00 1.542843677455951523e+00 2.016859740953711178e-01 2.437550285304371789e-01 1.583041342424116871e-01 0.000000000000000000e+00 1.027880312811096708e+00 3.049789491053626067e-01 2.970117220043129444e+09 1.928911325243473053e+09
2.920000000000000000e+02 5.000000000000100000e+13 0.000000000000000000e+00 1.126000429155943339e+00 1.721568843620868983e-01 3.467103175527824765e-01 2.122780297365483293e-01 0.000000000000000000e+00 1.500122022927674825e+00 1.752745517839791045e-01 1.883733694844537020e+09 1.223240673970403433e+09
2.930000000000000000e+02 5.000000000006900000e+13 0.000000000000000000e+00 9.332538853185863292e-01 4.495841476291589228e-02 -1.000000000000000000e+00 -1.000000000000000000e+00 1.000000000000000000e+00 9.455315153278107676e-01 1.837594884721340666e-02 -1.000000000000000000e+00 -1.000000000000000000e+00
2.940000000000000000e+02 5.000000000000100000e+13 0.000000000000000000e+00 1.195046496752525833e+00 2.005815097139046765e-01 2.211060448256915445e-01 1.701563896702449619e-01 0.000000000000000000e+00 7.552651203267680691e-01 2.823591863606646490e-01 3.510148096854120731e+09 2.830549841828638554e+09
2.950000000000000000e+02 -1.000000000000000000e+00 -1.000000000000000000e+00 -1.000000000000000000e+00 -1.000000000000000000e+00 -1.000000000000000000e+00 -1.000000000000000000e+00 -1.000000000000000000e+00 -1.000000000000000000e+00 -1.000000000000000000e+00 -1.000000000000000000e+00 -1.000000000000000000e+00
2.960000000000000000e+02 5.000000000000200000e+13 0.000000000000000000e+00 1.102589153783934073e+00 1.460161893444882619e-01 2.286185483508077210e-01 1.283818566350177770e-01 0.000000000000000000e+00 1.202667182202761254e+00 1.117072429497163455e-01 1.508613778392812014e+09 1.508613778392812014e+09
2.970000000000000000e+02 5.000000000000600000e+13 0.000000000000000000e+00 1.192175287254551019e+00 7.235895958925489535e-02 -1.000000000000000000e+00 -1.000000000000000000e+00 0.000000000000000000e+00 1.043839206176293777e+00 7.242329664195472361e-02 -1.000000000000000000e+00 -1.000000000000000000e+00
2.980000000000000000e+02 5.000000000000700000e+13 1.000000000000000000e+00 1.089946477269176706e+00 3.058661855400626739e-02 -1.000000000000000000e+00 -1.000000000000000000e+00 0.000000000000000000e+00 1.152544636502050635e+00 1.814250706504562383e-02 -1.000000000000000000e+00 -1.000000000000000000e+00
2.990000000000000000e+02 5.000000000001400000e+13 0.000000000000000000e+00 1.113982666135724831e+00 6.115363038377131383e-02 2.694968588301773979e-02 2.694968588301773979e-02 0.000000000000000000e+00 1.139232953444762941e+00 6.547528450792410026e-02 -1.000000000000000000e+00 -1.000000000000000000e+00
3.000000000000000000e+02 5.000000000000200000e+13 1.000000000000000000e+00 1.100325725376618768e+00 2.768037428814353745e-02 6.146021275674427506e-03 6.146021275674427506e-03 0.000000000000000000e+00 1.191489061933505456e+00 4.994307981566458582e-02 -1.000000000000000000e+00 -1.000000000000000000e+00
3.010000000000000000e+02 5.000000000000500000e+13 0.000000000000000000e+00 9.645808285647354818e-01 1.441014467259152665e-01 2.495343251626362113e-01 1.833582663116576639e-01 0.000000000000000000e+00 1.223072316029406803e+00 9.809976150235739933e-02 5.307934490582938790e+08 5.307934490582938790e+08
3.020000000000000000e+02 5.000000000000200000e+13 0.000000000000000000e+00 1.281162589115838024e+00 3.651527841978133293e-02 -1.000000000000000000e+00 -1.000000000000000000e+00 0.000000000000000000e+00 1.318913885275645015e+00 3.064862349283985210e-02 -1.000000000000000000e+00 -1.000000000000000000e+00
3.030000000000000000e+02 5.000000000000100000e+13 0.000000000000000000e+00 1.161097676804219381e+00 2.837691030845854515e-02 1.754646884371245663e-01 6.956124833268689800e-02 0.000000000000000000e+00 1.162969762930659234e+00 8.600485645157865400e-02 8.834016187328288555e+08 8.390897492600938082e+08
3.040000000000000000e+02 5.000000000000500000e+13 0.000000000000000000e+00 1.227804973432821134e+00 4.360433139825879018e-02 3.071426285897128385e-03 3.071426285897128385e-03 0.000000000000000000e+00 1.360436137926181122e+00 8.267186176098771655e-02 4.370153251337758452e+07 4.370153251337758452e+07
3.050000000000000000e+02 5.000000000000600000e+13 0.000000000000000000e+00 1.092239688895020988e+00 6.189907770771524431e-02 4.515068294674727534e-02 3.628548096047207183e-02 0.000000000000000000e+00 1.112580425921900096e+00 5.221540140865062879e-02 4.668335613128678799e+08 4.668335613128678799e+08
3.060000000000000000e+02 5.000000000002000000e+13 0.000000000000000000e+00 4.563978179968931626e-01 2.000446657869494327e-01 2.768794048083108583e-01 2.628631762210302258e-01 0.000000000000000000e+00 9.324857008857618812e-01 4.292770417648908432e-02 -1.000000000000000000e+00 -1.000000000000000000e+00
3.070000000000000000e+02 5.000000000000500000e+13 0.000000000000000000e+00 1.133028068258338017e+00 1.433352238342636698e-01 2.085847284380352440e-01 1.621282022947860835e-01 0.000000000000000000e+00 9.861819186430271778e-01 1.820921834867300082e-01 2.835230502837982178e+09 2.203760687365086555e+09
3.080000000000000000e+02 5.000000000003700000e+13 0.000000000000000000e+00 9.422932120490942198e-01 5.262022299598491382e-02 -1.000000000000000000e+00 -1.000000000000000000e+00 0.000000000000000000e+00 9.619354974059576291e-01 6.188273518572678933e-02 -1.000000000000000000e+00 -1.000000000000000000e+00
3.090000000000000000e+02 5.000000000000500000e+13 0.000000000000000000e+00 1.250251032101207027e+00 3.855186961568315279e-02 4.619711775621902078e-02 2.558625590190505283e-02 0.000000000000000000e+00 1.244153210522467523e+00 4.949670997839532294e-02 3.251574703571535349e+08 3.251574703571535349e+08
3.100000000000000000e+02 5.000000000001300000e+13 0.000000000000000000e+00 1.142447690184891451e+00 7.331742293395536458e-02 -1.000000000000000000e+00 -1.000000000000000000e+00 0.000000000000000000e+00 1.137395698043027981e+00 5.675622191152247115e-02 -1.000000000000000000e+00 -1.000000000000000000e+00
3.110000000000000000e+02 5.000000000009000000e+13 0.000000000000000000e+00 1.153764319790133719e+00 1.220696295005022358e-01 -1.000000000000000000e+00 -1.000000000000000000e+00 0.000000000000000000e+00 1.218621647547222242e+00 1.859758788083053782e-01 -1.000000000000000000e+00 -1.000000000000000000e+00
3.120000000000000000e+02 5.000000000031200000e+13 0.000000000000000000e+00 9.493094281874056017e-01 1.174212544654881646e-01 -1.000000000000000000e+00 -1.000000000000000000e+00 0.000000000000000000e+00 7.774269321088759233e-01 1.441652077800053278e-01 -1.000000000000000000e+00 -1.000000000000000000e+00
3.130000000000000000e+02 5.000000000000500000e+13 0.000000000000000000e+00 7.799192377745670646e-01 1.863233222365995867e-01 3.112054646124217672e-01 2.905980848445942066e-01 0.000000000000000000e+00 1.260248413236327636e+00 4.860766327754690447e-02 -1.000000000000000000e+00 -1.000000000000000000e+00
3.140000000000000000e+02 5.000000000003200000e+13 1.000000000000000000e+00 9.568997006089018376e-01 1.520708758369083285e-02 5.802111699716432786e-02 5.802111699716432786e-02 0.000000000000000000e+00 9.528284272545677336e-01 1.365989656045305152e-02 5.806649021079976559e+08 5.806649021079976559e+08
3.150000000000000000e+02 5.000000000038800000e+13 0.000000000000000000e+00 9.671253437546762921e-01 1.035394709789984047e-01 6.788157823570771521e-02 6.788157823570771521e-02 0.000000000000000000e+00 8.882325641669187588e-01 1.245222198553872506e-01 8.461453101029883623e+08 8.461453101029883623e+08
3.160000000000000000e+02 5.000000000000300000e+13 0.000000000000000000e+00 1.178416512827059615e+00 5.555357865087651170e-02 4.228772712378576354e-02 3.429936474045260780e-02 0.000000000000000000e+00 1.361033043779474871e+00 6.249732378502780017e-02 5.729878143839379549e+08 4.647475609143123627e+08
3.170000000000000000e+02 5.000000000000200000e+13 0.000000000000000000e+00 1.041620416680130612e+00 4.968196891613244764e-02 1.009719367817755453e-01 6.634577532057776839e-02 0.000000000000000000e+00 1.161623280059690622e+00 9.140962859489337733e-02 5.178266277088574171e+08 5.178266277088574171e+08
3.180000000000000000e+02 5.000000000021000000e+13 0.000000000000000000e+00 7.186945698241932190e-01 1.325149511167920402e-01 2.356994080733454955e-01 2.356994080733454955e-01 0.000000000000000000e+00 1.063842829704792159e+00 1.536645492082720499e-01 -1.000000000000000000e+00 -1.000000000000000000e+00
3.190000000000000000e+02 5.000000000000100000e+13 0.000000000000000000e+00 1.239429649936456990e+00 8.277382064071010792e-02 1.363993970599363115e-01 4.389097550405514359e-02 0.000000000000000000e+00 1.286029519903682417e+00 3.198156740690556721e-02 9.271430308513056040e+08 2.689290982573240399e+08
3.200000000000000000e+02 5.000000000002900000e+13 0.000000000000000000e+00 5.084760850728438086e-01 1.005054615852286753e-01 2.120617953067995831e-01 1.305188143388332500e-01 0.000000000000000000e+00 7.692022753794103274e-01 1.344514683718998349e-01 1.636736668860105276e+09 1.636736668860105276e+09
3.210000000000000000e+02 5.000000000008100000e+13 0.000000000000000000e+00 1.165234623819633164e+00 2.265810980005771857e-01 2.766978412132967691e-01 2.409635656845671436e-01 0.000000000000000000e+00 4.778859521434017377e-01 2.839404918416266743e-01 3.263952041043964863e+09 2.842427387885161877e+09
3.220000000000000000e+02 5.000000000000400000e+13 1.000000000000000000e+00 1.093456444851894416e+00 1.711437791049136986e-02 3.287968136890946635e-02 3.287968136890946635e-02 0.000000000000000000e+00 1.114906974823431929e+00 2.185298588278069762e-02 4.070255969368592501e+08 4.070255969368592501e+08
3.230000000000000000e+02 5.000000000030300000e+13 0.000000000000000000e+00 7.648761356309722315e-01 1.373618366723790285e-01 2.542986371124756895e-01 2.542986371124756895e-01 0.000000000000000000e+00 8.429998687155566550e-01 9.880442511560291741e-02 -1.000000000000000000e+00 -1.000000000000000000e+00
3.240000000000000000e+02 5.000000000000500000e+13 0.000000000000000000e+00 1.250929686952812370e+00 6.079274689900817513e-02 4.272635432746316880e-02 4.272635432746316880e-02 0.000000000000000000e+00 1.158721403802780436e+00 6.580075227973271323e-02 5.811925541123217344e+08 5.811925541123217344e+08
