# rID[0] Hid[1]   R200: DS[2], eta[3], detla[4], fm[5], fm2[6];   R500: DS[7], eta[8], detla[9], fm[10], fm2[11]
1.000000000000000000e+00 8.200000000000300000e+13 0.000000000000000000e+00 1.265546137328613430e+00 7.491532302132336563e-02 1.158755572893937630e-01 2.798062215404417685e-02 0.000000000000000000e+00 1.354509598813638416e+00 8.134471799237628920e-02 1.284769926124952793e+09 4.065519174135625958e+08
2.000000000000000000e+00 8.200000000000100000e+13 0.000000000000000000e+00 1.101488097531393651e+00 5.341476593320731298e-02 2.105746994427146468e-01 6.556974661034316310e-02 0.000000000000000000e+00 1.016720637317184872e+00 6.975093202041683649e-02 2.364507378603948593e+09 9.073859154109172821e+08
3.000000000000000000e+00 8.200000000000400000e+13 0.000000000000000000e+00 1.199072127270169208e+00 4.977743331805896398e-02 2.022357648833258137e-01 4.446118373149336028e-02 0.000000000000000000e+00 1.331807873834423228e+00 7.716964021762344472e-02 2.185555263968375206e+09 6.452941351363769770e+08
4.000000000000000000e+00 8.200000000000300000e+13 0.000000000000000000e+00 1.249222018721788396e+00 9.076213873473763794e-02 1.399309225619676522e-01 2.461693653581925947e-02 0.000000000000000000e+00 1.384034501055289246e+00 8.966673745810106733e-02 1.382911220168430090e+09 3.210765475320425630e+08
5.000000000000000000e+00 8.200000000000600000e+13 0.000000000000000000e+00 1.243664121175015458e+00 6.565499084252952866e-02 6.760428139146433535e-02 1.856399331864726915e-02 0.000000000000000000e+00 1.551083833390905387e+00 1.774883969270683176e-02 2.067899128754506111e+08 1.085822279538009167e+08
6.000000000000000000e+00 8.200000000000100000e+13 0.000000000000000000e+00 1.186111318795386671e+00 2.272844156680820654e-02 8.136570108705615256e-02 5.212370075708969500e-03 0.000000000000000000e+00 1.156286934955702339e+00 2.250421764235146019e-02 6.637866886941130161e+08 7.534777849373878539e+07
7.000000000000000000e+00 8.200000000000100000e+13 0.000000000000000000e+00 9.698307400048551408e-01 6.861955799442730208e-02 2.880762702023183519e-01 1.509331092296900267e-01 0.000000000000000000e+00 1.337171610079489259e+00 1.077613925297499081e-01 1.361127641424858332e+09 4.262168337400145531e+08
8.000000000000000000e+00 8.200000000002300000e+13 0.000000000000000000e+00 1.337371789223026575e+00 1.959676058755281669e-01 1.569906797736381199e-01 1.134269054130760124e-01 0.000000000000000000e+00 1.118458938607741260e+00 2.381035303705006378e-01 2.056850735896245718e+09 1.668190801937701941e+09
9.000000000000000000e+00 8.200000000000100000e+13 0.000000000000000000e+00 1.189457791152000787e+00 3.025368527010461120e-02 1.102295107935584856e-01 1.560900409402881002e-02 0.000000000000000000e+00 1.155193595369220061e+00 1.876540941070042184e-02 1.235310501888963223e+09 2.034083925914152265e+08
1.000000000000000000e+01 8.200000000000100000e+13 0.000000000000000000e+00 1.413137428272595031e+00 5.369432483932581879e-02 1.254419977506472106e-01 3.630724178420360188e-02 0.000000000000000000e+00 1.518390771440425890e+00 6.502645283286666300e-02 1.372509589195188999e+09 4.616228207115105987e+08
1.100000000000000000e+01 8.200000000000300000e+13 0.000000000000000000e+00 1.132980576994523592e+00 4.377326097303194108e-02 5.240314446301078816e-02 1.346786209482193040e-02 0.000000000000000000e+00 1.160210205910687131e+00 6.010706998077165741e-02 5.823724731451168060e+08 2.080035878006976843e+08
1.200000000000000000e+01 8.200000000000600000e+13 0.000000000000000000e+00 1.130607319185674475e+00 4.326473358973642602e-02 6.571396323349526503e-02 6.842693880404012233e-03 0.000000000000000000e+00 1.437819693334852156e+00 3.259067308996591028e-02 6.793194372725623846e+08 1.121265752239474207e+08
1.300000000000000000e+01 8.200000000004000000e+13 0.000000000000000000e+00 1.300705186153439330e+00 1.200273620370749111e-01 1.477944576086794581e-01 6.933085945067882228e-02 0.000000000000000000e+00 1.330022676677276694e+00 4.215348470961983313e-02 5.105898973216056824e+08 4.271356408267354965e+08
1.400000000000000000e+01 8.200000000001500000e+13 0.000000000000000000e+00 1.080790523204010700e+00 2.020748619946784522e-02 1.236662999857240236e-01 4.136438621258506365e-02 0.000000000000000000e+00 1.225212385244178748e+00 5.944725824749500648e-02 7.932623829799005985e+08 4.931099700703456402e+08
1.500000000000000000e+01 8.200000000000300000e+13 0.000000000000000000e+00 1.178286369763807517e+00 1.513092851004858332e-02 5.150233929363085689e-02 7.843631911165530393e-03 0.000000000000000000e+00 1.368397964246872434e+00 4.527612249770775893e-02 4.298137744557869434e+08 1.108903759784300327e+08
1.600000000000000000e+01 8.200000000000100000e+13 0.000000000000000000e+00 1.276464358540169819e+00 6.915659395643285190e-02 1.121574588293650782e-01 3.597619047619047411e-02 0.000000000000000000e+00 1.427407967091508967e+00 6.957295555435293044e-02 1.208598057072324514e+09 4.999113393708674312e+08
1.700000000000000000e+01 8.200000000000100000e+13 0.000000000000000000e+00 1.120614719532283532e+00 4.338024869867733446e-02 1.537904800055628352e-01 3.303402898918775948e-02 0.000000000000000000e+00 1.279944407983156340e+00 6.392569484543032809e-02 1.430622224937278748e+09 4.419247596999487877e+08
1.800000000000000000e+01 8.200000000000300000e+13 0.000000000000000000e+00 9.637033630291215180e-01 1.071420747079142310e-01 1.968837547414783451e-01 1.028570555348659321e-01 0.000000000000000000e+00 1.202076920655237080e+00 3.167691106642183535e-02 1.326774883999078989e+09 3.680372162222952843e+08
1.900000000000000000e+01 8.200000000000200000e+13 0.000000000000000000e+00 1.078107706157673151e+00 4.438515765940741209e-02 6.999468122642106549e-02 1.688599784679688590e-02 0.000000000000000000e+00 1.277308782155745170e+00 5.021113242636972285e-02 3.153672603489919305e+08 7.710900815240587294e+07
2.000000000000000000e+01 8.200000000000100000e+13 0.000000000000000000e+00 1.268012486521162385e+00 1.182225497452034785e-01 2.119204401899902890e-01 3.563537667379559903e-02 0.000000000000000000e+00 1.115275153167087030e+00 1.517087499256682126e-01 2.021526083106538773e+09 4.732106885951888561e+08
2.100000000000000000e+01 8.200000000000100000e+13 0.000000000000000000e+00 1.335412016389620815e+00 1.280450381562136253e-01 1.766314020411146046e-01 7.752125802818354838e-02 0.000000000000000000e+00 1.581609338805500142e+00 8.000503508370523931e-02 8.953911593338297606e+08 1.685296498846219182e+08
2.200000000000000000e+01 8.200000000000100000e+13 0.000000000000000000e+00 1.305414472073462617e+00 4.548915665386620705e-02 1.108938598322877778e-01 2.265824776741807295e-02 0.000000000000000000e+00 1.329237797821308353e+00 4.190115854519969180e-02 7.596353640690660477e+08 1.747993464924472868e+08
2.300000000000000000e+01 8.200000000000700000e+13 0.000000000000000000e+00 1.018354013728905771e+00 3.865808482660720163e-02 2.106733965109952589e-01 7.599225889985468385e-02 0.000000000000000000e+00 1.196999951142380558e+00 6.154791533314606794e-02 7.554601114002650976e+08 3.113041053342722058e+08
2.400000000000000000e+01 8.200000000000800000e+13 0.000000000000000000e+00 1.159766574651420745e+00 2.003567484611291222e-02 2.982854496453021809e-02 9.052445711099407766e-03 0.000000000000000000e+00 1.128648805624568263e+00 9.729118056840671200e-03 1.653815239677130580e+08 4.739096753701608628e+07
2.500000000000000000e+01 8.200000000000100000e+13 0.000000000000000000e+00 1.221464686317857540e+00 1.155031456178552685e-01 3.079591406852822955e-01 1.152931851984388828e-01 0.000000000000000000e+00 1.137667616988675023e+00 1.738831633239718011e-01 2.634177016374984264e+09 9.395208605878469944e+08
2.600000000000000000e+01 8.200000000000100000e+13 0.000000000000000000e+00 1.264645147959964966e+00 9.657896937189119901e-02 9.731332292181310573e-02 2.750157010191008056e-02 0.000000000000000000e+00 1.408254060914317707e+00 9.019761714159417465e-02 6.372285280553855896e+08 1.587620934800166190e+08
2.700000000000000000e+01 8.200000000000100000e+13 0.000000000000000000e+00 1.446078768412863980e+00 4.141409480302623430e-02 2.169768434254134570e-01 5.360239150636940397e-02 0.000000000000000000e+00 1.476682828660738744e+00 1.190439744918955906e-01 1.782016213150764704e+09 6.271101633685891628e+08
2.800000000000000000e+01 8.200000000000100000e+13 0.000000000000000000e+00 1.282978236380238446e+00 5.590504806456984832e-02 1.433619783096824751e-01 3.625416276525791903e-02 0.000000000000000000e+00 1.223134746209707302e+00 9.180379867870119837e-02 1.816828682345667601e+09 6.278129276107145548e+08
2.900000000000000000e+01 8.200000000000100000e+13 0.000000000000000000e+00 1.339872315009256853e+00 9.982512251709654838e-02 2.103961156279512412e-01 1.093331723839211511e-01 0.000000000000000000e+00 1.056978562799083088e+00 1.262244721266430614e-01 2.191682458266575813e+09 1.528413470710216522e+09
3.000000000000000000e+01 8.200000000000100000e+13 0.000000000000000000e+00 1.281667896768481141e+00 8.146553918658046289e-02 1.209200958188258179e-01 3.453524376834389564e-02 0.000000000000000000e+00 1.277883961515358768e+00 1.196998763480643796e-01 1.162581930615902901e+09 4.998695536006650329e+08
3.100000000000000000e+01 8.200000000000200000e+13 0.000000000000000000e+00 1.204300920374691053e+00 5.264728511250619386e-02 8.513884721468881200e-02 1.171706039168619005e-02 0.000000000000000000e+00 1.355126114655635261e+00 5.344875153202421209e-02 8.797965617105662823e+08 1.620848201296827197e+08
3.200000000000000000e+01 8.200000000000100000e+13 0.000000000000000000e+00 1.298995488451962332e+00 3.337432848573565480e-02 1.247311498098733068e-01 4.761461567839529729e-02 0.000000000000000000e+00 1.380392393848411947e+00 1.915356961523110441e-02 8.084518981630026102e+08 1.459788785375255942e+08
3.300000000000000000e+01 8.200000000000100000e+13 0.000000000000000000e+00 1.165807015750558007e+00 2.485857547556406533e-01 1.507389986475735910e-01 4.987533810660302325e-02 0.000000000000000000e+00 1.123898231564186778e+00 2.742296749123845911e-01 1.325122155360645533e+09 6.749583993594207764e+08
3.400000000000000000e+01 8.200000000000100000e+13 0.000000000000000000e+00 1.149772790504799191e+00 1.871899578867512737e-02 1.333365240796760276e-01 3.096289709961437889e-02 0.000000000000000000e+00 1.412661067192135578e+00 3.024418619327221697e-02 1.073358251782462358e+09 4.461163734555907845e+08
3.500000000000000000e+01 8.200000000000100000e+13 0.000000000000000000e+00 1.167571690084807656e+00 2.362408697755128961e-01 2.262078725583522021e-01 1.260823459968148652e-01 0.000000000000000000e+00 1.108819939946307453e+00 2.198902929868037370e-01 2.847695107372199535e+09 2.005784168816090584e+09
3.600000000000000000e+01 8.200000000000200000e+13 0.000000000000000000e+00 1.213084980887932041e+00 5.095458153295049503e-02 8.635777206667510919e-02 2.589397860749642621e-02 0.000000000000000000e+00 1.361825750898358223e+00 5.517124369111303661e-02 7.154428040503315926e+08 3.780464202210026979e+08
3.700000000000000000e+01 8.200000000000100000e+13 0.000000000000000000e+00 9.477568390430933798e-01 1.042812672615608532e-01 2.464720067175039109e-01 1.269054761756947258e-01 0.000000000000000000e+00 1.043162508521947363e+00 4.689344747047758527e-02 1.461303382161325216e+09 4.501299287503454685e+08
3.800000000000000000e+01 8.200000000000100000e+13 1.000000000000000000e+00 1.074651278198678339e+00 1.479354387755478506e-02 8.144597707209906556e-02 1.651479928100658967e-02 0.000000000000000000e+00 1.207264907017475464e+00 7.523944243472987722e-03 4.475811912255993485e+08 7.832035857427553833e+07
3.900000000000000000e+01 8.200000000000100000e+13 0.000000000000000000e+00 1.100825990843925961e+00 4.718069868433550501e-02 1.323578531703719918e-01 2.945345217722361228e-02 0.000000000000000000e+00 1.200223192584924936e+00 4.670961746775435103e-02 1.107786401680199146e+09 4.707746676580231190e+08
4.000000000000000000e+01 8.200000000001900000e+13 0.000000000000000000e+00 1.591534945559837544e+00 1.098221787749044942e-01 1.476736518117704178e-01 7.177696376459144489e-02 0.000000000000000000e+00 1.758653552633120842e+00 1.288767060229240591e-01 1.770109845097530127e+09 1.072656884128671408e+09
4.100000000000000000e+01 8.200000000000100000e+13 0.000000000000000000e+00 1.288870179164134822e+00 4.860412307080556882e-02 1.245004104264158390e-01 1.287940881340673104e-02 0.000000000000000000e+00 1.472653686267162865e+00 1.597540053350009898e-02 1.304448805055117607e+09 1.722983554401616156e+08
4.200000000000000000e+01 8.200000000000300000e+13 0.000000000000000000e+00 3.000297088223858211e+00 2.467491580364872955e-02 1.318849631253957710e-01 2.558978627385373461e-02 0.000000000000000000e+00 2.936390022745320572e+00 2.714288914179554396e-02 1.178654702352333784e+09 2.871013760147264004e+08
4.300000000000000000e+01 8.200000000000100000e+13 1.000000000000000000e+00 1.132889351281196166e+00 3.905865448830598413e-02 8.437815457290862020e-02 1.630439708123442369e-02 0.000000000000000000e+00 1.197506679767218696e+00 3.836365461183120079e-02 8.172545025111781359e+08 2.529377855080968440e+08
4.400000000000000000e+01 8.200000000000100000e+13 0.000000000000000000e+00 1.180850883283509845e+00 4.870305549664780131e-02 1.037603189744146920e-01 2.097180726818403951e-02 0.000000000000000000e+00 1.445447702538418477e+00 4.499179054311605586e-02 1.007131856940527081e+09 3.082401217879120708e+08
4.500000000000000000e+01 8.200000000000100000e+13 0.000000000000000000e+00 1.085977642800023846e+00 1.151188012597491039e-01 1.960207775288409227e-01 3.491561246719809830e-02 0.000000000000000000e+00 8.121352446732146291e-01 1.126213226311625765e-01 2.426072755294755459e+09 5.767889445621247292e+08
4.600000000000000000e+01 8.200000000000100000e+13 0.000000000000000000e+00 1.349902689546933265e+00 3.763649585412401355e-02 1.325093263311596659e-01 1.467088124512585731e-02 0.000000000000000000e+00 1.510442495236147931e+00 4.701675709860127228e-02 1.316798000154197216e+09 1.924749996598593295e+08
4.700000000000000000e+01 8.200000000000600000e+13 0.000000000000000000e+00 1.309982676966779502e+00 1.063893796482853066e-01 1.728933084820896970e-01 4.858173891539891570e-02 0.000000000000000000e+00 1.312162387313291267e+00 1.372016654365440513e-01 2.038172958667826176e+09 6.321994943460379839e+08
4.800000000000000000e+01 8.200000000000100000e+13 0.000000000000000000e+00 1.188883495309011717e+00 1.481943549191741712e-02 1.257015623122168246e-01 2.045923268227852962e-02 0.000000000000000000e+00 1.122629539187292025e+00 2.467968449054439017e-02 1.274276918684084654e+09 2.609910521303728223e+08
4.900000000000000000e+01 8.200000000000300000e+13 0.000000000000000000e+00 1.548535717009313251e+00 5.406547952901597648e-02 1.781692463680669691e-01 4.196931479240987445e-02 0.000000000000000000e+00 1.547901035816120485e+00 4.461788861219181251e-02 9.495059372917895317e+08 3.100006509330662489e+08
5.000000000000000000e+01 8.200000000000100000e+13 0.000000000000000000e+00 1.495058396822980917e+00 1.943570431299287138e-01 3.381285851465102299e-01 1.274607922986614461e-01 0.000000000000000000e+00 1.470966161615509415e+00 1.930132392374882544e-01 2.969398051702259064e+09 1.501787987172799110e+09
5.100000000000000000e+01 8.200000000000300000e+13 0.000000000000000000e+00 1.171732485233891286e+00 1.903031773160274165e-01 2.007350960819100916e-01 9.638458414381292916e-02 0.000000000000000000e+00 1.230711041903064018e+00 1.816888667394615797e-01 2.485100944654550076e+09 1.779296156861128092e+09
5.200000000000000000e+01 8.200000000000100000e+13 0.000000000000000000e+00 1.226732018852669803e+00 5.051771481811756503e-02 1.473353997261091508e-01 5.829092643313120436e-02 0.000000000000000000e+00 1.196183851286614308e+00 6.301571002560778234e-02 1.467899169943260193e+09 9.168030267734860182e+08
5.300000000000000000e+01 8.200000000000700000e+13 0.000000000000000000e+00 2.438613069002484757e+00 1.156504148904752560e-01 1.643059642380660657e-01 6.309489247086266794e-02 0.000000000000000000e+00 3.025798742505770189e+00 1.729508191407235496e-01 2.191143496797614098e+09 1.161168431527454376e+09
5.400000000000000000e+01 8.200000000000100000e+13 0.000000000000000000e+00 1.002798525198867807e+00 9.198961894750652679e-02 2.632284377288306998e-01 9.942264729393891776e-02 0.000000000000000000e+00 9.560665175932830939e-01 6.598524166980637706e-02 1.852190421550999641e+09 6.030940896006706953e+08
5.500000000000000000e+01 8.200000000000100000e+13 0.000000000000000000e+00 1.039739621425514349e+00 1.043039012963284523e-01 1.198366501584443022e-01 4.010857330862872133e-02 0.000000000000000000e+00 9.865870245699646102e-01 9.361010904737337990e-02 1.037382447232972622e+09 6.164493842119510174e+08
5.600000000000000000e+01 8.200000000000100000e+13 0.000000000000000000e+00 1.191184139355737859e+00 8.166089514725442811e-02 1.246207431779605690e-01 3.727153240196718481e-02 0.000000000000000000e+00 1.342775063979257721e+00 8.706811218062275592e-02 1.275323708132898331e+09 5.308194688072450757e+08
5.700000000000000000e+01 8.200000000000600000e+13 0.000000000000000000e+00 1.075676378512540943e+00 1.435793699816206026e-01 1.374101830212308695e-01 2.665167785896715297e-02 0.000000000000000000e+00 1.048184948182602882e+00 7.447507367701775016e-02 1.759471154482622623e+09 4.005335985143447518e+08
5.800000000000000000e+01 8.200000000000100000e+13 0.000000000000000000e+00 1.175847659693461944e+00 1.796686784475688414e-01 1.427731859189445007e-01 4.084333300589898519e-02 0.000000000000000000e+00 1.231277707665302312e+00 1.721629056959068926e-01 1.244116871830113411e+09 5.587220072340099812e+08
5.900000000000000000e+01 8.200000000000100000e+13 0.000000000000000000e+00 1.701595194737861361e+00 9.805285721971093715e-02 1.180023484080440499e-01 1.824047602748285132e-02 0.000000000000000000e+00 1.853177185196568155e+00 1.019394551186576514e-01 1.314644339341732025e+09 2.501392791871686876e+08
6.000000000000000000e+01 8.200000000000100000e+13 0.000000000000000000e+00 1.207417375637508838e+00 8.709709801449522226e-02 1.565663815819895166e-01 8.333189473132565639e-02 0.000000000000000000e+00 1.168183497284275507e+00 5.104027251275033289e-02 7.550849706676846743e+08 1.493343561864067018e+08
6.100000000000000000e+01 8.200000000000100000e+13 0.000000000000000000e+00 1.358557205506284449e+00 1.639900988072044152e-01 2.953787666017425040e-01 1.832784283550147886e-01 0.000000000000000000e+00 1.774623215564600454e+00 6.513680304203300908e-02 7.092800903008338213e+08 1.946685830796866417e+08
6.200000000000000000e+01 8.200000000001500000e+13 0.000000000000000000e+00 1.258359949448870418e+00 2.415309482342088004e-02 8.299575032275341435e-02 2.314256230283739946e-02 0.000000000000000000e+00 1.400513140915099930e+00 5.669393805640143835e-02 1.194574971780262709e+09 3.330956778187701702e+08
6.300000000000000000e+01 8.200000000000100000e+13 0.000000000000000000e+00 1.106763950895220061e+00 6.151847696864726905e-02 1.071499494936181685e-01 3.623653646423694724e-02 0.000000000000000000e+00 1.173948498120854111e+00 6.509608565260623092e-02 1.023090965180864215e+09 5.127932530706856251e+08
6.400000000000000000e+01 8.200000000000300000e+13 0.000000000000000000e+00 1.156904572918137752e+00 8.307115787064309198e-02 1.496087609732162926e-01 2.221042975541594189e-02 0.000000000000000000e+00 1.151047270429518488e+00 9.943650396975610428e-02 1.424646940481881380e+09 3.176951147587799430e+08
6.500000000000000000e+01 8.200000000000100000e+13 0.000000000000000000e+00 1.109990634771725215e+00 5.935401715070515172e-02 1.168876750431357553e-01 2.247805877129119279e-02 0.000000000000000000e+00 1.271130744618698571e+00 3.271299962998303751e-02 1.117145608219499826e+09 3.450547305350320935e+08
6.600000000000000000e+01 8.200000000000300000e+13 0.000000000000000000e+00 1.090241672050971777e+00 4.463234627341328142e-02 1.882047342037390381e-01 6.768151342559752814e-02 0.000000000000000000e+00 1.176199888220991641e+00 8.990181508091484031e-02 6.516855540155913830e+08 1.061906231019121110e+08
6.700000000000000000e+01 8.200000000000100000e+13 0.000000000000000000e+00 1.062602186144990801e+00 3.042804339838412614e-02 1.175789560089031266e-01 2.415951911762621168e-02 0.000000000000000000e+00 1.127770398833043863e+00 8.035592999857672780e-02 1.027731133600536823e+09 3.572484505593627095e+08
6.800000000000000000e+01 8.200000000000100000e+13 1.000000000000000000e+00 1.072195234084324378e+00 8.290753137664832323e-03 7.136479187053067219e-02 1.640921066137475751e-02 0.000000000000000000e+00 1.281122945793745860e+00 2.078789943074055985e-02 5.633198276408729553e+08 9.027515627103801072e+07
6.900000000000000000e+01 8.200000000000200000e+13 0.000000000000000000e+00 1.581797640601777299e+00 1.175878132441916246e-01 8.908550379912062722e-02 1.778325603119098805e-02 0.000000000000000000e+00 1.642807496892132901e+00 8.516774187769411697e-02 9.538379016734316349e+08 3.181286054214352965e+08
7.000000000000000000e+01 8.200000000000100000e+13 0.000000000000000000e+00 1.414641380590485831e+00 6.082497754172737359e-02 1.361123168705470066e-01 4.613963221388697050e-02 0.000000000000000000e+00 1.549330872351248445e+00 4.009517876087167337e-02 9.070098183571670055e+08 2.551044930646833777e+08
7.100000000000000000e+01 8.200000000000100000e+13 0.000000000000000000e+00 1.169173147107810617e+00 7.987314701684074258e-02 1.554104838709677305e-01 1.620492044916518534e-02 0.000000000000000000e+00 1.189188158143430263e+00 8.458237728856754511e-02 1.378732743190089464e+09 2.440759809882450700e+08
7.200000000000000000e+01 8.200000000000100000e+13 0.000000000000000000e+00 1.068102104052364609e+00 1.733597398175673321e-01 2.372398511069026272e-01 5.295892379024358387e-02 0.000000000000000000e+00 1.121548267567066048e+00 2.209264711377537105e-01 2.662286414301842213e+09 7.520693809433495998e+08
7.300000000000000000e+01 8.200000000000200000e+13 0.000000000000000000e+00 1.339850371336118062e+00 4.469839178514957434e-02 5.032921727247117311e-02 1.116149436884513943e-02 0.000000000000000000e+00 1.400202953741978451e+00 1.820966198639849959e-02 6.604655247009669542e+08 1.503590146606569886e+08
7.400000000000000000e+01 8.200000000000300000e+13 1.000000000000000000e+00 1.035849851843626546e+00 3.644215230411958217e-02 8.657222644010746648e-02 2.482482717770198577e-02 0.000000000000000000e+00 9.721341413655524288e-01 2.058503677481627811e-02 9.659635883597334623e+08 3.627049925508780479e+08
7.500000000000000000e+01 8.200000000000100000e+13 0.000000000000000000e+00 1.873750191687561850e+00 5.917184148213809614e-02 1.582835741886725045e-01 3.325855616820189153e-02 0.000000000000000000e+00 1.921376734418105636e+00 5.043449714013416990e-02 1.598985579521070957e+09 4.146689614351841807e+08
7.600000000000000000e+01 8.200000000000100000e+13 0.000000000000000000e+00 1.123676452043381291e+00 2.610446672374514693e-02 1.024028625490797928e-01 1.898882255830397492e-02 0.000000000000000000e+00 1.081025645165956339e+00 4.667630138263315770e-02 9.265962429190244675e+08 2.963686677692929506e+08
7.700000000000000000e+01 8.200000000000100000e+13 0.000000000000000000e+00 1.100751781473409796e+00 1.436794526208495792e-01 2.600221314639183379e-01 1.472780863393018391e-01 0.000000000000000000e+00 1.261206754296015919e+00 4.264603104822097673e-02 5.913919759105508327e+08 1.610339865731832385e+08
7.800000000000000000e+01 8.200000000000300000e+13 0.000000000000000000e+00 1.366834774940878017e+00 5.948609846057655720e-02 1.106694037030120925e-01 2.543746646464694131e-02 0.000000000000000000e+00 1.520306405621883350e+00 6.649997988446398889e-02 8.097056449596265554e+08 3.575766451850613356e+08
7.900000000000000000e+01 8.200000000000200000e+13 0.000000000000000000e+00 1.455977815561180444e+00 1.459600771586093693e-01 2.405127769236116708e-01 1.185909654555830917e-01 0.000000000000000000e+00 1.421832912107768410e+00 1.071735211890430528e-01 1.233571273985057354e+09 2.162300060862748325e+08
8.000000000000000000e+01 8.200000000000500000e+13 0.000000000000000000e+00 1.108963107234160583e+00 5.301462733508690434e-02 1.427259204805186033e-01 6.512827418780588185e-02 0.000000000000000000e+00 1.243077278441969691e+00 8.793764032270635911e-02 1.726411509341197252e+09 9.022523593205077648e+08
8.100000000000000000e+01 8.200000000000100000e+13 0.000000000000000000e+00 1.107905880433421197e+00 1.127444724099932322e-01 1.561447526460731927e-01 5.002820266100401619e-02 0.000000000000000000e+00 8.815305716002945768e-01 5.652533986499300861e-02 1.222784000452423334e+09 3.473988861331876516e+08
8.200000000000000000e+01 8.200000000000200000e+13 0.000000000000000000e+00 1.057850276340143392e+00 7.641043698620766933e-02 1.063422437233753348e-01 4.235719415181030123e-02 0.000000000000000000e+00 9.908232825781891906e-01 8.225566499848241397e-02 1.250296050622148514e+09 7.066921445388828516e+08
8.300000000000000000e+01 8.200000000000100000e+13 0.000000000000000000e+00 1.694688108239970958e+00 6.112824455273463409e-02 9.125075482077711631e-02 1.283397996409751593e-02 0.000000000000000000e+00 1.816272030968400397e+00 5.213301151807534645e-02 9.955139494800506830e+08 1.789366924730987847e+08
8.400000000000000000e+01 8.200000000000200000e+13 0.000000000000000000e+00 1.662181478381578703e+00 1.171127367579478801e-01 1.933919842073244244e-01 4.213506530611239864e-02 0.000000000000000000e+00 1.456463899748656754e+00 1.527527346052740542e-01 2.271485784173097610e+09 5.439786977939717770e+08
8.500000000000000000e+01 8.200000000000100000e+13 0.000000000000000000e+00 1.171647672776979121e+00 9.486934046249720365e-02 1.451373857832191083e-01 7.177626344293011607e-02 0.000000000000000000e+00 1.226799456338324879e+00 1.219527349403406041e-01 1.623749101495149374e+09 9.431969344185299873e+08
8.600000000000000000e+01 8.200000000000200000e+13 0.000000000000000000e+00 1.071383484323472191e+00 1.004054913458359705e-01 1.283379757143098265e-01 3.805026749700437388e-02 0.000000000000000000e+00 1.255968521048729913e+00 1.051666439292865129e-01 1.121018757613892794e+09 4.049366676456381679e+08
8.700000000000000000e+01 8.200000000000100000e+13 0.000000000000000000e+00 1.101642392723536812e+00 7.932389840606723919e-02 1.584124179186134629e-01 2.899226186559104509e-02 0.000000000000000000e+00 1.235961428770510739e+00 9.877673220483271233e-02 1.140284444543557405e+09 4.072138927450054288e+08
8.800000000000000000e+01 8.200000000000100000e+13 0.000000000000000000e+00 1.088809962393439967e+00 4.479975309399451128e-02 1.309550245971076166e-01 2.880076258612355999e-02 0.000000000000000000e+00 1.087149515023573487e+00 5.223517770042250541e-02 1.397598314533284187e+09 4.207833490994112492e+08
8.900000000000000000e+01 8.200000000000200000e+13 0.000000000000000000e+00 1.089431337067533478e+00 6.516199861277675864e-02 1.112012829429901845e-01 3.177716097131849660e-02 0.000000000000000000e+00 8.616482737266893954e-01 3.665399083108236006e-02 1.295182727288402081e+09 5.451374007769954205e+08
9.000000000000000000e+01 8.200000000000400000e+13 0.000000000000000000e+00 1.123611611714104619e+00 1.021982687153612374e-01 1.277835710345492370e-01 4.133430448963415493e-02 0.000000000000000000e+00 1.296476953646054975e+00 8.675326482554009122e-02 1.115149371744928598e+09 2.582199716183678806e+08
9.100000000000000000e+01 8.200000000000100000e+13 0.000000000000000000e+00 1.288602326483659466e+00 6.231368893327314529e-02 1.393450225268761111e-01 3.623369961191322264e-02 0.000000000000000000e+00 1.267206006652126682e+00 9.137388253005269967e-02 1.589500324287031174e+09 5.454482098376871347e+08
9.200000000000000000e+01 8.200000000000100000e+13 0.000000000000000000e+00 1.160013878924536002e+00 1.154452362537051885e-01 1.535392089139243077e-01 6.600948710346872528e-02 0.000000000000000000e+00 1.176538154519024770e+00 1.124046417291745259e-01 1.749979205213897467e+09 1.010416892871973515e+09
9.300000000000000000e+01 8.200000000000100000e+13 0.000000000000000000e+00 1.148083513145033319e+00 3.515469551672811832e-02 1.000188898417488648e-01 1.545346055328734869e-02 0.000000000000000000e+00 1.377313349131464193e+00 6.403516349429747012e-02 9.115239599374591112e+08 2.096688547616055906e+08
9.400000000000000000e+01 8.200000000000200000e+13 0.000000000000000000e+00 1.265713381743033272e+00 3.023202781274617404e-02 1.663567715984964335e-01 2.117941924436924500e-02 0.000000000000000000e+00 1.361430593351312224e+00 5.645805066096437619e-02 1.112729119122021198e+09 2.935863508256939650e+08
9.500000000000000000e+01 8.200000000000100000e+13 0.000000000000000000e+00 1.244481578134941202e+00 4.152158826173940609e-02 9.826847354277450097e-02 4.227883991300486477e-02 0.000000000000000000e+00 1.327189421456325569e+00 4.317299131050136851e-02 1.075067217970248222e+09 5.510525472881243229e+08
9.600000000000000000e+01 8.200000000001100000e+13 0.000000000000000000e+00 1.713521660972395555e+00 1.250385138455567535e-01 1.441094775263698224e-01 4.725471715103888443e-02 0.000000000000000000e+00 1.594941785938855716e+00 1.421733895761939925e-01 1.960911341236667156e+09 6.429994222374944687e+08
9.700000000000000000e+01 8.200000000000600000e+13 0.000000000000000000e+00 1.248680155589302787e+00 9.632455738773280929e-02 1.806874509490189740e-01 5.291225824516490595e-02 0.000000000000000000e+00 1.362991725241658125e+00 8.667426756462735804e-02 1.542487550996305704e+09 4.452037358957101703e+08
9.800000000000000000e+01 8.200000000000100000e+13 0.000000000000000000e+00 1.261290521759002692e+00 1.281445801457031519e-01 1.968075811113569606e-01 5.181497897881285480e-02 0.000000000000000000e+00 1.294287388495491076e+00 1.372510629053771136e-01 2.060750969449074984e+09 8.277878316693606377e+08
9.900000000000000000e+01 8.200000000000200000e+13 0.000000000000000000e+00 1.255708892434330481e+00 3.762848869452028316e-02 1.511607253982573396e-01 2.294051393968204317e-02 0.000000000000000000e+00 1.379494606697282189e+00 1.740692805530010337e-02 1.499864826015265703e+09 3.175389569523200989e+08
1.000000000000000000e+02 8.200000000000600000e+13 0.000000000000000000e+00 1.280437083811349241e+00 9.581958043314160733e-02 1.322145737124639508e-01 5.161906045617571659e-02 0.000000000000000000e+00 1.187893436339793052e+00 1.291774568810163670e-01 1.616157540940514088e+09 6.560748537177952528e+08
1.010000000000000000e+02 8.200000000000500000e+13 0.000000000000000000e+00 1.549660254813097104e+00 7.907367396213910160e-02 1.893527553006248143e-01 2.671943481565739603e-02 0.000000000000000000e+00 1.597329221076455807e+00 1.018604793088304372e-01 1.880157876974263430e+09 3.854206865455580950e+08
1.020000000000000000e+02 8.200000000000100000e+13 0.000000000000000000e+00 1.864410768489464187e+00 1.265288437133570143e-01 1.447574101012294168e-01 2.832130159850191481e-02 0.000000000000000000e+00 1.784091313908855225e+00 1.765308667747670923e-01 1.476657092619469166e+09 3.383282549283324480e+08
1.030000000000000000e+02 8.200000000000300000e+13 0.000000000000000000e+00 1.042084167368116043e+00 3.571261341673276357e-02 1.216708962384570047e-01 3.761102846025863450e-02 0.000000000000000000e+00 1.177155929910894905e+00 3.168077358269663635e-02 1.113907024502618790e+09 6.015343454065710306e+08
1.040000000000000000e+02 8.200000000000100000e+13 0.000000000000000000e+00 1.121421209138928843e+00 1.120617042206482616e-01 1.832228029714926543e-01 8.194505541898478018e-02 0.000000000000000000e+00 1.336729965781066287e+00 7.300211747775083027e-02 1.020036310433358312e+09 2.954129134947516918e+08
1.050000000000000000e+02 8.200000000000100000e+13 0.000000000000000000e+00 9.231960779383157067e-01 5.727608805418545751e-02 1.360440995666424291e-01 2.866185066245939203e-02 0.000000000000000000e+00 1.157950120754150714e+00 3.152403244599075172e-02 5.837138403696885109e+08 1.209339489423186481e+08
1.060000000000000000e+02 8.200000000000100000e+13 0.000000000000000000e+00 1.107411596720786040e+00 2.606080873605103321e-01 2.909865640599658687e-01 1.942289258038586430e-01 0.000000000000000000e+00 9.490368520379637296e-01 2.730285981409287244e-01 3.907677519585410595e+09 2.950307117745550632e+09
1.070000000000000000e+02 8.200000000000100000e+13 0.000000000000000000e+00 1.235662110575657335e+00 4.308162605632227804e-02 7.846706221470788056e-02 4.719433649714743773e-02 0.000000000000000000e+00 1.221939032788022184e+00 4.006790278332716948e-02 9.896272641127977371e+08 6.850237706347436905e+08
1.080000000000000000e+02 8.200000000000100000e+13 0.000000000000000000e+00 1.212781861815310558e+00 9.074471218412366591e-02 7.865423754604961015e-02 9.287258768754249119e-03 0.000000000000000000e+00 1.268087610800200382e+00 4.927102177522664495e-02 6.142223716587662697e+08 1.097038852072165757e+08
1.090000000000000000e+02 8.200000000000200000e+13 0.000000000000000000e+00 8.973750165857543593e-01 3.939399291651614343e-02 1.918585424754222224e-01 6.312503150995714407e-02 0.000000000000000000e+00 1.147711206118458227e+00 1.405303401929728080e-01 1.718265869819909096e+09 1.013067582545546174e+09
1.100000000000000000e+02 8.200000000000300000e+13 0.000000000000000000e+00 1.327893068913561736e+00 7.738002106960016613e-02 1.313325430178435005e-01 1.659259677411077660e-02 0.000000000000000000e+00 1.015510992710980220e+00 7.826040722087761192e-02 1.342509396868367672e+09 2.538371438445212543e+08
1.110000000000000000e+02 8.200000000000100000e+13 0.000000000000000000e+00 1.183064463488646911e+00 1.415457036527129342e-01 1.512119458132006600e-01 2.813702977244095585e-02 0.000000000000000000e+00 1.241001103625143376e+00 1.437850101189561969e-01 1.654853831945232153e+09 3.983338773301057220e+08
1.120000000000000000e+02 8.200000000000200000e+13 0.000000000000000000e+00 1.277625794067897447e+00 8.298351372498070921e-02 1.149211333742983371e-01 1.776924801541169760e-02 0.000000000000000000e+00 1.183694165436269818e+00 7.014408506797235876e-02 1.346962016317583561e+09 2.538787234190458357e+08
1.130000000000000000e+02 8.200000000000200000e+13 0.000000000000000000e+00 1.111616828148164426e+00 4.529713949474601514e-02 1.398841276226071573e-01 3.219895361082479590e-02 0.000000000000000000e+00 1.008383969175546291e+00 3.494265553992956935e-02 1.650130177936075687e+09 4.885940477419961095e+08
1.140000000000000000e+02 8.200000000000100000e+13 0.000000000000000000e+00 1.155045615392661151e+00 6.033540716484818434e-02 1.462791489192985517e-01 3.285335198695001763e-02 0.000000000000000000e+00 1.387010635837171435e+00 7.706584552242863595e-02 1.579427807899529934e+09 4.827408834853057265e+08
1.150000000000000000e+02 8.200000000000300000e+13 0.000000000000000000e+00 1.161440273848799665e+00 7.120648118234222668e-02 6.484680161711156576e-02 2.605958081256988870e-02 0.000000000000000000e+00 1.264554465908763525e+00 2.509195927687339622e-02 5.474498370678571463e+08 4.382689069056915641e+08
1.160000000000000000e+02 8.200000000000800000e+13 0.000000000000000000e+00 7.713337891325151574e-01 6.123174671416927589e-02 7.377921130883036138e-02 4.000987406785146833e-02 0.000000000000000000e+00 1.155742901248525190e+00 6.839283169500741388e-02 4.503285655841444135e+08 4.503285655841444135e+08
1.170000000000000000e+02 8.200000000000200000e+13 0.000000000000000000e+00 1.730620299698477194e+00 7.642101444887880457e-02 8.820762014672227369e-02 1.962064532032123040e-02 0.000000000000000000e+00 1.792202509323612025e+00 1.043756096277632245e-01 1.019005678822046161e+09 2.458022924000977278e+08
1.180000000000000000e+02 8.200000000000100000e+13 0.000000000000000000e+00 1.436128708080240957e+00 8.497714076555928919e-02 2.266360974719883181e-01 1.146584351866964946e-01 0.000000000000000000e+00 1.502067103004206317e+00 8.183283236772391500e-02 1.218263372955834866e+09 3.271596288971675038e+08
1.190000000000000000e+02 8.200000000000100000e+13 0.000000000000000000e+00 1.150098276795476826e+00 1.530577255878954601e-01 1.516335783462811615e-01 2.561907743092114650e-02 0.000000000000000000e+00 1.214893757084914316e+00 1.398208095634236037e-01 1.545207216320064783e+09 3.845818194763037562e+08
1.200000000000000000e+02 8.200000000000100000e+13 1.000000000000000000e+00 1.138719553655969552e+00 1.225884104170034926e-02 6.122066877740060115e-02 2.077046739693033314e-02 0.000000000000000000e+00 1.270709664543622663e+00 2.906136729864591470e-02 3.851945140471127629e+08 6.892527939845199883e+07
1.210000000000000000e+02 8.200000000000100000e+13 0.000000000000000000e+00 1.366553243649291316e+00 4.219429482841240142e-02 9.893675100314894277e-02 3.308050147633241622e-02 0.000000000000000000e+00 1.225787388105091580e+00 3.221465492066197950e-02 1.233290557113593817e+09 4.700588228313130140e+08
1.220000000000000000e+02 8.200000000000100000e+13 0.000000000000000000e+00 1.091258216553324889e+00 8.260063352429271311e-02 2.463392048048346494e-01 1.408746339388029511e-01 0.000000000000000000e+00 1.238642408954333751e+00 3.705652902263489173e-02 9.321576985178275108e+08 5.301943015908799171e+08
1.230000000000000000e+02 8.200000000000400000e+13 0.000000000000000000e+00 1.031362915657878743e+00 1.458709387841972405e-01 2.728916570698228794e-01 1.027359325802307266e-01 0.000000000000000000e+00 1.274123457875356635e+00 4.346897725011484442e-02 1.396756352861893892e+09 1.346832825000359535e+09
1.240000000000000000e+02 8.200000000000100000e+13 0.000000000000000000e+00 1.251803143806881735e+00 6.464385816043323463e-02 1.123109389598423991e-01 1.771823868429967322e-02 0.000000000000000000e+00 1.488010420141091306e+00 4.412620062206044219e-02 4.817056568428217173e+08 1.091244517171252519e+08
1.250000000000000000e+02 8.200000000000100000e+13 0.000000000000000000e+00 1.045475088702995103e+00 1.672950483932552079e-01 4.657334666736741013e-01 1.983155878003740880e-01 0.000000000000000000e+00 1.080602426805441718e+00 2.056898544634637449e-01 3.353078723711294174e+09 1.315692965111954927e+09
1.260000000000000000e+02 8.200000000000100000e+13 0.000000000000000000e+00 1.106225919168067007e+00 6.970365612133011535e-02 1.300262827773213947e-01 1.897656971291900724e-02 0.000000000000000000e+00 1.230905961137639837e+00 4.362112611114139782e-02 1.099574370489046097e+09 2.879951903988984227e+08
1.270000000000000000e+02 8.200000000000100000e+13 0.000000000000000000e+00 1.187904474571168434e+00 1.959293549071530749e-01 3.789555334342669668e-01 2.269568508705526177e-01 0.000000000000000000e+00 1.283015384788262159e+00 8.680633862494398223e-02 1.838058627613054514e+09 3.076583624542784095e+08
1.280000000000000000e+02 8.200000000000100000e+13 0.000000000000000000e+00 8.836955554996859252e-01 2.365473998727768423e-02 1.109927442963166561e-01 2.245388949972512357e-02 0.000000000000000000e+00 1.130370004005572637e+00 3.056617357710404020e-02 6.436196038954033852e+08 3.285457424924080968e+08
1.290000000000000000e+02 8.200000000000100000e+13 1.000000000000000000e+00 1.079134186711689258e+00 2.265916921795533764e-02 7.028950792259143487e-02 1.018112512991424176e-02 0.000000000000000000e+00 1.199453480003717099e+00 1.925489543220700733e-02 4.912511855460982919e+08 7.609174765854763985e+07
1.300000000000000000e+02 8.200000000000300000e+13 0.000000000000000000e+00 9.267649348888984395e-01 8.350066660561644705e-02 1.416338571584712658e-01 5.783065955818952192e-02 0.000000000000000000e+00 1.099842640941426142e+00 1.264155631507788424e-01 1.932179219261226654e+09 1.148334785681983948e+09
1.310000000000000000e+02 8.200000000000100000e+13 0.000000000000000000e+00 1.584128994961637060e+00 1.864236869689067100e-01 1.862562533553672739e-01 7.151815614371026530e-02 0.000000000000000000e+00 1.257037496283240463e+00 2.468328553885655863e-01 2.064190498219795942e+09 9.076593516925619841e+08
1.320000000000000000e+02 8.200000000000500000e+13 0.000000000000000000e+00 1.612928835738192568e+00 9.219822957246977257e-02 2.009921544840205798e-01 8.203033163280078199e-02 0.000000000000000000e+00 1.524154723380866550e+00 9.088362938463348528e-02 2.321698453863953114e+09 1.238220101693475723e+09
1.330000000000000000e+02 8.200000000000100000e+13 0.000000000000000000e+00 1.111127346799474003e+00 4.670810792203584222e-02 8.458355661916275303e-02 3.731653543952133389e-02 0.000000000000000000e+00 1.122009469860029141e+00 1.993747790896691768e-02 1.554660134945894480e+08 2.414412935956753418e+07
1.340000000000000000e+02 8.200000000000100000e+13 0.000000000000000000e+00 1.307024530992461742e+00 2.053534270501630177e-01 2.406872089067310927e-01 1.354687260788949854e-01 0.000000000000000000e+00 1.223234378031922809e+00 2.721967239930734306e-01 2.922270561525521755e+09 1.790993019021472692e+09
1.350000000000000000e+02 8.200000000000100000e+13 0.000000000000000000e+00 1.118695901646505897e+00 5.306725184531550787e-02 4.108351650117526149e-02 7.665205316956087700e-03 0.000000000000000000e+00 1.206819984323170614e+00 5.473888172739738156e-02 4.656548163528615236e+08 1.028224368924365491e+08
1.360000000000000000e+02 8.200000000000300000e+13 0.000000000000000000e+00 1.654866110413038438e+00 6.055346934378297991e-02 1.702926142756899797e-01 2.983196522215717308e-02 0.000000000000000000e+00 1.654285065974010038e+00 5.398766041814528210e-02 1.575463293072209358e+09 3.921965973716357946e+08
1.370000000000000000e+02 8.200000000000100000e+13 0.000000000000000000e+00 1.263763367770540658e+00 3.995324118119131240e-02 8.968788781174141800e-02 1.207569924393524750e-02 0.000000000000000000e+00 1.191702261661541362e+00 4.904422341503089644e-02 8.885967527126545906e+08 1.581934526008283198e+08
1.380000000000000000e+02 8.200000000000100000e+13 0.000000000000000000e+00 1.111106871966242027e+00 1.297186458092318417e-01 1.138459336592815702e-01 2.594488146376827328e-02 0.000000000000000000e+00 1.139482430643794952e+00 1.339182209375492927e-01 1.276143892897256136e+09 3.574243052839120030e+08
1.390000000000000000e+02 8.200000000000100000e+13 0.000000000000000000e+00 1.442346810275225488e+00 1.249732735600695421e-01 1.985899053444750983e-01 6.065750665419753634e-02 0.000000000000000000e+00 1.549779788007062953e+00 1.060250360007034959e-01 1.798355139236620188e+09 8.402277446441704035e+08
1.400000000000000000e+02 8.200000000000100000e+13 0.000000000000000000e+00 1.053784429993912974e+00 4.836837222205440240e-02 1.714176866043269076e-01 3.176119072649809250e-02 0.000000000000000000e+00 1.358574190409451932e+00 8.713134754895549006e-02 1.195971109881243706e+09 4.643340249719371796e+08
1.410000000000000000e+02 8.200000000000200000e+13 0.000000000000000000e+00 1.104818438536512071e+00 5.014882542334789944e-02 1.056501647568831304e-01 1.884721325848442985e-02 0.000000000000000000e+00 1.449377809427717212e+00 4.527917367561589551e-02 1.174330397830400467e+09 2.692375234568108916e+08
1.420000000000000000e+02 8.200000000000100000e+13 0.000000000000000000e+00 1.479680657142413036e+00 6.658293474274346035e-02 1.717809975034196857e-01 7.283887248091285016e-02 0.000000000000000000e+00 1.510305441455917608e+00 9.339313368370995294e-02 2.067696013095015049e+09 1.039722912839162827e+09
1.430000000000000000e+02 8.200000000000100000e+13 0.000000000000000000e+00 1.157026974297899358e+00 5.752799731267350253e-02 1.411196142405900245e-01 4.799230977235380974e-02 0.000000000000000000e+00 1.306130203306383741e+00 2.145324125786925509e-02 8.344085457796862125e+08 3.014759821420745850e+08
1.440000000000000000e+02 8.200000000000300000e+13 0.000000000000000000e+00 1.092838117098895889e+00 4.506323047382205377e-02 6.218948405740176710e-02 1.317803386311669663e-02 0.000000000000000000e+00 1.191252902839502692e+00 3.700208425442847587e-02 4.513981369869887829e+08 2.011360695499767065e+08
1.450000000000000000e+02 8.200000000000100000e+13 0.000000000000000000e+00 1.416288999559636164e+00 4.826200379938902496e-02 1.434342001604367312e-01 2.706510188773596573e-02 0.000000000000000000e+00 1.539827012297030562e+00 6.334795964179441852e-02 1.524043050078665495e+09 3.457895508528419733e+08
1.460000000000000000e+02 8.200000000000100000e+13 0.000000000000000000e+00 1.346973933014685487e+00 7.576240356513423702e-02 1.383369853089329027e-01 3.268311271911766153e-02 0.000000000000000000e+00 1.349526413741171105e+00 8.744895976213649946e-02 1.664500291020514965e+09 4.461190538470161557e+08
1.470000000000000000e+02 8.200000000000100000e+13 0.000000000000000000e+00 1.165207461920848120e+00 8.898217041909252389e-02 1.655928594341994631e-01 4.092015353232093117e-02 0.000000000000000000e+00 1.193433990469596750e+00 7.795233747673356584e-02 1.242162536025168180e+09 2.038203402926154435e+08
1.480000000000000000e+02 8.200000000000300000e+13 0.000000000000000000e+00 1.293413416283575090e+00 1.028748423491517294e-01 2.387474581522874839e-01 1.027558601209134087e-01 0.000000000000000000e+00 1.095207328424782078e+00 1.159464904456751488e-01 3.138886585271575451e+09 1.549070621135168552e+09
1.490000000000000000e+02 8.200000000000100000e+13 0.000000000000000000e+00 1.947575268839158991e+00 1.890167394071568807e-01 2.181398867603001335e-01 7.736745183189951136e-02 0.000000000000000000e+00 2.138983794233773050e+00 1.388414779898620166e-01 1.366446078180455923e+09 2.762720092768484950e+08
1.500000000000000000e+02 8.200000000000200000e+13 0.000000000000000000e+00 1.344562486266062562e+00 1.130939259879741171e-01 2.765900144916710324e-01 1.630085904235452354e-01 0.000000000000000000e+00 1.347579373742966213e+00 3.824493346483621298e-02 8.096509761529854536e+08 2.789820791082284451e+08
1.510000000000000000e+02 8.200000000000100000e+13 0.000000000000000000e+00 1.571412565365010394e+00 1.300451389343855735e-01 1.577092204122764463e-01 6.945142485394290022e-02 0.000000000000000000e+00 1.502431425266824716e+00 1.759220057640289991e-01 1.814471430443526745e+09 9.701157312475455999e+08
1.520000000000000000e+02 8.200000000000100000e+13 1.000000000000000000e+00 1.058762227812480194e+00 9.527588774292524224e-03 7.788682913930961016e-02 1.807110909178934535e-02 0.000000000000000000e+00 1.367181945549396982e+00 1.775982644608770089e-02 3.970572731588140726e+08 7.101344119405063987e+07
1.530000000000000000e+02 8.200000000000200000e+13 0.000000000000000000e+00 1.214916016405493737e+00 3.613056751490052038e-02 5.394445355586230395e-02 1.083575013336642370e-02 0.000000000000000000e+00 1.199832441820254614e+00 3.219404272976253423e-02 4.061165301915634274e+08 5.188373302087668329e+07
1.540000000000000000e+02 8.200000000000200000e+13 0.000000000000000000e+00 1.483125676980762586e+00 2.403283598049029690e-01 2.549360872750502383e-01 1.428070584596820569e-01 0.000000000000000000e+00 8.195202970738526549e-01 2.592114370371429444e-01 3.599243171182073593e+09 2.211972041154114246e+09
1.550000000000000000e+02 8.200000000000100000e+13 0.000000000000000000e+00 1.552835276805213161e+00 1.092169905063225949e-01 1.633619002103253171e-01 4.241521624765672710e-02 0.000000000000000000e+00 1.761202205129273279e+00 1.343908227888581663e-01 2.202789350330474854e+09 6.198028186395665407e+08
1.560000000000000000e+02 8.200000000000100000e+13 0.000000000000000000e+00 1.636011909662443475e+00 1.096557989711024472e-01 1.888747972439022149e-01 8.604388091242463898e-02 0.000000000000000000e+00 1.524900873664846834e+00 1.551239528542959212e-01 2.134943403244025946e+09 1.166416781763490915e+09
1.570000000000000000e+02 8.200000000000100000e+13 0.000000000000000000e+00 1.059628851064293720e+00 4.403406821940478860e-02 1.233664296966011376e-01 1.846754635972656586e-02 0.000000000000000000e+00 1.224627837450773526e+00 3.853383857541996249e-02 1.026799940165160418e+09 1.507671226349239647e+08
1.580000000000000000e+02 8.200000000000400000e+13 0.000000000000000000e+00 1.288100593618724199e+00 1.906557706343111613e-01 2.853418309582207990e-01 5.481180208430355694e-02 0.000000000000000000e+00 1.535236298610118899e+00 1.708180842517228459e-01 3.097456098213500977e+09 9.175274358158558607e+08
1.590000000000000000e+02 8.200000000000100000e+13 0.000000000000000000e+00 1.051626374870033631e+00 4.629253866361602437e-02 1.012259473870763954e-01 2.782157662645880908e-02 0.000000000000000000e+00 1.247263333279118092e+00 8.764075904573290221e-02 1.262236099935540199e+09 4.307472164354096055e+08
1.600000000000000000e+02 8.200000000000100000e+13 0.000000000000000000e+00 1.102348804290394169e+00 7.349153283727398456e-02 1.552731908721717291e-01 3.823200392722728852e-02 0.000000000000000000e+00 1.189094929630785336e+00 1.121151550599881475e-01 1.514033811350614786e+09 5.089178142972795367e+08
1.610000000000000000e+02 8.200000000000600000e+13 0.000000000000000000e+00 1.173526076748406810e+00 1.368148361875798358e-01 1.526809409639543480e-01 6.777075293538056822e-02 0.000000000000000000e+00 1.438295155093758160e+00 1.370945893914385372e-01 1.041849026677298784e+09 5.427093898170740604e+08
1.620000000000000000e+02 8.200000000000400000e+13 0.000000000000000000e+00 1.433545994968407511e+00 6.047876422613182590e-02 8.194568508340564772e-02 2.544842169466289203e-02 0.000000000000000000e+00 1.417072738682167765e+00 8.036290058035758244e-02 1.088637427816286087e+09 3.442294890669647455e+08
1.630000000000000000e+02 8.200000000000300000e+13 0.000000000000000000e+00 1.087740811551327846e+00 6.866298299405804162e-02 9.152093733294264233e-02 1.695504353836140010e-02 0.000000000000000000e+00 1.308204526733484530e+00 4.192939539498184015e-02 7.110644530635677576e+08 2.144237477471759915e+08
1.640000000000000000e+02 8.200000000000100000e+13 0.000000000000000000e+00 1.188418938705378736e+00 8.035532718073619407e-03 1.275277507323625548e-01 2.814221586068955602e-02 0.000000000000000000e+00 1.119821320305029788e+00 2.239042886284867834e-02 1.483697304597297907e+09 3.614897105432366133e+08
1.650000000000000000e+02 8.200000000000100000e+13 0.000000000000000000e+00 1.321445520733291579e+00 5.682227248690353838e-02 1.379527565761076158e-01 4.787034141222508421e-02 0.000000000000000000e+00 1.291399311398533145e+00 8.767625287090197173e-02 1.576504182837880850e+09 5.901862000245220661e+08
1.660000000000000000e+02 8.200000000000100000e+13 0.000000000000000000e+00 8.272501646167631506e-01 3.308256678018910157e-02 1.744468196704388463e-01 6.191117075499696920e-02 0.000000000000000000e+00 1.159250055286728198e+00 4.329176028153607775e-02 4.966959692820571065e+08 1.638143102612885237e+08
1.670000000000000000e+02 8.200000000000300000e+13 0.000000000000000000e+00 1.136869576037280671e+00 6.916346280117116607e-02 1.286449411517820718e-01 5.559269202126162351e-02 0.000000000000000000e+00 1.325435209451805818e+00 3.887270402148167159e-02 7.251707353673495054e+08 2.666903204452302158e+08
1.680000000000000000e+02 8.200000000001900000e+13 0.000000000000000000e+00 1.462392383308095400e+00 1.162862136958399406e-01 1.252574838131432500e-01 9.575531205889076247e-02 0.000000000000000000e+00 1.405129920306695368e+00 1.288999870936332615e-01 1.895771083586169958e+09 1.449255934055153608e+09
1.690000000000000000e+02 8.200000000000100000e+13 0.000000000000000000e+00 1.280568252937182461e+00 2.521809097704568944e-02 1.168195161639535018e-01 2.464573268921094878e-02 0.000000000000000000e+00 1.266287821762475563e+00 3.900165516177218211e-02 1.333663168535810232e+09 3.334521265326008797e+08
1.700000000000000000e+02 8.200000000000300000e+13 0.000000000000000000e+00 1.525017022897558361e+00 3.498626089335379191e-02 1.535694819766574848e-01 4.294032711521045959e-02 0.000000000000000000e+00 1.569947393836044203e+00 5.890085841693495222e-02 1.967150030070941687e+09 5.946072035868480206e+08
1.710000000000000000e+02 8.200000000001200000e+13 0.000000000000000000e+00 1.410301247517150580e+00 2.406392414035184515e-02 9.649646163033741286e-02 2.473047266084696036e-02 0.000000000000000000e+00 1.501794868772973857e+00 4.783972166964393230e-02 1.147802784626360178e+09 3.424292806806445122e+08
1.720000000000000000e+02 8.200000000000200000e+13 0.000000000000000000e+00 1.233071733679427684e+00 3.461417915827082886e-02 1.143036837937312228e-01 1.918185200006763610e-02 0.000000000000000000e+00 1.393371456633107908e+00 6.058996012682699855e-02 1.057652017744862080e+09 2.694311991237573028e+08
1.730000000000000000e+02 8.200000000000100000e+13 0.000000000000000000e+00 1.262460757396214550e+00 6.400247430966327089e-02 1.329017981500501544e-01 4.448028046094385651e-02 0.000000000000000000e+00 1.255064051104108458e+00 9.749571910617652049e-02 1.608965890151453972e+09 5.666400621078732014e+08
1.740000000000000000e+02 8.200000000000200000e+13 0.000000000000000000e+00 1.115689372389949252e+00 4.010113852425190722e-02 1.011554081236756553e-01 3.585907422329662197e-02 0.000000000000000000e+00 1.264341905730266280e+00 2.440338343988391820e-02 1.126330166277543783e+09 5.313447901894618869e+08
1.750000000000000000e+02 8.200000000000200000e+13 0.000000000000000000e+00 1.584623530523271207e+00 2.780438049407539178e-02 1.185153122802475034e-01 3.219427370973104718e-02 0.000000000000000000e+00 1.709639049615320205e+00 3.286527949111713032e-02 1.321168039879992723e+09 4.251366283603116870e+08
1.760000000000000000e+02 8.200000000000100000e+13 0.000000000000000000e+00 1.434140149521189844e+00 4.256891754927384641e-02 5.828505062159725775e-02 1.128802763976721919e-02 0.000000000000000000e+00 1.680585031372782812e+00 6.399255513907516069e-02 7.506776121756278276e+08 1.663077190499711037e+08
1.770000000000000000e+02 8.200000000000200000e+13 0.000000000000000000e+00 1.066568637298104916e+00 4.769728756693505933e-02 8.776462180302162241e-02 2.351390509218178465e-02 0.000000000000000000e+00 1.352840798651798737e+00 6.964716401013762437e-02 6.142065086648117304e+08 2.052428070921906531e+08
1.780000000000000000e+02 8.200000000000100000e+13 0.000000000000000000e+00 1.139776756114613265e+00 5.864152383282239533e-02 9.340806498919627943e-02 2.580785779442511599e-02 0.000000000000000000e+00 1.261935622860444361e+00 4.502974877647151347e-02 5.744660193240181208e+08 9.370835144666779041e+07
1.790000000000000000e+02 8.200000000000100000e+13 0.000000000000000000e+00 1.140443085184615679e+00 5.963412450975598411e-02 1.422460520049862176e-01 2.795460593582363429e-02 0.000000000000000000e+00 1.109832559363270743e+00 9.292974486529184674e-02 1.461173677503502369e+09 3.786461422740341425e+08
1.800000000000000000e+02 8.200000000000200000e+13 0.000000000000000000e+00 1.117130878765575153e+00 9.338160108117478375e-02 1.235128922336997254e-01 5.298277725312278141e-02 0.000000000000000000e+00 1.036552914790451529e+00 3.385049629133639326e-02 6.559021591337958574e+08 1.605294170032764673e+08
1.810000000000000000e+02 8.200000000000200000e+13 0.000000000000000000e+00 1.189812754866947264e+00 6.040857197631659126e-02 1.657464639879771273e-01 5.513752782094075849e-02 0.000000000000000000e+00 1.167365669883747126e+00 4.377962777613633033e-02 1.598131861976216555e+09 7.612264553079334497e+08
1.820000000000000000e+02 8.200000000000200000e+13 0.000000000000000000e+00 1.804228865254942971e+00 5.762087079616848989e-02 6.367207533581663303e-02 1.920131480026179144e-02 0.000000000000000000e+00 1.844480398140999844e+00 7.671138520489453883e-02 5.258717183910638094e+08 2.963211477671773434e+08
1.830000000000000000e+02 8.200000000000100000e+13 0.000000000000000000e+00 1.309805219296954482e+00 1.363454783098468071e-01 2.106020580479603665e-01 9.756340146889655451e-02 0.000000000000000000e+00 1.008647103390714506e+00 1.548891750607112316e-01 2.723983065739249229e+09 1.532668082644372225e+09
1.840000000000000000e+02 8.200000000000500000e+13 0.000000000000000000e+00 1.189357773216242586e+00 3.251950547208797004e-02 7.729183176942031053e-02 1.711563830052019800e-02 0.000000000000000000e+00 1.359991157548097407e+00 1.479804523205430558e-02 4.972793835599612594e+08 1.222948552614233047e+08
1.850000000000000000e+02 8.200000000000400000e+13 1.000000000000000000e+00 9.632368741384392807e-01 1.522855200455400758e-02 2.959978517775923093e-02 1.306613068106057991e-02 0.000000000000000000e+00 1.146566677327031547e+00 2.870773768198123937e-02 1.511719272659907043e+08 7.890334053501537442e+07
1.860000000000000000e+02 8.200000000000300000e+13 0.000000000000000000e+00 9.988757247255068972e-01 4.699203387915186492e-02 5.302225962529320130e-02 2.050396003650888782e-02 0.000000000000000000e+00 1.032685576710234310e+00 5.253350895933554809e-02 8.056420595334572792e+08 3.115456170510835052e+08
1.870000000000000000e+02 8.200000000000300000e+13 0.000000000000000000e+00 1.254636003329930194e+00 4.746662598035539943e-02 1.064559677878975097e-01 2.924340047888856348e-02 0.000000000000000000e+00 1.235949519964022025e+00 2.549280579916369388e-02 9.441070147507821321e+08 2.074004232168895006e+08
1.880000000000000000e+02 8.200000000000100000e+13 1.000000000000000000e+00 1.135091077526312775e+00 2.757679139198180793e-02 5.854569326151750491e-02 2.273448486295736107e-02 0.000000000000000000e+00 1.311729548884548180e+00 2.857570512398717802e-02 5.749732429177507162e+08 3.341097050526713133e+08
1.890000000000000000e+02 8.200000000000300000e+13 0.000000000000000000e+00 1.235727668220446551e+00 1.591122449058773591e-01 1.796292025477870813e-01 4.128012488396519408e-02 0.000000000000000000e+00 1.362165148950210902e+00 1.974939442707779602e-01 1.244828161348681211e+09 3.362786636357401013e+08
1.900000000000000000e+02 8.200000000000100000e+13 0.000000000000000000e+00 1.185084330349632786e+00 1.130466924258489991e-02 1.032421747738182100e-01 2.064326321144955428e-02 0.000000000000000000e+00 1.258927221179498623e+00 3.008320819021501058e-02 1.062686597767361403e+09 2.684535566678959131e+08
1.910000000000000000e+02 8.200000000000100000e+13 1.000000000000000000e+00 1.016697605292116835e+00 3.836110221642610035e-02 6.582080582111571321e-02 8.335997732898805385e-03 0.000000000000000000e+00 1.013452476710414052e+00 2.077745992714486595e-02 5.983739970582036972e+08 1.259314936736130863e+08
1.920000000000000000e+02 8.200000000001800000e+13 0.000000000000000000e+00 1.151833567425346816e+00 1.440247376064771878e-01 2.083226294000095624e-01 1.539295725656292801e-01 0.000000000000000000e+00 6.086179971808287625e-01 7.552749132442657110e-02 7.217504242194801569e+08 2.813460427354623675e+08
1.930000000000000000e+02 8.200000000000100000e+13 0.000000000000000000e+00 1.235851531926822178e+00 4.897077604055747463e-02 8.500436159189113383e-02 2.201668708836074587e-02 0.000000000000000000e+00 1.232138944462143115e+00 3.964084505833457422e-02 6.921252979247548580e+08 1.518524930327934623e+08
1.940000000000000000e+02 8.200000000000100000e+13 0.000000000000000000e+00 1.130652846813783530e+00 4.826647825014505205e-02 1.536993070848043652e-01 3.004868996777099177e-02 0.000000000000000000e+00 1.169114401777217482e+00 4.586463630493509830e-02 1.421460342503571987e+09 4.062781079141843319e+08
1.950000000000000000e+02 8.200000000000200000e+13 0.000000000000000000e+00 1.216910874441003765e+00 1.270430412098316197e-01 2.905858641768948036e-01 7.361765127274463860e-02 0.000000000000000000e+00 1.105498653840883527e+00 1.134193259438423668e-01 2.226094977650480270e+09 8.742443169299248457e+08
1.960000000000000000e+02 8.200000000000100000e+13 0.000000000000000000e+00 1.239396222859678431e+00 5.239879632373044965e-02 4.551516496448311522e-02 1.170233442315679606e-02 0.000000000000000000e+00 1.322275619068042252e+00 3.433000861402231429e-02 4.030810470158892274e+08 1.524082975600336492e+08
1.970000000000000000e+02 8.200000000000100000e+13 0.000000000000000000e+00 1.170394159206805007e+00 4.373583161767356786e-02 1.844110769672561434e-01 2.569169459721590623e-02 0.000000000000000000e+00 1.298432831454742642e+00 1.058727334526975983e-01 1.944896158773747206e+09 3.981535649422930479e+08
1.980000000000000000e+02 8.200000000000500000e+13 0.000000000000000000e+00 1.394213072840535306e+00 3.851435668869476053e-02 1.039009598582952276e-01 4.993273810948608421e-02 0.000000000000000000e+00 1.467900704165591819e+00 8.499314504673606552e-02 1.322029827703455925e+09 6.780150181199815273e+08
1.990000000000000000e+02 8.200000000000200000e+13 0.000000000000000000e+00 1.353449367008887183e+00 2.838280885075260274e-02 1.251243554237879418e-01 2.281841646320195358e-02 0.000000000000000000e+00 1.293979541664170618e+00 4.139414396967554255e-02 1.276872644837473631e+09 2.389917430314333141e+08
2.000000000000000000e+02 8.200000000000100000e+13 0.000000000000000000e+00 1.051588952886461037e+00 8.060359444677821228e-02 1.137781348419342753e-01 9.143689558944836579e-03 0.000000000000000000e+00 1.326839964736455935e+00 5.595348165923048900e-02 7.416404143922860622e+08 1.205733057106958181e+08
2.010000000000000000e+02 8.200000000000100000e+13 0.000000000000000000e+00 1.082780950431737166e+00 4.912188142048925371e-02 1.355815685767814416e-01 2.799119295016962855e-02 0.000000000000000000e+00 1.278304316512533623e+00 7.346436189465689603e-02 1.465922061519219875e+09 4.261417824027504325e+08
2.020000000000000000e+02 8.200000000000100000e+13 0.000000000000000000e+00 1.235540720278711868e+00 8.398200204469750962e-02 2.021969622329644334e-01 9.669385740320156353e-02 0.000000000000000000e+00 1.174581786602058031e+00 9.179066977363485591e-02 2.192245924539838791e+09 1.609312295031649113e+09
2.030000000000000000e+02 8.200000000000100000e+13 0.000000000000000000e+00 1.223941800261646007e+00 9.368806379452231103e-02 1.539488497837405434e-01 4.160054968119743929e-02 0.000000000000000000e+00 1.300264167515369884e+00 1.192723367785259031e-01 1.689020821649625540e+09 5.461989233804095984e+08
2.040000000000000000e+02 8.200000000000300000e+13 0.000000000000000000e+00 1.242506591066992794e+00 1.135922687139258730e-01 2.109302068511831885e-01 5.016021080563676238e-02 0.000000000000000000e+00 1.526102086480387587e+00 1.020294162758215162e-01 1.411028658559870005e+09 4.962194224516866803e+08
2.050000000000000000e+02 8.200000000000300000e+13 0.000000000000000000e+00 1.219591255767981774e+00 1.029570377694075944e-01 2.258319455719813018e-01 1.387443221644483471e-01 0.000000000000000000e+00 1.333373523505833935e+00 5.866038068648796872e-02 1.258573929442333460e+09 2.061079663075479269e+08
2.060000000000000000e+02 8.200000000000100000e+13 0.000000000000000000e+00 1.120962103480790395e+00 9.473990488840965118e-02 1.349756880370014123e-01 6.947873938657349313e-02 0.000000000000000000e+00 1.303636048497057942e+00 1.772041367174951032e-01 1.338574235309476376e+09 1.093900576099987030e+09
2.070000000000000000e+02 8.200000000000300000e+13 0.000000000000000000e+00 1.300356836595794707e+00 6.687843430527905253e-02 1.554379256582663349e-01 4.616182171292392000e-02 0.000000000000000000e+00 1.266026662919097268e+00 7.766248741977022085e-02 1.612123979791500092e+09 5.863499346236873865e+08
2.080000000000000000e+02 8.200000000000400000e+13 0.000000000000000000e+00 1.110371486556062548e+00 2.117127312477575518e-01 2.910452737997314410e-01 1.882430275803401443e-01 0.000000000000000000e+00 1.077096421438355156e+00 1.093429352495683543e-01 9.955180305576744080e+08 7.281091693188321590e+08
2.090000000000000000e+02 8.200000000000100000e+13 0.000000000000000000e+00 2.843049632548932948e+00 1.771801694106299174e-01 1.965525932883765148e-01 6.316369662114861006e-02 0.000000000000000000e+00 2.871316283325191066e+00 1.868956158651790267e-01 2.251589667874001980e+09 8.760979132178235054e+08
2.100000000000000000e+02 8.200000000000100000e+13 0.000000000000000000e+00 1.234573138941216897e+00 1.446015455228415181e-01 2.498693850316460463e-01 8.531892006990028643e-02 0.000000000000000000e+00 1.082980359899007317e+00 8.186370771022281889e-02 2.067794659900992632e+09 5.097838266110861301e+08
2.110000000000000000e+02 8.200000000000100000e+13 0.000000000000000000e+00 1.032167929420692243e+00 9.091171997004490746e-02 1.087556504445791189e-01 3.251239023263990252e-02 0.000000000000000000e+00 1.420009118390714198e+00 7.405429579425154563e-02 8.722676047614412308e+08 2.071465793415192962e+08
2.120000000000000000e+02 8.200000000000100000e+13 0.000000000000000000e+00 1.243440740115088650e+00 4.832878298695261754e-02 8.563256085347009661e-02 2.889995479751947607e-02 0.000000000000000000e+00 1.322344932814726093e+00 1.854792689993673208e-02 1.181045036734745741e+09 4.475814420637276173e+08
2.130000000000000000e+02 8.200000000000200000e+13 0.000000000000000000e+00 1.219211274436301506e+00 8.290691658906694517e-02 1.049022159614072802e-01 1.817385079886571150e-02 0.000000000000000000e+00 1.161748342122258748e+00 1.306267031619163799e-01 1.176756752692393064e+09 2.426957599896596670e+08
2.140000000000000000e+02 8.200000000000100000e+13 0.000000000000000000e+00 1.185513393418350603e+00 9.063850562231613728e-02 1.263995943036007596e-01 2.338101607245926528e-02 0.000000000000000000e+00 1.328784476624836008e+00 7.194127987366961963e-02 1.442819806187700272e+09 3.220775027089468241e+08
2.150000000000000000e+02 8.200000000000200000e+13 0.000000000000000000e+00 1.151320642470559985e+00 3.392673311485015081e-02 5.390080318622701011e-02 1.605342335818536054e-02 0.000000000000000000e+00 1.030211649211371538e+00 4.054967860264349633e-02 7.577321916016746759e+08 2.256774471779218316e+08
2.160000000000000000e+02 8.200000000000100000e+13 0.000000000000000000e+00 1.261458013945132572e+00 5.898798936935489845e-02 8.852069818851417138e-02 1.497522994092574666e-02 0.000000000000000000e+00 1.382403456822483445e+00 8.087302495615877884e-02 7.534076128987120390e+08 2.165617963734335303e+08
2.170000000000000000e+02 8.200000000000200000e+13 0.000000000000000000e+00 1.303541022178814401e+00 1.016696423486566914e-01 1.043116609683173851e-01 1.606652581328730720e-02 0.000000000000000000e+00 1.554280299452865943e+00 1.587831219786154935e-01 1.084836093921572208e+09 2.482160132835570276e+08
2.180000000000000000e+02 8.200000000000200000e+13 0.000000000000000000e+00 1.288771773393992293e+00 5.819063381572078808e-02 1.122868698384121289e-01 2.853966853315408753e-02 0.000000000000000000e+00 1.272218666248452035e+00 8.321792757221932457e-02 1.120319499188892603e+09 3.960277486944083571e+08
2.190000000000000000e+02 8.200000000000100000e+13 0.000000000000000000e+00 1.276982159053428045e+00 1.207032439591318729e-01 1.642535203000661248e-01 3.385497240884226267e-02 0.000000000000000000e+00 1.557882940685758610e+00 9.120600231721646967e-02 1.446925776284536123e+09 5.651139434646922350e+08
2.200000000000000000e+02 8.200000000000200000e+13 0.000000000000000000e+00 1.053396316453126369e+00 4.360545407254522859e-02 5.545511133435371970e-02 2.054186351768223784e-02 0.000000000000000000e+00 1.226049614928643505e+00 3.724359985613202167e-02 5.318554521865636110e+08 2.996033945081375241e+08
2.210000000000000000e+02 8.200000000000100000e+13 1.000000000000000000e+00 1.105715180900509909e+00 1.892062757015437399e-02 7.991068083686607426e-02 9.715300675145234488e-03 0.000000000000000000e+00 1.028464417548513810e+00 2.434037962255851395e-02 8.366164909331030846e+08 1.600765799251809716e+08
2.220000000000000000e+02 8.200000000000100000e+13 0.000000000000000000e+00 1.271903025682795452e+00 8.799708432626157650e-02 1.119976052719063725e-01 4.378341819063168855e-02 0.000000000000000000e+00 1.361069986426184819e+00 1.070295089487005025e-01 1.271062931004985809e+09 5.680722067699708939e+08
2.230000000000000000e+02 8.200000000000100000e+13 0.000000000000000000e+00 1.083444622940014757e+00 2.175183319359510203e-01 3.587724686879277813e-01 1.725781552975653999e-01 0.000000000000000000e+00 1.261013997144651899e+00 1.539657507271398329e-01 1.452699831873062134e+09 2.781104298478441238e+08
2.240000000000000000e+02 8.200000000000200000e+13 0.000000000000000000e+00 1.303920704576255085e+00 5.505777875888437367e-02 9.582454553101604766e-02 2.528983204508706076e-02 0.000000000000000000e+00 1.293299864937439203e+00 4.935409943063991112e-02 9.518790663085726500e+08 3.953767473270037174e+08
2.250000000000000000e+02 8.200000000000100000e+13 0.000000000000000000e+00 1.191377636248731831e+00 1.133004182413429040e-01 1.398433753657762624e-01 3.759310401560645581e-02 0.000000000000000000e+00 1.310942371839757925e+00 1.120249134630461330e-01 1.222019749899558306e+09 4.088817005515509844e+08
2.260000000000000000e+02 8.200000000000100000e+13 0.000000000000000000e+00 1.112081587001299665e+00 4.006660646479100890e-02 1.432331319466579045e-01 3.260675104617567766e-02 0.000000000000000000e+00 1.233281334285348141e+00 4.306908017694308782e-02 1.552585850916307211e+09 4.613016235136021972e+08
2.270000000000000000e+02 8.200000000000100000e+13 0.000000000000000000e+00 1.039773859283636082e+00 4.472255258886637108e-02 7.158849440353436122e-02 1.726769201102592438e-02 0.000000000000000000e+00 1.346097313926293282e+00 3.472750082775093172e-02 4.216180783959449530e+08 7.421119398896023631e+07
2.280000000000000000e+02 8.200000000000100000e+13 1.000000000000000000e+00 1.036856502559919235e+00 3.643099141740067243e-02 6.222067581245884632e-02 1.968911840721705372e-02 0.000000000000000000e+00 1.282582678714377922e+00 1.579513750534591518e-02 8.047871532740267515e+08 2.933283931280581951e+08
2.290000000000000000e+02 8.200000000000200000e+13 0.000000000000000000e+00 1.262962919860367128e+00 1.106034104799138301e-01 1.295904874198238743e-01 3.489656110674939360e-02 0.000000000000000000e+00 1.183379732419887143e+00 7.628605111657653370e-02 2.001796254548732996e+09 6.038081137196121216e+08
2.300000000000000000e+02 8.200000000000100000e+13 0.000000000000000000e+00 1.321740461565425795e+00 3.302816226862412968e-02 8.877547679107955503e-02 1.451945993133994285e-02 0.000000000000000000e+00 1.309891959438808096e+00 4.500195971096632858e-02 1.059795662104082584e+09 1.904519474264909625e+08
2.310000000000000000e+02 8.200000000000100000e+13 0.000000000000000000e+00 1.233693541607331801e+00 7.236075525695080668e-02 1.439729613981242384e-01 3.176257310711839282e-02 0.000000000000000000e+00 1.259371004949364714e+00 9.599470209208774141e-02 1.227526699103836775e+09 4.417475460230399966e+08
2.320000000000000000e+02 8.200000000000100000e+13 0.000000000000000000e+00 1.603749501776225994e+00 1.273099681577858355e-01 3.873421681835700348e-01 1.236029171978298841e-01 0.000000000000000000e+00 1.849077342926066514e+00 8.927649796530555404e-02 5.712949202147022247e+09 2.128870035368160009e+09
2.330000000000000000e+02 8.200000000000100000e+13 0.000000000000000000e+00 1.050039597939729452e+00 6.569105302576591643e-02 1.351723939370858274e-01 2.524230710640566755e-02 0.000000000000000000e+00 1.115076924332804253e+00 4.764633928000223950e-02 1.052567418796419740e+09 3.309565585371553898e+08
2.340000000000000000e+02 8.200000000000100000e+13 1.000000000000000000e+00 1.142953117726934753e+00 2.321342386311727249e-02 4.190414305522852795e-02 5.195955314862778576e-03 0.000000000000000000e+00 1.244213656641363741e+00 1.477562800024749025e-02 2.907912071367323399e+08 6.390977008652196079e+07
2.350000000000000000e+02 8.200000000000100000e+13 0.000000000000000000e+00 1.122225622672637702e+00 1.366896638227158012e-01 3.101898932249646523e-01 9.845514850893444248e-02 0.000000000000000000e+00 1.137293065311078877e+00 9.294900604686810730e-02 1.495748883729356527e+09 4.543237816289821267e+08
2.360000000000000000e+02 8.200000000000300000e+13 0.000000000000000000e+00 1.371593101397867276e+00 1.273015771321222012e-01 2.445371759029158487e-01 1.014035578197481774e-01 0.000000000000000000e+00 1.520416633781618510e+00 1.062999632948458673e-01 1.468912894159763813e+09 6.812161361234328747e+08
2.370000000000000000e+02 8.200000000000100000e+13 0.000000000000000000e+00 1.880615402819316495e+00 3.960756299650164403e-02 1.491701692844793758e-01 3.059469851208555108e-02 0.000000000000000000e+00 1.739881846424639056e+00 7.464151310729237598e-02 1.387253990641814709e+09 3.873937257855665088e+08
2.380000000000000000e+02 8.200000000000100000e+13 1.000000000000000000e+00 1.112305795181858459e+00 1.845761440648422541e-02 5.114592977112335931e-02 1.002490937171539483e-02 0.000000000000000000e+00 1.162894576709664562e+00 4.213735657486149949e-02 4.795137003517439365e+08 1.357868731318866909e+08
2.390000000000000000e+02 8.200000000000100000e+13 0.000000000000000000e+00 1.371915023592449101e+00 1.512065169331970882e-01 1.713013767806985110e-01 4.072665568270197184e-02 0.000000000000000000e+00 1.288155794941129306e+00 2.000075268919434268e-01 1.683388334074228048e+09 5.032958542110602856e+08
2.400000000000000000e+02 8.200000000000100000e+13 0.000000000000000000e+00 1.054870483475231380e+00 7.849194987688667968e-02 1.770478664241477984e-01 1.148086743419596545e-01 0.000000000000000000e+00 1.270345341378155135e+00 4.891702675565488823e-02 5.224092176271347404e+08 1.369466239149343073e+08
2.410000000000000000e+02 8.200000000000100000e+13 0.000000000000000000e+00 1.126732990921639255e+00 2.951710710449240854e-02 2.229568644340118033e-01 6.314606829635319163e-02 0.000000000000000000e+00 1.157918525921039610e+00 3.863901778427134698e-02 2.204090246482029438e+09 8.558647452687069178e+08
2.420000000000000000e+02 8.200000000000100000e+13 0.000000000000000000e+00 1.547127965245477466e+00 4.098897641970963152e-02 1.196110488001517619e-01 2.235547282557147006e-02 0.000000000000000000e+00 1.807522559449600497e+00 5.805751756301250066e-02 1.075261202803581238e+09 3.545934053320692182e+08
2.430000000000000000e+02 8.200000000000100000e+13 1.000000000000000000e+00 1.140885393467872877e+00 3.437624667796164435e-02 9.731539556524070045e-02 2.214062589242172044e-02 0.000000000000000000e+00 1.203348112226839461e+00 2.690546002924597627e-02 2.722756959610261917e+08 7.942684790066428483e+07
2.440000000000000000e+02 8.200000000000100000e+13 0.000000000000000000e+00 8.920581626748043114e-01 1.520798780594510569e-01 1.985797244143098494e-01 6.683517421658100033e-02 0.000000000000000000e+00 1.548733796048770373e+00 7.421214191364242097e-02 4.831265296073644161e+08 2.750315965403677225e+08
2.450000000000000000e+02 8.200000000000200000e+13 0.000000000000000000e+00 1.071390332374231757e+00 7.577639141398376244e-02 1.256148419221620738e-01 3.330085647958699879e-02 0.000000000000000000e+00 1.119107713233364221e+00 8.235534488952947485e-02 9.145278401103916168e+08 5.106666226999036074e+08
2.460000000000000000e+02 8.200000000000100000e+13 0.000000000000000000e+00 1.108964726444424231e+00 3.957753805247841289e-02 1.119564194569784427e-01 2.112072609937277329e-02 0.000000000000000000e+00 1.233279631402097509e+00 4.661961632596372390e-02 1.269539551293670416e+09 2.975619343764173985e+08
2.470000000000000000e+02 8.200000000000400000e+13 0.000000000000000000e+00 9.573203933866901716e-01 1.455874499700659797e-01 2.166953199905304883e-01 1.552442344492888093e-01 0.000000000000000000e+00 2.230394895697195956e+00 8.364219273189067716e-02 2.019494123794448972e+08 1.386165644700484574e+08
2.480000000000000000e+02 8.200000000000300000e+13 0.000000000000000000e+00 1.194218698554525560e+00 5.396236091522396694e-02 2.286366474033044993e-01 6.560418077836559225e-02 0.000000000000000000e+00 1.143391577587346886e+00 9.926315275507982538e-02 2.083502250874453545e+09 9.260702921139278412e+08
2.490000000000000000e+02 8.200000000000100000e+13 0.000000000000000000e+00 1.428270489774018603e+00 1.169113059054731896e-01 1.612564698489029891e-01 4.093299452626210366e-02 0.000000000000000000e+00 1.436123670490135007e+00 1.278310286480401070e-01 1.503317028732496977e+09 5.157504575673777461e+08
2.500000000000000000e+02 8.200000000000300000e+13 0.000000000000000000e+00 1.630306072016254326e+00 9.060266251682978778e-02 1.326464904755845775e-01 6.815672496377807310e-02 0.000000000000000000e+00 1.602567202060153129e+00 1.158684504082948818e-01 1.688964219169042587e+09 8.912425390877701044e+08
2.510000000000000000e+02 8.200000000000100000e+13 1.000000000000000000e+00 1.149390090294982958e+00 2.015750858598805775e-02 6.301921792182803295e-02 8.593851770850140237e-03 0.000000000000000000e+00 1.129645950429804646e+00 3.287646111807081967e-02 5.406425671797716618e+08 1.190802955238821357e+08
2.520000000000000000e+02 8.200000000000400000e+13 0.000000000000000000e+00 1.044539703396158314e+00 4.390334020798022235e-02 4.646036005544273290e-02 1.530034168197788765e-02 0.000000000000000000e+00 1.062292321294832087e+00 5.211670942739816959e-02 4.046074119182150364e+08 2.298929828409534991e+08
2.530000000000000000e+02 8.200000000000100000e+13 1.000000000000000000e+00 1.056007280742143895e+00 1.841074164721424877e-02 6.180883719611250660e-02 1.077851103738003587e-02 0.000000000000000000e+00 1.464168594228238085e+00 2.565912897716704499e-02 3.141898430310287476e+08 1.570945191357419789e+08
2.540000000000000000e+02 8.200000000000100000e+13 0.000000000000000000e+00 1.172848294358172616e+00 3.573370734903833640e-02 1.741176038280812244e-01 2.786670690175453713e-02 0.000000000000000000e+00 1.227614574567862826e+00 3.983097680993145928e-02 1.742711199999423027e+09 4.340464639646477699e+08
2.550000000000000000e+02 8.200000000000200000e+13 0.000000000000000000e+00 1.123553774484989720e+00 6.094756161614704737e-02 1.068060727046886149e-01 2.687196694117109305e-02 0.000000000000000000e+00 1.202500021334664382e+00 4.474967427660068997e-02 6.896428907490267754e+08 1.912285315161965787e+08
2.560000000000000000e+02 8.200000000000300000e+13 0.000000000000000000e+00 1.198279379027248792e+00 2.100351951556833630e-01 4.850122110701043932e-01 1.652167963153820807e-01 0.000000000000000000e+00 2.498813587949761938e+00 1.483234363894126440e-01 3.108366301081828475e+08 1.512781681540282369e+08
2.570000000000000000e+02 8.200000000000300000e+13 0.000000000000000000e+00 1.442776468525636124e+00 4.905467228668349694e-02 7.988868161851500616e-02 1.389925240758299943e-02 0.000000000000000000e+00 1.579008458851676622e+00 7.106246669297056062e-02 6.450809502783728838e+08 2.181050438255085051e+08
2.580000000000000000e+02 8.200000000000100000e+13 0.000000000000000000e+00 1.105277544812528934e+00 5.490317700483355462e-02 1.030281463058633773e-01 1.475484453321554076e-02 0.000000000000000000e+00 1.204751009291114450e+00 6.590262840590462023e-02 1.008622017534846425e+09 2.099603116036850214e+08
2.590000000000000000e+02 8.200000000000100000e+13 0.000000000000000000e+00 1.194246246266324141e+00 5.347906715378396986e-02 1.086333909497912420e-01 2.454097801724860681e-02 0.000000000000000000e+00 1.222677706222844440e+00 7.207313904008623429e-02 1.066020311686506033e+09 3.333907797260565758e+08
2.600000000000000000e+02 8.200000000000100000e+13 0.000000000000000000e+00 1.273390831460633033e+00 9.316825271315186396e-02 2.152830924613581831e-01 3.787155172319471574e-02 0.000000000000000000e+00 1.367153501618801670e+00 6.919752040437977814e-02 1.287514326714968681e+09 2.577118828951664567e+08
2.610000000000000000e+02 8.200000000000100000e+13 0.000000000000000000e+00 1.147752523795195545e+00 3.919265976976451377e-02 1.519074843631150196e-01 3.156744609401648805e-02 0.000000000000000000e+00 1.216335683231102083e+00 9.468805519216615119e-02 1.275445480675064325e+09 4.841359228725059032e+08
2.620000000000000000e+02 8.200000000000200000e+13 0.000000000000000000e+00 1.067171712656868721e+00 5.662474508949449925e-02 1.113270199247914927e-01 3.529628875299915119e-02 0.000000000000000000e+00 1.397599906009222126e+00 8.810944792501620992e-02 9.371375444574429989e+08 4.035472528729540110e+08
2.630000000000000000e+02 8.200000000000100000e+13 0.000000000000000000e+00 1.111649114137462036e+00 1.632200884402127683e-01 1.635007465953021710e-01 1.024479160546631767e-01 0.000000000000000000e+00 1.265088438331866127e+00 9.740259536769893534e-02 5.232834584697564244e+08 1.108678386803717315e+08
2.640000000000000000e+02 8.200000000000400000e+13 0.000000000000000000e+00 1.236885105539993646e+00 1.345617823792422119e-01 2.118743954188720691e-01 8.550887479467056407e-02 0.000000000000000000e+00 1.626621305342635937e+00 9.469842603630694577e-02 1.551991198276506424e+09 8.142424409215992689e+08
2.650000000000000000e+02 8.200000000000500000e+13 0.000000000000000000e+00 1.350682821143116552e+00 6.845089068521202635e-02 1.109398692946750309e-01 4.420709328706792784e-02 0.000000000000000000e+00 1.295718436444603716e+00 7.802296373399972285e-02 1.267032146545011759e+09 6.172953591288181543e+08
2.660000000000000000e+02 8.200000000000400000e+13 0.000000000000000000e+00 1.381719735784531888e+00 5.093005764970161275e-02 1.203785248835483601e-01 4.967069284827926173e-02 0.000000000000000000e+00 1.213176120340720532e+00 3.541638295772343847e-02 1.722010951259102821e+09 7.433041345867975950e+08
2.670000000000000000e+02 8.200000000000100000e+13 0.000000000000000000e+00 1.678573645001200543e+00 2.005950850862508461e-01 2.577598259471219899e-01 1.321428629676081046e-01 0.000000000000000000e+00 1.551784721622731844e+00 2.199932764871915247e-01 3.383044240908578873e+09 2.026457122326442480e+09
2.680000000000000000e+02 8.200000000000100000e+13 0.000000000000000000e+00 8.503216052522630797e-01 6.778483320615595609e-02 1.277984700896889203e-01 6.602467495641579920e-02 0.000000000000000000e+00 1.214317389364659272e+00 1.400496729255703773e-02 3.217430793576209545e+08 4.552331176873864233e+07
2.690000000000000000e+02 8.200000000000200000e+13 0.000000000000000000e+00 1.075196904220736771e+00 2.158679733985453819e-01 3.040126835147253792e-01 1.737220105396852232e-01 0.000000000000000000e+00 1.333793915701148913e+00 1.543944457630668232e-01 1.640485421850704193e+09 3.983106321463797092e+08
2.700000000000000000e+02 8.200000000000100000e+13 1.000000000000000000e+00 1.074899198596555250e+00 3.071984075328132099e-02 9.199202477641411912e-02 3.641224839832517962e-02 0.000000000000000000e+00 1.507205411673177009e+00 3.603723765039051896e-02 1.110246586162317038e+09 5.543969486997739077e+08
2.710000000000000000e+02 8.200000000000100000e+13 0.000000000000000000e+00 1.546308635183296420e+00 1.109921267623169977e-01 1.986331300773251374e-01 6.810428340675325765e-02 0.000000000000000000e+00 1.402935632590534221e+00 1.466399153625856655e-01 2.001698024483261824e+09 7.881201871729302406e+08
2.720000000000000000e+02 8.200000000000600000e+13 0.000000000000000000e+00 1.029940479768378436e+00 7.476907596128458400e-02 8.646159725006601071e-02 3.076738022824843447e-02 0.000000000000000000e+00 1.242687901808646966e+00 8.438586965598188216e-02 5.910397634698914289e+08 1.335817592365982682e+08
2.730000000000000000e+02 8.200000000001100000e+13 1.000000000000000000e+00 1.104601330431417727e+00 3.214958756753403396e-02 7.614044720127771670e-02 4.069546484418527094e-02 0.000000000000000000e+00 1.269848859664734819e+00 7.203302418471652091e-02 9.132931099122505188e+08 6.340997821436032057e+08
2.740000000000000000e+02 8.200000000000100000e+13 1.000000000000000000e+00 1.091324075508413927e+00 1.681425528333174713e-02 5.029289086385523022e-02 8.492369010632635010e-03 0.000000000000000000e+00 1.268384504324559403e+00 3.153297236177361046e-02 2.557710605773857832e+08 3.904747840068452805e+07
2.750000000000000000e+02 8.200000000000800000e+13 0.000000000000000000e+00 1.117385774445627922e+00 1.625876618924189387e-01 3.102861527544485409e-01 1.193327884019437929e-01 0.000000000000000000e+00 1.749696669692585305e+00 1.113071298122796371e-01 1.578339522056822479e+08 1.107351147077034563e+08
2.760000000000000000e+02 8.200000000000200000e+13 0.000000000000000000e+00 1.094529299335618822e+00 1.610793716913729856e-01 2.492479396675736925e-01 1.855093563501279685e-01 0.000000000000000000e+00 1.528044547427479749e+00 1.256203192275259506e-01 9.209413453357955217e+08 3.040073768244946003e+08
2.770000000000000000e+02 8.200000000001800000e+13 0.000000000000000000e+00 1.422542730471629824e+00 6.301146817836382474e-02 4.280582939627693845e-02 3.196145954096871189e-02 0.000000000000000000e+00 1.422542730471629824e+00 6.301162254426630194e-02 4.180902407856930494e+08 3.121718350937508345e+08
2.780000000000000000e+02 8.200000000000500000e+13 0.000000000000000000e+00 1.394729637360523133e+00 1.921755687730039019e-01 3.146203211682114254e-01 1.245575084451389231e-01 0.000000000000000000e+00 2.022976197579963387e+00 1.672776492977562646e-01 1.765528289531337261e+09 9.995337641548585892e+08
2.790000000000000000e+02 8.200000000010600000e+13 0.000000000000000000e+00 1.204376556596015169e+00 8.820137629223322173e-02 1.269075108289972054e-01 8.177118805677391356e-02 0.000000000000000000e+00 1.238530515091353257e+00 7.657827132791640568e-02 7.018425004053984880e+08 4.386550045718923807e+08
2.800000000000000000e+02 8.200000000000200000e+13 0.000000000000000000e+00 1.153598017201954207e+00 9.698312957393995237e-02 1.334734918552328842e-01 3.612867161296879487e-02 0.000000000000000000e+00 1.251197767332955513e+00 4.658636798944258001e-02 7.915645651065764427e+08 2.469974370780033171e+08
2.810000000000000000e+02 8.200000000000400000e+13 0.000000000000000000e+00 1.227315607178429691e+00 7.722507192720799718e-02 6.438302328056554058e-02 1.467667126004100486e-02 0.000000000000000000e+00 1.437881121532153639e+00 6.256584570517413624e-02 6.429779863342394829e+08 2.403900816612518430e+08
2.820000000000000000e+02 8.200000000000100000e+13 0.000000000000000000e+00 1.088991828075545731e+00 1.337834851105331457e-01 2.011235797700189343e-01 8.191993914898060281e-02 0.000000000000000000e+00 1.432415188920105109e+00 1.054524691283564297e-01 1.957199376930831194e+09 1.337530186422786236e+09
2.830000000000000000e+02 8.200000000000100000e+13 0.000000000000000000e+00 1.194895433076351488e+00 2.100833708003345054e-02 1.059147073057863930e-01 2.437084241173861909e-02 0.000000000000000000e+00 1.215741043691695555e+00 4.779991706998663881e-02 1.145484922488132715e+09 3.327099617132042646e+08
2.840000000000000000e+02 8.200000000000100000e+13 0.000000000000000000e+00 1.013070094211716343e+00 3.764766323436407464e-02 1.919007866148376429e-01 9.305568795257715409e-02 0.000000000000000000e+00 1.229879209096618187e+00 5.270122326006299041e-02 3.153127534059139490e+08 4.800084089669818431e+07
2.850000000000000000e+02 8.200000000000100000e+13 0.000000000000000000e+00 1.085177871750504064e+00 6.834459965719054397e-02 6.295535261727741583e-02 1.230907881626022715e-02 0.000000000000000000e+00 1.348932039515750470e+00 8.352449325002621328e-02 5.982703700824341774e+08 1.898089523341450095e+08
2.860000000000000000e+02 8.200000000000200000e+13 0.000000000000000000e+00 1.819399015448825985e+00 1.369059631692994550e-01 1.801388102441059957e-01 5.320728145211767179e-02 0.000000000000000000e+00 1.359680203544032517e+00 1.185740060395375772e-01 1.906265941528923988e+09 8.034367024835977554e+08
2.870000000000000000e+02 8.200000000000200000e+13 0.000000000000000000e+00 1.223775630922140367e+00 4.771583267379868321e-02 1.484644606565919678e-01 2.943700754889984339e-02 0.000000000000000000e+00 1.225070996822887892e+00 5.478400746644623148e-02 1.737938674879782200e+09 3.549699121344289184e+08
2.880000000000000000e+02 8.200000000000500000e+13 0.000000000000000000e+00 1.210922095595090120e+00 4.981748890306881422e-02 5.888635116327924079e-02 3.350775957145107897e-02 0.000000000000000000e+00 1.109954229717502683e+00 5.511571084687278549e-02 5.505354411909972429e+08 4.802757123842595220e+08
2.890000000000000000e+02 8.200000000000500000e+13 0.000000000000000000e+00 1.170180676657127217e+00 1.710064386530089561e-02 7.502175607391248224e-02 2.446439559210158293e-02 0.000000000000000000e+00 1.379532292090192902e+00 1.817904299467592785e-02 2.447268286275361776e+08 1.342110661402034312e+08
2.900000000000000000e+02 8.200000000000100000e+13 0.000000000000000000e+00 1.108023160014299791e+00 9.517439905311746162e-02 1.964322977939616244e-01 7.804019929888891816e-02 0.000000000000000000e+00 1.232181257753886428e+00 9.808653264475689082e-02 7.279537396498521566e+08 4.121226608927165866e+08
2.910000000000000000e+02 8.200000000004900000e+13 0.000000000000000000e+00 9.331528440817763448e-01 1.365445197429778212e-01 1.037955250162246601e-01 6.847995236112500161e-02 0.000000000000000000e+00 1.202502854838612079e+00 9.745192836573081385e-02 -1.000000000000000000e+00 -1.000000000000000000e+00
2.920000000000000000e+02 8.200000000000200000e+13 0.000000000000000000e+00 9.587451867430862862e-01 4.123696297385278514e-02 3.240171808075460735e-02 2.666612707760019838e-02 0.000000000000000000e+00 1.236464411407833364e+00 3.793659717033827372e-02 3.152249806084207818e+07 2.670559777076508477e+07
2.930000000000000000e+02 8.200000000000100000e+13 0.000000000000000000e+00 1.192232616329208961e+00 2.166504704394941472e-01 1.471223389412048554e-01 8.455427117377464774e-02 0.000000000000000000e+00 1.279512800318485688e+00 2.001960511334291704e-01 1.867055586647039652e+09 1.272368628903079271e+09
2.940000000000000000e+02 8.200000000000200000e+13 0.000000000000000000e+00 1.064764146377231713e+00 2.211217774909157163e-01 2.771926356208448405e-01 2.108631728862669641e-01 0.000000000000000000e+00 1.282054488062877251e+00 1.430474195078193789e-01 6.584340540832771063e+08 2.186547279930209219e+08
2.950000000000000000e+02 8.200000000000100000e+13 0.000000000000000000e+00 1.259990979226637497e+00 1.532181232769143364e-01 2.106736208918243980e-01 7.472534873809476286e-02 0.000000000000000000e+00 1.238250550332121502e+00 1.754684649754165160e-01 1.505126365107533693e+09 6.589167612029592991e+08
2.960000000000000000e+02 8.200000000000100000e+13 0.000000000000000000e+00 1.442239408709019788e+00 1.090716776334827026e-01 1.306976052956655421e-01 8.579870522069825423e-02 0.000000000000000000e+00 1.210817163745371294e+00 1.402997794933999454e-01 1.729216123215479374e+09 1.152225414207622290e+09
2.970000000000000000e+02 8.200000000000100000e+13 0.000000000000000000e+00 1.370420886293299612e+00 4.725476120563967819e-02 1.505499163057704148e-01 3.021782967943425005e-02 0.000000000000000000e+00 1.172947540303356906e+00 4.616167449191259375e-02 1.750944176241767645e+09 4.420135313827943206e+08
2.980000000000000000e+02 8.200000000000400000e+13 0.000000000000000000e+00 2.848404300187894478e+00 9.939524513444027154e-02 1.504248608225303707e-01 4.429118298026107903e-02 0.000000000000000000e+00 2.917358421209453656e+00 1.375405264368137204e-01 1.758166447684216261e+09 5.217766608950533867e+08
2.990000000000000000e+02 8.200000000000100000e+13 0.000000000000000000e+00 1.702765724747184350e+00 1.233934319166690441e-01 1.884303435052818720e-01 5.843688935251164368e-02 0.000000000000000000e+00 1.682440376577141405e+00 1.514101308279946212e-01 2.171392302641825676e+09 7.005526385791234970e+08
3.000000000000000000e+02 8.200000000000800000e+13 0.000000000000000000e+00 1.374870274125748359e+00 6.580488901109336763e-02 4.301916393469765870e-02 1.689048115769256272e-02 0.000000000000000000e+00 1.418896915728466102e+00 5.528373514957127949e-02 3.167941381554700136e+08 9.415387028222359717e+07
3.010000000000000000e+02 8.200000000000300000e+13 0.000000000000000000e+00 1.152096843342994781e+00 5.469048824323598929e-02 8.905108766839378576e-02 2.350690155440414431e-02 0.000000000000000000e+00 1.155327474446345759e+00 5.265648161191373300e-02 8.051627322724097967e+08 3.492940999296331406e+08
3.020000000000000000e+02 8.200000000000100000e+13 0.000000000000000000e+00 1.197167565271661127e+00 1.132261157463459039e-01 1.349385187646260087e-01 3.802280453394196735e-02 0.000000000000000000e+00 1.362298848035841337e+00 1.298219726865532664e-01 1.336252440246921778e+09 6.156209705470753908e+08
3.030000000000000000e+02 8.200000000000100000e+13 0.000000000000000000e+00 1.064981603837531043e+00 5.970561412093517567e-02 1.217699247716050454e-01 2.823538014211241648e-02 0.000000000000000000e+00 1.092087149540469149e+00 5.175506657009178169e-02 9.440813467949894667e+08 3.767545203487071395e+08
3.040000000000000000e+02 8.200000000001500000e+13 0.000000000000000000e+00 1.224995754529332403e+00 6.798137582397394130e-02 9.221460977608221532e-02 3.966456928322287245e-02 0.000000000000000000e+00 1.371540392655720364e+00 9.420718383072484992e-02 1.272997981747899532e+09 5.475587519922341108e+08
3.050000000000000000e+02 8.200000000000200000e+13 0.000000000000000000e+00 9.151455365532679131e-01 1.242557427352376509e-01 2.938288651085876890e-01 8.607603219263233740e-02 0.000000000000000000e+00 1.252355545961444827e+00 7.433434675710230699e-02 9.348132792664173841e+08 6.293754626855593920e+08
3.060000000000000000e+02 8.200000000000100000e+13 0.000000000000000000e+00 2.009213010262784316e+00 1.507163676181387524e-01 1.592433485228706425e-01 8.124608139496894421e-02 0.000000000000000000e+00 1.967411432647813596e+00 1.728569364816930076e-01 1.644623860272297859e+09 1.129851998013089895e+09
3.070000000000000000e+02 8.200000000000100000e+13 1.000000000000000000e+00 1.094321670657593781e+00 3.527850648620463325e-02 4.884976125015551285e-02 2.010808139748826440e-02 0.000000000000000000e+00 1.192289895393484400e+00 4.641936396687837418e-02 5.175510217052307725e+08 2.628207942928152978e+08
3.080000000000000000e+02 8.200000000000100000e+13 0.000000000000000000e+00 1.183335518362969907e+00 1.209096773839845040e-01 8.838150441795555867e-02 2.664821354222886990e-02 0.000000000000000000e+00 1.409118222891953875e+00 1.232788831677665564e-01 5.784344290374907255e+08 1.885261049393984079e+08
3.090000000000000000e+02 8.200000000000500000e+13 0.000000000000000000e+00 1.143909196861347954e+00 9.952938176335260345e-02 1.107416764381906754e-01 3.528663137073754369e-02 0.000000000000000000e+00 1.295203230924915516e+00 1.280031973661580891e-01 1.571991981704762697e+09 6.062903703757067919e+08
3.100000000000000000e+02 8.200000000000100000e+13 0.000000000000000000e+00 1.429735739426094776e+00 7.529402614075618450e-02 1.701587521025991756e-01 4.088894136335827212e-02 0.000000000000000000e+00 1.450964119892921955e+00 1.135750546924302606e-01 1.841637261010896444e+09 4.864121733007389903e+08
3.110000000000000000e+02 8.200000000000200000e+13 0.000000000000000000e+00 1.492305985963519488e+00 1.654510740328896390e-01 1.234136581375177427e-01 3.763339115807180779e-02 0.000000000000000000e+00 1.613575306832244483e+00 1.703181853110230515e-01 1.296428937025853872e+09 5.562447792649261951e+08
3.120000000000000000e+02 8.200000000000200000e+13 0.000000000000000000e+00 1.310447076204564354e+00 8.236197832520243678e-02 1.316688957554532358e-01 7.137159426825874509e-02 0.000000000000000000e+00 1.129086072460385948e+00 9.467300804542894133e-02 1.673659929541053534e+09 1.207430748524077415e+09
3.130000000000000000e+02 8.200000000000800000e+13 0.000000000000000000e+00 1.174424011792894351e+00 1.536258927724875600e-01 2.411430274391881123e-01 1.292416187868048461e-01 0.000000000000000000e+00 1.320835101978332426e+00 5.903979611354704532e-02 4.857345571185699701e+08 4.599060177740921378e+08
3.140000000000000000e+02 8.200000000000300000e+13 1.000000000000000000e+00 1.109243128572634740e+00 9.430803174323522386e-03 4.510780439021951083e-02 1.633226661333066557e-02 0.000000000000000000e+00 1.258695440395216192e+00 3.508874427998576184e-02 2.256408125484116375e+08 1.125401214032778591e+08
3.150000000000000000e+02 8.200000000000500000e+13 0.000000000000000000e+00 1.099814783752470104e+00 6.898264552404353989e-02 1.574634611832789466e-01 5.147397760154024532e-02 0.000000000000000000e+00 1.189388466190728133e+00 4.191349970527607355e-02 7.415121261788595915e+08 3.424466278862479329e+08
3.160000000000000000e+02 8.200000000000100000e+13 0.000000000000000000e+00 1.320367430675814635e+00 1.894495245274133710e-01 1.986312452191462130e-01 1.082352749702976680e-01 0.000000000000000000e+00 1.068992972936028130e+00 1.983298022186310572e-01 2.648692357364031792e+09 1.658152063564579487e+09
3.170000000000000000e+02 8.200000000000100000e+13 0.000000000000000000e+00 1.604918193765224821e+00 1.845909242868422340e-01 2.671096065144235032e-01 8.456570510137453867e-02 0.000000000000000000e+00 1.489225771393876796e+00 2.006643271918037708e-01 3.314505276899305344e+09 1.242981416332944632e+09
3.180000000000000000e+02 8.200000000000300000e+13 0.000000000000000000e+00 1.197905221892105354e+00 9.665108000226137197e-02 3.215544247405591194e-01 7.813340700706231101e-02 0.000000000000000000e+00 1.241071856083419522e+00 1.673362147062291971e-01 3.320565868422557831e+09 1.043575193319372535e+09
3.190000000000000000e+02 8.200000000000100000e+13 0.000000000000000000e+00 1.078839659500924419e+00 1.249626912505909099e-01 1.657692209790751214e-01 8.668066820231896952e-02 0.000000000000000000e+00 1.018991965280607426e+00 1.529349101334020189e-01 2.047996184181242704e+09 1.149883886479652882e+09
3.200000000000000000e+02 8.200000000000300000e+13 0.000000000000000000e+00 6.487737250511402820e-01 2.219958205582765742e-01 1.479506826623832871e-01 4.261754174614329482e-02 0.000000000000000000e+00 1.144850183197798410e+00 9.367249796687791841e-02 9.981330192740422487e+08 6.846041402423475981e+08
3.210000000000000000e+02 8.200000000000100000e+13 0.000000000000000000e+00 1.372369643072637757e+00 1.012729390045201960e-01 2.526533653322884931e-01 1.026517047969408708e-01 0.000000000000000000e+00 1.254475201602286427e+00 1.055602577502704198e-01 3.364532206065809727e+09 1.614853320815074682e+09
3.220000000000000000e+02 8.200000000000100000e+13 0.000000000000000000e+00 1.448930242513408073e+00 3.373926938976079537e-02 1.493761506535066508e-01 3.137738075768759655e-02 0.000000000000000000e+00 1.476165120557894062e+00 5.725976068256852930e-02 1.683277176702450991e+09 4.004030292049379945e+08
3.230000000000000000e+02 8.200000000000300000e+13 0.000000000000000000e+00 1.371217614903071480e+00 8.762348565110507359e-02 2.380376114354803008e-01 4.338427162326581599e-02 0.000000000000000000e+00 1.459007501041035271e+00 9.573415551929409517e-02 2.196893790512750149e+09 5.229397369413258433e+08
3.240000000000000000e+02 8.200000000000100000e+13 0.000000000000000000e+00 1.141472550848205980e+00 1.056879441417027526e-01 1.226241630551494904e-01 5.049690164167712492e-02 0.000000000000000000e+00 1.201739125140716125e+00 5.432526830734470819e-02 1.296690402906399816e+08 7.225351308009222150e+07
