# rID[0] Hid[1]   R200: DS[2], eta[3], detla[4], fm[5], fm2[6];   R500: DS[7], eta[8], detla[9], fm[10], fm2[11]
1.000000000000000000e+00 4.700000000032400000e+13 0.000000000000000000e+00 1.979477752545903135e-01 2.090306225721199340e-01 -1.000000000000000000e+00 -1.000000000000000000e+00 0.000000000000000000e+00 1.049512944636569856e+00 1.852026825707118185e-01 -1.000000000000000000e+00 -1.000000000000000000e+00
2.000000000000000000e+00 4.700000000001500000e+13 0.000000000000000000e+00 9.599480526504993172e-01 1.236251111292419463e-01 2.476551977816761896e-01 1.513553279384302064e-01 0.000000000000000000e+00 1.073044290756490549e+00 4.925505273027789427e-02 -1.000000000000000000e+00 -1.000000000000000000e+00
3.000000000000000000e+00 4.700000000000100000e+13 0.000000000000000000e+00 1.344799849693837590e+00 1.952551972434313568e-02 1.543820434268662958e-02 1.094601673555248983e-02 0.000000000000000000e+00 1.575444625248408226e+00 2.395290962977292618e-02 6.733606425345072150e+07 6.733606425345072150e+07
4.000000000000000000e+00 4.700000000006100000e+13 0.000000000000000000e+00 1.454429489083750582e+00 1.989958920282126620e-01 2.400458127141584241e-01 2.400458127141584241e-01 0.000000000000000000e+00 1.121971060103343465e+00 2.714150199554455356e-01 2.987500341632926464e+09 2.987500341632926464e+09
5.000000000000000000e+00 4.700000000007000000e+13 1.000000000000000000e+00 9.586432241139261068e-01 2.172161383840027007e-02 -1.000000000000000000e+00 -1.000000000000000000e+00 1.000000000000000000e+00 9.910322838586991256e-01 2.780544514403706161e-02 -1.000000000000000000e+00 -1.000000000000000000e+00
6.000000000000000000e+00 4.700000000000100000e+13 0.000000000000000000e+00 1.204598301563601259e+00 5.099532457963303761e-02 6.397176100857433767e-02 2.528036138158213514e-02 0.000000000000000000e+00 1.318171849673947849e+00 4.033291431879779121e-02 7.187486290325418711e+08 3.439250180129129887e+08
7.000000000000000000e+00 4.700000000000300000e+13 0.000000000000000000e+00 1.528183918730545043e+00 1.476029844863536444e-01 1.818403501140846978e-01 1.472993597521424225e-01 0.000000000000000000e+00 1.455014852298347483e+00 1.970376722600609143e-01 2.030592099133519650e+09 1.692686967791280508e+09
8.000000000000000000e+00 4.700000000020800000e+13 0.000000000000000000e+00 1.104902911994977366e+00 8.095659837787570756e-02 6.820213997116926496e-02 6.820213997116926496e-02 0.000000000000000000e+00 1.079324596934699398e+00 1.177596401480447558e-01 -1.000000000000000000e+00 -1.000000000000000000e+00
9.000000000000000000e+00 4.700000000000600000e+13 0.000000000000000000e+00 1.280894875471767502e+00 9.092612546192041512e-02 9.570793914991004847e-02 7.103317871960249108e-02 0.000000000000000000e+00 1.374333423926528353e+00 1.156735972383733380e-01 9.599067202188251019e+08 9.599067202188251019e+08
1.000000000000000000e+01 4.700000000001400000e+13 0.000000000000000000e+00 1.046390026486564651e+00 1.768548085210246423e-01 2.522859751207275902e-01 2.093169291674487620e-01 0.000000000000000000e+00 6.149983445096254275e-01 1.224721106214852751e-01 3.625840807680743217e+09 3.008291932005223274e+09
1.100000000000000000e+01 4.700000000030900000e+13 0.000000000000000000e+00 1.129259134804673215e+00 7.404970089851647952e-02 -1.000000000000000000e+00 -1.000000000000000000e+00 0.000000000000000000e+00 1.106013095393502121e+00 1.786048434875961710e-01 -1.000000000000000000e+00 -1.000000000000000000e+00
1.200000000000000000e+01 4.700000000000400000e+13 1.000000000000000000e+00 1.017084128311604774e+00 1.516651100101172600e-02 -1.000000000000000000e+00 -1.000000000000000000e+00 1.000000000000000000e+00 1.010448641538705061e+00 2.310476723082176276e-02 -1.000000000000000000e+00 -1.000000000000000000e+00
1.300000000000000000e+01 4.700000000018500000e+13 0.000000000000000000e+00 7.423387780898970112e-01 1.085393313163514339e-01 -1.000000000000000000e+00 -1.000000000000000000e+00 0.000000000000000000e+00 6.776741520703566390e-01 9.708433635074396884e-02 -1.000000000000000000e+00 -1.000000000000000000e+00
1.400000000000000000e+01 4.700000000018700000e+13 0.000000000000000000e+00 1.026910464281730828e+00 6.146319693499066594e-02 -1.000000000000000000e+00 -1.000000000000000000e+00 0.000000000000000000e+00 9.265823682473188772e-01 7.486726711711658155e-02 -1.000000000000000000e+00 -1.000000000000000000e+00
1.500000000000000000e+01 4.700000000000100000e+13 0.000000000000000000e+00 1.226555142410096222e+00 7.512810125791924420e-02 1.513204682948689206e-01 1.370416995884288225e-01 0.000000000000000000e+00 1.412377356657783523e+00 2.983595599190603728e-02 1.378974948647819161e+08 9.464234984815783799e+07
1.600000000000000000e+01 4.700000000000100000e+13 1.000000000000000000e+00 1.073280963148561140e+00 1.942478143776988492e-02 2.679761739211051000e-02 1.453944166319009849e-02 0.000000000000000000e+00 1.001542200086842360e+00 1.961204507470867830e-02 2.754441375186846256e+08 1.920401793721973002e+08
1.700000000000000000e+01 4.700000000001400000e+13 0.000000000000000000e+00 9.499423033401525052e-01 5.854247511090252681e-02 1.427687118160531760e-02 1.427687118160531760e-02 0.000000000000000000e+00 9.531281328453746760e-01 8.471118865215003513e-02 1.862886017850798666e+08 1.862886017850798666e+08
1.800000000000000000e+01 4.700000000000600000e+13 0.000000000000000000e+00 1.253781182587285992e+00 4.347758216535899806e-02 8.668979148395879186e-02 4.980125746647992568e-02 0.000000000000000000e+00 1.473637401868842289e+00 4.303577960272641362e-02 5.939970114653691053e+08 3.792332963547270298e+08
1.900000000000000000e+01 4.700000000000100000e+13 0.000000000000000000e+00 1.011920016948955059e+00 1.644697202346887821e-01 4.199906354261449537e-01 3.277987564452532476e-01 0.000000000000000000e+00 1.257982132566634936e+00 1.062926454768196582e-01 1.025601387093966126e+09 3.952959229892073870e+08
2.000000000000000000e+01 4.700000000086500000e+13 0.000000000000000000e+00 1.069791101017852020e+00 1.627258156610976447e-01 -1.000000000000000000e+00 -1.000000000000000000e+00 0.000000000000000000e+00 1.069976950742546062e+00 1.685213099293698946e-01 -1.000000000000000000e+00 -1.000000000000000000e+00
2.100000000000000000e+01 4.700000000008300000e+13 0.000000000000000000e+00 9.474667291990604978e-01 1.148012760289561091e-01 1.877101053571791078e-01 1.620158441769350977e-01 0.000000000000000000e+00 1.066770354706924273e+00 5.716710911429250669e-02 3.379419436319044232e+08 3.379419436319044232e+08
2.200000000000000000e+01 4.700000000005400000e+13 0.000000000000000000e+00 8.625180936726742909e-01 4.084477824885529573e-02 1.054030629435536021e-01 1.054030629435536021e-01 0.000000000000000000e+00 7.235463214528030651e-01 7.764877248291995882e-02 1.479192923617964983e+09 1.479192923617964983e+09
2.300000000000000000e+01 4.700000000042300000e+13 0.000000000000000000e+00 1.142382360010997688e+00 2.284114907725342258e-01 -1.000000000000000000e+00 -1.000000000000000000e+00 0.000000000000000000e+00 8.068224326712974959e-01 2.437654649074606217e-01 -1.000000000000000000e+00 -1.000000000000000000e+00
2.400000000000000000e+01 4.700000000006600000e+13 1.000000000000000000e+00 1.033197135469054562e+00 1.548564805704051237e-02 -1.000000000000000000e+00 -1.000000000000000000e+00 0.000000000000000000e+00 1.037020770585763918e+00 4.131415683472618866e-02 -1.000000000000000000e+00 -1.000000000000000000e+00
2.500000000000000000e+01 4.700000000310500000e+13 0.000000000000000000e+00 1.209363097125752518e+00 6.134699954709275926e-02 -1.000000000000000000e+00 -1.000000000000000000e+00 0.000000000000000000e+00 1.195656662669048576e+00 3.802459553678953774e-02 -1.000000000000000000e+00 -1.000000000000000000e+00
2.600000000000000000e+01 4.700000000001300000e+13 0.000000000000000000e+00 1.023346015494068117e+00 5.718983923092946231e-02 -1.000000000000000000e+00 -1.000000000000000000e+00 0.000000000000000000e+00 9.163953928603054688e-01 5.606318306336489227e-02 -1.000000000000000000e+00 -1.000000000000000000e+00
2.700000000000000000e+01 4.700000000001300000e+13 0.000000000000000000e+00 1.544979874241842799e+00 6.576603137480678540e-02 1.589089987034671414e-01 6.386644276357651695e-02 0.000000000000000000e+00 1.436099360279491144e+00 1.052805800084160998e-01 1.312717237708666801e+09 7.498200195263012648e+08
2.800000000000000000e+01 4.700000000018300000e+13 0.000000000000000000e+00 9.031342530600517948e-01 8.760133580711208789e-02 -1.000000000000000000e+00 -1.000000000000000000e+00 0.000000000000000000e+00 1.044535823195249291e+00 4.601519437959779996e-02 -1.000000000000000000e+00 -1.000000000000000000e+00
2.900000000000000000e+01 4.700000000000200000e+13 0.000000000000000000e+00 1.231208964205262379e+00 4.609240853658139181e-02 1.604952649483588206e-02 1.015017315884642578e-02 0.000000000000000000e+00 1.359714935254596968e+00 2.956115003512607697e-02 8.195384763305537403e+07 8.195384763305537403e+07
3.000000000000000000e+01 4.700000000005700000e+13 0.000000000000000000e+00 8.117732906874112198e-01 3.216413398966158632e-02 4.478196641609633738e-02 4.478196641609633738e-02 0.000000000000000000e+00 6.923629059613735093e-01 7.132444333347980059e-02 6.019339550908597708e+08 6.019339550908597708e+08
3.100000000000000000e+01 4.700000000006200000e+13 0.000000000000000000e+00 1.116562561786240249e+00 9.142566340283464488e-02 2.264407942911338123e-01 1.688549572942870669e-01 0.000000000000000000e+00 9.377733284177128814e-01 6.029701734390050666e-02 -1.000000000000000000e+00 -1.000000000000000000e+00
3.200000000000000000e+01 4.700000000000200000e+13 0.000000000000000000e+00 1.319535215963993036e+00 1.039243497805705241e-01 1.091285219842663690e+00 1.000000000000000000e+00 0.000000000000000000e+00 1.319535215963993036e+00 1.039541212106907669e-01 1.073503605714862442e+10 9.837058050411741257e+09
3.300000000000000000e+01 4.700000000002100000e+13 0.000000000000000000e+00 1.253587506028454479e+00 2.008073933786459486e-01 1.581041779798126878e-01 1.114212856958914366e-01 0.000000000000000000e+00 1.123835602003851575e+00 2.117068082089169911e-01 2.096213732783338308e+09 1.477271708973595381e+09
3.400000000000000000e+01 4.700000000000100000e+13 0.000000000000000000e+00 1.252539518173231059e+00 1.327846724634669795e-01 1.812851935192535124e-01 7.239822170905743648e-02 0.000000000000000000e+00 1.372200283509344088e+00 1.666091676322936366e-01 1.880832328972007990e+09 9.132004348249900341e+08
3.500000000000000000e+01 4.700000000001700000e+13 0.000000000000000000e+00 8.667815326288448308e-01 8.176145833873621482e-02 7.318652566043741536e-02 7.318652566043741536e-02 0.000000000000000000e+00 8.908743495773275844e-01 7.881191206245595493e-02 -1.000000000000000000e+00 -1.000000000000000000e+00
3.600000000000000000e+01 4.700000000000100000e+13 0.000000000000000000e+00 1.169014684922235148e+00 2.302394130186769805e-01 1.932884323620943368e-01 8.276931226375169870e-02 0.000000000000000000e+00 1.090126681414384624e+00 3.004577220211539501e-01 2.259881770206239223e+09 1.042271263947664261e+09
3.700000000000000000e+01 4.700000000000100000e+13 0.000000000000000000e+00 1.699426297741255310e+00 1.720466792368601228e-01 2.598129928256434074e-01 1.777700256697163084e-01 0.000000000000000000e+00 1.615718830617177248e+00 2.384842407408827025e-01 3.002420856011765003e+09 2.143783513323552370e+09
3.800000000000000000e+01 4.700000000000100000e+13 0.000000000000000000e+00 1.220326853164646064e+00 2.239591076975451511e-02 2.550259850109172499e-02 6.729911285087633067e-03 0.000000000000000000e+00 1.335535685310112575e+00 2.645578872512785451e-02 1.317994390519213974e+08 4.244355107321364433e+07
3.900000000000000000e+01 4.700000000000800000e+13 0.000000000000000000e+00 2.054235551577975105e+00 1.834290805907312083e-01 1.146646149372364754e+00 1.000000000000000000e+00 0.000000000000000000e+00 2.054235551577975105e+00 1.834391253265718613e-01 1.116197053973766327e+10 9.734450811915557861e+09
4.000000000000000000e+01 4.700000000061300000e+13 0.000000000000000000e+00 1.513073404251587872e+00 2.193701160333699773e-01 -1.000000000000000000e+00 -1.000000000000000000e+00 0.000000000000000000e+00 1.463709610915153725e+00 1.722078952008832819e-01 -1.000000000000000000e+00 -1.000000000000000000e+00
4.100000000000000000e+01 4.700000000002600000e+13 0.000000000000000000e+00 7.677838051115823959e-01 4.706128436241948515e-02 3.851382126244089904e-02 3.851382126244089904e-02 0.000000000000000000e+00 8.252517479685681501e-01 2.969243869850804463e-02 -1.000000000000000000e+00 -1.000000000000000000e+00
4.200000000000000000e+01 4.700000000000700000e+13 0.000000000000000000e+00 1.087672855542373807e+00 6.118574655125139788e-02 -1.000000000000000000e+00 -1.000000000000000000e+00 0.000000000000000000e+00 1.001366505689312847e+00 5.555107113216509185e-02 -1.000000000000000000e+00 -1.000000000000000000e+00
4.300000000000000000e+01 4.700000000012300000e+13 0.000000000000000000e+00 1.105715487313766010e+00 1.887219323019429240e-01 1.938244736743737762e-01 1.938244736743737762e-01 0.000000000000000000e+00 9.418690925884467546e-01 1.410411739368201134e-01 -1.000000000000000000e+00 -1.000000000000000000e+00
4.400000000000000000e+01 4.700000000003500000e+13 1.000000000000000000e+00 1.063704177664339001e+00 2.798362146255118157e-02 -1.000000000000000000e+00 -1.000000000000000000e+00 1.000000000000000000e+00 1.085478666208802956e+00 2.938099535089652020e-02 -1.000000000000000000e+00 -1.000000000000000000e+00
4.500000000000000000e+01 4.700000000000300000e+13 0.000000000000000000e+00 1.120878413465232537e+00 4.702213690249482797e-02 1.089395341662810490e-02 1.089395341662810490e-02 0.000000000000000000e+00 1.081939527776221155e+00 2.384688842858437297e-02 1.492391281763406098e+08 1.492391281763406098e+08
4.600000000000000000e+01 4.700000000000600000e+13 0.000000000000000000e+00 1.065620629576243816e+00 5.132493280402244951e-02 2.266502132845825690e-01 1.101685963843185012e-01 0.000000000000000000e+00 1.033186597038452170e+00 7.814691094125188198e-02 2.504034195760482788e+09 1.362254213883449078e+09
4.700000000000000000e+01 4.700000000004300000e+13 0.000000000000000000e+00 1.017054197750007827e+00 7.726337760531747090e-02 -1.000000000000000000e+00 -1.000000000000000000e+00 0.000000000000000000e+00 1.064116456211848361e+00 4.992986922749344247e-02 -1.000000000000000000e+00 -1.000000000000000000e+00
4.800000000000000000e+01 4.700000000000100000e+13 0.000000000000000000e+00 1.144841124865553672e+00 1.158612458625360164e-01 2.044801182679220064e-01 1.757196911314254373e-01 0.000000000000000000e+00 1.496467666561783538e+00 2.654886318823529087e-02 2.282824730522487462e+08 1.809371867493159175e+08
4.900000000000000000e+01 4.700000000001400000e+13 0.000000000000000000e+00 9.915967472687988726e-01 6.483190506591844648e-02 -1.000000000000000000e+00 -1.000000000000000000e+00 0.000000000000000000e+00 1.024520618381371984e+00 4.912205151436112305e-02 -1.000000000000000000e+00 -1.000000000000000000e+00
5.000000000000000000e+01 4.700000000007300000e+13 0.000000000000000000e+00 7.116533646996676676e-01 1.269765809158801273e-01 1.490213988492556096e-01 9.878185560786212349e-02 0.000000000000000000e+00 1.014077600727228523e+00 1.359671082125734620e-01 9.778435741163491011e+08 9.778435741163491011e+08
5.100000000000000000e+01 4.700000000013600000e+13 0.000000000000000000e+00 9.862345236407628057e-01 8.230345831611715623e-02 -1.000000000000000000e+00 -1.000000000000000000e+00 0.000000000000000000e+00 1.031218730356118662e+00 1.027496271022442093e-01 -1.000000000000000000e+00 -1.000000000000000000e+00
5.200000000000000000e+01 4.700000000000200000e+13 0.000000000000000000e+00 1.754715860221471857e+00 6.920621271835529498e-02 5.893060055760681454e-02 4.553989902795569505e-02 0.000000000000000000e+00 1.466575455080455059e+00 6.157422611745076713e-02 7.840791169929511547e+08 6.059141342515740395e+08
5.300000000000000000e+01 4.700000000082600000e+13 0.000000000000000000e+00 8.661622894406886264e-01 7.091472350982001849e-02 -1.000000000000000000e+00 -1.000000000000000000e+00 0.000000000000000000e+00 8.661622894406886264e-01 7.506516665888975093e-02 -1.000000000000000000e+00 -1.000000000000000000e+00
5.400000000000000000e+01 4.700000000000200000e+13 0.000000000000000000e+00 1.107242374388005768e+00 4.632926373150715593e-02 3.444195387143233859e-03 3.444195387143233859e-03 0.000000000000000000e+00 1.333924518376217838e+00 4.095772539694097353e-02 4.991297454125271738e+07 4.991297454125271738e+07
5.500000000000000000e+01 4.700000000000100000e+13 0.000000000000000000e+00 1.114726972115734904e+00 5.518342682310580644e-02 4.667190238105151101e-02 3.425943658666747577e-02 0.000000000000000000e+00 1.278923895932244870e+00 4.987866700815143939e-02 5.921432701857060194e+08 4.346618367839508653e+08
5.600000000000000000e+01 4.700000000004300000e+13 0.000000000000000000e+00 1.082302514108637981e+00 7.960128744373989873e-02 -1.000000000000000000e+00 -1.000000000000000000e+00 0.000000000000000000e+00 1.070684243585580786e+00 7.341049990274824133e-02 -1.000000000000000000e+00 -1.000000000000000000e+00
5.700000000000000000e+01 4.700000000003000000e+13 0.000000000000000000e+00 1.019879480513839143e+00 1.124144852929766375e-01 1.227696472982390541e-01 1.227696472982390541e-01 0.000000000000000000e+00 1.087955909140321031e+00 1.608644437948276162e-01 1.740310552796792507e+09 1.740310552796792507e+09
5.800000000000000000e+01 4.700000000000800000e+13 1.000000000000000000e+00 1.093544342343353515e+00 1.423966340660127138e-02 -1.000000000000000000e+00 -1.000000000000000000e+00 1.000000000000000000e+00 9.705798619015104656e-01 3.496084361943258001e-02 -1.000000000000000000e+00 -1.000000000000000000e+00
5.900000000000000000e+01 -1.000000000000000000e+00 -1.000000000000000000e+00 -1.000000000000000000e+00 -1.000000000000000000e+00 -1.000000000000000000e+00 -1.000000000000000000e+00 -1.000000000000000000e+00 -1.000000000000000000e+00 -1.000000000000000000e+00 -1.000000000000000000e+00 -1.000000000000000000e+00
6.000000000000000000e+01 4.700000000000300000e+13 0.000000000000000000e+00 1.137151376237766076e+00 4.293573771561091240e-02 5.819800035707909519e-02 5.819800035707909519e-02 0.000000000000000000e+00 1.171994083485123017e+00 9.241786638989658853e-02 7.946192596325130463e+08 7.946192596325130463e+08
6.100000000000000000e+01 4.700000000002600000e+13 0.000000000000000000e+00 9.436728638140431391e-01 4.251329238894076962e-02 -1.000000000000000000e+00 -1.000000000000000000e+00 0.000000000000000000e+00 9.633166039484524212e-01 4.504260501079711265e-02 -1.000000000000000000e+00 -1.000000000000000000e+00
6.200000000000000000e+01 4.700000000001900000e+13 0.000000000000000000e+00 6.207988098840989677e-01 1.458936323315283834e-01 3.508062777906392204e-01 2.669797312939561351e-01 0.000000000000000000e+00 8.550660231255837740e-01 6.323520420525877150e-02 -1.000000000000000000e+00 -1.000000000000000000e+00
6.300000000000000000e+01 4.700000000000100000e+13 0.000000000000000000e+00 1.220963370829398098e+00 5.227208108837423650e-02 7.971411427516418569e-02 2.230313074211160221e-02 0.000000000000000000e+00 1.288808017215916646e+00 3.472573212062619180e-02 6.142875915088257790e+08 2.938380763141697049e+08
6.400000000000000000e+01 4.700000000000500000e+13 0.000000000000000000e+00 1.217105926445918529e+00 8.814416693572668660e-02 3.005201406042181181e-02 3.005201406042181181e-02 0.000000000000000000e+00 1.212856637597472753e+00 9.112089963136024706e-02 3.662395837792875767e+08 3.662395837792875767e+08
6.500000000000000000e+01 4.700000000002600000e+13 0.000000000000000000e+00 9.135709773240335840e-01 3.291711866555604993e-01 4.841892722184904518e-01 4.545427051531426010e-01 0.000000000000000000e+00 1.197327300174919174e+00 2.086127910593714163e-01 5.818206816768352985e+08 5.818206816768352985e+08
6.600000000000000000e+01 4.700000000004300000e+13 0.000000000000000000e+00 1.171249566807513354e+00 5.151858723473570767e-02 -1.000000000000000000e+00 -1.000000000000000000e+00 0.000000000000000000e+00 1.193663535572483170e+00 5.266277530899131365e-02 -1.000000000000000000e+00 -1.000000000000000000e+00
6.700000000000000000e+01 4.700000000000400000e+13 0.000000000000000000e+00 7.761198602557856097e-01 1.211985915833223848e-01 3.899073647630212913e-01 2.724962317869703554e-01 0.000000000000000000e+00 1.258853020728970540e+00 9.876700340571757664e-02 1.606664096264576435e+09 1.248140367940020084e+09
6.800000000000000000e+01 4.700000000000200000e+13 0.000000000000000000e+00 1.210861451374464659e+00 1.907200934457790320e-01 2.106096994360420471e-01 1.687996667521148297e-01 0.000000000000000000e+00 9.951282342907952216e-01 1.867631599388205332e-01 2.524948517747653008e+09 2.177602805853854656e+09
6.900000000000000000e+01 4.700000000002800000e+13 0.000000000000000000e+00 1.094694293867090940e+00 9.062620297690171522e-02 1.002964320430491801e-01 6.183947552186107310e-02 0.000000000000000000e+00 1.180970758555042410e+00 1.060945320155722710e-01 8.866236423490673304e+08 8.866236423490673304e+08
7.000000000000000000e+01 4.700000000000800000e+13 0.000000000000000000e+00 1.207710965024299421e+00 1.311012272495390152e-01 7.851098195351957632e-02 7.851098195351957632e-02 0.000000000000000000e+00 1.287575894239320728e+00 7.922340808136954515e-02 -1.000000000000000000e+00 -1.000000000000000000e+00
7.100000000000000000e+01 4.700000000002800000e+13 0.000000000000000000e+00 1.296455048090866313e+00 1.842402559237225901e-01 -1.000000000000000000e+00 -1.000000000000000000e+00 0.000000000000000000e+00 1.117205589346021100e+00 1.991046345563050879e-01 -1.000000000000000000e+00 -1.000000000000000000e+00
7.200000000000000000e+01 4.700000000001200000e+13 0.000000000000000000e+00 1.045060288835412798e+00 4.905937567498596524e-02 3.471096796067130175e-02 3.471096796067130175e-02 0.000000000000000000e+00 9.019188982124974885e-01 4.259155008554809524e-02 4.371822813551689982e+08 4.371822813551689982e+08
7.300000000000000000e+01 4.700000000001100000e+13 0.000000000000000000e+00 9.545670054197967769e-01 5.351611174166014812e-02 3.411141484918415318e-02 3.411141484918415318e-02 0.000000000000000000e+00 1.044381179163157869e+00 8.569435970867457508e-02 4.595969916407616138e+08 4.595969916407616138e+08
7.400000000000000000e+01 4.700000000000100000e+13 0.000000000000000000e+00 1.271750948512572865e+00 1.489646863482461114e-01 2.155487620866275988e-01 1.589728971042466688e-01 0.000000000000000000e+00 1.020932825628009466e+00 2.214726793252811687e-01 2.253966783599295139e+09 2.201332463801883221e+09
7.500000000000000000e+01 4.700000000003400000e+13 0.000000000000000000e+00 9.219432763355552840e-01 4.548654779863069153e-02 7.534604607982223201e-02 7.534604607982223201e-02 1.000000000000000000e+00 1.009521397330184866e+00 3.563835402302693856e-02 -1.000000000000000000e+00 -1.000000000000000000e+00
7.600000000000000000e+01 4.700000000000500000e+13 0.000000000000000000e+00 1.153360567957748550e+00 1.493140271914731032e-01 1.800585016808669003e-01 6.795710502757623672e-02 0.000000000000000000e+00 1.195559256920158742e+00 1.817396968021273707e-01 1.191951785976473331e+09 1.110044864359910011e+09
7.700000000000000000e+01 4.700000000000200000e+13 0.000000000000000000e+00 1.013519771403001091e+00 8.078019242415360179e-02 1.167212570313635178e-01 7.158395084791498164e-02 0.000000000000000000e+00 9.682039496046563887e-01 8.362423010011323099e-02 9.077393771285537481e+08 9.077393771285537481e+08
7.800000000000000000e+01 4.700000000007200000e+13 0.000000000000000000e+00 8.168771325466837041e-01 1.175361030684313607e-01 1.835339452393428272e-01 1.835339452393428272e-01 0.000000000000000000e+00 9.535634458467194818e-01 6.046056285390721124e-02 -1.000000000000000000e+00 -1.000000000000000000e+00
7.900000000000000000e+01 4.700000000002700000e+13 0.000000000000000000e+00 1.267314400806347496e+00 1.503618357739011924e-01 2.267057494802109385e-01 1.707603323227512293e-01 0.000000000000000000e+00 1.390550810696048245e+00 1.294079459612638705e-01 7.953096927181963921e+08 7.953096927181963921e+08
8.000000000000000000e+01 4.700000000000600000e+13 0.000000000000000000e+00 1.136877435607595910e+00 7.195653477545833898e-02 3.828566985191201449e-02 2.860098322130255263e-02 0.000000000000000000e+00 1.229931630636605711e+00 7.131847501567084580e-02 5.930559720960057974e+08 4.430374072810963988e+08
8.100000000000000000e+01 4.700000000004800000e+13 0.000000000000000000e+00 1.028408841401387219e+00 8.131239050121730205e-02 -1.000000000000000000e+00 -1.000000000000000000e+00 0.000000000000000000e+00 1.062822545372577254e+00 4.582912565690900469e-02 -1.000000000000000000e+00 -1.000000000000000000e+00
8.200000000000000000e+01 4.700000000012400000e+13 0.000000000000000000e+00 1.015009396625749405e+00 5.132861329308707060e-02 -1.000000000000000000e+00 -1.000000000000000000e+00 0.000000000000000000e+00 1.008088000699733477e+00 4.768651273654291034e-02 -1.000000000000000000e+00 -1.000000000000000000e+00
8.300000000000000000e+01 4.700000000002500000e+13 0.000000000000000000e+00 8.572923611121201493e-01 8.493363799571485018e-02 2.279215833568082328e-02 2.279215833568082328e-02 0.000000000000000000e+00 1.010280303710176852e+00 6.627400911906008996e-02 3.190645445517546535e+08 3.190645445517546535e+08
8.400000000000000000e+01 4.700000000009100000e+13 0.000000000000000000e+00 8.967558324045390439e-01 1.043774143961259115e-01 1.801828498247985688e-01 1.801828498247985688e-01 0.000000000000000000e+00 8.160181572379783255e-01 1.381342949855966784e-01 2.048323334415782213e+09 2.048323334415782213e+09
8.500000000000000000e+01 4.700000000037200000e+13 1.000000000000000000e+00 1.055958319196192985e+00 3.798892582525004169e-02 -1.000000000000000000e+00 -1.000000000000000000e+00 0.000000000000000000e+00 1.035406048515776778e+00 4.866368827755490623e-02 -1.000000000000000000e+00 -1.000000000000000000e+00
8.600000000000000000e+01 4.700000000212000000e+13 0.000000000000000000e+00 9.918520189121646791e-01 2.186573457579014390e-01 -1.000000000000000000e+00 -1.000000000000000000e+00 0.000000000000000000e+00 1.056670903787894522e+00 1.079320908453508809e-01 -1.000000000000000000e+00 -1.000000000000000000e+00
8.700000000000000000e+01 4.700000000000200000e+13 0.000000000000000000e+00 1.046722748422381333e+00 4.511799767326155064e-02 1.637864182239215927e-01 9.032473477300877185e-02 0.000000000000000000e+00 8.922026482788832924e-01 4.288048526560388207e-02 2.058296218486527205e+09 1.135106695873327017e+09
8.800000000000000000e+01 4.700000000000300000e+13 0.000000000000000000e+00 1.199618477492080393e+00 1.422971819489227997e-02 4.753938470254505388e-02 2.258698627131018946e-02 0.000000000000000000e+00 1.419362761105949611e+00 2.548816820252857579e-02 4.238703247505027056e+08 3.410686402023004889e+08
8.900000000000000000e+01 4.700000000000100000e+13 0.000000000000000000e+00 9.371297737326033106e-01 9.819493774740815917e-02 1.981414197875908390e-01 1.553343822674920216e-01 0.000000000000000000e+00 9.399168484873938745e-01 3.875226963954835763e-02 3.205948073539446592e+08 3.205948073539446592e+08
9.000000000000000000e+01 4.700000000001800000e+13 0.000000000000000000e+00 1.093088529305507928e+00 6.187412856667828115e-02 -1.000000000000000000e+00 -1.000000000000000000e+00 0.000000000000000000e+00 1.036297857119833576e+00 6.694733812929599959e-02 -1.000000000000000000e+00 -1.000000000000000000e+00
9.100000000000000000e+01 4.700000000033200000e+13 0.000000000000000000e+00 1.117511003818053794e+00 1.386018183520319746e-01 -1.000000000000000000e+00 -1.000000000000000000e+00 0.000000000000000000e+00 1.015524236489969256e+00 2.550654935918326149e-01 -1.000000000000000000e+00 -1.000000000000000000e+00
9.200000000000000000e+01 4.700000000000100000e+13 0.000000000000000000e+00 1.326885413763282617e+00 3.022143051564607497e-02 1.473572379991723580e-01 1.099472377405338319e-01 0.000000000000000000e+00 1.353589694372502539e+00 3.777155134277965232e-02 3.068941966188163161e+08 2.998469208696194291e+08
9.300000000000000000e+01 4.700000000001800000e+13 0.000000000000000000e+00 9.111157916807414159e-01 5.261121602593421542e-02 1.534777416410986750e-01 1.330120749464494267e-01 0.000000000000000000e+00 1.314819530683229543e+00 5.099267157749649837e-02 2.739236786832106709e+08 2.739236786832106709e+08
9.400000000000000000e+01 4.700000000006600000e+13 0.000000000000000000e+00 8.928772516249482427e-01 6.897995690257170687e-02 -1.000000000000000000e+00 -1.000000000000000000e+00 1.000000000000000000e+00 9.279913469579155194e-01 1.756115586955495425e-02 -1.000000000000000000e+00 -1.000000000000000000e+00
9.500000000000000000e+01 4.700000000000200000e+13 0.000000000000000000e+00 1.220853689480923432e+00 5.460281179882375824e-02 3.870048517798779092e-02 2.212939433030120320e-02 0.000000000000000000e+00 1.262179541471082356e+00 6.394716291049118428e-02 4.860159164003691673e+08 3.299827601627590060e+08
9.600000000000000000e+01 4.700000000126500000e+13 0.000000000000000000e+00 5.644119332458089611e-01 1.264932033120571286e-01 -1.000000000000000000e+00 -1.000000000000000000e+00 0.000000000000000000e+00 7.948214594252618337e-01 1.215789057583029908e-01 -1.000000000000000000e+00 -1.000000000000000000e+00
9.700000000000000000e+01 4.700000000001700000e+13 0.000000000000000000e+00 1.072189689099634524e+00 4.463064016236670956e-02 1.020419480699530645e-01 8.239646669703511173e-02 0.000000000000000000e+00 1.131623173733658616e+00 4.000825749689256722e-02 1.033592697132684469e+09 1.033592697132684469e+09
9.800000000000000000e+01 4.700000000010600000e+13 0.000000000000000000e+00 1.010723258002933500e+00 7.003021638622812517e-02 5.776961839608349414e-02 5.776961839608349414e-02 0.000000000000000000e+00 8.916924624369314545e-01 7.489264177079142659e-02 7.284898888600585461e+08 7.284898888600585461e+08
9.900000000000000000e+01 4.700000000000100000e+13 0.000000000000000000e+00 1.128886522976414453e+00 6.315734356066081412e-02 1.211849087827892718e-01 8.191766980404012466e-02 0.000000000000000000e+00 1.102489196941491389e+00 1.191414997505467338e-01 1.173651132804260731e+09 9.758496820494784117e+08
1.000000000000000000e+02 4.700000000024600000e+13 0.000000000000000000e+00 7.985665635009843166e-01 7.617327572519318191e-02 -1.000000000000000000e+00 -1.000000000000000000e+00 0.000000000000000000e+00 9.549007637108724023e-01 7.969166445522968267e-02 -1.000000000000000000e+00 -1.000000000000000000e+00
1.010000000000000000e+02 4.700000000041600000e+13 0.000000000000000000e+00 8.995281425111423257e-01 8.215338018591854252e-02 -1.000000000000000000e+00 -1.000000000000000000e+00 0.000000000000000000e+00 7.691521842654444052e-01 7.845990938763627853e-02 -1.000000000000000000e+00 -1.000000000000000000e+00
1.020000000000000000e+02 4.700000000000200000e+13 1.000000000000000000e+00 1.062528147084803809e+00 2.665782443299334267e-02 1.918597536229169412e-02 1.918597536229169412e-02 0.000000000000000000e+00 1.187015738784240826e+00 2.557384093485553025e-02 2.327961855923945010e+08 2.327961855923945010e+08
1.030000000000000000e+02 4.700000000002500000e+13 0.000000000000000000e+00 8.235811400679403649e-01 1.013642620689429868e-01 1.421903555077271841e-01 1.421903555077271841e-01 1.000000000000000000e+00 9.828401790033377550e-01 3.872125538381761961e-02 -1.000000000000000000e+00 -1.000000000000000000e+00
1.040000000000000000e+02 4.700000000000500000e+13 0.000000000000000000e+00 1.217907339090112284e+00 3.517900532188076440e-02 2.378489332684462568e-02 1.892918296353706537e-02 0.000000000000000000e+00 1.406325163033095071e+00 1.789120079589298640e-02 3.868348161778135896e+08 3.078620917686277628e+08
1.050000000000000000e+02 4.700000000002900000e+13 0.000000000000000000e+00 1.054533921503305827e+00 7.730333770826280926e-02 -1.000000000000000000e+00 -1.000000000000000000e+00 0.000000000000000000e+00 1.137731955071481060e+00 5.519165229240989567e-02 -1.000000000000000000e+00 -1.000000000000000000e+00
1.060000000000000000e+02 4.700000000009500000e+13 1.000000000000000000e+00 9.466036300848748031e-01 2.838620278776976882e-02 -1.000000000000000000e+00 -1.000000000000000000e+00 0.000000000000000000e+00 9.492284841027985864e-01 6.969035640290813238e-02 -1.000000000000000000e+00 -1.000000000000000000e+00
1.070000000000000000e+02 4.700000000002600000e+13 0.000000000000000000e+00 9.535969830674378978e-01 8.714109310564653599e-02 1.005987038333324285e-01 1.005987038333324285e-01 0.000000000000000000e+00 8.356945322346851501e-01 1.070663828318703797e-01 1.257185235225839853e+09 1.257185235225839853e+09
1.080000000000000000e+02 4.700000000000400000e+13 0.000000000000000000e+00 1.339316928799697992e+00 8.603512936506579542e-03 1.424462761736652004e-02 1.424462761736652004e-02 0.000000000000000000e+00 1.273024477883395900e+00 1.829257914185106540e-02 1.541441322082455158e+08 1.541441322082455158e+08
1.090000000000000000e+02 4.700000000004200000e+13 0.000000000000000000e+00 8.786434787269963298e-01 1.019651151330004391e-01 -1.000000000000000000e+00 -1.000000000000000000e+00 0.000000000000000000e+00 9.245434655741348040e-01 5.020896709435920119e-02 -1.000000000000000000e+00 -1.000000000000000000e+00
1.100000000000000000e+02 4.700000000008200000e+13 0.000000000000000000e+00 8.767061422769683032e-01 8.104568639059009372e-02 -1.000000000000000000e+00 -1.000000000000000000e+00 0.000000000000000000e+00 9.762912301391718506e-01 7.433296338635149436e-02 -1.000000000000000000e+00 -1.000000000000000000e+00
1.110000000000000000e+02 4.700000000003800000e+13 1.000000000000000000e+00 9.793157792461060218e-01 3.422076045758877527e-02 -1.000000000000000000e+00 -1.000000000000000000e+00 1.000000000000000000e+00 9.793157792461060218e-01 3.422291779702648501e-02 -1.000000000000000000e+00 -1.000000000000000000e+00
1.120000000000000000e+02 4.700000000003200000e+13 0.000000000000000000e+00 1.147764767301553412e+00 6.872304831528150415e-02 4.216361126511112417e-02 4.216361126511112417e-02 0.000000000000000000e+00 1.126979162652025135e+00 8.963348875252180603e-02 5.723819544688189030e+08 5.723819544688189030e+08
1.130000000000000000e+02 4.700000000000900000e+13 0.000000000000000000e+00 1.025622060176621719e+00 2.809480075869316140e-01 2.539530088763600202e-01 1.210015609346970222e-01 0.000000000000000000e+00 1.309853317790106608e+00 2.461751594997207693e-01 1.903638991709621191e+09 1.903638991709621191e+09
1.140000000000000000e+02 4.700000000000500000e+13 0.000000000000000000e+00 1.320025236364424925e+00 6.358905093761120508e-02 6.022387841874313023e-03 6.022387841874313023e-03 0.000000000000000000e+00 1.333949837481177791e+00 7.973999267638154365e-02 8.018972189497724175e+07 8.018972189497724175e+07
1.150000000000000000e+02 4.700000000005600000e+13 0.000000000000000000e+00 1.134179695774354402e+00 5.775349818981730804e-02 8.173796892523658986e-02 8.173796892523658986e-02 0.000000000000000000e+00 1.114246981796989777e+00 8.488805368091711934e-02 1.001649167049660087e+09 1.001649167049660087e+09
1.160000000000000000e+02 4.700000000001100000e+13 1.000000000000000000e+00 9.767629994271967986e-01 2.918563664276559860e-02 -1.000000000000000000e+00 -1.000000000000000000e+00 1.000000000000000000e+00 1.014515684712040011e+00 1.001767809429889022e-02 -1.000000000000000000e+00 -1.000000000000000000e+00
1.170000000000000000e+02 4.700000000000300000e+13 0.000000000000000000e+00 1.091529474695740243e+00 5.626848423677220656e-02 4.380910806111501521e-02 4.159879926222274232e-02 0.000000000000000000e+00 1.083724313597963729e+00 6.334381689919749148e-02 5.586897005157783031e+08 5.305020286924253702e+08
1.180000000000000000e+02 4.700000000000100000e+13 0.000000000000000000e+00 1.000156983407199496e+00 7.698992402346169217e-02 1.232260463006137341e-01 8.539337878539653148e-02 0.000000000000000000e+00 9.125244491407543679e-01 1.273098455710065247e-01 1.152613627449609280e+09 1.018203758965955377e+09
1.190000000000000000e+02 4.700000000011400000e+13 0.000000000000000000e+00 1.154957750712090059e+00 2.062237384724790457e-01 1.419326034371314049e-01 1.419326034371314049e-01 0.000000000000000000e+00 1.031406487496996816e+00 2.345465601110784670e-01 2.082754577864799023e+09 2.082754577864799023e+09
1.200000000000000000e+02 4.700000000000200000e+13 0.000000000000000000e+00 1.104613859069427217e+00 5.434661504513661062e-02 2.209494526946942650e-01 1.424834413999860605e-01 1.000000000000000000e+00 1.061061822040057168e+00 2.212505241525101682e-02 -1.000000000000000000e+00 -1.000000000000000000e+00
1.210000000000000000e+02 4.700000000002400000e+13 0.000000000000000000e+00 1.178622476750231129e+00 1.611512280041388079e-01 4.428422519059151130e-02 4.428422519059151130e-02 0.000000000000000000e+00 9.919755913601741026e-01 1.824783046472203407e-01 5.812911695488456488e+08 5.812911695488456488e+08
1.220000000000000000e+02 4.700000000000100000e+13 0.000000000000000000e+00 1.366553894948769221e+00 1.267964351368913167e-01 1.396695031967335465e-01 9.239201701224229735e-02 0.000000000000000000e+00 1.191297398260613871e+00 1.483194088467440497e-01 1.237514511528358221e+09 1.059907939763354897e+09
1.230000000000000000e+02 4.700000000013000000e+13 1.000000000000000000e+00 9.916439009749853373e-01 3.929724301237217526e-02 -1.000000000000000000e+00 -1.000000000000000000e+00 0.000000000000000000e+00 1.008666631257228774e+00 1.477475725776121185e-01 -1.000000000000000000e+00 -1.000000000000000000e+00
1.240000000000000000e+02 4.700000000000500000e+13 1.000000000000000000e+00 1.005362490585712809e+00 3.190007899324197316e-02 5.325366107898473617e-02 5.325366107898473617e-02 0.000000000000000000e+00 1.023921584845638444e+00 4.310827161932222207e-02 7.051878428540661335e+08 7.051878428540661335e+08
1.250000000000000000e+02 4.700000000001000000e+13 0.000000000000000000e+00 8.149196407951888599e-01 2.767988731299741642e-02 6.015908670820840909e-02 6.015908670820840909e-02 0.000000000000000000e+00 7.402805031296048055e-01 6.814616956262757597e-02 -1.000000000000000000e+00 -1.000000000000000000e+00
1.260000000000000000e+02 4.700000000000500000e+13 0.000000000000000000e+00 1.184746628795691814e+00 1.347342080927190766e-01 1.843831016884940333e-01 9.395321541855783387e-02 0.000000000000000000e+00 1.139477308945760825e+00 1.602928878719434291e-01 1.116050373605288506e+09 1.116050373605288506e+09
1.270000000000000000e+02 4.700000000000900000e+13 0.000000000000000000e+00 1.105022563957951842e+00 5.673086392778268344e-02 2.691581986177899594e-02 2.691581986177899594e-02 0.000000000000000000e+00 1.064206042917206885e+00 5.003889721018656145e-02 -1.000000000000000000e+00 -1.000000000000000000e+00
1.280000000000000000e+02 4.700000000000400000e+13 0.000000000000000000e+00 1.476842644166165508e+00 1.680158614297856123e-01 2.254232063637754413e-01 2.009469175462750556e-01 0.000000000000000000e+00 1.184165206923227798e+00 2.074512176382356243e-01 2.833747694107996464e+09 2.526061417633939266e+09
1.290000000000000000e+02 4.700000000000100000e+13 0.000000000000000000e+00 1.137723645426183872e+00 1.217981935364637475e-01 1.759897898139164141e-01 3.459603606721504965e-02 0.000000000000000000e+00 8.351456304179428747e-01 1.320075344150198893e-01 1.511063960491526127e+09 6.722952834633448124e+08
1.300000000000000000e+02 4.700000000002200000e+13 0.000000000000000000e+00 1.477987080586051549e+00 1.458294241436568772e-01 1.585783983021887278e-01 1.585783983021887278e-01 0.000000000000000000e+00 1.410124072531492745e+00 2.059069929881014172e-01 1.880529629445397854e+09 1.880529629445397854e+09
1.310000000000000000e+02 4.700000000000100000e+13 0.000000000000000000e+00 1.377969258511313910e+00 7.649828310534151354e-02 9.215316783245057486e-02 8.850361864715157456e-02 0.000000000000000000e+00 1.321665196351060834e+00 1.117653296111811717e-01 1.121254465330765724e+09 1.076849336166884899e+09
1.320000000000000000e+02 4.700000000000700000e+13 0.000000000000000000e+00 1.147913621122495176e+00 7.741081857103906949e-02 6.325804811474751432e-02 4.983845790182593605e-02 0.000000000000000000e+00 1.124769909362139053e+00 1.189523245410914060e-01 7.550359893583977222e+08 5.948623217356157303e+08
1.330000000000000000e+02 4.700000000000200000e+13 0.000000000000000000e+00 1.251154110200233260e+00 2.935933468322269799e-02 1.780195895686426111e-01 5.902104911460073766e-02 0.000000000000000000e+00 1.173256240189464394e+00 4.379131122776332846e-02 1.071847689982267618e+09 3.906923602360666394e+08
1.340000000000000000e+02 4.700000000003800000e+13 0.000000000000000000e+00 9.388407473593439745e-01 4.762486869400996137e-02 8.581073849065166959e-02 8.581073849065166959e-02 1.000000000000000000e+00 9.377628182433028758e-01 2.286290959482299365e-02 -1.000000000000000000e+00 -1.000000000000000000e+00
1.350000000000000000e+02 4.700000000000100000e+13 0.000000000000000000e+00 1.085030399102083765e+00 9.251512924245741676e-02 7.785715865607927000e-02 7.785715865607927000e-02 0.000000000000000000e+00 8.561819179368193033e-01 9.684411571928752682e-02 1.093790160103954315e+09 1.093790160103954315e+09
1.360000000000000000e+02 4.700000000023300000e+13 0.000000000000000000e+00 1.478621006542320648e+00 2.266437455608567020e-01 1.898671535800061094e-01 1.898671535800061094e-01 0.000000000000000000e+00 9.930523144206643282e-01 2.935411836139650843e-01 2.508104411760861874e+09 2.508104411760861874e+09
1.370000000000000000e+02 4.700000000000100000e+13 0.000000000000000000e+00 1.179425426858986992e+00 8.144116399373627080e-02 4.793029156891846776e-02 3.625574205058296196e-02 0.000000000000000000e+00 1.358550014190631927e+00 8.782899317316573973e-02 6.469860145555889606e+08 5.137954626221179962e+08
1.380000000000000000e+02 4.700000000000300000e+13 0.000000000000000000e+00 1.055701068999696624e+00 1.217553285787357220e-01 8.663916118625139551e-02 8.663916118625139551e-02 0.000000000000000000e+00 1.075617980204481849e+00 4.350821295451267473e-02 -1.000000000000000000e+00 -1.000000000000000000e+00
1.390000000000000000e+02 4.700000000000300000e+13 1.000000000000000000e+00 9.853810065984137667e-01 2.145715991355124155e-02 4.255236759495703569e-02 2.394122598551899975e-02 0.000000000000000000e+00 9.838673073741301955e-01 1.330019316366148723e-02 2.601976180312150717e+08 2.601976180312150717e+08
1.400000000000000000e+02 4.700000000000200000e+13 0.000000000000000000e+00 1.177527329458951222e+00 4.122705652935528681e-02 5.417019809257628965e-02 5.417019809257628965e-02 0.000000000000000000e+00 1.155575266696382775e+00 5.735770338014969244e-02 6.671481719538959265e+08 6.671481719538959265e+08
1.410000000000000000e+02 4.700000000000100000e+13 0.000000000000000000e+00 1.146537329678664952e+00 1.565004400408172847e-01 3.992164726377394474e-02 3.992164726377394474e-02 0.000000000000000000e+00 1.140808182332642140e+00 6.623692476478615365e-02 -1.000000000000000000e+00 -1.000000000000000000e+00
1.420000000000000000e+02 4.700000000004200000e+13 0.000000000000000000e+00 1.192462410209949253e+00 3.053741906025782618e-02 5.884230381073043276e-02 5.884230381073043276e-02 0.000000000000000000e+00 1.177690836928803497e+00 5.437974643209441544e-02 7.873397514662533998e+08 7.873397514662533998e+08
1.430000000000000000e+02 4.700000000000100000e+13 0.000000000000000000e+00 1.066014390353788865e+00 9.014184039048382668e-02 6.274724080634236367e-02 3.486168704287530978e-02 0.000000000000000000e+00 9.424841753545847300e-01 6.766012608308102916e-02 5.161649195049248934e+08 4.936097148684018254e+08
1.440000000000000000e+02 4.700000000001600000e+13 0.000000000000000000e+00 1.280746784936151794e+00 1.205805222805710064e-01 2.745264558672067673e-02 2.745264558672067673e-02 0.000000000000000000e+00 1.439298473529672995e+00 1.033840426147996094e-01 3.623587368976292014e+08 3.623587368976292014e+08
1.450000000000000000e+02 4.700000000000100000e+13 0.000000000000000000e+00 1.061755724064308515e+00 4.052207936400342714e-02 5.926160637056963366e-03 3.637889726856411918e-03 0.000000000000000000e+00 1.050629587024881406e+00 3.542477071774521175e-02 3.076429500157956406e+07 3.076429500157956406e+07
1.460000000000000000e+02 4.700000000001300000e+13 0.000000000000000000e+00 1.017085752638578811e+00 1.084938683860553060e-01 1.205198727562389466e-01 1.205198727562389466e-01 0.000000000000000000e+00 9.676612695413133736e-01 4.586462344344130471e-02 -1.000000000000000000e+00 -1.000000000000000000e+00
1.470000000000000000e+02 4.700000000000900000e+13 0.000000000000000000e+00 1.077445849716730075e+00 4.814364626163206845e-02 6.525845865907421717e-02 6.525845865907421717e-02 0.000000000000000000e+00 1.050345127359753938e+00 4.154644322510907262e-02 8.971368281121022701e+08 8.971368281121022701e+08
1.480000000000000000e+02 4.700000000000500000e+13 0.000000000000000000e+00 9.823717259020104953e-01 5.478823111394530432e-02 6.157612760436541322e-02 6.157612760436541322e-02 0.000000000000000000e+00 9.143994309525627084e-01 7.999145468990939700e-02 7.703475182457771301e+08 7.703475182457771301e+08
1.490000000000000000e+02 4.700000000006000000e+13 0.000000000000000000e+00 7.028361209238364049e-01 1.658000315801966829e-01 2.965028882607092520e-01 2.965028882607092520e-01 0.000000000000000000e+00 1.049989107661865706e+00 5.335064719459040039e-02 -1.000000000000000000e+00 -1.000000000000000000e+00
1.500000000000000000e+02 4.700000000001400000e+13 1.000000000000000000e+00 1.094817160613123175e+00 3.958630709201027553e-02 -1.000000000000000000e+00 -1.000000000000000000e+00 0.000000000000000000e+00 1.109617160417136761e+00 4.147090417968234827e-02 -1.000000000000000000e+00 -1.000000000000000000e+00
1.510000000000000000e+02 4.700000000005300000e+13 0.000000000000000000e+00 9.005746206576819013e-01 4.613744940917512832e-02 8.110066666510117039e-02 8.110066666510117039e-02 0.000000000000000000e+00 9.871414189646560144e-01 1.078479018083441932e-01 -1.000000000000000000e+00 -1.000000000000000000e+00
1.520000000000000000e+02 4.700000000000100000e+13 0.000000000000000000e+00 2.049548031374209600e+00 2.746046398177816317e-02 1.165264385168489902e-01 4.702870123288787479e-02 0.000000000000000000e+00 1.804596861389879292e+00 6.398350304234776131e-02 1.355829570511633158e+09 5.471968817195641994e+08
1.530000000000000000e+02 4.700000000000800000e+13 0.000000000000000000e+00 9.147248538587905431e-01 4.401659655181792280e-02 -1.000000000000000000e+00 -1.000000000000000000e+00 1.000000000000000000e+00 9.004820820821507477e-01 2.656465389192772669e-02 -1.000000000000000000e+00 -1.000000000000000000e+00
1.540000000000000000e+02 4.700000000000500000e+13 0.000000000000000000e+00 9.306224370165565585e-01 1.975000033497313900e-01 2.711635230929558826e-01 2.038455812462065253e-01 0.000000000000000000e+00 7.474282025841709753e-01 2.527000855294151971e-01 4.014310006846252441e+09 3.017733902090959072e+09
1.550000000000000000e+02 4.700000000003300000e+13 1.000000000000000000e+00 9.754650690280386449e-01 2.867698944158606281e-02 -1.000000000000000000e+00 -1.000000000000000000e+00 0.000000000000000000e+00 9.934877554314707204e-01 9.795404304176771881e-02 -1.000000000000000000e+00 -1.000000000000000000e+00
1.560000000000000000e+02 4.700000000000100000e+13 0.000000000000000000e+00 1.136407330287587447e+00 5.635972573816254438e-02 1.005159730632749077e-01 9.088929835391916512e-02 0.000000000000000000e+00 1.211488135218554252e+00 6.017225165104318763e-02 1.280871436185851693e+08 1.280871436185851693e+08
1.570000000000000000e+02 4.700000000000100000e+13 0.000000000000000000e+00 9.950397874446795798e-01 5.024958163975727643e-02 1.040539657345595503e-01 8.142010176929181942e-02 0.000000000000000000e+00 1.080230081207984139e+00 7.488067143903091860e-02 3.018273591945455670e+08 3.018273591945455670e+08
1.580000000000000000e+02 4.700000000017700000e+13 0.000000000000000000e+00 9.570466463086925168e-01 6.647135940400572540e-02 -1.000000000000000000e+00 -1.000000000000000000e+00 0.000000000000000000e+00 9.022465507120195349e-01 6.703739113435339125e-02 -1.000000000000000000e+00 -1.000000000000000000e+00
1.590000000000000000e+02 4.700000000023300000e+13 0.000000000000000000e+00 9.556140295386552630e-01 6.724766774657922608e-02 -1.000000000000000000e+00 -1.000000000000000000e+00 0.000000000000000000e+00 8.498064031632270865e-01 6.162248894884427008e-02 -1.000000000000000000e+00 -1.000000000000000000e+00
1.600000000000000000e+02 4.700000000000100000e+13 0.000000000000000000e+00 1.165476241913022237e+00 4.734979082284566931e-02 8.893431336149974775e-02 6.158574698166676548e-02 0.000000000000000000e+00 1.463070335063625382e+00 4.702412610037069729e-02 4.303889280347765088e+08 3.539403505750660896e+08
1.610000000000000000e+02 4.700000000007300000e+13 0.000000000000000000e+00 5.487864515635030305e-01 1.381471036804908237e-01 -1.000000000000000000e+00 -1.000000000000000000e+00 0.000000000000000000e+00 8.588787740477289434e-01 1.455109836191648687e-01 -1.000000000000000000e+00 -1.000000000000000000e+00
1.620000000000000000e+02 4.700000000004500000e+13 0.000000000000000000e+00 1.058574182450642942e+00 8.884109517346952534e-02 5.630908067653360438e-02 5.630908067653360438e-02 0.000000000000000000e+00 1.136183435457297275e+00 1.127798312481732568e-01 -1.000000000000000000e+00 -1.000000000000000000e+00
1.630000000000000000e+02 4.700000000000200000e+13 0.000000000000000000e+00 1.179931903953824301e+00 1.578088808153627898e-01 2.052746459851178817e-01 1.242591311233381540e-01 0.000000000000000000e+00 9.679990399973293913e-01 2.405135042109753374e-01 2.718172648971736431e+09 1.645394490798135042e+09
1.640000000000000000e+02 4.700000000021600000e+13 0.000000000000000000e+00 9.937910262254523452e-01 1.337378872942726338e-01 -1.000000000000000000e+00 -1.000000000000000000e+00 0.000000000000000000e+00 9.296507197236597575e-01 1.399497048760650619e-01 -1.000000000000000000e+00 -1.000000000000000000e+00
1.650000000000000000e+02 4.700000000010600000e+13 0.000000000000000000e+00 9.439967984002771706e-01 1.077708382630209044e-01 -1.000000000000000000e+00 -1.000000000000000000e+00 0.000000000000000000e+00 9.230255744127994211e-01 1.231213105419385195e-01 -1.000000000000000000e+00 -1.000000000000000000e+00
1.660000000000000000e+02 4.700000000002400000e+13 0.000000000000000000e+00 7.956483414682923305e-01 5.906731312556392360e-02 -1.000000000000000000e+00 -1.000000000000000000e+00 0.000000000000000000e+00 9.751737731560855549e-01 6.023730284969817939e-02 -1.000000000000000000e+00 -1.000000000000000000e+00
1.670000000000000000e+02 4.700000000012600000e+13 0.000000000000000000e+00 9.512490164326652398e-01 9.834357709292400329e-02 1.208313374466472717e-01 1.208313374466472717e-01 0.000000000000000000e+00 7.864223721464455030e-01 2.053247348130644301e-01 1.643834152691532373e+09 1.643834152691532373e+09
1.680000000000000000e+02 4.700000000005100000e+13 0.000000000000000000e+00 1.001534467503158776e+00 6.688338874271064494e-02 3.543112288745246807e-02 3.543112288745246807e-02 0.000000000000000000e+00 1.082208240892807760e+00 9.581734890860073295e-02 4.563374871192859411e+08 4.563374871192859411e+08
1.690000000000000000e+02 4.700000000006000000e+13 0.000000000000000000e+00 1.164385404006514912e+00 7.430909860197286443e-02 -1.000000000000000000e+00 -1.000000000000000000e+00 0.000000000000000000e+00 1.087811417510316847e+00 1.113568530750275176e-01 -1.000000000000000000e+00 -1.000000000000000000e+00
1.700000000000000000e+02 4.700000000000800000e+13 1.000000000000000000e+00 1.006551636711756625e+00 3.739933365399248505e-02 -1.000000000000000000e+00 -1.000000000000000000e+00 0.000000000000000000e+00 1.079430944690438210e+00 4.728536767947356945e-02 -1.000000000000000000e+00 -1.000000000000000000e+00
1.710000000000000000e+02 4.700000000002500000e+13 0.000000000000000000e+00 9.691003042050997385e-01 1.028532954576181491e-01 -1.000000000000000000e+00 -1.000000000000000000e+00 0.000000000000000000e+00 9.501674260493031543e-01 8.649232094565811879e-02 -1.000000000000000000e+00 -1.000000000000000000e+00
1.720000000000000000e+02 4.700000000000300000e+13 0.000000000000000000e+00 1.055746053290779418e+00 1.038067674309158528e-01 1.625950391587949184e-01 1.558205894543947256e-01 0.000000000000000000e+00 1.193278913199200097e+00 1.979330953604001644e-02 1.090039438653548360e+08 1.090039438653548360e+08
1.730000000000000000e+02 4.700000000000600000e+13 0.000000000000000000e+00 1.283046485314411900e+00 5.783500560334626367e-02 5.987474949389879481e-02 5.987474949389879481e-02 0.000000000000000000e+00 1.343560371534896491e+00 7.562847245949078090e-02 7.153823332743262053e+08 7.153823332743262053e+08
1.740000000000000000e+02 4.700000000000100000e+13 0.000000000000000000e+00 1.843869855062717278e+00 4.429097603090893093e-02 5.923672346008623107e-02 2.409846838657382639e-02 0.000000000000000000e+00 1.868381952563275661e+00 5.399325390969113986e-02 6.248642582641700506e+08 2.905785487739505768e+08
1.750000000000000000e+02 4.700000000001000000e+13 0.000000000000000000e+00 1.045082313799875928e+00 5.899878802007984396e-02 1.098969091746560822e-01 7.078828155049361748e-02 0.000000000000000000e+00 1.208215862510286565e+00 7.748791562566270663e-02 8.798314921891146898e+08 8.798314921891146898e+08
1.760000000000000000e+02 4.700000000000100000e+13 0.000000000000000000e+00 1.391288828262439159e+00 5.836023711234544775e-02 2.436236090986977076e-01 1.272188281300644930e-01 0.000000000000000000e+00 1.538937256086142513e+00 1.415779691422774100e-01 1.046860143792748809e+09 8.482511268183405399e+08
1.770000000000000000e+02 4.700000000016400000e+13 0.000000000000000000e+00 8.633557754968356202e-01 1.174992105204571424e-01 -1.000000000000000000e+00 -1.000000000000000000e+00 0.000000000000000000e+00 8.318953335839248675e-01 1.084994523693899454e-01 -1.000000000000000000e+00 -1.000000000000000000e+00
1.780000000000000000e+02 4.700000000000100000e+13 0.000000000000000000e+00 1.235867660248253008e+00 2.456729068611088890e-02 4.617827459804739985e-03 4.617827459804739985e-03 0.000000000000000000e+00 1.143005754562665954e+00 4.085864772267556316e-02 7.013625910981573164e+07 7.013625910981573164e+07
1.790000000000000000e+02 4.700000000000400000e+13 0.000000000000000000e+00 1.006160778514381127e+00 8.974865086089213462e-02 2.248683360901524153e-01 9.155351914588732987e-02 0.000000000000000000e+00 1.160845599866001221e+00 6.385582718686665105e-02 2.493776056441343784e+09 1.258100491491427422e+09
1.800000000000000000e+02 4.700000000000200000e+13 0.000000000000000000e+00 1.243202266096140818e+00 8.276108872968460095e-02 1.157911408808436349e-01 7.385862960680530942e-02 0.000000000000000000e+00 1.303763663072118106e+00 8.764718785447868366e-02 4.877210152286339402e+08 4.877210152286339402e+08
1.810000000000000000e+02 4.700000000001400000e+13 0.000000000000000000e+00 1.017336965258793580e+00 4.875629397531866527e-02 -1.000000000000000000e+00 -1.000000000000000000e+00 0.000000000000000000e+00 1.065771931007443829e+00 7.123420116630822807e-02 -1.000000000000000000e+00 -1.000000000000000000e+00
1.820000000000000000e+02 4.700000000000100000e+13 0.000000000000000000e+00 1.332866266920521348e+00 2.960161121669544274e-02 2.822437854846538904e-02 1.057722995994237088e-02 0.000000000000000000e+00 1.480635310202279786e+00 3.508498834145832440e-02 2.863189167774803042e+08 1.345303047236013710e+08
1.830000000000000000e+02 4.700000000000400000e+13 0.000000000000000000e+00 1.191289293541559102e+00 4.075012308229325475e-02 3.015379642847523453e-02 3.015379642847523453e-02 0.000000000000000000e+00 1.241681981587999584e+00 5.174476033875616277e-02 3.760077477485480309e+08 3.760077477485480309e+08
1.840000000000000000e+02 4.700000000005000000e+13 1.000000000000000000e+00 9.607746948864998027e-01 3.421428120485786595e-02 -1.000000000000000000e+00 -1.000000000000000000e+00 1.000000000000000000e+00 9.455599491282965507e-01 2.986581339544647218e-02 -1.000000000000000000e+00 -1.000000000000000000e+00
1.850000000000000000e+02 4.700000000000100000e+13 1.000000000000000000e+00 1.054318369043133918e+00 3.561532533440001785e-02 7.772297580823868401e-02 2.890682093570394809e-02 0.000000000000000000e+00 1.102899893739800463e+00 4.000128288362649748e-02 3.861248543284977674e+08 3.422245028826080561e+08
1.860000000000000000e+02 4.700000000000200000e+13 0.000000000000000000e+00 2.146613266068420067e+00 2.168041231226695287e-01 2.316052535075447949e-01 1.563516101430181826e-01 0.000000000000000000e+00 1.981803732025635867e+00 3.021232634856385046e-01 2.818950622618101120e+09 2.080776340629383087e+09
1.870000000000000000e+02 4.700000000000200000e+13 0.000000000000000000e+00 1.238959775751976577e+00 3.024491326189160736e-02 5.143012774112243335e-02 4.692780777903337447e-02 0.000000000000000000e+00 1.300283533793736845e+00 4.431535853266052594e-02 7.064879136695202589e+08 6.446402229015736580e+08
1.880000000000000000e+02 4.700000000000100000e+13 0.000000000000000000e+00 1.875675200529333120e+00 2.027704772225951413e-01 1.564060595065311920e-01 5.891690856313498009e-02 0.000000000000000000e+00 1.645801502899938429e+00 2.417316341688108827e-01 1.095043659846759796e+09 7.686094350005599260e+08
1.890000000000000000e+02 4.700000000004000000e+13 1.000000000000000000e+00 9.548227641391593412e-01 1.310249016161473337e-02 -1.000000000000000000e+00 -1.000000000000000000e+00 1.000000000000000000e+00 9.991145653163219231e-01 3.542604554831989966e-02 -1.000000000000000000e+00 -1.000000000000000000e+00
1.900000000000000000e+02 4.700000000000100000e+13 0.000000000000000000e+00 1.247967950479738519e+00 3.264402756089505170e-02 4.896802386537423696e-02 3.092433591576663685e-02 0.000000000000000000e+00 1.342361663739195299e+00 3.148058545463647273e-02 7.191154127991356850e+08 4.541364921881294250e+08
1.910000000000000000e+02 4.700000000000100000e+13 0.000000000000000000e+00 1.311227827370724297e+00 1.016086550636413760e-01 9.226385926462242482e-02 2.905532523950229290e-02 0.000000000000000000e+00 1.300974132293824193e+00 1.026786671886195795e-01 8.940947203088535070e+08 3.583922092960362434e+08
1.920000000000000000e+02 4.700000000080000000e+13 0.000000000000000000e+00 9.143753140767955090e-01 1.138251007640771334e-01 -1.000000000000000000e+00 -1.000000000000000000e+00 0.000000000000000000e+00 1.561412599762043829e+00 1.766886904979844963e-01 -1.000000000000000000e+00 -1.000000000000000000e+00
1.930000000000000000e+02 4.700000000008600000e+13 0.000000000000000000e+00 1.171324824010844479e+00 4.571764693125413698e-02 -1.000000000000000000e+00 -1.000000000000000000e+00 0.000000000000000000e+00 1.091440242626875223e+00 5.125168409688120319e-02 -1.000000000000000000e+00 -1.000000000000000000e+00
1.940000000000000000e+02 4.700000000000800000e+13 0.000000000000000000e+00 1.101037492365465997e+00 1.198820602720066381e-01 1.228842345315969559e-01 1.228842345315969559e-01 0.000000000000000000e+00 1.012370223533582081e+00 1.612911315856808692e-01 1.758020602954706907e+09 1.758020602954706907e+09
1.950000000000000000e+02 4.700000000004200000e+13 0.000000000000000000e+00 1.049866247748984405e+00 9.043523733306002566e-02 -1.000000000000000000e+00 -1.000000000000000000e+00 0.000000000000000000e+00 8.972807715860465771e-01 7.583979339771973471e-02 -1.000000000000000000e+00 -1.000000000000000000e+00
1.960000000000000000e+02 4.700000000000100000e+13 0.000000000000000000e+00 1.021218087924130824e+00 1.355226121878107259e-01 3.409550128435554495e-01 2.403029227766764198e-01 0.000000000000000000e+00 1.115297524165579812e+00 3.308125687707230700e-02 6.586033419872398376e+08 2.626877614372569621e+08
1.970000000000000000e+02 4.700000000000100000e+13 0.000000000000000000e+00 1.653216081789605996e+00 2.113887616717464446e-01 2.223082545275271715e-01 1.531688380639801006e-01 0.000000000000000000e+00 1.449926754328612510e+00 2.619213224095158776e-01 2.399836157295971870e+09 1.807809171651547909e+09
1.980000000000000000e+02 4.700000000000500000e+13 0.000000000000000000e+00 1.100492678341985942e+00 1.339054696228761665e-01 2.358759786050612650e-01 2.098769408539052639e-01 0.000000000000000000e+00 1.068774227392125020e+00 1.614739215506675041e-01 3.196401056033240318e+09 2.844083061572315693e+09
1.990000000000000000e+02 4.700000000000100000e+13 0.000000000000000000e+00 1.106066328960944922e+00 4.121328725488941636e-02 1.489854326121521459e-02 1.311058469104649585e-02 0.000000000000000000e+00 1.093814678056278522e+00 2.935025222388647215e-02 2.373380492314921692e+07 2.373380492314921692e+07
2.000000000000000000e+02 4.700000000000100000e+13 0.000000000000000000e+00 1.264823789001055410e+00 1.005988157744585193e-01 1.062788333676202707e-01 4.995578045899247421e-02 0.000000000000000000e+00 1.379903136290635990e+00 1.079651531427646693e-01 9.457898370173174143e+08 6.983269707297071218e+08
2.010000000000000000e+02 4.700000000000100000e+13 0.000000000000000000e+00 1.153054962789148208e+00 4.031741615266126733e-02 3.975354229773286896e-02 2.746093694238966113e-02 0.000000000000000000e+00 1.244854748055320037e+00 3.559174287844461132e-02 4.449411302222596407e+08 3.353715024893959761e+08
2.020000000000000000e+02 4.700000000001800000e+13 1.000000000000000000e+00 9.898217960433848273e-01 1.722107915805340742e-02 -1.000000000000000000e+00 -1.000000000000000000e+00 1.000000000000000000e+00 1.080482570179359225e+00 9.155114936258732655e-03 -1.000000000000000000e+00 -1.000000000000000000e+00
2.030000000000000000e+02 4.700000000000300000e+13 0.000000000000000000e+00 1.197338912180603065e+00 1.176086724816542139e-01 1.459576068747285571e-01 1.151796239995036275e-01 0.000000000000000000e+00 1.071131668340008503e+00 1.735489184899729476e-01 1.981273505524053335e+09 1.563483687440140247e+09
2.040000000000000000e+02 4.700000000002900000e+13 0.000000000000000000e+00 8.921729776612228324e-01 6.160462889417851057e-02 5.293301055274757944e-02 5.293301055274757944e-02 1.000000000000000000e+00 9.365475264690803492e-01 3.383629376473497319e-02 -1.000000000000000000e+00 -1.000000000000000000e+00
2.050000000000000000e+02 4.700000000000600000e+13 0.000000000000000000e+00 1.000102920547756735e+00 4.133574708918638652e-02 2.841653448606438689e-02 2.841653448606438689e-02 0.000000000000000000e+00 1.035207885023743168e+00 4.491737402089625991e-02 3.683470154991756678e+08 3.683470154991756678e+08
2.060000000000000000e+02 4.700000000029500000e+13 0.000000000000000000e+00 7.471735397774977860e-01 1.491831681092316286e-01 -1.000000000000000000e+00 -1.000000000000000000e+00 0.000000000000000000e+00 4.805671243220548949e-01 1.569458066226314119e-01 -1.000000000000000000e+00 -1.000000000000000000e+00
2.070000000000000000e+02 4.700000000000600000e+13 1.000000000000000000e+00 9.884903565927843916e-01 3.404796025783479035e-02 -1.000000000000000000e+00 -1.000000000000000000e+00 0.000000000000000000e+00 1.066102664502616815e+00 4.485919181905980574e-02 -1.000000000000000000e+00 -1.000000000000000000e+00
2.080000000000000000e+02 4.700000000001700000e+13 0.000000000000000000e+00 1.549602911654782700e+00 7.594729508164529963e-02 1.439655930676582707e-01 1.439655930676582707e-01 0.000000000000000000e+00 1.410528046893366971e+00 1.144154333888635078e-01 1.785886636043648481e+09 1.785886636043648481e+09
2.090000000000000000e+02 4.700000000004500000e+13 0.000000000000000000e+00 1.601535864759063621e+00 1.644923630650474977e-01 5.043239332460864449e-02 5.043239332460864449e-02 0.000000000000000000e+00 1.224006704988861882e+00 1.035576626507722503e-01 7.430830338243463039e+08 7.430830338243463039e+08
2.100000000000000000e+02 4.700000000040700000e+13 0.000000000000000000e+00 8.679189510324576418e-01 4.717296806828126521e-02 -1.000000000000000000e+00 -1.000000000000000000e+00 0.000000000000000000e+00 nan 1.199771170188373426e-01 -1.000000000000000000e+00 -1.000000000000000000e+00
2.110000000000000000e+02 4.700000000000100000e+13 0.000000000000000000e+00 1.187506578985850991e+00 2.292893213703198554e-02 3.531515517138159727e-02 3.070947330610139525e-02 0.000000000000000000e+00 1.266866668615686198e+00 1.681152454359876453e-02 4.274586934174492359e+08 3.717109912517646551e+08
2.120000000000000000e+02 4.700000000000400000e+13 0.000000000000000000e+00 1.535119582123718462e+00 1.876893971092554181e-01 1.933421375864648462e-01 1.227888549237631660e-01 0.000000000000000000e+00 1.583277708733692668e+00 2.266619192022093499e-01 2.780710202656300068e+09 1.765989690200339794e+09
2.130000000000000000e+02 4.700000000000500000e+13 1.000000000000000000e+00 1.100086434765190191e+00 1.534073821798567425e-02 -1.000000000000000000e+00 -1.000000000000000000e+00 0.000000000000000000e+00 1.157819544361322839e+00 4.592985104418986775e-02 -1.000000000000000000e+00 -1.000000000000000000e+00
2.140000000000000000e+02 4.700000000001000000e+13 0.000000000000000000e+00 8.795202740668376373e-01 1.470885915678641354e-01 3.193675825087968212e-01 3.193675825087968212e-01 0.000000000000000000e+00 1.241234203265616731e+00 6.340572901320164212e-02 -1.000000000000000000e+00 -1.000000000000000000e+00
2.150000000000000000e+02 4.700000000000300000e+13 0.000000000000000000e+00 1.059234883288213913e+00 7.293384439506965522e-02 7.477297550319862707e-02 7.477297550319862707e-02 0.000000000000000000e+00 1.010827811969639001e+00 4.364928448506632391e-02 -1.000000000000000000e+00 -1.000000000000000000e+00
2.160000000000000000e+02 4.700000000004000000e+13 0.000000000000000000e+00 1.053928258732065748e+00 7.760177508492464848e-02 -1.000000000000000000e+00 -1.000000000000000000e+00 0.000000000000000000e+00 1.028445409316778969e+00 1.004481230271958986e-01 -1.000000000000000000e+00 -1.000000000000000000e+00
2.170000000000000000e+02 4.700000000005400000e+13 0.000000000000000000e+00 8.899784120063919390e-01 9.404322695058200954e-02 -1.000000000000000000e+00 -1.000000000000000000e+00 0.000000000000000000e+00 9.062533090828299720e-01 1.107333404259763371e-01 -1.000000000000000000e+00 -1.000000000000000000e+00
2.180000000000000000e+02 4.700000000007100000e+13 0.000000000000000000e+00 1.098558594607279781e+00 1.439302165832292701e-01 -1.000000000000000000e+00 -1.000000000000000000e+00 0.000000000000000000e+00 1.174627795222761062e+00 1.625258066033521964e-01 -1.000000000000000000e+00 -1.000000000000000000e+00
2.190000000000000000e+02 4.700000000001000000e+13 1.000000000000000000e+00 1.018711728463755462e+00 2.512935234287829236e-02 4.273560813313492107e-02 4.273560813313492107e-02 1.000000000000000000e+00 1.079992481738713428e+00 3.797016980789653939e-02 -1.000000000000000000e+00 -1.000000000000000000e+00
2.200000000000000000e+02 4.700000000002300000e+13 1.000000000000000000e+00 1.060765793958666547e+00 3.598268915474846924e-02 -1.000000000000000000e+00 -1.000000000000000000e+00 0.000000000000000000e+00 8.930756415268134019e-01 4.234770146128374185e-02 -1.000000000000000000e+00 -1.000000000000000000e+00
2.210000000000000000e+02 4.700000000010200000e+13 0.000000000000000000e+00 1.776594497397991912e+00 1.902898856212646705e-01 1.449421138136061382e-01 1.449421138136061382e-01 0.000000000000000000e+00 1.795470066578225499e+00 2.164691578220037660e-01 1.977701638213529587e+09 1.977701638213529587e+09
2.220000000000000000e+02 4.700000000000500000e+13 0.000000000000000000e+00 1.150507919309703198e+00 3.137169175079259631e-01 4.363159142243663302e-01 3.262625135941552013e-01 0.000000000000000000e+00 1.444049273874314032e+00 2.013368130514529286e-01 -1.000000000000000000e+00 -1.000000000000000000e+00
2.230000000000000000e+02 4.700000000004800000e+13 0.000000000000000000e+00 1.038802498524816764e+00 1.005683246825141569e-01 1.019933825187816917e-01 5.175214440339197947e-02 0.000000000000000000e+00 1.079777284286674410e+00 1.426146361643864935e-01 6.307201322672139406e+08 6.307201322672139406e+08
2.240000000000000000e+02 4.700000000003200000e+13 0.000000000000000000e+00 9.857375005622276420e-01 7.238898292845025173e-02 -1.000000000000000000e+00 -1.000000000000000000e+00 0.000000000000000000e+00 9.569902910039922439e-01 4.606702788288887657e-02 -1.000000000000000000e+00 -1.000000000000000000e+00
2.250000000000000000e+02 4.700000000000100000e+13 0.000000000000000000e+00 1.256017851371114880e+00 1.747005406396795468e-01 2.612200221842970738e-01 1.252916207664807879e-01 0.000000000000000000e+00 9.936401823842966330e-01 2.944897779899585677e-01 3.229081365632380962e+09 1.782321171316087008e+09
2.260000000000000000e+02 4.700000000000800000e+13 0.000000000000000000e+00 1.326621521937025872e+00 6.725708940118722834e-02 5.425946745338896572e-03 5.425946745338896572e-03 0.000000000000000000e+00 1.487954875842069757e+00 7.729729718171787778e-02 6.987365098766404390e+07 6.987365098766404390e+07
2.270000000000000000e+02 4.700000000000100000e+13 1.000000000000000000e+00 1.054837606332977629e+00 2.051756746444418494e-02 6.774077838225623337e-03 6.774077838225623337e-03 0.000000000000000000e+00 1.105803707414923398e+00 1.906537436191877571e-02 9.003966410833057761e+07 9.003966410833057761e+07
2.280000000000000000e+02 4.700000000000100000e+13 0.000000000000000000e+00 1.133698225333526821e+00 5.689310621970377485e-02 2.344855910347986849e-01 1.580825090347647566e-01 0.000000000000000000e+00 1.467458792837219361e+00 6.376872026969185314e-02 1.735403383986133039e+08 1.528133833254489005e+08
2.290000000000000000e+02 4.700000000000400000e+13 0.000000000000000000e+00 1.223788055894231563e+00 4.352295612859098661e-02 1.158055295456250772e-01 8.046024386408323625e-02 0.000000000000000000e+00 1.342552583425348889e+00 1.499481453859058053e-02 -1.000000000000000000e+00 -1.000000000000000000e+00
2.300000000000000000e+02 4.700000000000100000e+13 1.000000000000000000e+00 1.054483155354712709e+00 2.702496320821612744e-02 7.569813483933290899e-02 4.395353198656772736e-02 0.000000000000000000e+00 1.100606403371545694e+00 2.122332079922310821e-02 6.880658569684383869e+08 5.207471174795100689e+08
2.310000000000000000e+02 4.700000000000300000e+13 0.000000000000000000e+00 1.472361717281541083e+00 2.919346417005147867e-02 1.177834243326602304e-01 5.461925690482139634e-02 0.000000000000000000e+00 1.570709830787824890e+00 5.143544313666583573e-02 1.701412467141201496e+09 8.467997515150710344e+08
2.320000000000000000e+02 4.700000000010400000e+13 0.000000000000000000e+00 5.513535032361313037e-01 3.092412943357393806e-01 3.590907869636476013e-01 3.590907869636476013e-01 0.000000000000000000e+00 1.212434860735744691e+00 9.860085889138538173e-02 -1.000000000000000000e+00 -1.000000000000000000e+00
2.330000000000000000e+02 4.700000000000300000e+13 0.000000000000000000e+00 1.119073872207360321e+00 4.194142583837976584e-02 9.910408073025506193e-02 5.059717855996317265e-02 0.000000000000000000e+00 1.231478547542545376e+00 2.314821043708111675e-02 7.410118762679846287e+08 7.410118762679846287e+08
2.340000000000000000e+02 4.700000000000100000e+13 0.000000000000000000e+00 1.215995043825731647e+00 3.782660032939755279e-02 1.294867186626411648e-01 3.951871109620187089e-02 0.000000000000000000e+00 1.323546861049005985e+00 4.316880001854528359e-02 7.834200722212612629e+08 3.758529222337468266e+08
2.350000000000000000e+02 4.700000000001200000e+13 0.000000000000000000e+00 1.007194928160623615e+00 4.884064738051431542e-02 -1.000000000000000000e+00 -1.000000000000000000e+00 1.000000000000000000e+00 1.084770660769448503e+00 3.796472652522512453e-02 -1.000000000000000000e+00 -1.000000000000000000e+00
2.360000000000000000e+02 4.700000000000300000e+13 0.000000000000000000e+00 1.111655058969463594e+00 5.922616666529684909e-02 -1.000000000000000000e+00 -1.000000000000000000e+00 0.000000000000000000e+00 1.133005163848445740e+00 8.245345335723187896e-02 -1.000000000000000000e+00 -1.000000000000000000e+00
2.370000000000000000e+02 4.700000000001600000e+13 0.000000000000000000e+00 7.072428583567899052e-01 2.340560873588081459e-01 2.525317531497494050e-01 2.094581615717446277e-01 0.000000000000000000e+00 8.240438660943629756e-01 1.241711115338832438e-01 -1.000000000000000000e+00 -1.000000000000000000e+00
2.380000000000000000e+02 4.700000000000300000e+13 0.000000000000000000e+00 1.050218645450186061e+00 1.767796476719842719e-02 1.757684896724352186e-01 1.055998751448140038e-01 0.000000000000000000e+00 1.175514927073928240e+00 6.909316158221312509e-02 -1.000000000000000000e+00 -1.000000000000000000e+00
2.390000000000000000e+02 4.700000000014300000e+13 0.000000000000000000e+00 1.296648046293583212e+00 4.839683588992617358e-02 8.585057090848915995e-02 8.585057090848915995e-02 0.000000000000000000e+00 9.502256879634417563e-01 7.882516210728238160e-02 1.207124541378049374e+09 1.207124541378049374e+09
2.400000000000000000e+02 4.700000000000300000e+13 0.000000000000000000e+00 1.144264475837798223e+00 6.048321304165166917e-02 -1.000000000000000000e+00 -1.000000000000000000e+00 0.000000000000000000e+00 1.173920900562979375e+00 7.081502895737093461e-02 -1.000000000000000000e+00 -1.000000000000000000e+00
2.410000000000000000e+02 4.700000000000300000e+13 0.000000000000000000e+00 1.464276923731540059e+00 1.285326198719373703e-01 1.725382459549344161e-01 1.388146930234296084e-01 0.000000000000000000e+00 1.341259395654579523e+00 1.754033570445256152e-01 2.049399134563157082e+09 1.648832756890159845e+09
2.420000000000000000e+02 4.700000000008700000e+13 0.000000000000000000e+00 9.123606067664855601e-01 5.581052019356151639e-02 -1.000000000000000000e+00 -1.000000000000000000e+00 0.000000000000000000e+00 8.119848795138374653e-01 1.232498697269913401e-01 -1.000000000000000000e+00 -1.000000000000000000e+00
2.430000000000000000e+02 4.700000000000500000e+13 0.000000000000000000e+00 1.029219840060505264e+00 8.470023814598992562e-02 2.001482621424818115e-02 2.001482621424818115e-02 0.000000000000000000e+00 1.048038788898473683e+00 4.224751400575887939e-02 2.936452115506234169e+08 2.936452115506234169e+08
2.440000000000000000e+02 4.700000000030000000e+13 0.000000000000000000e+00 6.069552027884961287e-01 1.266690710740304704e-01 -1.000000000000000000e+00 -1.000000000000000000e+00 0.000000000000000000e+00 6.069552027884961287e-01 1.266873420297469910e-01 -1.000000000000000000e+00 -1.000000000000000000e+00
2.450000000000000000e+02 4.700000000000600000e+13 0.000000000000000000e+00 7.822435462020446151e-01 3.412918400141455866e-01 4.087066014125195768e-01 3.018321166256971444e-01 0.000000000000000000e+00 6.983504876525525873e-01 3.096240771831771377e-01 1.908231659626075268e+09 1.426316966120688200e+09
2.460000000000000000e+02 4.700000000000100000e+13 0.000000000000000000e+00 1.566943586575305414e+00 2.022940123964431791e-01 3.989710892039015633e-01 1.146907306085275940e-01 0.000000000000000000e+00 1.118561396828658072e+00 1.461792834032592525e-01 3.291502568286163330e+09 1.835401203305614471e+09
2.470000000000000000e+02 4.700000000004600000e+13 1.000000000000000000e+00 8.855355534761553127e-01 1.186408035337901436e-02 -1.000000000000000000e+00 -1.000000000000000000e+00 0.000000000000000000e+00 1.014847947816422957e+00 4.851036646721844370e-02 -1.000000000000000000e+00 -1.000000000000000000e+00
2.480000000000000000e+02 4.700000000000100000e+13 0.000000000000000000e+00 1.084512013096470495e+00 3.970543156108001515e-02 1.161169811844240812e-01 1.091275658128985360e-01 1.000000000000000000e+00 1.130635254033588222e+00 1.506807676176952389e-02 -1.000000000000000000e+00 -1.000000000000000000e+00
2.490000000000000000e+02 4.700000000000100000e+13 0.000000000000000000e+00 1.388654992669868582e+00 1.076328606143766714e-01 1.386517665857543435e-01 8.866006137123490227e-02 0.000000000000000000e+00 1.414854825571919550e+00 1.350092302469959593e-01 1.579464956726062298e+09 1.009979630590840220e+09
2.500000000000000000e+02 4.700000000001000000e+13 0.000000000000000000e+00 1.574701291378881818e+00 1.195787854626091523e-01 8.299572141055986188e-03 8.299572141055986188e-03 0.000000000000000000e+00 1.532114427897310005e+00 8.280505406967203497e-02 1.361849284934024513e+08 1.361849284934024513e+08
2.510000000000000000e+02 4.700000000000100000e+13 0.000000000000000000e+00 1.628408349400600752e+00 3.470085289427863456e-02 1.540788062453504470e-01 5.588388321687576960e-02 0.000000000000000000e+00 1.632572699270961047e+00 3.034244631162650446e-02 1.652595284047599077e+09 6.455040119026589394e+08
2.520000000000000000e+02 4.700000000001100000e+13 0.000000000000000000e+00 9.507629898276530600e-01 1.467853352334935191e-01 3.357911911430632168e-01 2.710011564771969139e-01 0.000000000000000000e+00 1.274323274283081897e+00 4.736762042000245559e-02 -1.000000000000000000e+00 -1.000000000000000000e+00
2.530000000000000000e+02 4.700000000005400000e+13 0.000000000000000000e+00 9.372995156310610643e-01 7.788013778904294415e-02 -1.000000000000000000e+00 -1.000000000000000000e+00 0.000000000000000000e+00 4.913132559745279626e-01 1.014086046113789746e-01 -1.000000000000000000e+00 -1.000000000000000000e+00
2.540000000000000000e+02 4.700000000000100000e+13 0.000000000000000000e+00 1.153658600809071011e+00 3.959946302937718265e-02 5.168433700127615660e-02 1.530711998266355220e-02 0.000000000000000000e+00 1.314899896880433072e+00 4.071433666378653643e-02 6.455268347020837069e+08 2.033023235069391429e+08
2.550000000000000000e+02 4.700000000000200000e+13 0.000000000000000000e+00 1.255374362693794543e+00 5.340766392174417510e-02 1.564384270640960944e-02 1.564384270640960944e-02 0.000000000000000000e+00 1.366595930913335755e+00 3.923733467587350865e-02 2.083408300928839147e+08 2.083408300928839147e+08
2.560000000000000000e+02 4.700000000002300000e+13 0.000000000000000000e+00 1.160741495215701580e+00 1.604708030641229660e-02 -1.000000000000000000e+00 -1.000000000000000000e+00 0.000000000000000000e+00 1.164334127711534883e+00 2.933081669956458942e-02 -1.000000000000000000e+00 -1.000000000000000000e+00
2.570000000000000000e+02 4.700000000000100000e+13 1.000000000000000000e+00 9.925742393563921073e-01 3.668465173279768232e-02 2.067898330063299567e-02 2.067898330063299567e-02 0.000000000000000000e+00 1.020129639531643262e+00 3.842320951818763847e-02 2.806999946305802464e+08 2.806999946305802464e+08
2.580000000000000000e+02 4.700000000000100000e+13 0.000000000000000000e+00 1.058816167853646073e+00 6.009914337801895018e-02 8.435290658959210264e-02 5.241637267819951318e-02 0.000000000000000000e+00 1.075104327573310092e+00 1.030782502012439344e-01 1.020653301073047280e+09 6.899904482688554525e+08
2.590000000000000000e+02 4.700000000000700000e+13 0.000000000000000000e+00 8.134462441388439213e-01 1.396948939380702193e-01 5.376048517884494116e-01 2.939093612037120273e-01 0.000000000000000000e+00 1.294198935114325044e+00 1.536410101797588690e-01 2.033934142330862999e+09 1.463179512292846918e+09
2.600000000000000000e+02 4.700000000004600000e+13 0.000000000000000000e+00 8.331864698230180277e-01 8.604005690988128507e-02 -1.000000000000000000e+00 -1.000000000000000000e+00 0.000000000000000000e+00 8.952107971535901987e-01 9.120975057128982710e-02 -1.000000000000000000e+00 -1.000000000000000000e+00
2.610000000000000000e+02 4.700000000000100000e+13 0.000000000000000000e+00 1.024588929712124674e+00 1.051366468152365868e-01 1.911345295555544888e-01 1.158222792003712059e-01 0.000000000000000000e+00 9.911251676597337967e-01 2.075704531418633703e-01 9.810237786046373844e+08 9.810237786046373844e+08
2.620000000000000000e+02 4.700000000000400000e+13 1.000000000000000000e+00 1.132215798688281483e+00 3.448813636478085393e-02 -1.000000000000000000e+00 -1.000000000000000000e+00 0.000000000000000000e+00 1.170920476125091314e+00 3.455329540307822134e-02 -1.000000000000000000e+00 -1.000000000000000000e+00
2.630000000000000000e+02 4.700000000010200000e+13 0.000000000000000000e+00 1.095242743911670980e+00 2.208610822820932240e-01 1.943925044656398538e-01 1.943925044656398538e-01 0.000000000000000000e+00 1.100093832721539489e+00 1.763659707475010996e-01 -1.000000000000000000e+00 -1.000000000000000000e+00
2.640000000000000000e+02 -1.000000000000000000e+00 -1.000000000000000000e+00 -1.000000000000000000e+00 -1.000000000000000000e+00 -1.000000000000000000e+00 -1.000000000000000000e+00 -1.000000000000000000e+00 -1.000000000000000000e+00 -1.000000000000000000e+00 -1.000000000000000000e+00 -1.000000000000000000e+00
2.650000000000000000e+02 4.700000000033700000e+13 0.000000000000000000e+00 5.674139671420849185e-01 2.207837842601999279e-01 -1.000000000000000000e+00 -1.000000000000000000e+00 0.000000000000000000e+00 9.533124564765351749e-01 6.666584572838715750e-02 -1.000000000000000000e+00 -1.000000000000000000e+00
2.660000000000000000e+02 4.700000000014500000e+13 0.000000000000000000e+00 9.066585741583372826e-01 1.387925897007257214e-01 -1.000000000000000000e+00 -1.000000000000000000e+00 0.000000000000000000e+00 8.702548131833727219e-01 1.448611310288454856e-01 -1.000000000000000000e+00 -1.000000000000000000e+00
2.670000000000000000e+02 4.700000000005000000e+13 0.000000000000000000e+00 9.589491100247985456e-01 1.360508407740716463e-01 2.056815231307804470e-01 1.478695687208459175e-01 0.000000000000000000e+00 9.865876171984263587e-01 4.610233570802139275e-02 -1.000000000000000000e+00 -1.000000000000000000e+00
2.680000000000000000e+02 4.700000000000100000e+13 0.000000000000000000e+00 2.085602435350816464e+00 2.068838429431124892e-01 2.351971983797403187e-01 1.168201175312020973e-01 0.000000000000000000e+00 2.179073504671918293e+00 2.167778137624143120e-01 9.283459772295950651e+08 7.918823824239633083e+08
2.690000000000000000e+02 4.700000000014200000e+13 0.000000000000000000e+00 1.230667693601906310e+00 1.205270470257072679e-01 -1.000000000000000000e+00 -1.000000000000000000e+00 0.000000000000000000e+00 1.212524267897261865e+00 1.839438855938805295e-01 -1.000000000000000000e+00 -1.000000000000000000e+00
2.700000000000000000e+02 4.700000000002500000e+13 0.000000000000000000e+00 9.742312889104791651e-01 4.630809671961757384e-02 -1.000000000000000000e+00 -1.000000000000000000e+00 1.000000000000000000e+00 1.041780455269976535e+00 2.692360092614742850e-02 -1.000000000000000000e+00 -1.000000000000000000e+00
2.710000000000000000e+02 4.700000000001300000e+13 0.000000000000000000e+00 1.293775349977758005e+00 5.436881972981554012e-02 -1.000000000000000000e+00 -1.000000000000000000e+00 0.000000000000000000e+00 1.283834353712189236e+00 7.435687233035016830e-02 -1.000000000000000000e+00 -1.000000000000000000e+00
2.720000000000000000e+02 4.700000000000300000e+13 1.000000000000000000e+00 1.130768887307891379e+00 2.924302373171197220e-02 1.212148759294321212e-02 1.212148759294321212e-02 0.000000000000000000e+00 1.153899196575877584e+00 5.289890234470968899e-02 -1.000000000000000000e+00 -1.000000000000000000e+00
2.730000000000000000e+02 4.700000000004900000e+13 0.000000000000000000e+00 9.742009026203373168e-01 1.006781524507573550e-01 -1.000000000000000000e+00 -1.000000000000000000e+00 0.000000000000000000e+00 1.012758894138835020e+00 7.525316599568068754e-02 -1.000000000000000000e+00 -1.000000000000000000e+00
2.740000000000000000e+02 4.700000000000500000e+13 0.000000000000000000e+00 8.794564372614950276e-01 1.402632028388659247e-01 1.852183588715745066e-01 1.852183588715745066e-01 0.000000000000000000e+00 1.068599649683705799e+00 4.582210317514857217e-02 -1.000000000000000000e+00 -1.000000000000000000e+00
2.750000000000000000e+02 4.700000000000400000e+13 1.000000000000000000e+00 1.121029513716097270e+00 3.966314512020946426e-02 3.031949897117029724e-02 3.031949897117029724e-02 0.000000000000000000e+00 1.179029227132425195e+00 4.649237173726147865e-02 3.908869262542759776e+08 3.908869262542759776e+08
2.760000000000000000e+02 4.700000000000100000e+13 1.000000000000000000e+00 1.105846884381826989e+00 1.489704002838442357e-02 3.529221602706571898e-02 3.529221602706571898e-02 0.000000000000000000e+00 1.114319072748006345e+00 5.603753758267447649e-02 -1.000000000000000000e+00 -1.000000000000000000e+00
2.770000000000000000e+02 -1.000000000000000000e+00 -1.000000000000000000e+00 -1.000000000000000000e+00 -1.000000000000000000e+00 -1.000000000000000000e+00 -1.000000000000000000e+00 -1.000000000000000000e+00 -1.000000000000000000e+00 -1.000000000000000000e+00 -1.000000000000000000e+00 -1.000000000000000000e+00
2.780000000000000000e+02 4.700000000005500000e+13 1.000000000000000000e+00 8.734760398689507266e-01 2.406115190083804936e-02 -1.000000000000000000e+00 -1.000000000000000000e+00 1.000000000000000000e+00 9.805141880127147269e-01 1.406552837648450752e-02 -1.000000000000000000e+00 -1.000000000000000000e+00
2.790000000000000000e+02 4.700000000049000000e+13 0.000000000000000000e+00 1.110609462236748390e+00 1.198412241345065549e-01 -1.000000000000000000e+00 -1.000000000000000000e+00 0.000000000000000000e+00 9.395394667155063662e-01 1.576158036195255407e-01 -1.000000000000000000e+00 -1.000000000000000000e+00
2.800000000000000000e+02 4.700000000001900000e+13 0.000000000000000000e+00 1.033749766267882730e+00 4.748589711357273369e-02 -1.000000000000000000e+00 -1.000000000000000000e+00 0.000000000000000000e+00 8.425598390592230480e-01 5.110903905908845829e-02 -1.000000000000000000e+00 -1.000000000000000000e+00
2.810000000000000000e+02 4.700000000002900000e+13 0.000000000000000000e+00 8.120366848013644834e-01 4.195236307265928777e-02 -1.000000000000000000e+00 -1.000000000000000000e+00 1.000000000000000000e+00 1.090097965109545042e+00 2.545886242495275925e-02 -1.000000000000000000e+00 -1.000000000000000000e+00
2.820000000000000000e+02 4.700000000000300000e+13 0.000000000000000000e+00 1.253123440639591468e+00 4.192774956492412164e-02 5.058068113768342949e-02 2.137381262395684003e-02 0.000000000000000000e+00 1.382183126615427415e+00 3.357260204183612484e-02 5.026667635005446672e+08 3.005983058472885489e+08
2.830000000000000000e+02 4.700000000000600000e+13 0.000000000000000000e+00 1.213274992012236764e+00 6.746148403102800173e-02 1.326315273018221219e-01 5.864487251098262494e-02 0.000000000000000000e+00 1.212891186498825880e+00 7.079955962216315235e-02 1.011259378335320115e+09 6.788800151248956919e+08
2.840000000000000000e+02 4.700000000000100000e+13 0.000000000000000000e+00 1.659775730265966587e+00 6.205029616456514407e-02 6.340225710610587762e-02 2.043215777444217646e-02 0.000000000000000000e+00 1.608674260594470384e+00 8.020144656619075663e-02 7.208467652370536327e+08 2.323017430415951908e+08
2.850000000000000000e+02 4.700000000000100000e+13 0.000000000000000000e+00 1.064755292250276097e+00 4.579431104544731679e-02 8.963520638981623684e-03 6.788555739290505486e-03 0.000000000000000000e+00 1.164064687895284944e+00 4.288690578546557053e-02 2.460400650577441230e+07 2.460400650577441230e+07
2.860000000000000000e+02 4.700000000010800000e+13 0.000000000000000000e+00 6.987681323008203549e-01 1.655265273518648494e-01 -1.000000000000000000e+00 -1.000000000000000000e+00 0.000000000000000000e+00 9.011568692791416257e-01 1.202216388178873885e-01 -1.000000000000000000e+00 -1.000000000000000000e+00
2.870000000000000000e+02 4.700000000016200000e+13 0.000000000000000000e+00 1.461525774260132193e+00 1.314142207390208983e-01 1.368251005488523020e-01 1.368251005488523020e-01 0.000000000000000000e+00 1.500405267191877723e+00 1.390602178265486766e-01 1.624398148251391411e+09 1.624398148251391411e+09
2.880000000000000000e+02 4.700000000000300000e+13 1.000000000000000000e+00 9.927875098792007247e-01 3.524379042312220794e-02 -1.000000000000000000e+00 -1.000000000000000000e+00 1.000000000000000000e+00 1.056338381247200697e+00 2.457466243880157206e-02 -1.000000000000000000e+00 -1.000000000000000000e+00
2.890000000000000000e+02 4.700000000002500000e+13 0.000000000000000000e+00 8.879701693061263779e-01 8.503159748999686296e-02 1.178073273401826493e-01 1.178073273401826493e-01 0.000000000000000000e+00 1.051526235663752917e+00 7.357061619119201201e-02 -1.000000000000000000e+00 -1.000000000000000000e+00
2.900000000000000000e+02 4.700000000010100000e+13 1.000000000000000000e+00 1.063264982437710726e+00 1.947504181779185356e-02 -1.000000000000000000e+00 -1.000000000000000000e+00 0.000000000000000000e+00 1.067589602257404957e+00 5.354793655414730874e-02 -1.000000000000000000e+00 -1.000000000000000000e+00
2.910000000000000000e+02 4.700000000008600000e+13 0.000000000000000000e+00 1.003702383129768005e+00 9.306607490590841636e-02 -1.000000000000000000e+00 -1.000000000000000000e+00 0.000000000000000000e+00 9.782977795596001780e-01 1.040973692240772380e-01 -1.000000000000000000e+00 -1.000000000000000000e+00
2.920000000000000000e+02 4.700000000000500000e+13 0.000000000000000000e+00 1.376404136370343423e+00 7.113869364383347549e-02 6.711041374830767348e-02 2.818504808933895711e-02 0.000000000000000000e+00 1.326078410519320405e+00 1.146279487865207031e-01 8.499103230018376112e+08 3.569455467116154432e+08
2.930000000000000000e+02 4.700000000006000000e+13 0.000000000000000000e+00 8.090648560170738968e-01 5.244962426861377036e-02 -1.000000000000000000e+00 -1.000000000000000000e+00 0.000000000000000000e+00 9.152034305067286990e-01 9.891236496528243993e-02 -1.000000000000000000e+00 -1.000000000000000000e+00
2.940000000000000000e+02 4.700000000000500000e+13 0.000000000000000000e+00 1.073621401829061739e+00 5.342028598821639551e-02 6.234474019253466448e-02 6.234474019253466448e-02 0.000000000000000000e+00 1.070131542755511145e+00 4.242583119247436002e-02 -1.000000000000000000e+00 -1.000000000000000000e+00
2.950000000000000000e+02 -1.000000000000000000e+00 -1.000000000000000000e+00 -1.000000000000000000e+00 -1.000000000000000000e+00 -1.000000000000000000e+00 -1.000000000000000000e+00 -1.000000000000000000e+00 -1.000000000000000000e+00 -1.000000000000000000e+00 -1.000000000000000000e+00 -1.000000000000000000e+00
2.960000000000000000e+02 4.700000000000500000e+13 0.000000000000000000e+00 1.036498451018535993e+00 6.794870614004479281e-02 6.691105769230769329e-02 5.493106617647058876e-02 1.000000000000000000e+00 8.791748894186791619e-01 8.280303686582028352e-03 -1.000000000000000000e+00 -1.000000000000000000e+00
2.970000000000000000e+02 4.700000000000600000e+13 0.000000000000000000e+00 1.116004573275687362e+00 6.280125993428359310e-02 -1.000000000000000000e+00 -1.000000000000000000e+00 0.000000000000000000e+00 1.059151371831688504e+00 6.009112038610760903e-02 -1.000000000000000000e+00 -1.000000000000000000e+00
2.980000000000000000e+02 4.700000000000600000e+13 0.000000000000000000e+00 1.027259225584212565e+00 5.082346302890369122e-02 3.675206102165035765e-02 3.675206102165035765e-02 0.000000000000000000e+00 8.652146324240435060e-01 5.970788667392608329e-02 4.249993549760211110e+08 4.249993549760211110e+08
2.990000000000000000e+02 4.700000000001500000e+13 0.000000000000000000e+00 9.854640988825549286e-01 4.841701817507993583e-02 6.479709472557014516e-02 3.906029902124993208e-02 0.000000000000000000e+00 8.689923566114230447e-01 7.693342091499395796e-02 3.183795248271101713e+08 3.183795248271101713e+08
3.000000000000000000e+02 4.700000000000200000e+13 0.000000000000000000e+00 1.045447537961638584e+00 5.548615388650560143e-02 9.917780617873453095e-03 9.917780617873453095e-03 0.000000000000000000e+00 1.111871536267899030e+00 5.343786508729665014e-02 -1.000000000000000000e+00 -1.000000000000000000e+00
3.010000000000000000e+02 4.700000000000900000e+13 0.000000000000000000e+00 1.213495979324881402e+00 5.048999820260378912e-02 1.155677271945340090e-01 7.370959062418673546e-02 0.000000000000000000e+00 1.257912642072266607e+00 1.144765387755413560e-01 1.549744013002123356e+09 9.884333588942779303e+08
3.020000000000000000e+02 4.700000000000200000e+13 0.000000000000000000e+00 8.171706843064159287e-01 1.490873546959580465e-01 3.147352155600451895e-01 2.169374721775160220e-01 0.000000000000000000e+00 8.179319152761783673e-01 5.718211455741484955e-02 3.754975244772505760e+08 3.754975244772505760e+08
3.030000000000000000e+02 4.700000000000100000e+13 0.000000000000000000e+00 1.901674959095051687e+00 3.365428550205089298e-02 1.256606121751366600e-01 9.596374606314238276e-02 0.000000000000000000e+00 1.805829158729200357e+00 3.086237795792752189e-02 1.155046758341403246e+09 1.112198441881621122e+09
3.040000000000000000e+02 4.700000000000500000e+13 0.000000000000000000e+00 1.035463454883705836e+00 4.470768504854683717e-02 -1.000000000000000000e+00 -1.000000000000000000e+00 1.000000000000000000e+00 1.082134631544076298e+00 2.896592225636571497e-02 -1.000000000000000000e+00 -1.000000000000000000e+00
3.050000000000000000e+02 4.700000000000400000e+13 0.000000000000000000e+00 1.217939260469552920e+00 5.806742843987112990e-02 -1.000000000000000000e+00 -1.000000000000000000e+00 0.000000000000000000e+00 1.208353157256846666e+00 8.424715623907111373e-02 -1.000000000000000000e+00 -1.000000000000000000e+00
3.060000000000000000e+02 4.700000000003100000e+13 0.000000000000000000e+00 1.143523029445347117e+00 6.987052139387338323e-02 -1.000000000000000000e+00 -1.000000000000000000e+00 0.000000000000000000e+00 9.916734027751564762e-01 7.362269115567963984e-02 -1.000000000000000000e+00 -1.000000000000000000e+00
3.070000000000000000e+02 4.700000000001200000e+13 0.000000000000000000e+00 1.255094591977911511e+00 1.377705259230614099e-01 1.097011958790207742e-01 1.097011958790207742e-01 0.000000000000000000e+00 1.177831716166287457e+00 1.466631234727151789e-01 1.423076919495693922e+09 1.423076919495693922e+09
3.080000000000000000e+02 4.700000000002300000e+13 0.000000000000000000e+00 8.217786064187180273e-01 6.635613139797413851e-02 3.532018086205929858e-02 3.532018086205929858e-02 0.000000000000000000e+00 8.552914869908152529e-01 8.833183948398097562e-02 -1.000000000000000000e+00 -1.000000000000000000e+00
3.090000000000000000e+02 4.700000000000400000e+13 0.000000000000000000e+00 9.977280163164561344e-01 2.782089374267216961e-02 1.363650584036850133e-01 4.745012498231382381e-02 0.000000000000000000e+00 1.084220364906676393e+00 2.372898935688754624e-02 6.218297762547287941e+08 6.218297762547287941e+08
3.100000000000000000e+02 4.700000000001300000e+13 0.000000000000000000e+00 9.769450376834034611e-01 8.232602607181339904e-02 -1.000000000000000000e+00 -1.000000000000000000e+00 0.000000000000000000e+00 1.130261824886505728e+00 6.186909949699100769e-02 -1.000000000000000000e+00 -1.000000000000000000e+00
3.110000000000000000e+02 4.700000000014800000e+13 0.000000000000000000e+00 1.012993142682945047e+00 4.423137847073783241e-02 -1.000000000000000000e+00 -1.000000000000000000e+00 0.000000000000000000e+00 9.361382704363336860e-01 1.117621754399540368e-01 -1.000000000000000000e+00 -1.000000000000000000e+00
3.120000000000000000e+02 4.700000000032500000e+13 0.000000000000000000e+00 1.049550017248798595e+00 1.926677656186767951e-01 1.729849928640419809e-01 1.729849928640419809e-01 0.000000000000000000e+00 1.100552461560216022e+00 1.377882404967612773e-01 -1.000000000000000000e+00 -1.000000000000000000e+00
3.130000000000000000e+02 4.700000000000800000e+13 0.000000000000000000e+00 1.060142234275720519e+00 7.489312071614059874e-02 -1.000000000000000000e+00 -1.000000000000000000e+00 0.000000000000000000e+00 1.050142216979145227e+00 4.534240767787898335e-02 -1.000000000000000000e+00 -1.000000000000000000e+00
3.140000000000000000e+02 4.700000000003400000e+13 0.000000000000000000e+00 1.151516156171972893e+00 4.544158538164148886e-02 -1.000000000000000000e+00 -1.000000000000000000e+00 0.000000000000000000e+00 1.063614372253959939e+00 5.807881677659691710e-02 -1.000000000000000000e+00 -1.000000000000000000e+00
3.150000000000000000e+02 4.700000000035400000e+13 0.000000000000000000e+00 1.145242725037888043e+00 1.985248705829989468e-01 -1.000000000000000000e+00 -1.000000000000000000e+00 0.000000000000000000e+00 1.004525679937397831e+00 2.469361770536104284e-01 -1.000000000000000000e+00 -1.000000000000000000e+00
3.160000000000000000e+02 4.700000000000200000e+13 0.000000000000000000e+00 1.081884454757376934e+00 6.786586596065545540e-02 1.100683556434346455e-01 1.100683556434346455e-01 0.000000000000000000e+00 1.227764794546738925e+00 4.930359799136711102e-02 -1.000000000000000000e+00 -1.000000000000000000e+00
3.170000000000000000e+02 4.700000000000600000e+13 1.000000000000000000e+00 1.000504718272551496e+00 1.764643974732111459e-02 -1.000000000000000000e+00 -1.000000000000000000e+00 0.000000000000000000e+00 1.019758981413727117e+00 4.297242658367999429e-02 -1.000000000000000000e+00 -1.000000000000000000e+00
3.180000000000000000e+02 4.700000000086800000e+13 0.000000000000000000e+00 9.071807071758947183e-01 4.560753315856190537e-02 -1.000000000000000000e+00 -1.000000000000000000e+00 0.000000000000000000e+00 9.096761188793991426e-01 5.163844995531527426e-02 -1.000000000000000000e+00 -1.000000000000000000e+00
3.190000000000000000e+02 4.700000000000100000e+13 0.000000000000000000e+00 1.270948908963525303e+00 4.459068315147034917e-02 1.130987822838463996e-01 3.437360058431217918e-02 0.000000000000000000e+00 1.313394849629896610e+00 6.236171416655338778e-02 9.606901745838694572e+08 4.135706400283059478e+08
3.200000000000000000e+02 4.700000000002300000e+13 0.000000000000000000e+00 1.622712055071717563e+00 5.663962437411881878e-02 4.880962201580571480e-02 4.880962201580571480e-02 0.000000000000000000e+00 1.589664932604020420e+00 8.549685396261794135e-02 6.262976786914595366e+08 6.262976786914595366e+08
3.210000000000000000e+02 4.700000000034000000e+13 0.000000000000000000e+00 8.982388339408867717e-01 1.734515653508768851e-01 1.000000000000000000e+00 1.000000000000000000e+00 0.000000000000000000e+00 8.226174135615359484e-01 2.227444109139196937e-01 1.121693679575757217e+10 1.121693679575757217e+10
3.220000000000000000e+02 4.700000000001000000e+13 0.000000000000000000e+00 1.005329910172345631e+00 1.393907043419712055e-01 -1.000000000000000000e+00 -1.000000000000000000e+00 0.000000000000000000e+00 1.034044132815520989e+00 4.357284768898021104e-02 -1.000000000000000000e+00 -1.000000000000000000e+00
3.230000000000000000e+02 4.700000000037900000e+13 0.000000000000000000e+00 1.140899944226573481e+00 1.284825355865490404e-01 -1.000000000000000000e+00 -1.000000000000000000e+00 0.000000000000000000e+00 1.122388450850535790e-01 2.134660811001972414e-01 -1.000000000000000000e+00 -1.000000000000000000e+00
3.240000000000000000e+02 4.700000000000900000e+13 0.000000000000000000e+00 1.116130372197915666e+00 8.505680809412921595e-02 1.161269531546195860e-01 1.161269531546195860e-01 0.000000000000000000e+00 1.241736402118740701e+00 6.732664123952523949e-02 -1.000000000000000000e+00 -1.000000000000000000e+00
