# rID[0] Hid[1]   R200: DS[2], eta[3], detla[4], fm[5], fm2[6];   R500: DS[7], eta[8], detla[9], fm[10], fm2[11]
1.000000000000000000e+00 1.110000000000010000e+14 0.000000000000000000e+00 1.197995802717121139e+00 4.507029024958179170e-02 1.617809546432661671e-01 3.463808063357726869e-02 0.000000000000000000e+00 1.254179222573283736e+00 5.011915692682816781e-02 1.547512144466661453e+09 4.518853543139734864e+08
2.000000000000000000e+00 1.110000000000010000e+14 0.000000000000000000e+00 1.160554717542806369e+00 5.136181648519428516e-02 1.856142255772337268e-01 2.849217941401224752e-02 0.000000000000000000e+00 1.309178858017128855e+00 1.127327856036323822e-01 1.683177105076749325e+09 3.904654169259634614e+08
3.000000000000000000e+00 1.110000000000010000e+14 0.000000000000000000e+00 1.321188522045713132e+00 7.821375443036839015e-02 1.328664059137408537e-01 3.490305423364224030e-02 0.000000000000000000e+00 1.412292114268050236e+00 7.993792627172986720e-02 1.221714856803283453e+09 4.845578307070411444e+08
4.000000000000000000e+00 1.110000000000020000e+14 0.000000000000000000e+00 1.075875939235351630e+00 1.053934535358970609e-01 1.741219417336541953e-01 7.171214991551891349e-02 0.000000000000000000e+00 1.117972683954005619e+00 8.879915565867307903e-02 1.873333790528898954e+09 1.096911710959118605e+09
5.000000000000000000e+00 1.110000000000010000e+14 0.000000000000000000e+00 1.160122453342596005e+00 2.729251561377279978e-01 1.898079498888112504e-01 4.717169173585668285e-02 0.000000000000000000e+00 9.969088882189468537e-01 3.196481347746801260e-01 1.863543276858613014e+09 6.997168437630463839e+08
6.000000000000000000e+00 1.110000000000010000e+14 0.000000000000000000e+00 1.198403925858691599e+00 7.571780464387896370e-02 1.496332095497006909e-01 4.753019386985805200e-02 0.000000000000000000e+00 1.155962723784482726e+00 6.936886142481701878e-02 1.504268134117787123e+09 6.920491214509431124e+08
7.000000000000000000e+00 1.110000000000010000e+14 0.000000000000000000e+00 1.196957068765706289e+00 5.372404747740543163e-02 1.644447294862604603e-01 3.745316968972883104e-02 0.000000000000000000e+00 1.131035754424473794e+00 8.189445807981940439e-02 1.739628435818890572e+09 5.172052599192580581e+08
8.000000000000000000e+00 1.110000000000010000e+14 0.000000000000000000e+00 1.424283940016731975e+00 4.235638710445874255e-02 1.620629715427284179e-01 4.545034322997471010e-02 0.000000000000000000e+00 1.578147336314127402e+00 5.928499489656763322e-02 1.879579306752350569e+09 5.975272982070504427e+08
9.000000000000000000e+00 1.110000000000010000e+14 0.000000000000000000e+00 1.109851344472930101e+00 2.809954627602904292e-02 1.388291021952117732e-01 2.637318600368324106e-02 0.000000000000000000e+00 1.132841958409780636e+00 2.107532659668699682e-02 7.418681486692671776e+08 1.875248885768719018e+08
1.000000000000000000e+01 1.110000000000020000e+14 0.000000000000000000e+00 1.115513494315932830e+00 4.325560182103853346e-02 8.440521858208566153e-02 1.100398647121219979e-02 0.000000000000000000e+00 1.138621885116446242e+00 4.256841955069366051e-02 6.266529795410306454e+08 1.130086678263821751e+08
1.100000000000000000e+01 1.110000000000010000e+14 0.000000000000000000e+00 1.207011683501673760e+00 8.333994172218112118e-02 2.627352795606263114e-01 5.629809442893555366e-02 0.000000000000000000e+00 1.389767280120731918e+00 1.095370259935352919e-01 2.542623488292724133e+09 9.033742912375545502e+08
1.200000000000000000e+01 1.110000000000010000e+14 0.000000000000000000e+00 1.156462389046504668e+00 9.228753105821081715e-02 2.920107901611776469e-01 1.544849066211911315e-01 0.000000000000000000e+00 4.024681375195126032e-01 1.044587230565410807e-01 3.973421746564669132e+09 2.608541183120225430e+09
1.300000000000000000e+01 1.110000000000020000e+14 0.000000000000000000e+00 1.614766327619993724e+00 8.084614058378347679e-02 1.777906402337512404e-01 2.943906499507355570e-02 0.000000000000000000e+00 1.778033575086206630e+00 1.209545688361677862e-01 1.723040511506871223e+09 5.011567194696595669e+08
1.400000000000000000e+01 1.110000000000020000e+14 0.000000000000000000e+00 1.134009434597158084e+00 7.414289092392148395e-02 8.894371423400491972e-02 2.797007361913046372e-02 0.000000000000000000e+00 1.239013042269896170e+00 9.737443775489111608e-02 1.135668661904008865e+09 3.886752647185678482e+08
1.500000000000000000e+01 1.110000000000010000e+14 0.000000000000000000e+00 9.484192380480169771e-01 9.153901401894523615e-02 9.261324198145477749e-02 8.539692160956988826e-03 0.000000000000000000e+00 1.174557344338039711e+00 4.914402687217280657e-02 5.745086430496947765e+08 1.038026155060282648e+08
1.600000000000000000e+01 1.110000000000020000e+14 1.000000000000000000e+00 1.051684740401747975e+00 2.029100200984059604e-02 8.980579669222911454e-02 1.283232378458483772e-02 0.000000000000000000e+00 1.202440635163317006e+00 4.101162448022185880e-02 6.191339845310230255e+08 1.439377268847246170e+08
1.700000000000000000e+01 1.110000000000010000e+14 0.000000000000000000e+00 1.219892792647392810e+00 3.851306355279142390e-02 1.215714924433249355e-01 1.969532399033016232e-02 0.000000000000000000e+00 1.269806297229344683e+00 4.117529978081931052e-02 9.950916399263837337e+08 1.886986239664538503e+08
1.800000000000000000e+01 1.110000000000010000e+14 0.000000000000000000e+00 9.347828774498908588e-01 1.194183341912806035e-01 1.465814749450589372e-01 4.320556130696162622e-02 0.000000000000000000e+00 1.226928718704481502e+00 6.247087445511476794e-02 5.678318662340047359e+08 5.346087989842797071e+07
1.900000000000000000e+01 1.110000000000010000e+14 0.000000000000000000e+00 1.172596380980933439e+00 1.298781719851182237e-01 1.444313233440611688e-01 2.129249353145998627e-02 0.000000000000000000e+00 1.437610360283116728e+00 7.348672618390168776e-02 7.750931709330400229e+08 5.941504009522949159e+07
2.000000000000000000e+01 1.110000000000030000e+14 0.000000000000000000e+00 1.052906419550435402e+00 8.280650885369925107e-02 1.560406283336272237e-01 6.357543088725679803e-02 0.000000000000000000e+00 1.216929149697139501e+00 4.947545633833519418e-02 1.596384715212093353e+09 1.017860888214726925e+09
2.100000000000000000e+01 1.110000000000010000e+14 0.000000000000000000e+00 1.171217175513621589e+00 1.539241343012308638e-01 1.932550758479966435e-01 2.731953657932706739e-02 0.000000000000000000e+00 1.042468054913459063e+00 1.669088467024955613e-01 1.966408315742123127e+09 4.100712568907374740e+08
2.200000000000000000e+01 1.110000000000010000e+14 0.000000000000000000e+00 1.152830759591328302e+00 1.127726329315517778e-01 1.289377776309136026e-01 4.390529925196614419e-02 0.000000000000000000e+00 1.391295229088158614e+00 8.008172941369443021e-02 1.342062111327020645e+09 6.594232837963467836e+08
2.300000000000000000e+01 1.110000000000010000e+14 0.000000000000000000e+00 1.245699539600948258e+00 1.269028883174723454e-01 2.516224933026272592e-01 4.452769607903765692e-02 0.000000000000000000e+00 1.446911155174604113e+00 1.385056898127948188e-01 2.182554788811850548e+09 5.882584116199237108e+08
2.400000000000000000e+01 1.110000000000010000e+14 0.000000000000000000e+00 1.743741998591152864e+00 1.453164619767126631e-01 3.167517144534787166e-01 1.256478680564921679e-01 0.000000000000000000e+00 1.652258067267925457e+00 1.968440801575204180e-01 2.249995609632834435e+09 4.524907227428264618e+08
2.500000000000000000e+01 1.110000000000010000e+14 0.000000000000000000e+00 1.109642866715671472e+00 3.432967578423395949e-02 1.069056692493596250e-01 1.773690426382658683e-02 0.000000000000000000e+00 1.217661373730596797e+00 2.853211466114266917e-02 9.069040072767884731e+08 2.544411607447134256e+08
2.600000000000000000e+01 1.110000000000010000e+14 0.000000000000000000e+00 1.128981312416284855e+00 3.383094752441602460e-02 2.494693613135901544e-01 1.306680705966532796e-01 0.000000000000000000e+00 1.381449671035646309e+00 4.394704156956177193e-02 1.424406469969323635e+09 5.572546752042764425e+08
2.700000000000000000e+01 1.110000000000010000e+14 0.000000000000000000e+00 1.122887541931837596e+00 4.551647502159904268e-02 1.370611545676583554e-01 5.292581715461400910e-02 0.000000000000000000e+00 1.226733583746595802e+00 1.509128779895023073e-02 7.294727785991847515e+08 9.845239482277172804e+07
2.800000000000000000e+01 1.110000000000010000e+14 0.000000000000000000e+00 1.254667050415723795e+00 7.396596142998969337e-02 1.828863939090630553e-01 4.401537590180221171e-02 0.000000000000000000e+00 1.145111388394849161e+00 6.134143309060995780e-02 1.593274841030370951e+09 2.822931374000678658e+08
2.900000000000000000e+01 1.110000000000010000e+14 0.000000000000000000e+00 1.144768378643047368e+00 7.561939576461355894e-02 2.051601452653271651e-01 4.892311441298838326e-02 0.000000000000000000e+00 1.001054741263835757e+00 9.143380464218422987e-02 1.898613982546202660e+09 6.859348985397795439e+08
3.000000000000000000e+01 1.110000000000010000e+14 0.000000000000000000e+00 1.205979779715851796e+00 5.176568224371323051e-02 1.625127078875280018e-01 3.807045736505108163e-02 0.000000000000000000e+00 1.216870892030642803e+00 4.819050018196399665e-02 1.599779244028980732e+09 5.720683391952180862e+08
3.100000000000000000e+01 1.110000000000010000e+14 0.000000000000000000e+00 1.430247179019915160e+00 4.008905599148405996e-02 2.180523858089723765e-01 3.771328741493587544e-02 0.000000000000000000e+00 1.405023029114403910e+00 5.950381610382568520e-02 2.501446268080078602e+09 4.737857924981857538e+08
3.200000000000000000e+01 1.110000000000010000e+14 0.000000000000000000e+00 1.073306535308611309e+00 6.163150195603448595e-02 9.673295666767399437e-02 1.058769193926365967e-02 0.000000000000000000e+00 1.196245430635103579e+00 2.033845785832577233e-02 5.070351059673385024e+08 1.264415004318258613e+08
3.300000000000000000e+01 1.110000000000010000e+14 0.000000000000000000e+00 1.094524483101651180e+00 7.575195727035009818e-02 1.463396606042863812e-01 4.686679707643669895e-02 0.000000000000000000e+00 1.084803965471953902e+00 6.874229816758159473e-02 1.338926920709374666e+09 6.732443669871745110e+08
3.400000000000000000e+01 1.110000000000010000e+14 0.000000000000000000e+00 1.337084720389001502e+00 9.089839274533879909e-02 1.538608150747007852e-01 3.607220607883991625e-02 0.000000000000000000e+00 1.382979468166392722e+00 1.124938680449337064e-01 1.691014484037273407e+09 4.485744720733412504e+08
3.500000000000000000e+01 1.110000000000010000e+14 0.000000000000000000e+00 1.173804535163349483e+00 4.899321246870020491e-02 1.100629485869031171e-01 1.404018472077455532e-02 0.000000000000000000e+00 1.052495430217388561e+00 8.965593037083507966e-02 8.117000296945306063e+08 1.899600466492444277e+08
3.600000000000000000e+01 1.110000000000010000e+14 0.000000000000000000e+00 1.052295800235553136e+00 2.003661342485302532e-01 2.157969455314100726e-01 4.816492166315155393e-02 0.000000000000000000e+00 1.199001945713640938e+00 1.781393324455571858e-01 1.768850269617840052e+09 8.316109814703578949e+08
3.700000000000000000e+01 1.110000000000010000e+14 0.000000000000000000e+00 8.260990514985884214e-01 1.401064369096413076e-01 2.447942035240012193e-01 1.813003047237808363e-01 0.000000000000000000e+00 1.092705671223618946e+00 2.003070429913752365e-02 4.601127194562458396e+08 4.271685216159962863e+07
3.800000000000000000e+01 1.110000000000010000e+14 0.000000000000000000e+00 1.075164945012639706e+00 6.255459421312906110e-02 1.304957150625980222e-01 1.678203402151044049e-02 0.000000000000000000e+00 1.135324522641650624e+00 7.462717024452361625e-02 1.197080964880703688e+09 1.327075499087780267e+08
3.900000000000000000e+01 1.110000000000010000e+14 0.000000000000000000e+00 1.155529195607151394e+00 3.828505447013247354e-02 1.528833402424079890e-01 4.226649561521081400e-02 0.000000000000000000e+00 1.230701121955730004e+00 6.599716021661189425e-02 1.567833792950632572e+09 5.948494873224586248e+08
4.000000000000000000e+01 1.110000000000010000e+14 0.000000000000000000e+00 1.165132376644186785e+00 8.665326292452617263e-02 2.166752579215029118e-01 5.545651153334681810e-02 0.000000000000000000e+00 1.041502884875083579e+00 8.000890602881952085e-02 2.052853579194521189e+09 5.953173330800076723e+08
4.100000000000000000e+01 1.110000000000010000e+14 0.000000000000000000e+00 1.153023782869139868e+00 1.519205720874972944e-02 9.025687296068897469e-02 1.110097519278669884e-02 0.000000000000000000e+00 1.179001638191226720e+00 2.496942962996102564e-02 8.032976570509684086e+08 1.511115314214345217e+08
4.200000000000000000e+01 1.110000000000010000e+14 0.000000000000000000e+00 1.074764835385073836e+00 3.266929673122589972e-02 1.138231844296709872e-01 2.783621150316471435e-02 0.000000000000000000e+00 1.187873630676914205e+00 3.302243833868052925e-02 8.744329397720623016e+08 1.940602937616973817e+08
4.300000000000000000e+01 1.110000000000010000e+14 0.000000000000000000e+00 1.714529171516704809e+00 1.493499210985488324e-01 3.010345949672307841e-01 1.523488371390326612e-01 0.000000000000000000e+00 1.669148867417163284e+00 6.871165959764650999e-02 1.340371525920180798e+09 2.864203063141253591e+08
4.400000000000000000e+01 1.110000000000010000e+14 0.000000000000000000e+00 1.287797010191660041e+00 1.555177835877691039e-01 2.896926920472786549e-01 1.034018761614362292e-01 0.000000000000000000e+00 1.249535942820436674e+00 2.102423739782050827e-01 3.446591707455663681e+09 1.341677483918108225e+09
4.500000000000000000e+01 1.110000000000010000e+14 0.000000000000000000e+00 1.115244473658645541e+00 1.013945746985231294e-01 1.636428866423393913e-01 2.691775891172673921e-02 0.000000000000000000e+00 1.114964545328163581e+00 1.292757966525636959e-01 1.796763181414314270e+09 3.975266113961783051e+08
4.600000000000000000e+01 1.110000000000010000e+14 0.000000000000000000e+00 1.104045395688077358e+00 3.812832999122436201e-02 1.281492829471593820e-01 1.607760666039086128e-02 0.000000000000000000e+00 1.308531549072604827e+00 2.646267018706261950e-02 1.329166737336724997e+09 2.413133083439675868e+08
4.700000000000000000e+01 1.110000000000010000e+14 0.000000000000000000e+00 1.333004403764801893e+00 9.089084138748812491e-02 2.091810391203117736e-01 9.141975604249759357e-02 0.000000000000000000e+00 1.258752993284619315e+00 9.525384337371879673e-02 2.427704351740818977e+09 1.214789022978206396e+09
4.800000000000000000e+01 1.110000000000010000e+14 0.000000000000000000e+00 1.065428276740063351e+00 8.647273254637394269e-02 1.300739613909934478e-01 5.894029244918769922e-02 0.000000000000000000e+00 1.073562231558035318e+00 4.637592264743990028e-02 6.409584045259757042e+08 9.939225823938414454e+07
4.900000000000000000e+01 1.110000000000020000e+14 0.000000000000000000e+00 1.129778044191450892e+00 8.050751279796705684e-02 2.598138755869117134e-01 7.045311154721611846e-02 0.000000000000000000e+00 1.261894464532128168e+00 4.319760609797523854e-02 1.840804955569513559e+09 3.437388477450412512e+08
5.000000000000000000e+01 1.110000000000010000e+14 0.000000000000000000e+00 1.265974061021705399e+00 5.513547518705826794e-02 1.113159479052808487e-01 2.115968155048371033e-02 0.000000000000000000e+00 1.384719038585153106e+00 6.141582655766042453e-02 9.662492563733869791e+08 2.844869107244945168e+08
5.100000000000000000e+01 1.110000000000030000e+14 0.000000000000000000e+00 1.285427682651999692e+00 6.633421612205291085e-02 9.710901915957653729e-02 3.454354744430733481e-02 0.000000000000000000e+00 1.353112008146302836e+00 7.786138236631255649e-02 1.241225262864997387e+09 5.065013717331825495e+08
5.200000000000000000e+01 1.110000000000010000e+14 0.000000000000000000e+00 1.181194938993258781e+00 7.453064018327112961e-02 1.241730924215336818e-01 2.421884005234477971e-02 0.000000000000000000e+00 1.147455783532860707e+00 8.390912534224376218e-02 9.813898343035019636e+08 3.327097143017238975e+08
5.300000000000000000e+01 1.110000000000010000e+14 0.000000000000000000e+00 1.068856172312638408e+00 5.615799261235828593e-02 1.029451720560065203e-01 1.607985326275380294e-02 0.000000000000000000e+00 1.251204310195891845e+00 3.462303537648127316e-02 6.802282795964407921e+08 7.953952959744754434e+07
5.400000000000000000e+01 1.110000000000010000e+14 0.000000000000000000e+00 1.108179283831947304e+00 1.136195827733936514e-01 2.005007757229932408e-01 8.074742706514320689e-02 0.000000000000000000e+00 1.117140871166162119e+00 1.515393938986250855e-01 2.169256242696599483e+09 1.171217748645794868e+09
5.500000000000000000e+01 1.110000000000010000e+14 0.000000000000000000e+00 1.072452719014896028e+00 6.290026977189611124e-02 1.080380559509683536e-01 1.131024031794593265e-02 0.000000000000000000e+00 1.190736031860815114e+00 3.527606994619970210e-02 6.884879571481873989e+08 1.190635964302320927e+08
5.600000000000000000e+01 1.110000000000010000e+14 1.000000000000000000e+00 1.094697337528407921e+00 2.755195986518366863e-02 8.742833228833869763e-02 1.000620344299401818e-02 0.000000000000000000e+00 1.239407959666457337e+00 2.306214842370628640e-02 6.164839505942980051e+08 7.161974846944916248e+07
5.700000000000000000e+01 1.110000000000030000e+14 0.000000000000000000e+00 1.228111235304337745e+00 1.194404353674444474e-01 2.047094708583231670e-01 1.095724560137371489e-01 0.000000000000000000e+00 1.264999346592277751e+00 3.029115590251195769e-02 7.109989370095405579e+08 9.490410701874673367e+07
5.800000000000000000e+01 1.110000000000010000e+14 0.000000000000000000e+00 1.028378167584063974e+00 3.745840703456050635e-02 1.018515748467285348e-01 2.636269221749472369e-02 0.000000000000000000e+00 1.183687196068938796e+00 1.287106315714614535e-02 3.295821242039452195e+08 2.793331767472111806e+07
5.900000000000000000e+01 1.110000000000010000e+14 0.000000000000000000e+00 1.152955147256587098e+00 3.702186917460130455e-02 8.975958193765737336e-02 6.793241097356622973e-03 0.000000000000000000e+00 1.045388867801052335e+00 1.647718287919527555e-02 6.030490042026624680e+08 7.769525477719756961e+07
6.000000000000000000e+01 1.110000000000010000e+14 1.000000000000000000e+00 1.062238428101407006e+00 2.502686319694588657e-02 7.389154697116907811e-02 5.188528954177551618e-03 0.000000000000000000e+00 1.180073283078349133e+00 2.188928857599060918e-02 5.748255889162644148e+08 5.042071164573769271e+07
6.100000000000000000e+01 1.110000000000010000e+14 0.000000000000000000e+00 1.231369869294822506e+00 1.064731024338207155e-01 1.306263643242220884e-01 1.844049594593432512e-02 0.000000000000000000e+00 1.433303327727705190e+00 9.406063619009316645e-02 1.102795844918620348e+09 2.576474439005871117e+08
6.200000000000000000e+01 1.110000000000010000e+14 0.000000000000000000e+00 1.280377155252206745e+00 9.266893343606701083e-02 2.080649030768886021e-01 5.001714362548461551e-02 0.000000000000000000e+00 1.297685786861412005e+00 1.034278419275814903e-01 2.169169433672268391e+09 6.842765048014649153e+08
6.300000000000000000e+01 1.110000000000010000e+14 0.000000000000000000e+00 9.752047856657121150e-01 9.805647228038107122e-02 1.508837939378483428e-01 8.673515735235534652e-02 0.000000000000000000e+00 1.286208299899588514e+00 2.424731932182799116e-02 3.336260069109812379e+08 3.680164447640534490e+07
6.400000000000000000e+01 1.110000000000020000e+14 0.000000000000000000e+00 1.145419806021857889e+00 8.990970308775189657e-02 1.302266354741331567e-01 4.039655962193397509e-02 0.000000000000000000e+00 1.107434191855432015e+00 1.434085183731652058e-01 1.324387040039754629e+09 5.458551855355684757e+08
6.500000000000000000e+01 1.110000000000010000e+14 0.000000000000000000e+00 1.138469910760719905e+00 1.248802778103653421e-01 1.953322990575089013e-01 8.557819290027654513e-02 0.000000000000000000e+00 1.118770784931870432e+00 2.762698911809546853e-02 3.858023010643978715e+08 2.796458584791290388e+07
6.600000000000000000e+01 1.110000000000010000e+14 0.000000000000000000e+00 1.230133308861933505e+00 3.390055616003995881e-02 1.109929079289528053e-01 1.307223199585575216e-02 0.000000000000000000e+00 1.308104792969779551e+00 1.752570106674293873e-02 1.179067374777478933e+09 1.784898308228408098e+08
6.700000000000000000e+01 1.110000000000010000e+14 0.000000000000000000e+00 1.079997678591694932e+00 4.854692734981685270e-02 1.831809690001105495e-01 4.512117056437751905e-02 0.000000000000000000e+00 1.145346441070947963e+00 7.316195602491798455e-02 1.745025756495164871e+09 6.794188301140704155e+08
6.800000000000000000e+01 1.110000000000010000e+14 0.000000000000000000e+00 1.323507957650779554e+00 8.147969608623077675e-02 1.601806567249572655e-01 5.128385660066535345e-02 0.000000000000000000e+00 1.359438205707317104e+00 1.427227850625368277e-01 1.644724300986484289e+09 6.733616862820096016e+08
6.900000000000000000e+01 1.110000000000010000e+14 0.000000000000000000e+00 1.107722267553806095e+00 1.208038169823829888e-01 1.819722264198849193e-01 7.820449607078369669e-02 0.000000000000000000e+00 8.960057605744435882e-01 1.102603081616348180e-01 2.041562255024935007e+09 1.301090539435592651e+09
7.000000000000000000e+01 1.110000000000010000e+14 0.000000000000000000e+00 1.108558109042348194e+00 9.359367493473542965e-02 2.359755566587459774e-01 7.778179636000916164e-02 0.000000000000000000e+00 1.111313568735974311e+00 1.289010162078252364e-01 2.448035369853235245e+09 1.138608348318834543e+09
7.100000000000000000e+01 1.110000000000010000e+14 0.000000000000000000e+00 1.218585368325137752e+00 8.767110157193511166e-02 1.592718447001008064e-01 1.952763854027040821e-02 0.000000000000000000e+00 1.374363898790274652e+00 8.881449063019639101e-02 1.339989878198681116e+09 2.778628349662263989e+08
7.200000000000000000e+01 1.110000000000010000e+14 0.000000000000000000e+00 1.082566395441769025e+00 4.637809371897948924e-02 1.210507914159583281e-01 1.844741765602623748e-02 0.000000000000000000e+00 1.082437278076107123e+00 3.693756087418208905e-02 7.178266130735261440e+08 8.439344626747706532e+07
7.300000000000000000e+01 1.110000000000020000e+14 0.000000000000000000e+00 1.127160138082967666e+00 8.614841052332306015e-02 1.091658266442353635e-02 3.516450987453932815e-03 0.000000000000000000e+00 1.040510161104217124e+00 7.057813203381479994e-02 1.345240139144580662e+08 5.750284907927763462e+07
7.400000000000000000e+01 1.110000000000010000e+14 0.000000000000000000e+00 9.336455255217586124e-01 2.060886395086782008e-02 1.269041978492215228e-01 2.763349532445869353e-02 0.000000000000000000e+00 1.246646767272157064e+00 2.237702282173922516e-02 9.431239074156410694e+08 4.623193238402326107e+08
7.500000000000000000e+01 1.110000000000010000e+14 0.000000000000000000e+00 1.156172177588316696e+00 5.957235068539672856e-02 9.417689587342677193e-02 1.928305017529603413e-02 0.000000000000000000e+00 1.083343470703724609e+00 2.123319473813399180e-02 4.317461862206313610e+08 3.678968995786419511e+07
7.600000000000000000e+01 1.110000000000010000e+14 0.000000000000000000e+00 9.293793338223129696e-01 6.861795163178140144e-02 9.188952982130424441e-02 1.316195753074959375e-02 0.000000000000000000e+00 1.038012932307777803e+00 2.258891183933194741e-02 5.183456149459035397e+08 1.272623663122078627e+08
7.700000000000000000e+01 1.110000000000010000e+14 0.000000000000000000e+00 1.516084679522365697e+00 1.386996666426562608e-01 2.760732845136080194e-01 9.503338589154726457e-02 0.000000000000000000e+00 1.428294300733784716e+00 1.149504958257894505e-01 1.592013436232280254e+09 5.442805232797557116e+08
7.800000000000000000e+01 1.110000000000040000e+14 0.000000000000000000e+00 1.265537578555872900e+00 8.017618001977480646e-02 1.091766215194556633e+00 1.000000000000000000e+00 0.000000000000000000e+00 1.265537578555872900e+00 8.017666096062812942e-02 1.014819774011579895e+10 9.295211372983688354e+09
7.900000000000000000e+01 1.110000000000010000e+14 0.000000000000000000e+00 1.598329889864724684e+00 6.802738209549996640e-02 2.159079328886547022e-01 4.661981358470943665e-02 0.000000000000000000e+00 1.697828698798788949e+00 6.828779680378931072e-02 2.401780724047593117e+09 6.217978599824779034e+08
8.000000000000000000e+01 1.110000000000020000e+14 0.000000000000000000e+00 9.477488812035479437e-01 1.383136944710574856e-01 1.628433659710906978e-01 5.098115634195295870e-02 0.000000000000000000e+00 1.111751189518968674e+00 7.967117759575409464e-02 1.685010530357827425e+09 8.798216814514311552e+08
8.100000000000000000e+01 1.110000000000010000e+14 0.000000000000000000e+00 1.260412501236220617e+00 5.841555282969072144e-02 1.146859983546125311e-01 1.319119173063803239e-02 0.000000000000000000e+00 1.308363661857424587e+00 4.335471637153651830e-02 1.230270082399735689e+09 1.766613860934775472e+08
8.200000000000000000e+01 1.110000000000010000e+14 0.000000000000000000e+00 2.069191933814543471e+00 1.309817442967612655e-01 1.671924996733226421e-01 6.514707682936742017e-02 0.000000000000000000e+00 1.632481397176959392e+00 1.070484141869949835e-01 1.593409405633322954e+09 9.493471349256049395e+08
8.300000000000000000e+01 1.110000000000010000e+14 0.000000000000000000e+00 1.171541082612818085e+00 8.808779218697525282e-02 2.032626251500306014e-01 4.656093304627090951e-02 0.000000000000000000e+00 1.282711187428628774e+00 1.209421356142590526e-01 1.225809545167356014e+09 6.093593785356148481e+08
8.400000000000000000e+01 1.110000000000010000e+14 0.000000000000000000e+00 1.253428170492586036e+00 5.514591382939165731e-02 1.084225868164653273e-01 1.579933401067697141e-02 0.000000000000000000e+00 1.383080130234545013e+00 5.574903811381167612e-02 7.636134510363832712e+08 1.535992951708345711e+08
8.500000000000000000e+01 1.110000000000010000e+14 0.000000000000000000e+00 1.221247229969259607e+00 1.859468948025629342e-01 3.179033613364428135e-01 1.230080046684960127e-01 0.000000000000000000e+00 1.463410130374691809e+00 1.220805168304439220e-01 1.219637939935115337e+09 2.643046061693285108e+08
8.600000000000000000e+01 1.110000000000010000e+14 0.000000000000000000e+00 9.751321178580739657e-01 9.148581947111031343e-02 1.662622071492958487e-01 6.644241994355040704e-02 0.000000000000000000e+00 1.007075338910568885e+00 4.641895035804632225e-02 8.984015500378761292e+08 2.180080386979635060e+08
8.700000000000000000e+01 1.110000000000010000e+14 0.000000000000000000e+00 1.153869066507596575e+00 8.924695182229570867e-02 1.157892891434992022e-01 2.256443759682663988e-02 0.000000000000000000e+00 1.239033058390287989e+00 7.154980687113396409e-02 1.041079694707108974e+09 3.196062681544644237e+08
8.800000000000000000e+01 1.110000000000010000e+14 0.000000000000000000e+00 9.391983784965280968e-01 1.873152833675983397e-01 3.260465074410687780e-01 1.575735737217325849e-01 0.000000000000000000e+00 1.110771666705843597e+00 1.584939508186710977e-01 8.743816007810505629e+08 2.065050622019998133e+08
8.900000000000000000e+01 1.110000000000010000e+14 0.000000000000000000e+00 1.331058642715325258e+00 6.633648766123639851e-02 1.804735999608834129e-01 7.146496749720779307e-02 0.000000000000000000e+00 1.251579684436011863e+00 7.428159005921966540e-02 1.961111428353149652e+09 8.925549132033561468e+08
9.000000000000000000e+01 1.110000000000030000e+14 0.000000000000000000e+00 1.103091296192361126e+00 8.377422649629054363e-02 2.214216516510865429e-01 7.275366137083229268e-02 0.000000000000000000e+00 1.140154852758466397e+00 5.856344353094704996e-02 1.449857241982452869e+09 8.875196095737988949e+08
9.100000000000000000e+01 1.110000000000010000e+14 0.000000000000000000e+00 1.090421133196759262e+00 7.099115778837696011e-02 1.374014409457787744e-01 2.621484520898839654e-02 0.000000000000000000e+00 1.026604484929565020e+00 1.734461671263350449e-02 7.205009932206072807e+08 1.781721322311084569e+08
9.200000000000000000e+01 1.110000000000010000e+14 0.000000000000000000e+00 9.602157982038361794e-01 1.653651879783649969e-01 2.432803556330019878e-01 9.801697726999077098e-02 0.000000000000000000e+00 7.194406551172254360e-01 1.168124843380303479e-01 5.905116704222196341e+08 1.371980914579111934e+08
9.300000000000000000e+01 1.110000000000010000e+14 0.000000000000000000e+00 1.230170844835017263e+00 6.215760316720237572e-02 9.425162056869870741e-02 2.662071911626675766e-02 0.000000000000000000e+00 1.240331032007280676e+00 7.038575379527454989e-02 7.983485065317958593e+08 3.690470396661496758e+08
9.400000000000000000e+01 1.110000000000010000e+14 0.000000000000000000e+00 1.385360344503411056e+00 2.393824852116814006e-01 3.199722969423429153e-01 1.860248145613288828e-01 0.000000000000000000e+00 1.444503715659527732e+00 2.441590729413458116e-01 4.045962987491075516e+09 3.243221248826471329e+09
9.500000000000000000e+01 1.110000000000010000e+14 0.000000000000000000e+00 1.124666234404373411e+00 8.423762314224767303e-03 1.058042000301182978e-01 1.146335885952044949e-02 0.000000000000000000e+00 1.238292343607299673e+00 1.663537335183015720e-02 8.731476617933713198e+08 9.936871473335729539e+07
9.600000000000000000e+01 1.110000000000010000e+14 0.000000000000000000e+00 1.065018969634537349e+00 4.497215819227535355e-02 9.530163659399812359e-02 1.411498336931244456e-02 0.000000000000000000e+00 1.334792154086814842e+00 6.151179872250856634e-02 7.940303528188979626e+08 2.138553184116014540e+08
9.700000000000000000e+01 1.110000000000010000e+14 0.000000000000000000e+00 9.402797542693068777e-01 1.326481840616611230e-01 3.176457836340768059e-01 1.614500621814172754e-01 0.000000000000000000e+00 1.252498578078480307e+00 8.688675848758738510e-03 1.039141356071516156e+09 2.102539213234420419e+08
9.800000000000000000e+01 1.110000000000010000e+14 0.000000000000000000e+00 1.292554820014552019e+00 1.989521817177922897e-02 6.259329572840753586e-02 1.026726315029944520e-02 0.000000000000000000e+00 1.242360743553575952e+00 3.088640659668113672e-02 6.417947535155194998e+08 1.305055200142627358e+08
9.900000000000000000e+01 1.110000000000010000e+14 0.000000000000000000e+00 1.167063631445736771e+00 5.348418256046465896e-02 1.799701398496711402e-01 7.771537135150362319e-02 0.000000000000000000e+00 1.229736213395945299e+00 8.920000771601609146e-02 1.758652476369429827e+09 1.117116859915936947e+09
1.000000000000000000e+02 1.110000000000020000e+14 1.000000000000000000e+00 1.095265008275366769e+00 3.637164249348968231e-02 6.151731875587374693e-02 1.965739538125257230e-02 0.000000000000000000e+00 1.159997221351559249e+00 5.435098427848330388e-02 5.572838505456570387e+08 9.527856188715979457e+07
1.010000000000000000e+02 1.110000000000030000e+14 0.000000000000000000e+00 9.056587900487229614e-01 2.150992290254340189e-01 3.735272775775245191e-01 2.388067850516830126e-01 0.000000000000000000e+00 1.152058127534610232e+00 5.242146559665272765e-02 5.574163022987141609e+08 1.821507208864522278e+08
1.020000000000000000e+02 1.110000000000010000e+14 1.000000000000000000e+00 1.092766219126712235e+00 2.890927581760470086e-02 6.117708613053053635e-02 6.976158990244794682e-03 0.000000000000000000e+00 1.131783106419723683e+00 2.196452121167430035e-02 5.000260293657180667e+08 1.071877933526313156e+08
1.030000000000000000e+02 1.110000000000010000e+14 0.000000000000000000e+00 1.086207352957503147e+00 1.669989405047472841e-01 2.402938968188501334e-01 9.252824069685595954e-02 0.000000000000000000e+00 8.502604992014066720e-01 1.264829268226194403e-01 2.470893040563855648e+09 1.641747880275704384e+09
1.040000000000000000e+02 1.110000000000010000e+14 0.000000000000000000e+00 1.449479791585057908e+00 4.950254069187134259e-02 1.124940381304907894e-01 1.501240282216687386e-02 0.000000000000000000e+00 1.534189988819572914e+00 7.825993555312321659e-02 1.171381080182061195e+09 1.977827506186928749e+08
1.050000000000000000e+02 1.110000000000020000e+14 0.000000000000000000e+00 1.094787146904065089e+00 1.216350858699843385e-01 3.549633553606015846e-01 2.383662459314732363e-01 0.000000000000000000e+00 1.269841540317163231e+00 1.326273035926948396e-01 1.915951383715619326e+09 1.425775990421818733e+09
1.060000000000000000e+02 1.110000000000010000e+14 0.000000000000000000e+00 1.156732889996968661e+00 2.794993889363114534e-02 9.655780200878803787e-02 7.936525726265545796e-03 0.000000000000000000e+00 1.157479364106970721e+00 5.366457777187780276e-02 6.433089058734713793e+08 7.277190287857748568e+07
1.070000000000000000e+02 1.110000000000010000e+14 0.000000000000000000e+00 1.214041194353752129e+00 7.842905861923371580e-02 1.474393190908919182e-01 4.295562827286936169e-02 0.000000000000000000e+00 1.252668162625779402e+00 1.214436776515799843e-01 1.571176346442119122e+09 5.676842034893262386e+08
1.080000000000000000e+02 1.110000000000010000e+14 0.000000000000000000e+00 1.093628715546441477e+00 1.440652966374938726e-01 2.049075913006645489e-01 5.581437752288301996e-02 0.000000000000000000e+00 1.037044057188259760e+00 1.480445950193330085e-01 2.067454201225761652e+09 8.759273347594907284e+08
1.090000000000000000e+02 1.110000000000010000e+14 0.000000000000000000e+00 1.256763112063172816e+00 4.640283276535112772e-02 1.036872937577561216e-01 9.945909857306129906e-03 0.000000000000000000e+00 1.319671583266792458e+00 3.840269426494168081e-02 8.908851741192319393e+08 1.418640516749488413e+08
1.100000000000000000e+02 1.110000000000050000e+14 0.000000000000000000e+00 1.706644951921131748e+00 1.715944678282345925e-01 1.687612099153194822e-01 1.380575827559661350e-01 0.000000000000000000e+00 1.120296003509487992e+00 1.131048657093107895e-01 1.474575831856881082e+08 2.529354415257431194e+07
1.110000000000000000e+02 1.110000000000010000e+14 0.000000000000000000e+00 1.185323528370636703e+00 9.709714604673555516e-02 9.789018661002153732e-02 1.820113884812565863e-02 0.000000000000000000e+00 1.209588953435361214e+00 6.598485220014761732e-02 8.159494267526029348e+08 2.301669060010744929e+08
1.120000000000000000e+02 1.110000000000010000e+14 0.000000000000000000e+00 1.003629507616987659e+00 6.161503416854467036e-02 2.461941360164665860e-01 9.434927749741403580e-02 0.000000000000000000e+00 1.113266327620882068e+00 4.362376644884862625e-02 7.699399766046464443e+08 1.038480013684197366e+08
1.130000000000000000e+02 1.110000000000010000e+14 0.000000000000000000e+00 1.151542099081937609e+00 1.291284583221656013e-01 2.192618440787608980e-01 8.881475182980709537e-02 0.000000000000000000e+00 8.835882711713208826e-01 1.586388552209432590e-01 2.956579893420079231e+09 1.321220844276357412e+09
1.140000000000000000e+02 1.110000000000010000e+14 0.000000000000000000e+00 1.221746207421523067e+00 1.658922548640445471e-01 2.078980983522076831e-01 4.916163842594518246e-02 0.000000000000000000e+00 1.169865317390693882e+00 1.348942582372838483e-01 2.333102911428707600e+09 6.960522588015121222e+08
1.150000000000000000e+02 1.110000000000020000e+14 0.000000000000000000e+00 9.495155099582617275e-01 7.362840184649052655e-02 1.370110691587390073e-01 3.707306850998111358e-02 0.000000000000000000e+00 1.068313007607206044e+00 5.089617087770340054e-02 1.089638943772980928e+09 6.091515808831285238e+08
1.160000000000000000e+02 1.110000000000010000e+14 0.000000000000000000e+00 1.539259767645813071e+00 4.792718784563447521e-02 1.537591444766880644e-01 3.637409616581200461e-02 0.000000000000000000e+00 1.478873787926472616e+00 2.260175441192230697e-02 9.732130586722828150e+08 1.544437794593933821e+08
1.170000000000000000e+02 1.110000000000010000e+14 0.000000000000000000e+00 9.365087411511628934e-01 4.348149252050071550e-02 1.806826468739464731e-01 2.760083955934009708e-02 0.000000000000000000e+00 1.169771650763231419e+00 3.172248311010635730e-02 1.434242882543479919e+09 5.113109939403478503e+08
1.180000000000000000e+02 1.110000000000010000e+14 0.000000000000000000e+00 1.023717113074521290e+00 1.300742872905866730e-02 1.154774098679072353e-01 1.408991816360487606e-02 0.000000000000000000e+00 1.192155990668104293e+00 3.032331059590375605e-02 5.649664347745009661e+08 6.506491416920903325e+07
1.190000000000000000e+02 1.110000000000010000e+14 0.000000000000000000e+00 1.385616421646524765e+00 1.202038509734362909e-01 1.571312093366165341e-01 8.615661279641141646e-02 0.000000000000000000e+00 1.476326747593708522e+00 1.512111274206153211e-01 1.675664735842759132e+09 1.203326099211273193e+09
1.200000000000000000e+02 1.110000000000010000e+14 0.000000000000000000e+00 1.073775879356019036e+00 4.118508356511762364e-02 6.875390025206226663e-02 6.526795690976863566e-03 0.000000000000000000e+00 1.180201594799082265e+00 3.402371449976906992e-02 4.869639924226264358e+08 8.744835309071320295e+07
1.210000000000000000e+02 1.110000000000010000e+14 0.000000000000000000e+00 1.051314497037910023e+00 6.824493398744065076e-02 1.646450347503137512e-01 4.064863005408435315e-02 0.000000000000000000e+00 9.653431650041793821e-01 4.548660637503762483e-02 1.849073356064357042e+09 6.010094208132817745e+08
1.220000000000000000e+02 1.110000000000010000e+14 0.000000000000000000e+00 1.124213164968193013e+00 7.124086215064932837e-02 1.719150914017927578e-01 5.967991176157709521e-02 0.000000000000000000e+00 1.143642021099137152e+00 9.456705067487027050e-02 1.066614518484333038e+09 4.920004653261231780e+08
1.230000000000000000e+02 1.110000000000010000e+14 0.000000000000000000e+00 1.091343192477430390e+00 7.954933938559172191e-02 1.151328914990741858e-01 3.033251142782844578e-02 0.000000000000000000e+00 1.360231845188557109e+00 7.666534803648610008e-02 1.092069095693570852e+09 4.566551221515581012e+08
1.240000000000000000e+02 1.110000000000010000e+14 0.000000000000000000e+00 1.161047882261735165e+00 1.518476202107602209e-02 1.581697722845402387e-01 3.920837165323216161e-02 0.000000000000000000e+00 1.134410418961887546e+00 2.441385603505730889e-02 1.229513613014178753e+09 3.858613617603991628e+08
1.250000000000000000e+02 1.110000000000010000e+14 1.000000000000000000e+00 1.147431932251375963e+00 2.221306975358800298e-02 8.641030576396986629e-02 7.899220371551995967e-03 0.000000000000000000e+00 1.125442986208564422e+00 1.779209202650680610e-02 5.352695011700023413e+08 1.203485083724679947e+08
1.260000000000000000e+02 1.110000000000010000e+14 0.000000000000000000e+00 1.071157311875456708e+00 5.240766121394344057e-02 1.154186783673733924e-01 1.507431928888504878e-02 0.000000000000000000e+00 1.348422288818696968e+00 3.045351638922199483e-02 1.034329266201622128e+09 1.693327026936786175e+08
1.270000000000000000e+02 1.110000000000010000e+14 0.000000000000000000e+00 1.271282991334393042e+00 1.507383861309257063e-02 1.251556944430735341e-01 2.342287399678029750e-02 0.000000000000000000e+00 1.355945401041715792e+00 1.476713008556219953e-02 9.225570547229121923e+08 3.382337635652299523e+08
1.280000000000000000e+02 1.110000000000010000e+14 0.000000000000000000e+00 1.127611567872660148e+00 4.293388319991282842e-02 1.302852562536818137e-01 1.353418232382010665e-02 0.000000000000000000e+00 1.203654849936197868e+00 1.321746294123605538e-02 9.006448287569493055e+08 1.428037503040575683e+08
1.290000000000000000e+02 1.110000000000010000e+14 1.000000000000000000e+00 1.089613739406102066e+00 9.103390179872798346e-03 4.669666992083795765e-02 6.128215957908963313e-03 0.000000000000000000e+00 1.137234808931923524e+00 7.804881532658229648e-03 2.477017743703499734e+08 1.811260616028533876e+07
1.300000000000000000e+02 1.110000000000010000e+14 0.000000000000000000e+00 1.119986677671441777e+00 1.943991935517092595e-01 3.728723305129829635e-01 2.717521365422798652e-01 0.000000000000000000e+00 1.433936616049890533e+00 2.666784636464955213e-02 6.868834231029427052e+08 2.182877163587746918e+08
1.310000000000000000e+02 1.110000000000010000e+14 0.000000000000000000e+00 9.838205659587163643e-01 3.298431258128294713e-02 1.227850722408933420e-01 3.517152245754591455e-02 0.000000000000000000e+00 1.021941508770745743e+00 3.162985302167924118e-02 6.819852625661902428e+08 1.758741470604527295e+08
1.320000000000000000e+02 1.110000000000030000e+14 0.000000000000000000e+00 1.085526572070659057e+00 9.285588964867161343e-02 1.817714995399556943e-01 9.885091156926222034e-02 0.000000000000000000e+00 1.139946011332285014e+00 6.824667431531659945e-02 5.879045300981523991e+08 2.874829493330989480e+08
1.330000000000000000e+02 1.110000000000010000e+14 0.000000000000000000e+00 1.149439230917659982e+00 2.131705725149287203e-02 1.018457330841065767e-01 2.457467617898650980e-02 0.000000000000000000e+00 1.243115053868269593e+00 4.042285547967450210e-02 1.087943605332859039e+09 3.353615474353029728e+08
1.340000000000000000e+02 1.110000000000010000e+14 0.000000000000000000e+00 7.937266470623798309e-01 1.546048986112808221e-01 2.194364382561759530e-01 1.013328892117804081e-01 0.000000000000000000e+00 4.842279157219724905e-01 9.929074816353888888e-02 2.816687617494472504e+09 1.977677899805927038e+09
1.350000000000000000e+02 1.110000000000010000e+14 0.000000000000000000e+00 1.129051276449738461e+00 4.529262843315964848e-02 1.073636045016809204e-01 2.225675973074909067e-02 0.000000000000000000e+00 1.023503478171446712e+00 1.459128715828810277e-02 9.939611681428985596e+08 3.444338850034672618e+08
1.360000000000000000e+02 1.110000000000060000e+14 0.000000000000000000e+00 8.588272373716703267e-01 1.194781998451796001e-01 1.624154132213191937e-01 8.016545868094314409e-02 0.000000000000000000e+00 1.190689881782008630e+00 4.296808377665956719e-02 4.359908397487906218e+08 7.215861838895501196e+07
1.370000000000000000e+02 1.110000000000010000e+14 1.000000000000000000e+00 1.073811417030020365e+00 2.338064428111662207e-02 8.176885767090935619e-02 1.521189268437741007e-02 0.000000000000000000e+00 1.150097096817809472e+00 3.888926136597074812e-02 7.538675613882859945e+08 2.103135364453893304e+08
1.380000000000000000e+02 1.110000000000010000e+14 0.000000000000000000e+00 1.241994528161343814e+00 1.116256650205655204e-01 1.675214581274342140e-01 3.736832499405977337e-02 0.000000000000000000e+00 1.110365930246610011e+00 1.508469239080662272e-01 1.892922274819931507e+09 5.105862245506084561e+08
1.390000000000000000e+02 1.110000000000010000e+14 0.000000000000000000e+00 1.040704543434372464e+00 3.296876685016667669e-02 1.072100413561651033e-01 2.745765287246974135e-02 0.000000000000000000e+00 1.326255269483294308e+00 2.971154707046970433e-02 7.174517617498937845e+08 7.764384676316885650e+07
1.400000000000000000e+02 1.110000000000010000e+14 0.000000000000000000e+00 1.322657991748001916e+00 6.645853728848580277e-02 1.362814653022018374e-01 2.358000759506866453e-02 0.000000000000000000e+00 1.212478507244582726e+00 6.409465377276979403e-02 1.376446929582899809e+09 3.168455627959488034e+08
1.410000000000000000e+02 1.110000000000010000e+14 0.000000000000000000e+00 1.254060129655665268e+00 1.015553648993771096e-01 1.017194559471227971e-01 1.130431251522780872e-02 0.000000000000000000e+00 1.304451522082939352e+00 1.037025877431585336e-01 9.429919538660840988e+08 1.585111899534367025e+08
1.420000000000000000e+02 1.110000000000010000e+14 0.000000000000000000e+00 7.727154328190897203e-01 2.348145792943064913e-01 3.256778521008308336e-01 2.022609762509858800e-01 0.000000000000000000e+00 1.289805879121126875e+00 4.666067048837842929e-02 8.658891023546968699e+08 1.767783032013078034e+08
1.430000000000000000e+02 1.110000000000010000e+14 0.000000000000000000e+00 1.172313324402640022e+00 3.541979747388251942e-02 8.492503902901488155e-02 4.144103638355729063e-02 0.000000000000000000e+00 1.213878931137574835e+00 5.994007477325025146e-02 1.041867087687045813e+09 5.296822074177277088e+08
1.440000000000000000e+02 1.110000000000020000e+14 0.000000000000000000e+00 1.165569697795863835e+00 4.565801270356732028e-02 1.374661102884903452e-01 5.298971816457591355e-02 0.000000000000000000e+00 1.241117880667656825e+00 7.980848138899196420e-02 1.203048733288802624e+09 7.392308639039950371e+08
1.450000000000000000e+02 1.110000000000010000e+14 1.000000000000000000e+00 1.029753182541947920e+00 1.102106551422386144e-02 4.005522868819674787e-02 2.425763922929566590e-03 0.000000000000000000e+00 1.192375156775258738e+00 1.433240567360144838e-02 2.657391090025455058e+08 3.428517786103529483e+07
1.460000000000000000e+02 1.110000000000010000e+14 0.000000000000000000e+00 1.102603468422341360e+00 1.215696268829841303e-01 1.706844081913911348e-01 9.601552778409623568e-02 0.000000000000000000e+00 1.058098035567820894e+00 1.464084384326186927e-01 2.013905267833630323e+09 1.488509516320231915e+09
1.470000000000000000e+02 1.110000000000010000e+14 0.000000000000000000e+00 1.240506113338910144e+00 5.113730586558433433e-02 1.303901706835817187e-01 5.901354800546095708e-02 0.000000000000000000e+00 1.158517136963440830e+00 3.269654417175316130e-02 7.523084277572420835e+08 2.084735221892393529e+08
1.480000000000000000e+02 1.110000000000010000e+14 0.000000000000000000e+00 8.896973681449357185e-01 6.487954816761655474e-02 8.545501347606754283e-02 2.207583544513653726e-02 0.000000000000000000e+00 1.372290598595274691e+00 2.101280878745211481e-02 4.933954027885600328e+08 7.289513123123863339e+07
1.490000000000000000e+02 1.110000000000010000e+14 0.000000000000000000e+00 1.172611249568349390e+00 1.712162431061292345e-01 1.356257002499202113e-01 3.513745611749487935e-02 0.000000000000000000e+00 1.312181500362896491e+00 1.266237110098795693e-01 1.281968600726667643e+09 5.065507740030547380e+08
1.500000000000000000e+02 1.110000000000010000e+14 0.000000000000000000e+00 1.262583309703831036e+00 1.034137562359244839e-01 1.842264576274806331e-01 2.368189593409431026e-02 0.000000000000000000e+00 1.300687995665660734e+00 1.020211905659054730e-01 1.489685430060266256e+09 3.381531249617576003e+08
1.510000000000000000e+02 1.110000000000010000e+14 0.000000000000000000e+00 1.098168753682456256e+00 1.083253228058767281e-01 1.787665653949250810e-01 7.028143127641746368e-02 0.000000000000000000e+00 1.028355700164665043e+00 5.631111251428438241e-02 1.244584712797067404e+09 5.336166417504046559e+08
1.520000000000000000e+02 1.110000000000010000e+14 0.000000000000000000e+00 1.075458527259641750e+00 4.625960570545928352e-02 7.003744354190992449e-02 1.558255153311957804e-02 0.000000000000000000e+00 1.246869408247876176e+00 2.847721455361367643e-02 4.641740775013173819e+08 1.015415026856453270e+08
1.530000000000000000e+02 1.110000000000010000e+14 1.000000000000000000e+00 1.088136617510393034e+00 2.512159676602062144e-02 7.575912188135601466e-02 5.089786114605970337e-03 0.000000000000000000e+00 1.382105370400241506e+00 2.767081135923118995e-02 6.132543821028597355e+08 5.120009912672866881e+07
1.540000000000000000e+02 1.110000000000010000e+14 0.000000000000000000e+00 1.249032154775273851e+00 6.346322837311901832e-02 1.715250683801194109e-01 5.150466115009950940e-02 0.000000000000000000e+00 1.343214916936954939e+00 4.018380131951847928e-02 9.977797530851616859e+08 3.056580866090402603e+08
1.550000000000000000e+02 1.110000000000010000e+14 0.000000000000000000e+00 1.029340309977862855e+00 6.314483662239413209e-02 2.191730892656149898e-01 1.395615508493653623e-01 0.000000000000000000e+00 1.150177351819003491e+00 3.626193337967780622e-02 4.448795184330446124e+08 7.023453966545584798e+07
1.560000000000000000e+02 1.110000000000010000e+14 0.000000000000000000e+00 1.204719560943512180e+00 5.323242466680583665e-03 8.959166211905399135e-02 1.023267327525847689e-02 0.000000000000000000e+00 1.323350360509791601e+00 1.224883126770642469e-02 7.551543256679447889e+08 1.410461730641238093e+08
1.570000000000000000e+02 1.110000000000010000e+14 1.000000000000000000e+00 1.133331180607899391e+00 1.814818784344935862e-02 9.573297264074820401e-02 1.324746013844781828e-02 0.000000000000000000e+00 1.322742588284512522e+00 2.390794804667013482e-02 8.206289090603429079e+08 2.039208800936897695e+08
1.580000000000000000e+02 1.110000000000010000e+14 0.000000000000000000e+00 2.534303394561096656e+00 6.267779879563345480e-02 9.518563146367373107e-02 1.079708381482253308e-02 0.000000000000000000e+00 2.576812107317671963e+00 7.865918825186166141e-02 9.282841808883205652e+08 1.426236722653388083e+08
1.590000000000000000e+02 1.110000000000010000e+14 0.000000000000000000e+00 1.031300301395389196e+00 8.761614292632084744e-02 1.577384161955797670e-01 4.150237706036422058e-02 0.000000000000000000e+00 1.380122097914903589e+00 3.462274389550267645e-02 1.222182939004390240e+09 2.531595497635348141e+08
1.600000000000000000e+02 1.110000000000010000e+14 0.000000000000000000e+00 1.240891420070701745e+00 4.328720500359778400e-02 1.019093300069774527e-01 1.946016930186021329e-02 0.000000000000000000e+00 1.181401345842409523e+00 4.453519825142849414e-02 1.118609738075406551e+09 2.512224731614231467e+08
1.610000000000000000e+02 1.110000000000010000e+14 0.000000000000000000e+00 1.200406219275740760e+00 1.108909331507087620e-01 1.618307245863525312e-01 5.138218312860851761e-02 0.000000000000000000e+00 1.146902458523716417e+00 3.477919495456355953e-02 8.912902523710848093e+08 1.246895249181588590e+08
1.620000000000000000e+02 1.110000000000010000e+14 0.000000000000000000e+00 1.201703283185438176e+00 1.553762971671284465e-01 1.796287715218879144e-01 9.071099983539665512e-02 0.000000000000000000e+00 1.071671412433970128e+00 1.791192985389158943e-01 1.886839266837495804e+09 1.275790408757391214e+09
1.630000000000000000e+02 1.110000000000010000e+14 0.000000000000000000e+00 1.121067195481680878e+00 5.350399036567151517e-02 1.343000710221247118e-01 1.911870754276780160e-02 0.000000000000000000e+00 1.108117713446444830e+00 3.742722805127969565e-02 1.139329286995341063e+09 3.066868382006493807e+08
1.640000000000000000e+02 1.110000000000010000e+14 0.000000000000000000e+00 9.992299854083885879e-01 1.276004697417644496e-01 2.517786627844502134e-01 1.252320650691442216e-01 0.000000000000000000e+00 1.308540799008614641e+00 5.683459423385329307e-02 1.155204164002021313e+09 6.307009496243957281e+08
1.650000000000000000e+02 1.110000000000010000e+14 0.000000000000000000e+00 1.057798697083777384e+00 2.363573429952635016e-02 1.048942509336966700e-01 1.669833097725640161e-02 0.000000000000000000e+00 1.237468211892527314e+00 2.072047337244775286e-02 6.285104274777581692e+08 1.254472121982987672e+08
1.660000000000000000e+02 1.110000000000010000e+14 1.000000000000000000e+00 9.689184110319578602e-01 2.632664955992803854e-02 7.593423332359586220e-02 7.962614092299254848e-03 0.000000000000000000e+00 1.044988999651020434e+00 2.678148624062344496e-02 5.831365487335795164e+08 1.126307373999468386e+08
1.670000000000000000e+02 1.110000000000030000e+14 1.000000000000000000e+00 1.016606333130823714e+00 2.265439506604623177e-02 7.583507479425717623e-02 2.153550968730217133e-02 0.000000000000000000e+00 1.046946151528042046e+00 4.572958978138721986e-02 6.894286162387678623e+08 3.096094568412727118e+08
1.680000000000000000e+02 1.110000000000020000e+14 0.000000000000000000e+00 8.246583110611759304e-01 1.574989202767644592e-01 2.688152004261140093e-01 1.874701505698202486e-01 0.000000000000000000e+00 1.244792381907174672e+00 3.313943356716973071e-02 3.645494029335645437e+08 6.071439302441365272e+07
1.690000000000000000e+02 1.110000000000010000e+14 0.000000000000000000e+00 1.180633540440827911e+00 1.592851019238460397e-01 2.078274263448378900e-01 1.098534262807852879e-01 0.000000000000000000e+00 1.154927517872670562e+00 1.265849537757610110e-01 1.236631772247161865e+09 5.171672765034213662e+08
1.700000000000000000e+02 1.110000000000010000e+14 0.000000000000000000e+00 1.137397961604227348e+00 9.132311610020169002e-02 1.288535677615331998e-01 2.163493756594126599e-02 0.000000000000000000e+00 1.132602568406783972e+00 7.366919408964095473e-02 1.179012195855703592e+09 3.090547991589229107e+08
1.710000000000000000e+02 1.110000000000030000e+14 0.000000000000000000e+00 1.614069666857868235e+00 1.301377672639769945e-01 2.970411271225996686e-01 1.383077054558124463e-01 0.000000000000000000e+00 2.218929133685215938e+00 7.828712366612591844e-02 1.633061366300623655e+09 9.630671042037047148e+08
1.720000000000000000e+02 1.110000000000010000e+14 0.000000000000000000e+00 1.132373185278068073e+00 9.452312897948411674e-02 1.264670007443075561e-01 4.895474154299515185e-02 0.000000000000000000e+00 1.159213140652457730e+00 6.526244818275209192e-02 1.327100735748813152e+09 6.756680240688078403e+08
1.730000000000000000e+02 1.110000000000010000e+14 1.000000000000000000e+00 9.790182633480318808e-01 2.974359057234864795e-02 9.520203913955722907e-02 2.555895444830088084e-02 0.000000000000000000e+00 1.276986002981887358e+00 1.822428284569720808e-02 3.411214608353196383e+08 3.235240293758232147e+07
1.740000000000000000e+02 1.110000000000040000e+14 0.000000000000000000e+00 1.211368378357273068e+00 2.632546012824673806e-02 4.813210571262538373e-02 1.286065842997549148e-02 0.000000000000000000e+00 1.188212416269445848e+00 2.773737090502120806e-02 6.837471047000418901e+08 1.913770616711788774e+08
1.750000000000000000e+02 1.110000000000030000e+14 0.000000000000000000e+00 1.071195345163957979e+00 9.845435937879512545e-02 1.610214441618207093e-01 2.350350735139762268e-02 0.000000000000000000e+00 1.261625165688178063e+00 9.225502252043876750e-02 1.457218956742940426e+09 3.985951057056154013e+08
1.760000000000000000e+02 1.110000000000010000e+14 0.000000000000000000e+00 9.411243100588086996e-01 1.726324664059645519e-01 4.719340491228657397e-01 3.818044861064613382e-01 0.000000000000000000e+00 1.487689081527290069e+00 2.137019957320650254e-02 8.268642725319064856e+08 2.682445075685733259e+08
1.770000000000000000e+02 1.110000000000010000e+14 1.000000000000000000e+00 1.026444039066790381e+00 2.430455632350874209e-02 7.882787245592959291e-02 1.514685110810634269e-02 0.000000000000000000e+00 1.130254753298425063e+00 8.213180370181377352e-03 7.753415282871329784e+08 2.098680313082599640e+08
1.780000000000000000e+02 1.110000000000010000e+14 0.000000000000000000e+00 1.260919992096964481e+00 2.130170260067392254e-02 8.209897424226883511e-02 1.807477306528540092e-02 0.000000000000000000e+00 1.272196764653670709e+00 5.244537184384321510e-02 6.378397823859139681e+08 2.017105214220909774e+08
1.790000000000000000e+02 1.110000000000010000e+14 0.000000000000000000e+00 1.013984182383489863e+00 3.610893397630236812e-02 1.646699385804150650e-01 2.959984666639388362e-02 0.000000000000000000e+00 1.266119067044551239e+00 3.549533700243141104e-02 7.186105779884614944e+08 7.580616128872591257e+07
1.800000000000000000e+02 1.110000000000010000e+14 1.000000000000000000e+00 1.072130989627200437e+00 2.315181787260634991e-02 5.034932618525465170e-02 5.601665790109123556e-03 0.000000000000000000e+00 1.080045963689422406e+00 2.433710353812915811e-02 4.974902616172357798e+08 7.541346832839500904e+07
1.810000000000000000e+02 1.110000000000010000e+14 0.000000000000000000e+00 1.110201243448538433e+00 5.569429932334082900e-02 7.648212525333734912e-02 8.620940321256887959e-03 0.000000000000000000e+00 1.114854211580496024e+00 6.365283243901534438e-02 5.807781719623541832e+08 8.737653948641480505e+07
1.820000000000000000e+02 1.110000000000050000e+14 0.000000000000000000e+00 1.022903024624636004e+00 4.440186744565544769e-02 2.825971358883927823e-02 4.862300178909256289e-03 0.000000000000000000e+00 1.071971809460578351e+00 2.097131527755298139e-02 3.629577398536214828e+08 6.941030210839976370e+07
1.830000000000000000e+02 1.110000000000010000e+14 1.000000000000000000e+00 1.058961314236459561e+00 1.764894970468206675e-02 7.184504990217778497e-02 7.947825703934544711e-03 0.000000000000000000e+00 1.147346985677157205e+00 2.014813681451005367e-02 6.531154744335649014e+08 1.132822187540905625e+08
1.840000000000000000e+02 1.110000000000010000e+14 0.000000000000000000e+00 8.879483014257816276e-01 1.590412124980985220e-01 1.656340863195519542e-01 4.738918358983699314e-02 0.000000000000000000e+00 1.222089816731171563e+00 6.980748136391691505e-02 5.339499937749629021e+08 1.317727228342955858e+08
1.850000000000000000e+02 1.110000000000010000e+14 0.000000000000000000e+00 1.078340237487107833e+00 7.935817726668012440e-02 7.179288668536761009e-02 1.346081995504658409e-02 0.000000000000000000e+00 1.351428610228046834e+00 3.844343892577461314e-02 4.527889988570286632e+08 1.040878560367453992e+08
1.860000000000000000e+02 1.110000000000010000e+14 0.000000000000000000e+00 1.163942357921607718e+00 5.357116412249558757e-02 1.378699172583628119e-01 1.588545529460239081e-02 0.000000000000000000e+00 1.402749908603783568e+00 6.561053113295700623e-02 9.221348074638730288e+08 2.284235111248178780e+08
1.870000000000000000e+02 1.110000000000010000e+14 0.000000000000000000e+00 8.827537026599839853e-01 8.546598425962216583e-02 2.949733793799990123e-01 1.788198525048346754e-01 0.000000000000000000e+00 1.305889871858514573e+00 1.933460737122761480e-02 1.333581253381015062e+09 6.436682888207951784e+08
1.880000000000000000e+02 1.110000000000010000e+14 1.000000000000000000e+00 1.122371572651090332e+00 3.921922745891485290e-02 1.796858874863960578e-02 1.775344040196507244e-03 0.000000000000000000e+00 1.223323964357177163e+00 2.457102099344090837e-02 1.642132719172540903e+08 2.104719231875058636e+07
1.890000000000000000e+02 1.110000000000010000e+14 0.000000000000000000e+00 1.115698527679639840e+00 5.811300056316245216e-02 1.527822001690185283e-01 3.129659978546579097e-02 0.000000000000000000e+00 1.191424746715860516e+00 2.509142214571431773e-02 1.392631237766404390e+09 2.371765405181765556e+08
1.900000000000000000e+02 1.110000000000010000e+14 1.000000000000000000e+00 1.095549266577814151e+00 3.471146185319329280e-02 9.324731381587550438e-02 8.562344710343925552e-03 0.000000000000000000e+00 1.061493902778397835e+00 2.971898371624525498e-02 8.267510090882415771e+08 1.163233858650051206e+08
1.910000000000000000e+02 1.110000000000010000e+14 0.000000000000000000e+00 1.033759493850053834e+00 3.224010539686052862e-02 2.246122017304774954e-01 5.477600858810521833e-02 0.000000000000000000e+00 1.111296997060839509e+00 9.698380060467559627e-02 1.163638997798066139e+09 4.227255249976180792e+08
1.920000000000000000e+02 1.110000000000050000e+14 0.000000000000000000e+00 1.212259696672385978e+00 8.316016127855430096e-03 4.166470526422672710e-02 5.778736236100321180e-03 0.000000000000000000e+00 1.183763888664216557e+00 2.284502398437853951e-02 5.763901798213359118e+08 7.994312685384002328e+07
1.930000000000000000e+02 1.110000000000010000e+14 1.000000000000000000e+00 1.102422993997482559e+00 1.758293622161097303e-02 7.996220004336673792e-02 1.374033965151149478e-02 0.000000000000000000e+00 1.080658717805305313e+00 1.758413634527889943e-02 6.724797151817005873e+08 1.846539386574112475e+08
1.940000000000000000e+02 1.110000000000010000e+14 0.000000000000000000e+00 1.112420892365659331e+00 4.512995573862298160e-02 1.686221162276527741e-01 5.557134117327169887e-02 0.000000000000000000e+00 1.256065900918266642e+00 2.908047503151353977e-02 1.860999401325121880e+09 8.137347950285720825e+08
1.950000000000000000e+02 1.110000000000010000e+14 0.000000000000000000e+00 1.004864017262925735e+00 5.490515802258174455e-02 8.932084607627137351e-02 1.863475352839411361e-02 0.000000000000000000e+00 1.128416577877608962e+00 7.644386344444790982e-02 8.001109835536874533e+08 2.732880388207918406e+08
1.960000000000000000e+02 1.110000000000010000e+14 0.000000000000000000e+00 1.081673922792898868e+00 1.487835823897853960e-01 2.954045644371792179e-01 1.163622582235940839e-01 0.000000000000000000e+00 1.126925152936749441e+00 2.161171198790140871e-02 9.896846329901340008e+08 3.977150515496348143e+08
1.970000000000000000e+02 1.110000000000010000e+14 0.000000000000000000e+00 1.119318905421199606e+00 2.397853266933163557e-02 1.032893365209056613e-01 3.077292674332938321e-02 0.000000000000000000e+00 1.186358222516395333e+00 2.390427742344604020e-02 3.907946833002870679e+08 4.364453456358586997e+07
1.980000000000000000e+02 1.110000000000010000e+14 0.000000000000000000e+00 1.253151123097994812e+00 2.244871001812417943e-01 1.859471979461451985e-01 5.251145186397190856e-02 0.000000000000000000e+00 1.165132826071159533e+00 2.079189687806807796e-01 1.991359903049517155e+09 7.414871810044056177e+08
1.990000000000000000e+02 1.110000000000010000e+14 0.000000000000000000e+00 1.021032636466114862e+00 8.694769218443240688e-02 2.701684727902542438e-01 1.328224683559656727e-01 0.000000000000000000e+00 1.092587299445960447e+00 1.529021882240328145e-01 1.555341595354027748e+09 5.184111235177415609e+08
2.000000000000000000e+02 1.110000000000010000e+14 0.000000000000000000e+00 1.013873421778826556e+00 4.724858783471747731e-02 1.776944444049875504e-01 3.950444112020099624e-02 0.000000000000000000e+00 9.913420699026899152e-01 1.086926578533498888e-01 1.800857195908929825e+09 6.186562683715959787e+08
2.010000000000000000e+02 1.110000000000010000e+14 0.000000000000000000e+00 1.194502895042582002e+00 2.587227539473641036e-02 1.208083554982764402e-01 1.103826625965611749e-02 0.000000000000000000e+00 1.351893915221528797e+00 2.824230092622410926e-02 8.417115774807220697e+08 1.680821166230763793e+08
2.020000000000000000e+02 1.110000000000010000e+14 0.000000000000000000e+00 1.417612252171608356e+00 4.777122312559364814e-02 1.328218715198107858e-01 2.890437364355524785e-02 0.000000000000000000e+00 1.474559189972568074e+00 6.536426338475298525e-02 1.367031666980285883e+09 3.681771126181057096e+08
2.030000000000000000e+02 1.110000000000010000e+14 0.000000000000000000e+00 1.065771681040266428e+00 1.771087842240641475e-01 2.310437170830607345e-01 7.812631725942802141e-02 0.000000000000000000e+00 1.241543039854916985e+00 1.561205797973115872e-01 2.384583104983926296e+09 1.239560989072809219e+09
2.040000000000000000e+02 1.110000000000010000e+14 0.000000000000000000e+00 1.105580661152532951e+00 1.315582395930462167e-01 1.700531556812776846e-01 5.320084826681066581e-02 0.000000000000000000e+00 1.084261095869988090e+00 1.564850231197245367e-01 1.923972170788596869e+09 7.493951870972198248e+08
2.050000000000000000e+02 1.110000000000010000e+14 0.000000000000000000e+00 1.154839315379668330e+00 6.397408996546220805e-02 2.307909554008920894e-01 7.380907912372833279e-02 0.000000000000000000e+00 1.094969511967815778e+00 3.893182976572023835e-02 1.322494527862917185e+09 2.407898131417855620e+08
2.060000000000000000e+02 1.110000000000010000e+14 1.000000000000000000e+00 1.124840957717322620e+00 2.437080341247372176e-02 9.470893096906489450e-02 3.266389990008293498e-02 0.000000000000000000e+00 1.217395566619589253e+00 4.277855510096041647e-02 9.554921429368910789e+08 4.652830420760600567e+08
2.070000000000000000e+02 1.110000000000010000e+14 0.000000000000000000e+00 1.307216808418537601e+00 8.244236592597688207e-02 1.459860100134503791e-01 3.085861187852467422e-02 0.000000000000000000e+00 1.472259058691363531e+00 1.106535292756626321e-01 1.470565664913114548e+09 4.197630766342014670e+08
2.080000000000000000e+02 1.110000000000010000e+14 0.000000000000000000e+00 1.314667650658706499e+00 2.388158976944645961e-01 2.594884465383558991e-01 1.055453911647265125e-01 0.000000000000000000e+00 9.868567556325255063e-01 3.160914256103407038e-01 3.193726470902909756e+09 1.458749338731006861e+09
2.090000000000000000e+02 1.110000000000010000e+14 0.000000000000000000e+00 1.077400542272508144e+00 4.976700123342212012e-02 8.893295535204195912e-02 4.038167454368136317e-02 0.000000000000000000e+00 1.254481354385828862e+00 1.848023529806282553e-02 3.193705007887343764e+08 3.238917311150482297e+07
2.100000000000000000e+02 1.110000000000010000e+14 0.000000000000000000e+00 1.535999381610414272e+00 1.109996380620759532e-01 2.038342366957390794e-01 1.061825920134130824e-01 0.000000000000000000e+00 1.286772670430099463e+00 1.460091553981882340e-01 2.485914134313465595e+09 1.591995788211069822e+09
2.110000000000000000e+02 1.110000000000010000e+14 0.000000000000000000e+00 1.334924963359126915e+00 3.476747415647098854e-02 9.392043218536318128e-02 1.104400728626364625e-02 0.000000000000000000e+00 1.278167366235602787e+00 3.914894299781831316e-02 5.866812661820275784e+08 3.062255380106779933e+07
2.120000000000000000e+02 1.110000000000010000e+14 0.000000000000000000e+00 1.364165542562005617e+00 5.898851170930652366e-02 2.313782272309664600e-01 1.370319768130592308e-01 0.000000000000000000e+00 1.515873696764581391e+00 7.627561876215339931e-02 6.570470096829169989e+08 9.413668664427462220e+07
2.130000000000000000e+02 1.110000000000010000e+14 0.000000000000000000e+00 1.417193778176312868e+00 9.859044132911559677e-02 2.358321712360850475e-01 6.808040415853225391e-02 0.000000000000000000e+00 1.517175631453044682e+00 1.402119382501862688e-01 1.942767855725169182e+09 9.725857436168862581e+08
2.140000000000000000e+02 1.110000000000010000e+14 1.000000000000000000e+00 1.083397823800930970e+00 2.831578306212942722e-02 6.701208062145101729e-02 8.372322946992189277e-03 0.000000000000000000e+00 1.258250576986722935e+00 2.979095709320445096e-02 6.562695087535378933e+08 1.118723501824368387e+08
2.150000000000000000e+02 1.110000000000010000e+14 0.000000000000000000e+00 1.138895832694208687e+00 1.489583307210458896e-01 1.989225047307787431e-01 5.641636478185541037e-02 0.000000000000000000e+00 1.077804925295544169e+00 1.070230037010947849e-01 1.753753170659053802e+09 9.109110625565552711e+08
2.160000000000000000e+02 1.110000000000010000e+14 0.000000000000000000e+00 8.343753735446420849e-01 1.101221828770988509e-01 1.353894370396631630e-01 5.738570500997852708e-02 0.000000000000000000e+00 1.073229843693220387e+00 5.318959520318001372e-02 7.056772047181940079e+08 1.299786078190339059e+08
2.170000000000000000e+02 1.110000000000020000e+14 0.000000000000000000e+00 1.346997852428106990e+00 7.146735934290920911e-02 6.388432508232418094e-02 4.414845996789477922e-02 0.000000000000000000e+00 1.391112308698670086e+00 7.014021735305626948e-02 7.203499408867611885e+08 5.302513747813836932e+08
2.180000000000000000e+02 1.110000000000010000e+14 0.000000000000000000e+00 1.448353022507904209e+00 5.416664231742809171e-02 1.451135346387904812e-01 4.480623022906769087e-02 0.000000000000000000e+00 1.562280171524071504e+00 7.842065845377388378e-02 1.578133099905131340e+09 6.547012082349836826e+08
2.190000000000000000e+02 1.110000000000010000e+14 0.000000000000000000e+00 1.035606870840295235e+00 4.853820236389533305e-02 1.349026266226962534e-01 1.243649839522648765e-02 0.000000000000000000e+00 1.069905758609207114e+00 4.990479951429210859e-02 1.170750381649902821e+09 1.880715638496555090e+08
2.200000000000000000e+02 1.110000000000010000e+14 0.000000000000000000e+00 1.176476623918813358e+00 6.406320365314290000e-02 1.750890221228524335e-01 3.971156612013284487e-02 0.000000000000000000e+00 1.288490988548450789e+00 6.324511607465350960e-02 1.355153349393295050e+09 3.663765271379441619e+08
2.210000000000000000e+02 1.110000000000010000e+14 1.000000000000000000e+00 1.142651912864126151e+00 2.982725994547204273e-02 8.369782209507026227e-02 1.135926192374971805e-02 0.000000000000000000e+00 1.130457418821497306e+00 2.612432071796617905e-02 6.047912161233854294e+08 1.090786013425378948e+08
2.220000000000000000e+02 1.110000000000010000e+14 0.000000000000000000e+00 1.136747609785003554e+00 8.699641630147343652e-02 1.935206815308138650e-01 9.634872855644001366e-02 0.000000000000000000e+00 1.311166888566094091e+00 6.363742610487443940e-02 1.019743305723750114e+09 2.731955678233823180e+08
2.230000000000000000e+02 1.110000000000010000e+14 1.000000000000000000e+00 1.118351555795624286e+00 3.819402760214149484e-02 8.920953897385340559e-02 1.428323420003499780e-02 0.000000000000000000e+00 1.230342538875758285e+00 4.944545526198419749e-02 8.492214659216984510e+08 1.863912750334686339e+08
2.240000000000000000e+02 1.110000000000010000e+14 0.000000000000000000e+00 1.007066242097416131e+00 6.717661548849082620e-02 1.897982211049044354e-01 5.195458843834455803e-02 0.000000000000000000e+00 9.223510452074149546e-01 2.935754860007214889e-02 2.028027342931790829e+09 7.938741649979670048e+08
2.250000000000000000e+02 1.110000000000010000e+14 0.000000000000000000e+00 1.110798658365030223e+00 4.380399699298847399e-02 6.213528822043773436e-02 6.429154405263372632e-03 0.000000000000000000e+00 1.267962218932782159e+00 3.908110516185633876e-02 5.906200435990585089e+08 9.082468202894698083e+07
2.260000000000000000e+02 1.110000000000010000e+14 0.000000000000000000e+00 1.102568826974356986e+00 4.373383035615250464e-02 1.068546670101556129e-01 7.909561954387260910e-03 0.000000000000000000e+00 1.289152650518795795e+00 4.206625033177908979e-02 8.460826378649486303e+08 1.226710856192012429e+08
2.270000000000000000e+02 1.110000000000010000e+14 0.000000000000000000e+00 1.793834332363742678e+00 9.750803132195949574e-02 1.401559907008425587e-01 4.332865837019361788e-02 0.000000000000000000e+00 1.589890339479493875e+00 1.056487277593722574e-01 1.281175607027295113e+09 5.797477350618898869e+08
2.280000000000000000e+02 1.110000000000020000e+14 0.000000000000000000e+00 1.092204580984148299e+00 4.134212460942725959e-02 1.116410724114269143e-01 1.486734804434974161e-02 0.000000000000000000e+00 1.046307699190818896e+00 1.860602403703973465e-02 1.272184698676405907e+09 2.252160780286816061e+08
2.290000000000000000e+02 1.110000000000010000e+14 0.000000000000000000e+00 1.085194429771253244e+00 1.008469382716683932e-01 1.507983110608360766e-01 3.921796931421243915e-02 0.000000000000000000e+00 1.114922247299485303e+00 7.716522118080869352e-02 1.384619594827909708e+09 5.910678685543832779e+08
2.300000000000000000e+02 1.110000000000010000e+14 0.000000000000000000e+00 1.121408765599777313e+00 2.468101348706002243e-02 1.260047647331494769e-01 2.590805645252106104e-02 0.000000000000000000e+00 1.068546463939725966e+00 2.592451043522548890e-02 1.287403343148425579e+09 3.636323819502142072e+08
2.310000000000000000e+02 1.110000000000020000e+14 1.000000000000000000e+00 1.145371692158080545e+00 1.990619208126366210e-02 8.722156799264747795e-02 2.501651201794513613e-02 0.000000000000000000e+00 1.082587157779300036e+00 2.553558437353102908e-02 5.803405915147007704e+08 5.348444567636206001e+07
2.320000000000000000e+02 1.110000000000020000e+14 0.000000000000000000e+00 1.102277444701061038e+00 9.420454563655313029e-02 1.062893136350940154e-01 2.335547833504026186e-02 0.000000000000000000e+00 1.214336639711006915e+00 2.489095032810438590e-02 5.038595664929111600e+08 5.806348924433597177e+07
2.330000000000000000e+02 1.110000000000010000e+14 0.000000000000000000e+00 1.781340290061240506e+00 2.158384059272688560e-01 2.936776776040492809e-01 1.400950322798219794e-01 0.000000000000000000e+00 1.500876574035753697e+00 2.494428943685018107e-01 3.563652379506108284e+09 2.004478116427544832e+09
2.340000000000000000e+02 1.110000000000010000e+14 0.000000000000000000e+00 1.372192555457225183e+00 5.465512839888477664e-02 1.146812275618624005e-01 3.616435454834268648e-02 0.000000000000000000e+00 1.565712880932421003e+00 4.866408850823740473e-02 1.011917922155337930e+09 4.842075366318199635e+08
2.350000000000000000e+02 1.110000000000020000e+14 1.000000000000000000e+00 1.039270564403685260e+00 1.883950924034750313e-02 6.595836127297656504e-02 1.140896139508976344e-02 0.000000000000000000e+00 1.115865842278127351e+00 1.733590135845525931e-02 8.115618297494568825e+08 1.580939618192548752e+08
2.360000000000000000e+02 1.110000000000020000e+14 0.000000000000000000e+00 1.605194667771787653e+00 6.230015822074492365e-02 1.401497195590347966e-01 2.924282405371331564e-02 0.000000000000000000e+00 1.548272127851671565e+00 5.418299665706413637e-02 1.239321463249025345e+09 3.124952400768258572e+08
2.370000000000000000e+02 1.110000000000010000e+14 0.000000000000000000e+00 1.095444697627020458e+00 5.830647622284761133e-02 8.848890426173683377e-02 1.167190997299415341e-02 0.000000000000000000e+00 1.128653407906917039e+00 6.568666452596023941e-02 8.810501326259692907e+08 1.692755485890913904e+08
2.380000000000000000e+02 1.110000000000010000e+14 1.000000000000000000e+00 1.103876483016355881e+00 1.922472607425946417e-02 7.364502094394867471e-02 2.504073212759698117e-02 0.000000000000000000e+00 1.277443930463411315e+00 2.585568218377590211e-02 3.940868471992224455e+08 6.183313117762774229e+07
2.390000000000000000e+02 1.110000000000010000e+14 0.000000000000000000e+00 1.073888565215709745e+00 9.832703345926088745e-02 1.340943380641222982e-01 3.906577322734146318e-02 0.000000000000000000e+00 1.249033465552922939e+00 1.223144409544004302e-01 1.134771761788880110e+09 5.768666110235741138e+08
2.400000000000000000e+02 1.110000000000010000e+14 0.000000000000000000e+00 1.300541595464376199e+00 1.608582575985307295e-01 1.813927196191572333e-01 9.891712610663802585e-02 0.000000000000000000e+00 1.117018026746467996e+00 2.138048203024723315e-01 2.122153529118630648e+09 1.276637622045788765e+09
2.410000000000000000e+02 1.110000000000010000e+14 0.000000000000000000e+00 1.159052733205433006e+00 2.871036217125299064e-02 4.838150964574369078e-02 4.819397623019978927e-03 0.000000000000000000e+00 1.057634729961286713e+00 3.041275723028745437e-02 3.692435693820419908e+08 6.554321923507331312e+07
2.420000000000000000e+02 1.110000000000010000e+14 0.000000000000000000e+00 1.120101736915495527e+00 4.620337982735974597e-02 1.385742224147777646e-01 4.618022635904043410e-02 0.000000000000000000e+00 1.227166645472572037e+00 1.027653676106123209e-01 1.009721729920307755e+09 1.792518993693476319e+08
2.430000000000000000e+02 1.110000000000010000e+14 0.000000000000000000e+00 1.225474472740338605e+00 3.790429229541737027e-02 1.037192926511551067e-01 1.011744412159980809e-02 0.000000000000000000e+00 1.059714930683782086e+00 3.236267323099240728e-02 9.246333205340136290e+08 1.636453891911488473e+08
2.440000000000000000e+02 1.110000000000020000e+14 0.000000000000000000e+00 1.190228318346085334e+00 1.458791700415076609e-01 1.682347610817742367e-01 3.901368066912087873e-02 0.000000000000000000e+00 1.048453543125320131e+00 1.541434449452291078e-01 2.003683073583722115e+09 5.414072689515997171e+08
2.450000000000000000e+02 1.110000000000010000e+14 0.000000000000000000e+00 1.053008906260429089e+00 5.992111991300790724e-02 1.403713550850829717e-01 4.716171617161716428e-02 0.000000000000000000e+00 1.132306962505612358e+00 2.517876137365258199e-02 5.761058385257509947e+08 1.434374082543208599e+08
2.460000000000000000e+02 1.110000000000010000e+14 0.000000000000000000e+00 1.019905875355852976e+00 7.200138064557617956e-02 2.074841799450298230e-01 9.488624365456913012e-02 0.000000000000000000e+00 1.342250133226380981e+00 4.364192760811242550e-02 1.099508353251580238e+09 1.906505725008943677e+08
2.470000000000000000e+02 1.110000000000010000e+14 0.000000000000000000e+00 1.047988615718765670e+00 6.902916972149088226e-02 9.194468101648596570e-02 2.656629953979560560e-02 0.000000000000000000e+00 1.300973725017713356e+00 2.684562811124905843e-02 3.671362700636212230e+08 4.927058993362016976e+07
2.480000000000000000e+02 1.110000000000010000e+14 0.000000000000000000e+00 1.102546864143598926e+00 1.167609270441371944e-01 2.297039229605629118e-01 9.249709662623088746e-02 0.000000000000000000e+00 1.099773223863827365e+00 1.452570392945354838e-01 2.107997920481371641e+09 1.314337035997785568e+09
2.490000000000000000e+02 1.110000000000010000e+14 0.000000000000000000e+00 1.152748248199932712e+00 9.493051935194091184e-02 1.570450671415124511e-01 6.734490689076282066e-02 0.000000000000000000e+00 1.169570465808602799e+00 1.163014896301300255e-01 1.609218695638353348e+09 9.197816210146958828e+08
2.500000000000000000e+02 1.110000000000010000e+14 0.000000000000000000e+00 1.368719258168151987e+00 2.281460816268716385e-01 1.964359787000905244e-01 3.623568781499077879e-02 0.000000000000000000e+00 1.492071504948450533e+00 2.377693438844742657e-01 1.817490009376206398e+09 5.196397479341857433e+08
2.510000000000000000e+02 1.110000000000010000e+14 0.000000000000000000e+00 1.148721481453450988e+00 8.154793335424045941e-02 1.388464487179698892e-01 7.501788744706058831e-02 0.000000000000000000e+00 1.042793192383864476e+00 1.054221413215641195e-01 1.441640140756770611e+09 9.850238748997460604e+08
2.520000000000000000e+02 1.110000000000030000e+14 0.000000000000000000e+00 1.163835918321349139e+00 8.991146508660691206e-02 1.264941869180654654e-01 2.751076620756278887e-02 0.000000000000000000e+00 1.267316242400627679e+00 7.586474449194374747e-02 9.589478275906473398e+08 2.387902647215732336e+08
2.530000000000000000e+02 1.110000000000010000e+14 0.000000000000000000e+00 1.222432646917760657e+00 1.264375514511519027e-01 2.594038708038490793e-01 1.388084278053916543e-01 0.000000000000000000e+00 1.194753394618993436e+00 1.708305616628724433e-01 2.762217153760992050e+09 1.741698334548443794e+09
2.540000000000000000e+02 1.110000000000010000e+14 0.000000000000000000e+00 1.097147646125508080e+00 7.469538534497080495e-02 1.939038841168350957e-01 8.366513826968538514e-02 0.000000000000000000e+00 1.102240925609677458e+00 7.548914958956583210e-02 1.891334258751406193e+09 1.267997815993610620e+09
2.550000000000000000e+02 1.110000000000010000e+14 0.000000000000000000e+00 1.511996860758751726e+00 6.976315542974370620e-02 1.237730930001139928e-01 3.722099503683096861e-02 0.000000000000000000e+00 1.650689857064103538e+00 5.474542603068396213e-02 7.008812656553032398e+08 8.556225941176488996e+07
2.560000000000000000e+02 1.110000000000010000e+14 0.000000000000000000e+00 9.346597581497760876e-01 1.546958989790889472e-01 1.820144661112644002e-01 8.205036646810996703e-02 0.000000000000000000e+00 1.267079698230606954e+00 7.185220617723661607e-02 4.615905833547341228e+08 3.698264092599363625e+07
2.570000000000000000e+02 1.110000000000010000e+14 0.000000000000000000e+00 1.290875858980151891e+00 1.120006935353906607e-01 1.799624451160234950e-01 3.988566718796229815e-02 0.000000000000000000e+00 1.296340938290000189e+00 1.339485275100434913e-01 1.738721789079373360e+09 5.768116748312280178e+08
2.580000000000000000e+02 1.110000000000010000e+14 0.000000000000000000e+00 1.091297361367109531e+00 3.616847731213614081e-02 1.466285988921459393e-01 1.270655134812406946e-02 0.000000000000000000e+00 1.252670956030355054e+00 6.849895055791298260e-02 1.303933508201745510e+09 1.917448419422094226e+08
2.590000000000000000e+02 1.110000000000010000e+14 0.000000000000000000e+00 1.171123903038287395e+00 1.605440947611338764e-01 1.508633920984852883e-01 8.015159545834747712e-02 0.000000000000000000e+00 1.160648271933290232e+00 1.774832746998568911e-01 1.622368273919261932e+09 1.074700988555502653e+09
2.600000000000000000e+02 1.110000000000010000e+14 0.000000000000000000e+00 1.409983965911376202e+00 7.192394846708576039e-02 1.805327371931175762e-01 8.318533907590830445e-02 0.000000000000000000e+00 1.469955052368200343e+00 1.126955856868139955e-01 1.979133367374001741e+09 1.185560110903706551e+09
2.610000000000000000e+02 1.110000000000010000e+14 0.000000000000000000e+00 1.049956407187828011e+00 6.285649550153153686e-02 1.096831052758781011e-01 1.194977757121041054e-02 0.000000000000000000e+00 1.320868128604177683e+00 5.561611210492473090e-02 7.212462145076638460e+08 2.054484833188709021e+08
2.620000000000000000e+02 1.110000000000010000e+14 0.000000000000000000e+00 1.039697032653943420e+00 6.129220014787478688e-02 1.333928741099765225e-01 3.546281221160988567e-02 0.000000000000000000e+00 1.246186598662214484e+00 5.401904367243037103e-02 6.295754344455302954e+08 1.942442328125445247e+08
2.630000000000000000e+02 1.110000000000010000e+14 0.000000000000000000e+00 1.162681842277896616e+00 3.966385359027255197e-02 1.193438992220039324e-01 2.602481055290485623e-02 0.000000000000000000e+00 1.074677298371347733e+00 6.207032592853243408e-02 9.876073550769231319e+08 3.756808558790248036e+08
2.640000000000000000e+02 1.110000000000050000e+14 1.000000000000000000e+00 1.029403543835374357e+00 3.181236212334051516e-02 8.070832896251579902e-02 1.886362487715850106e-02 0.000000000000000000e+00 1.087386167675836735e+00 5.110715443745005720e-02 7.487396267600420713e+08 1.213030343120215982e+08
2.650000000000000000e+02 1.110000000000010000e+14 0.000000000000000000e+00 1.169945370035830434e+00 4.992771574359751441e-02 1.065566906050826740e-01 3.473662197423015713e-02 0.000000000000000000e+00 1.181407539032622855e+00 7.441790140269145815e-02 1.040134147029679894e+09 4.434231576023572683e+08
2.660000000000000000e+02 1.110000000000010000e+14 0.000000000000000000e+00 1.077590271575785463e+00 4.938916143923990920e-02 1.468725054139343178e-01 1.500638652235074082e-02 0.000000000000000000e+00 1.233919899513835627e+00 6.537955811209565649e-02 1.189367520298540831e+09 2.156774655894772112e+08
2.670000000000000000e+02 1.110000000000010000e+14 0.000000000000000000e+00 1.214082900854899449e+00 4.732083701100160689e-02 8.609806929587476843e-02 1.063121152402651294e-02 0.000000000000000000e+00 1.296418601102663493e+00 1.319666821667836096e-02 5.999312543799433708e+08 7.674703747462165356e+07
2.680000000000000000e+02 1.110000000000010000e+14 0.000000000000000000e+00 1.098639381934494619e+00 1.202887645080797652e-01 2.586445320500729839e-01 1.240040237232013787e-01 0.000000000000000000e+00 1.218519702241515956e+00 8.220759953252600172e-02 1.019700685785409927e+09 2.612529421315669715e+08
2.690000000000000000e+02 1.110000000000010000e+14 1.000000000000000000e+00 1.107479676445654038e+00 1.927616566608289506e-02 6.673367878537929399e-02 8.956717372798459961e-03 0.000000000000000000e+00 1.133811060821049654e+00 3.857363375613533790e-02 6.365234794920810461e+08 1.189832100525812060e+08
2.700000000000000000e+02 1.110000000000020000e+14 0.000000000000000000e+00 1.578328861584070042e+00 7.703712732390236018e-02 1.168274941019462054e-01 4.364781186947749164e-02 0.000000000000000000e+00 1.519419442903808148e+00 1.128560908705047439e-01 1.218397940573083401e+09 5.815308517131675482e+08
2.710000000000000000e+02 1.110000000000010000e+14 0.000000000000000000e+00 1.244462899419407131e+00 5.270228942910861608e-02 1.444262938356298265e-01 2.336673262388011540e-02 0.000000000000000000e+00 1.164214092520027499e+00 6.063985653735041309e-02 1.363831094086860657e+09 3.079214221257578731e+08
2.720000000000000000e+02 1.110000000000040000e+14 0.000000000000000000e+00 1.392676810704359225e+00 7.211436640176795143e-02 1.694112508965941177e-01 8.019768422546090514e-02 0.000000000000000000e+00 1.310596727793504890e+00 6.851891557126202348e-02 1.177144938927890062e+09 3.025151079263567924e+08
2.730000000000000000e+02 1.110000000000010000e+14 0.000000000000000000e+00 1.250204916643518294e+00 7.340535047835439197e-02 2.019293987678734414e-01 4.210488287191968548e-02 0.000000000000000000e+00 9.678466102828242601e-01 7.396425126120237392e-02 1.969868575073596239e+09 6.051914091795910597e+08
2.740000000000000000e+02 1.110000000000010000e+14 0.000000000000000000e+00 1.108152837641112276e+00 4.453701101879868618e-02 7.938283884651381461e-02 9.225104844298627135e-03 0.000000000000000000e+00 1.082684735950411703e+00 3.255495976950700115e-02 5.157186526914980412e+08 8.316323614072816074e+07
2.750000000000000000e+02 1.110000000000020000e+14 0.000000000000000000e+00 2.160821475939468161e+00 4.376211756956122773e-02 1.132625414257071306e-01 2.560249548459792371e-02 0.000000000000000000e+00 2.203875189912477328e+00 5.462872258562658651e-02 1.177794158168883562e+09 3.376422002215996385e+08
2.760000000000000000e+02 1.110000000000010000e+14 0.000000000000000000e+00 1.198183711227212900e+00 1.273814729985006840e-02 7.011152134998047125e-02 5.689825914237910121e-03 0.000000000000000000e+00 1.236618560627132268e+00 3.488550118069719957e-02 6.772987934748393297e+08 7.513995894650444388e+07
2.770000000000000000e+02 1.110000000000020000e+14 0.000000000000000000e+00 1.146999041278216280e+00 6.896302760403366650e-02 1.227094573025142438e-01 7.394113518243823624e-02 0.000000000000000000e+00 1.137413155399748188e+00 1.342905111901935844e-01 1.563357243719070196e+09 9.968125433983325958e+08
2.780000000000000000e+02 1.110000000000010000e+14 1.000000000000000000e+00 8.896602394695917182e-01 2.428267332163955988e-02 6.123274367137644669e-02 1.337963289052925171e-02 0.000000000000000000e+00 1.187298236863539858e+00 3.182060553949477011e-02 4.739417788361517191e+08 2.171009065526622832e+08
2.790000000000000000e+02 1.110000000000010000e+14 0.000000000000000000e+00 1.236278602530210158e+00 1.039847312805154134e-01 1.601152436818919500e-01 4.053347023947533739e-02 0.000000000000000000e+00 1.251050808883210408e+00 1.373945050783909883e-01 1.622978023233155489e+09 5.748269733594863415e+08
2.800000000000000000e+02 1.110000000000010000e+14 0.000000000000000000e+00 1.286024615690823047e+00 1.238841696336940718e-01 2.047514895543232072e-01 8.717004571252263967e-02 0.000000000000000000e+00 1.348555059233550679e+00 1.823378740629325312e-01 2.554273558995365620e+09 1.231744912038730621e+09
2.810000000000000000e+02 1.110000000000020000e+14 0.000000000000000000e+00 9.312548352312094435e-01 7.436899439793354105e-02 1.713660250166825216e-01 7.903918144430403803e-02 0.000000000000000000e+00 1.140679770227857937e+00 1.994374860385426593e-02 4.448993638634279370e+08 3.592615624009300768e+07
2.820000000000000000e+02 1.110000000000010000e+14 1.000000000000000000e+00 1.032776092677490931e+00 1.923226285036573266e-02 6.203402376185492006e-02 5.990484217856634555e-03 0.000000000000000000e+00 1.115724202631508177e+00 1.607708995254398393e-02 4.110842877192934752e+08 7.714658059042106569e+07
2.830000000000000000e+02 1.110000000000020000e+14 1.000000000000000000e+00 1.023881389437354850e+00 2.319920376104700130e-02 6.225676337790340270e-02 7.805436508300678256e-03 0.000000000000000000e+00 1.257568563205198942e+00 1.240617172043036176e-02 4.397509484263317585e+08 1.134431235901389271e+08
2.840000000000000000e+02 1.110000000000020000e+14 0.000000000000000000e+00 1.022670809633714928e+00 5.090399426344139472e-02 1.331342361757346382e-01 5.811619827532725491e-02 0.000000000000000000e+00 1.181332822809345373e+00 2.141705192862197391e-02 3.879954857686466575e+08 1.225327178282478750e+08
2.850000000000000000e+02 1.110000000000010000e+14 0.000000000000000000e+00 1.139858344316796890e+00 7.019529545001419735e-02 1.619828615718548193e-01 5.297268060917151300e-02 0.000000000000000000e+00 1.042687043990375928e+00 9.064499964857883341e-02 1.614675933806425095e+09 7.064120790162596703e+08
2.860000000000000000e+02 1.110000000000010000e+14 0.000000000000000000e+00 9.507882382397643273e-01 1.222420529329887179e-01 3.323466474268978454e-01 1.103790631906332448e-01 0.000000000000000000e+00 9.482743166788815126e-01 1.747066915619319150e-01 2.471953121496805668e+09 7.835426893343816996e+08
2.870000000000000000e+02 1.110000000000010000e+14 0.000000000000000000e+00 8.931050176747915570e-01 1.744477394168611195e-01 2.670413711419932223e-01 1.700158319752795577e-01 0.000000000000000000e+00 1.327637173210591381e+00 5.532868721995471556e-02 7.195040000181671381e+08 1.546084652059529126e+08
2.880000000000000000e+02 1.110000000000010000e+14 1.000000000000000000e+00 1.060989590676119754e+00 1.754891420807203756e-02 8.979530784494890727e-02 1.006498797313154676e-02 0.000000000000000000e+00 1.051198541993159319e+00 1.937989021988370530e-02 8.136461881707048416e+08 1.288413631598920375e+08
2.890000000000000000e+02 1.110000000000060000e+14 0.000000000000000000e+00 1.174790861250604834e+00 5.972245187363590252e-02 8.295699240747926584e-02 2.330688884927168553e-02 0.000000000000000000e+00 1.161559216331227162e+00 7.042609030293615902e-02 1.000083177303624630e+09 3.583014559151719809e+08
2.900000000000000000e+02 1.110000000000010000e+14 0.000000000000000000e+00 1.134500054380180423e+00 9.652335411211510063e-02 2.446467628057309995e-01 5.149887750940490561e-02 0.000000000000000000e+00 1.240645476294587546e+00 1.132209314588386723e-01 1.596967960110295773e+09 2.621671397851925492e+08
2.910000000000000000e+02 1.110000000000010000e+14 0.000000000000000000e+00 1.324274550622522639e+00 1.620048106247993502e-01 3.037968727115792356e-01 1.321479648406742591e-01 0.000000000000000000e+00 1.132099492325545187e+00 1.301068124784892366e-01 1.669512743774567604e+09 6.530506775808708668e+08
2.920000000000000000e+02 1.110000000000020000e+14 0.000000000000000000e+00 1.159482278551299039e+00 4.449045540037357277e-02 5.997558574613742061e-02 3.337394799648285559e-02 0.000000000000000000e+00 1.298134432202701305e+00 5.741515270145403083e-02 6.927079221360390186e+08 4.200085254765670300e+08
2.930000000000000000e+02 1.110000000000010000e+14 0.000000000000000000e+00 1.009381119684683803e+00 8.670544751303792264e-02 1.587629868798467458e-01 3.847687531776591147e-02 0.000000000000000000e+00 1.120517076972727288e+00 8.545164499838209249e-02 1.663600606744811535e+09 5.880896897743955851e+08
2.940000000000000000e+02 1.110000000000010000e+14 0.000000000000000000e+00 1.346303899666486226e+00 1.006418666590226385e-01 1.575852809279663092e-01 6.594740505576965339e-02 0.000000000000000000e+00 1.292510894467552296e+00 1.304245238703912180e-01 1.673958588644493818e+09 8.192398178601137400e+08
2.950000000000000000e+02 1.110000000000010000e+14 1.000000000000000000e+00 1.120911939297006832e+00 2.455215041139465273e-02 8.446796040150034157e-02 1.701886815492605065e-02 0.000000000000000000e+00 1.239068843373805295e+00 3.379930534329348563e-02 8.032952557052814960e+08 2.278503460341115892e+08
2.960000000000000000e+02 1.110000000000010000e+14 0.000000000000000000e+00 1.106379801308903899e+00 1.597033083113931218e-01 1.713025054083684717e-01 9.216827207757564977e-02 0.000000000000000000e+00 1.072467356265550009e+00 1.758001627833090108e-01 2.054302711225548267e+09 1.286607232126780033e+09
2.970000000000000000e+02 1.110000000000010000e+14 0.000000000000000000e+00 1.067660088327055501e+00 1.226075593568805439e-01 1.518392447426920033e-01 4.124652456994638838e-02 0.000000000000000000e+00 1.294940280470385119e+00 1.129538377550968614e-01 1.171605079350634336e+09 2.531386531984963119e+08
2.980000000000000000e+02 1.110000000000010000e+14 0.000000000000000000e+00 1.687141595300750030e+00 7.946971178612496911e-02 1.286694865533230259e-01 4.490855229263266551e-02 0.000000000000000000e+00 1.972448520670449179e+00 1.009595387252613247e-01 1.422935141552903414e+09 6.582157096419829130e+08
2.990000000000000000e+02 1.110000000000010000e+14 0.000000000000000000e+00 1.103171550590965388e+00 4.527453235583880908e-02 8.767357514136059349e-02 1.308717333346556128e-02 0.000000000000000000e+00 1.113321361275751986e+00 5.580749290238778276e-02 9.467872366574579477e+08 1.757735402579892576e+08
3.000000000000000000e+02 1.110000000000020000e+14 0.000000000000000000e+00 1.121814006357715998e+00 5.391737348346249681e-02 1.030951905628467308e-01 2.176980769771543270e-02 0.000000000000000000e+00 1.104959185284370538e+00 7.230161062588144616e-02 9.087428875893762112e+08 2.992188789715555310e+08
3.010000000000000000e+02 1.110000000000010000e+14 1.000000000000000000e+00 1.085652164626111471e+00 2.482764270140736668e-02 8.113066311387905072e-02 1.756938382413128844e-02 0.000000000000000000e+00 1.067403352308860853e+00 2.543220910209175942e-02 5.289990977798095345e+08 1.525103004047787786e+08
3.020000000000000000e+02 1.110000000000010000e+14 0.000000000000000000e+00 1.334302187884427671e+00 5.159224036523085699e-02 1.710614854786462191e-01 3.861661464287000772e-02 0.000000000000000000e+00 1.410580304870223234e+00 5.633933088766282515e-02 1.692878529601169109e+09 5.408099893889261484e+08
3.030000000000000000e+02 1.110000000000010000e+14 1.000000000000000000e+00 1.041639094972200530e+00 1.954189466225688537e-02 4.116672204565154786e-02 4.786808106657861397e-03 0.000000000000000000e+00 1.220139868414585882e+00 1.102014280588517990e-02 3.063101399155656099e+08 6.651760413288366050e+07
3.040000000000000000e+02 1.110000000000030000e+14 0.000000000000000000e+00 1.234609851982813034e+00 1.501753451169808018e-01 2.205862403958143425e-01 1.285132585162379604e-01 0.000000000000000000e+00 1.263212949381369743e+00 1.888672581208245549e-01 3.022468532495617867e+09 1.772637097461351871e+09
3.050000000000000000e+02 1.110000000000010000e+14 0.000000000000000000e+00 1.027251093914892222e+00 7.168154705510992875e-02 1.180473360131177735e-01 4.958210698297167013e-02 0.000000000000000000e+00 1.013584865499657539e+00 6.654521722362877201e-02 1.195334022219879150e+09 7.378581243308620453e+08
3.060000000000000000e+02 1.110000000000010000e+14 0.000000000000000000e+00 1.328725454349375168e+00 5.176509638857033219e-02 8.980632366003782341e-02 2.589113101271775519e-02 0.000000000000000000e+00 1.262345299658523379e+00 6.544203662232886409e-02 9.136034521215459108e+08 3.101601516625055671e+08
3.070000000000000000e+02 1.110000000000010000e+14 0.000000000000000000e+00 1.356404562407991454e+00 7.921602562027940664e-02 1.497704344756750350e-01 6.315622108238914956e-02 0.000000000000000000e+00 1.377077200259716250e+00 9.038186342673942830e-02 1.381426253618500710e+09 8.620506465890871286e+08
3.080000000000000000e+02 1.110000000000010000e+14 0.000000000000000000e+00 1.001775488965396699e+00 6.230667285787625659e-02 1.062027381939691650e-01 2.349708120294697819e-02 0.000000000000000000e+00 1.124039316624907636e+00 2.469585357971336437e-02 4.214955662863628864e+08 7.922370387333896756e+07
3.090000000000000000e+02 1.110000000000010000e+14 0.000000000000000000e+00 1.189299238579713203e+00 6.593683462819585617e-02 1.616731267739366651e-01 2.639515651481428443e-02 0.000000000000000000e+00 1.321030850977758186e+00 5.933094450434290429e-02 1.271289487041377306e+09 2.748950933558383584e+08
3.100000000000000000e+02 1.110000000000010000e+14 0.000000000000000000e+00 1.182387599064596451e+00 5.406689870079609689e-02 1.596546326631064772e-01 2.017137624972875284e-02 0.000000000000000000e+00 1.125828294678989039e+00 5.411195811546203743e-02 1.203313792498825073e+09 3.159847951697427034e+08
3.110000000000000000e+02 1.110000000000010000e+14 0.000000000000000000e+00 1.005917445424154621e+00 1.213484113933163411e-01 2.161092514500170536e-01 8.254861821903787533e-02 0.000000000000000000e+00 1.432404850451306277e+00 8.302059984999046738e-02 1.052975140152239799e+09 3.992463259197698236e+08
3.120000000000000000e+02 1.110000000000010000e+14 0.000000000000000000e+00 1.138923768369418665e+00 8.562764931516501921e-02 2.069562116482890346e-01 1.019782360020241585e-01 0.000000000000000000e+00 1.092020493585468266e+00 5.156988420116363769e-02 1.172649572379666328e+09 2.351638504883745909e+08
3.130000000000000000e+02 1.110000000000010000e+14 0.000000000000000000e+00 1.053787939945860064e+00 1.618113196164287504e-01 2.169394862429166460e-01 1.039747147578905934e-01 0.000000000000000000e+00 1.306164549787994567e+00 1.252064730654061930e-01 5.768802015848320723e+08 6.653711343885882944e+07
3.140000000000000000e+02 1.110000000000010000e+14 0.000000000000000000e+00 1.082554776684038433e+00 2.174250059626583187e-01 3.593205581419365857e-01 3.044030079928686794e-01 0.000000000000000000e+00 1.276978818183023057e+00 5.850151938884962793e-02 6.404782964866650105e+08 2.092379831102133393e+08
3.150000000000000000e+02 1.110000000000010000e+14 0.000000000000000000e+00 1.334524290491615695e+00 1.151528796312676350e-01 2.075037477843586498e-01 2.949967575980286250e-02 0.000000000000000000e+00 1.479262918994212139e+00 1.460420330720486326e-01 2.267971205766824245e+09 4.153342873219102621e+08
3.160000000000000000e+02 1.110000000000010000e+14 0.000000000000000000e+00 1.103246556420278690e+00 1.854491775552544741e-01 2.410174158464450100e-01 1.337786153760877894e-01 0.000000000000000000e+00 9.707753942818631021e-01 2.273904332266381834e-01 2.412267867386167049e+09 2.123852373326550007e+09
3.170000000000000000e+02 1.110000000000010000e+14 0.000000000000000000e+00 1.046613389605098199e+00 6.194870443025562307e-02 1.320903222296263557e-01 1.676098203790085325e-02 0.000000000000000000e+00 1.189388109400541849e+00 7.251672102864455127e-02 1.169653305883963346e+09 2.661990364230597019e+08
3.180000000000000000e+02 1.110000000000020000e+14 0.000000000000000000e+00 1.056098610733858356e+00 7.830390046635153645e-02 2.307824023397252733e-01 9.747069455810750127e-02 0.000000000000000000e+00 1.148905416172030680e+00 3.499224480103053925e-02 6.771576070398391485e+08 1.340764981443141550e+08
3.190000000000000000e+02 1.110000000000010000e+14 0.000000000000000000e+00 1.154115377080398464e+00 7.223502097414882805e-02 1.007614165206738993e-01 4.343269623404507479e-02 0.000000000000000000e+00 1.054733843549548356e+00 1.155079682368475441e-01 8.894862222499773502e+08 5.490978435269868374e+08
3.200000000000000000e+02 1.110000000000010000e+14 0.000000000000000000e+00 9.849718906993645273e-01 4.855855348699199964e-02 5.779313523165920119e-02 8.115040115767224380e-03 0.000000000000000000e+00 9.553201798400315914e-01 3.601174388265651616e-02 3.642428712790094018e+08 2.932388470256879181e+07
3.210000000000000000e+02 1.110000000000010000e+14 0.000000000000000000e+00 9.485786139853817911e-01 7.984996649655197454e-02 2.966079901132107066e-01 1.503045409605503202e-01 0.000000000000000000e+00 1.287176871181686000e+00 3.443925275326746582e-02 1.647431774587194681e+09 4.596833904720557928e+08
3.220000000000000000e+02 1.110000000000010000e+14 0.000000000000000000e+00 8.468475517928434337e-01 2.116613610613232721e-01 3.054088385344631562e-01 1.744602841453458120e-01 0.000000000000000000e+00 1.178838033868860879e+00 9.669236501935765671e-02 1.511709830476832390e+09 3.400197289749567509e+08
3.230000000000000000e+02 1.110000000000010000e+14 0.000000000000000000e+00 9.922782997548998951e-01 6.665155886437468258e-02 8.176090733644245101e-02 1.437196393799330604e-02 0.000000000000000000e+00 1.221511793018019043e+00 5.217537153177682213e-02 7.051416944086163044e+08 1.048661199042880237e+08
3.240000000000000000e+02 1.110000000000010000e+14 0.000000000000000000e+00 1.228736939349856838e+00 4.180623969518266342e-02 1.166531160876512346e-01 1.886448885850165041e-02 0.000000000000000000e+00 1.215772849078022633e+00 2.826378347202125607e-02 8.590079616835868359e+08 1.308692526088778079e+08
