# rID[0] Hid[1]   R200: DS[2], eta[3], detla[4], fm[5], fm2[6];   R500: DS[7], eta[8], detla[9], fm[10], fm2[11]
1.000000000000000000e+00 3.600000000070400000e+13 0.000000000000000000e+00 1.247335046236279332e+00 7.857735127742580816e-02 -1.000000000000000000e+00 -1.000000000000000000e+00 0.000000000000000000e+00 1.217419655485078023e+00 9.879047172272781285e-02 -1.000000000000000000e+00 -1.000000000000000000e+00
2.000000000000000000e+00 3.600000000003500000e+13 0.000000000000000000e+00 1.198429516343488377e+00 1.213243199789286880e-01 -1.000000000000000000e+00 -1.000000000000000000e+00 0.000000000000000000e+00 1.290050963182604926e+00 8.027991131183706552e-02 -1.000000000000000000e+00 -1.000000000000000000e+00
3.000000000000000000e+00 3.600000000000100000e+13 0.000000000000000000e+00 1.107382996495076988e+00 1.000286638634112213e-01 6.298982148934195724e-02 6.298982148934195724e-02 0.000000000000000000e+00 1.139352701145108782e+00 1.025467361614619127e-01 -1.000000000000000000e+00 -1.000000000000000000e+00
4.000000000000000000e+00 3.600000000011300000e+13 0.000000000000000000e+00 9.613148883302631287e-01 1.164792434743044669e-01 -1.000000000000000000e+00 -1.000000000000000000e+00 0.000000000000000000e+00 1.156348998887938739e+00 1.004286728061673517e-01 -1.000000000000000000e+00 -1.000000000000000000e+00
5.000000000000000000e+00 3.600000000009800000e+13 0.000000000000000000e+00 1.238823172153840080e-01 1.092911744350814895e-01 -1.000000000000000000e+00 -1.000000000000000000e+00 0.000000000000000000e+00 7.514917204190195710e-01 1.488183026990699265e-01 -1.000000000000000000e+00 -1.000000000000000000e+00
6.000000000000000000e+00 3.600000000000100000e+13 0.000000000000000000e+00 1.158698464217961632e+00 6.413765495376967662e-02 1.843736362816698338e-01 1.096835271842034054e-01 0.000000000000000000e+00 1.170827307941137763e+00 9.994464554890422625e-02 6.216260799601398706e+08 6.216260799601398706e+08
7.000000000000000000e+00 3.600000000014600000e+13 0.000000000000000000e+00 8.365072682844026941e-01 1.678680585980657225e-01 -1.000000000000000000e+00 -1.000000000000000000e+00 0.000000000000000000e+00 6.689959379912698845e-01 2.371075441413828810e-01 -1.000000000000000000e+00 -1.000000000000000000e+00
8.000000000000000000e+00 3.600000000052600000e+13 0.000000000000000000e+00 1.092556804024601425e+00 4.044089857936994381e-02 -1.000000000000000000e+00 -1.000000000000000000e+00 0.000000000000000000e+00 6.647567650468200195e-01 7.019850819954148724e-02 -1.000000000000000000e+00 -1.000000000000000000e+00
9.000000000000000000e+00 3.600000000000300000e+13 1.000000000000000000e+00 1.092679876297293129e+00 1.252840926011251563e-02 -1.000000000000000000e+00 -1.000000000000000000e+00 1.000000000000000000e+00 1.109142311006581449e+00 2.523220729542325139e-02 -1.000000000000000000e+00 -1.000000000000000000e+00
1.000000000000000000e+01 3.600000000024500000e+13 0.000000000000000000e+00 7.403862853520717380e-01 9.865706745592471572e-02 -1.000000000000000000e+00 -1.000000000000000000e+00 0.000000000000000000e+00 8.610295315726811394e-01 1.267261752052165069e-01 -1.000000000000000000e+00 -1.000000000000000000e+00
1.100000000000000000e+01 -1.000000000000000000e+00 -1.000000000000000000e+00 -1.000000000000000000e+00 -1.000000000000000000e+00 -1.000000000000000000e+00 -1.000000000000000000e+00 -1.000000000000000000e+00 -1.000000000000000000e+00 -1.000000000000000000e+00 -1.000000000000000000e+00 -1.000000000000000000e+00
1.200000000000000000e+01 3.600000000003600000e+13 0.000000000000000000e+00 8.622301324705240466e-01 6.831949704499447329e-02 1.394106970504501164e-01 1.394106970504501164e-01 0.000000000000000000e+00 8.823063178935107720e-01 1.098337459679541023e-01 -1.000000000000000000e+00 -1.000000000000000000e+00
1.300000000000000000e+01 3.600000000010100000e+13 0.000000000000000000e+00 7.695260026037333834e-01 1.462302580004028740e-01 -1.000000000000000000e+00 -1.000000000000000000e+00 0.000000000000000000e+00 8.099855842542315054e-01 6.833066126113281069e-02 -1.000000000000000000e+00 -1.000000000000000000e+00
1.400000000000000000e+01 3.600000000006100000e+13 0.000000000000000000e+00 7.642798397836708668e-01 9.120262075568012772e-02 -1.000000000000000000e+00 -1.000000000000000000e+00 0.000000000000000000e+00 7.119831158156028073e-01 7.053987079855159048e-02 -1.000000000000000000e+00 -1.000000000000000000e+00
1.500000000000000000e+01 3.600000000000100000e+13 0.000000000000000000e+00 1.074707607904427542e+00 1.113154463758303236e-01 1.099952005697388130e-01 1.099952005697388130e-01 0.000000000000000000e+00 1.091072019989275388e+00 1.370380617790009636e-01 1.334337168771806717e+09 1.334337168771806717e+09
1.600000000000000000e+01 3.600000000000200000e+13 0.000000000000000000e+00 1.116659745625912192e+00 4.842971113194576016e-02 1.013070086145002879e-01 1.013070086145002879e-01 0.000000000000000000e+00 1.120850061768943418e+00 5.455992880181006338e-02 -1.000000000000000000e+00 -1.000000000000000000e+00
1.700000000000000000e+01 3.600000000004000000e+13 0.000000000000000000e+00 1.177792097647979430e+00 4.338061736303226029e-02 -1.000000000000000000e+00 -1.000000000000000000e+00 0.000000000000000000e+00 1.099611453144087259e+00 5.700409853332700366e-02 -1.000000000000000000e+00 -1.000000000000000000e+00
1.800000000000000000e+01 3.600000000000300000e+13 1.000000000000000000e+00 1.064286444296432377e+00 3.245160435584442532e-02 -1.000000000000000000e+00 -1.000000000000000000e+00 1.000000000000000000e+00 1.099940381254874477e+00 2.388876904205036386e-02 -1.000000000000000000e+00 -1.000000000000000000e+00
1.900000000000000000e+01 3.600000000000400000e+13 0.000000000000000000e+00 1.007751331817810625e+00 1.899305541865316249e-01 1.709504408013003407e-01 1.709504408013003407e-01 0.000000000000000000e+00 9.485345304225089036e-01 2.393562365077807619e-01 2.482483527272624493e+09 2.482483527272624493e+09
2.000000000000000000e+01 3.600000000310700000e+13 0.000000000000000000e+00 1.193557766783249763e+00 1.017327591019083766e-01 -1.000000000000000000e+00 -1.000000000000000000e+00 0.000000000000000000e+00 1.103618565620949843e+00 9.163526868503386880e-02 -1.000000000000000000e+00 -1.000000000000000000e+00
2.100000000000000000e+01 3.600000000010300000e+13 0.000000000000000000e+00 1.133753198854759114e+00 6.657769568611281163e-02 -1.000000000000000000e+00 -1.000000000000000000e+00 0.000000000000000000e+00 1.155628475434724356e+00 8.618145621985216775e-02 -1.000000000000000000e+00 -1.000000000000000000e+00
2.200000000000000000e+01 3.600000000013700000e+13 0.000000000000000000e+00 7.048188836469350127e-01 3.062288697356433387e-01 -1.000000000000000000e+00 -1.000000000000000000e+00 0.000000000000000000e+00 1.125833506951962049e+00 1.591733116710652152e-01 -1.000000000000000000e+00 -1.000000000000000000e+00
2.300000000000000000e+01 3.600000000088600000e+13 0.000000000000000000e+00 1.065822286569788613e+00 1.134659850801918030e-01 -1.000000000000000000e+00 -1.000000000000000000e+00 0.000000000000000000e+00 1.114637940051855569e+00 7.216510842084995769e-02 -1.000000000000000000e+00 -1.000000000000000000e+00
2.400000000000000000e+01 3.600000000013000000e+13 1.000000000000000000e+00 9.459820162462392323e-01 3.515788629607057708e-02 -1.000000000000000000e+00 -1.000000000000000000e+00 0.000000000000000000e+00 9.642297910152247686e-01 4.569636764097691900e-02 -1.000000000000000000e+00 -1.000000000000000000e+00
2.500000000000000000e+01 -1.000000000000000000e+00 -1.000000000000000000e+00 -1.000000000000000000e+00 -1.000000000000000000e+00 -1.000000000000000000e+00 -1.000000000000000000e+00 -1.000000000000000000e+00 -1.000000000000000000e+00 -1.000000000000000000e+00 -1.000000000000000000e+00 -1.000000000000000000e+00
2.600000000000000000e+01 3.600000000000900000e+13 0.000000000000000000e+00 9.981444520397797504e-01 1.580508176645770979e-01 2.281319397754823508e-01 2.281319397754823508e-01 0.000000000000000000e+00 7.515844078921604110e-01 2.181716097297730084e-01 3.101419787225403786e+09 3.101419787225403786e+09
2.700000000000000000e+01 3.600000000003900000e+13 0.000000000000000000e+00 1.042122503521862198e+00 1.448069457078178801e-01 8.643681942296936593e-02 8.643681942296936593e-02 0.000000000000000000e+00 9.234349475393928142e-01 1.411639528753390049e-01 1.082092525031433105e+09 1.082092525031433105e+09
2.800000000000000000e+01 -1.000000000000000000e+00 -1.000000000000000000e+00 -1.000000000000000000e+00 -1.000000000000000000e+00 -1.000000000000000000e+00 -1.000000000000000000e+00 -1.000000000000000000e+00 -1.000000000000000000e+00 -1.000000000000000000e+00 -1.000000000000000000e+00 -1.000000000000000000e+00
2.900000000000000000e+01 3.600000000000100000e+13 1.000000000000000000e+00 1.001781273332988054e+00 2.966836942678046513e-02 -1.000000000000000000e+00 -1.000000000000000000e+00 1.000000000000000000e+00 1.052144043478317359e+00 2.835422679965896031e-02 -1.000000000000000000e+00 -1.000000000000000000e+00
3.000000000000000000e+01 3.600000000007300000e+13 0.000000000000000000e+00 1.083834558295095452e+00 4.197367978306607711e-02 -1.000000000000000000e+00 -1.000000000000000000e+00 0.000000000000000000e+00 1.054749978745179506e+00 6.449632496992124819e-02 -1.000000000000000000e+00 -1.000000000000000000e+00
3.100000000000000000e+01 -1.000000000000000000e+00 -1.000000000000000000e+00 -1.000000000000000000e+00 -1.000000000000000000e+00 -1.000000000000000000e+00 -1.000000000000000000e+00 -1.000000000000000000e+00 -1.000000000000000000e+00 -1.000000000000000000e+00 -1.000000000000000000e+00 -1.000000000000000000e+00
3.200000000000000000e+01 3.600000000000100000e+13 0.000000000000000000e+00 1.040140865204151055e+00 4.285679295206356459e-02 2.865293238450041316e-02 2.865293238450041316e-02 0.000000000000000000e+00 9.386717449150341341e-01 7.814615423766557711e-02 3.608572255758171678e+08 3.608572255758171678e+08
3.300000000000000000e+01 3.600000000004700000e+13 0.000000000000000000e+00 1.040805011042823303e+00 5.532625753950472236e-02 -1.000000000000000000e+00 -1.000000000000000000e+00 0.000000000000000000e+00 9.930211196845918353e-01 7.473000786212329050e-02 -1.000000000000000000e+00 -1.000000000000000000e+00
3.400000000000000000e+01 3.600000000000200000e+13 0.000000000000000000e+00 9.906085623098594972e-01 9.156654020010536466e-02 4.212953800637996016e-02 4.212953800637996016e-02 0.000000000000000000e+00 1.183486152866474628e+00 8.710924988533554070e-02 -1.000000000000000000e+00 -1.000000000000000000e+00
3.500000000000000000e+01 3.600000000004800000e+13 0.000000000000000000e+00 9.785166640646241198e-01 1.215497175432165428e-01 -1.000000000000000000e+00 -1.000000000000000000e+00 0.000000000000000000e+00 9.792112660726173257e-01 8.046492056772347468e-02 -1.000000000000000000e+00 -1.000000000000000000e+00
3.600000000000000000e+01 3.600000000000600000e+13 0.000000000000000000e+00 8.663545930255651673e-01 1.577666983506385012e-01 1.581326786348412339e-01 1.581326786348412339e-01 0.000000000000000000e+00 6.636851887825225838e-01 1.339250221348546321e-01 2.499650614297245979e+09 2.499650614297245979e+09
3.700000000000000000e+01 3.600000000008200000e+13 0.000000000000000000e+00 9.967864895159734839e-01 4.553897554940321279e-02 -1.000000000000000000e+00 -1.000000000000000000e+00 0.000000000000000000e+00 1.071599588970393313e+00 1.353033685119335583e-01 -1.000000000000000000e+00 -1.000000000000000000e+00
3.800000000000000000e+01 3.600000000000100000e+13 0.000000000000000000e+00 1.061338720361943322e+00 1.636847720506914572e-01 3.432922601691570930e-01 2.357569339356135607e-01 0.000000000000000000e+00 1.251306091487923267e+00 4.492746905780277411e-02 5.750766920130568743e+08 3.627308288835638165e+08
3.900000000000000000e+01 3.600000000002900000e+13 0.000000000000000000e+00 6.829936957018805099e-01 5.855181659837443986e-02 -1.000000000000000000e+00 -1.000000000000000000e+00 0.000000000000000000e+00 7.019183291271727798e-01 5.764803716173713677e-02 -1.000000000000000000e+00 -1.000000000000000000e+00
4.000000000000000000e+01 3.600000000082200000e+13 0.000000000000000000e+00 9.746620199536840667e-01 1.315880598949683289e-01 -1.000000000000000000e+00 -1.000000000000000000e+00 0.000000000000000000e+00 6.770659999385751915e-01 1.169483929112959258e-01 -1.000000000000000000e+00 -1.000000000000000000e+00
4.100000000000000000e+01 3.600000000003700000e+13 0.000000000000000000e+00 1.004703761729808686e+00 1.061399811299862939e-01 -1.000000000000000000e+00 -1.000000000000000000e+00 0.000000000000000000e+00 5.267271770681283272e-01 1.218004625250840300e-01 -1.000000000000000000e+00 -1.000000000000000000e+00
4.200000000000000000e+01 -1.000000000000000000e+00 -1.000000000000000000e+00 -1.000000000000000000e+00 -1.000000000000000000e+00 -1.000000000000000000e+00 -1.000000000000000000e+00 -1.000000000000000000e+00 -1.000000000000000000e+00 -1.000000000000000000e+00 -1.000000000000000000e+00 -1.000000000000000000e+00
4.300000000000000000e+01 3.600000000026500000e+13 0.000000000000000000e+00 1.066436313065992403e+00 1.655404239027739310e-01 -1.000000000000000000e+00 -1.000000000000000000e+00 0.000000000000000000e+00 9.660911805997727253e-01 2.164215477098788143e-01 -1.000000000000000000e+00 -1.000000000000000000e+00
4.400000000000000000e+01 3.600000000007100000e+13 0.000000000000000000e+00 8.760831743647289338e-01 5.996152515223594076e-02 -1.000000000000000000e+00 -1.000000000000000000e+00 0.000000000000000000e+00 8.642293948294987871e-01 5.067021157275106852e-02 -1.000000000000000000e+00 -1.000000000000000000e+00
4.500000000000000000e+01 3.600000000000100000e+13 0.000000000000000000e+00 8.433952727808370353e-01 1.409742461332816332e-01 3.018150934517763728e-01 2.231752945294701584e-01 0.000000000000000000e+00 7.542399991021326855e-01 1.239355034989072235e-01 -1.000000000000000000e+00 -1.000000000000000000e+00
4.600000000000000000e+01 3.600000000028400000e+13 0.000000000000000000e+00 -8.415527295936199303e-01 2.008816820941538017e-01 -1.000000000000000000e+00 -1.000000000000000000e+00 0.000000000000000000e+00 -8.415527295936199303e-01 2.021648774450631736e-01 -1.000000000000000000e+00 -1.000000000000000000e+00
4.700000000000000000e+01 3.600000000001600000e+13 0.000000000000000000e+00 9.310475861655366225e-01 1.153380569497628183e-01 -1.000000000000000000e+00 -1.000000000000000000e+00 0.000000000000000000e+00 9.779717136551464574e-01 1.402731096061108074e-01 -1.000000000000000000e+00 -1.000000000000000000e+00
4.800000000000000000e+01 3.600000000000100000e+13 0.000000000000000000e+00 9.592577038963272518e-01 5.722643483236151962e-02 -1.000000000000000000e+00 -1.000000000000000000e+00 1.000000000000000000e+00 1.052195614120567724e+00 3.586264670186452286e-02 -1.000000000000000000e+00 -1.000000000000000000e+00
4.900000000000000000e+01 3.600000000000600000e+13 0.000000000000000000e+00 9.972970419583659929e-01 7.785999431778393987e-02 -1.000000000000000000e+00 -1.000000000000000000e+00 0.000000000000000000e+00 1.016856129667478736e+00 9.818730361269444040e-02 -1.000000000000000000e+00 -1.000000000000000000e+00
5.000000000000000000e+01 -1.000000000000000000e+00 -1.000000000000000000e+00 -1.000000000000000000e+00 -1.000000000000000000e+00 -1.000000000000000000e+00 -1.000000000000000000e+00 -1.000000000000000000e+00 -1.000000000000000000e+00 -1.000000000000000000e+00 -1.000000000000000000e+00 -1.000000000000000000e+00
5.100000000000000000e+01 3.600000000020600000e+13 0.000000000000000000e+00 1.166197682619054321e+00 5.595525045377839485e-02 -1.000000000000000000e+00 -1.000000000000000000e+00 0.000000000000000000e+00 1.160526852850214174e+00 5.437628843495007774e-02 -1.000000000000000000e+00 -1.000000000000000000e+00
5.200000000000000000e+01 3.600000000000500000e+13 0.000000000000000000e+00 1.053447524438561933e+00 1.391896946267389135e-01 1.340599397263033399e-01 1.340599397263033399e-01 0.000000000000000000e+00 9.631603770541211640e-01 1.769272947277637509e-01 1.772125927457045794e+09 1.772125927457045794e+09
5.300000000000000000e+01 3.600000000076400000e+13 0.000000000000000000e+00 1.057706121976236924e+00 1.195400047447207348e-01 -1.000000000000000000e+00 -1.000000000000000000e+00 0.000000000000000000e+00 1.025622070278914277e+00 1.028433267504257898e-01 -1.000000000000000000e+00 -1.000000000000000000e+00
5.400000000000000000e+01 3.600000000001900000e+13 0.000000000000000000e+00 7.449616685666436977e-01 1.154534283908237591e-01 1.000000000000000000e+00 1.000000000000000000e+00 0.000000000000000000e+00 7.267322545234016218e-01 1.022291039195630802e-01 1.057377364183089638e+10 1.057377364183089638e+10
5.500000000000000000e+01 3.600000000000100000e+13 0.000000000000000000e+00 1.501119782858735707e+00 2.767203488849224180e-01 3.415978730382476236e-01 3.415978730382476236e-01 0.000000000000000000e+00 1.088920563869526070e+00 3.345830593505421668e-01 4.041104977247263908e+09 4.041104977247263908e+09
5.600000000000000000e+01 3.600000000003700000e+13 0.000000000000000000e+00 1.074023010178029480e+00 5.170876763804860277e-02 -1.000000000000000000e+00 -1.000000000000000000e+00 1.000000000000000000e+00 1.028964126447677874e+00 3.062474606876936650e-02 -1.000000000000000000e+00 -1.000000000000000000e+00
5.700000000000000000e+01 3.600000000003400000e+13 0.000000000000000000e+00 1.092682195091644992e+00 1.007500326599405915e-01 -1.000000000000000000e+00 -1.000000000000000000e+00 0.000000000000000000e+00 1.152049261947092118e+00 1.237182404492578602e-01 -1.000000000000000000e+00 -1.000000000000000000e+00
5.800000000000000000e+01 3.600000000000700000e+13 0.000000000000000000e+00 1.060849997006137579e+00 6.306360925246255744e-02 -1.000000000000000000e+00 -1.000000000000000000e+00 0.000000000000000000e+00 1.053049677334261247e+00 6.411509236331491834e-02 -1.000000000000000000e+00 -1.000000000000000000e+00
5.900000000000000000e+01 -1.000000000000000000e+00 -1.000000000000000000e+00 -1.000000000000000000e+00 -1.000000000000000000e+00 -1.000000000000000000e+00 -1.000000000000000000e+00 -1.000000000000000000e+00 -1.000000000000000000e+00 -1.000000000000000000e+00 -1.000000000000000000e+00 -1.000000000000000000e+00
6.000000000000000000e+01 3.600000000000300000e+13 0.000000000000000000e+00 1.189209374261533059e+00 9.035254560788354150e-02 2.354716702189259617e-02 2.354716702189259617e-02 0.000000000000000000e+00 1.089285875972032969e+00 1.204893332760223756e-01 -1.000000000000000000e+00 -1.000000000000000000e+00
6.100000000000000000e+01 3.600000000000600000e+13 0.000000000000000000e+00 1.157550413204575745e+00 9.202431332852073487e-02 -1.000000000000000000e+00 -1.000000000000000000e+00 0.000000000000000000e+00 1.087788151311950058e+00 9.641890204966788169e-02 -1.000000000000000000e+00 -1.000000000000000000e+00
6.200000000000000000e+01 3.600000000004200000e+13 0.000000000000000000e+00 9.426630448302816268e-01 9.168783050536685741e-02 -1.000000000000000000e+00 -1.000000000000000000e+00 0.000000000000000000e+00 1.279346801349173113e+00 1.410525437867742593e-01 -1.000000000000000000e+00 -1.000000000000000000e+00
6.300000000000000000e+01 3.600000000000100000e+13 0.000000000000000000e+00 8.706340681255925196e-01 1.458291722237155530e-01 2.066816526475232785e-01 2.066816526475232785e-01 0.000000000000000000e+00 1.152475594565505634e+00 9.172095101269889250e-02 -1.000000000000000000e+00 -1.000000000000000000e+00
6.400000000000000000e+01 3.600000000000400000e+13 1.000000000000000000e+00 1.007971669124420266e+00 1.883345535248266353e-02 -1.000000000000000000e+00 -1.000000000000000000e+00 1.000000000000000000e+00 8.976795842459395214e-01 2.607322931983122385e-02 -1.000000000000000000e+00 -1.000000000000000000e+00
6.500000000000000000e+01 3.600000000033000000e+13 0.000000000000000000e+00 1.441656127128723375e+00 8.245958734843412963e-02 -1.000000000000000000e+00 -1.000000000000000000e+00 0.000000000000000000e+00 1.153156861894158780e+00 9.419998424702651085e-02 -1.000000000000000000e+00 -1.000000000000000000e+00
6.600000000000000000e+01 -1.000000000000000000e+00 -1.000000000000000000e+00 -1.000000000000000000e+00 -1.000000000000000000e+00 -1.000000000000000000e+00 -1.000000000000000000e+00 -1.000000000000000000e+00 -1.000000000000000000e+00 -1.000000000000000000e+00 -1.000000000000000000e+00 -1.000000000000000000e+00
6.700000000000000000e+01 3.600000000008200000e+13 0.000000000000000000e+00 8.123915424957541820e-01 1.192128656212467913e-01 1.000000000000000000e+00 1.000000000000000000e+00 0.000000000000000000e+00 8.123915424957541820e-01 1.197035692269182161e-01 9.877361103388608932e+09 9.877361103388608932e+09
6.800000000000000000e+01 3.600000000001100000e+13 0.000000000000000000e+00 9.257427196074604625e-01 5.439722528119107781e-02 -1.000000000000000000e+00 -1.000000000000000000e+00 0.000000000000000000e+00 9.597308484553005448e-01 7.709524609562047603e-02 -1.000000000000000000e+00 -1.000000000000000000e+00
6.900000000000000000e+01 3.600000000008200000e+13 0.000000000000000000e+00 6.597218335758257002e-01 2.100079808072364551e-01 -1.000000000000000000e+00 -1.000000000000000000e+00 0.000000000000000000e+00 7.056121370420003203e-01 1.272676282389599844e-01 -1.000000000000000000e+00 -1.000000000000000000e+00
7.000000000000000000e+01 3.600000000001100000e+13 1.000000000000000000e+00 8.542396818092367061e-01 1.618613327168338945e-02 -1.000000000000000000e+00 -1.000000000000000000e+00 0.000000000000000000e+00 1.000524963313897064e+00 4.480453381438181948e-02 -1.000000000000000000e+00 -1.000000000000000000e+00
7.100000000000000000e+01 3.600000000009200000e+13 0.000000000000000000e+00 4.810284124296132502e-01 2.371559305093495773e-01 -1.000000000000000000e+00 -1.000000000000000000e+00 0.000000000000000000e+00 8.332462787275114469e-01 1.528481571905064007e-01 -1.000000000000000000e+00 -1.000000000000000000e+00
7.200000000000000000e+01 3.600000000019000000e+13 0.000000000000000000e+00 1.068722446571397366e+00 1.740530134633208326e-01 -1.000000000000000000e+00 -1.000000000000000000e+00 0.000000000000000000e+00 1.266300510333655760e+00 2.665180908138629207e-02 -1.000000000000000000e+00 -1.000000000000000000e+00
7.300000000000000000e+01 3.600000000006700000e+13 0.000000000000000000e+00 9.835724108350272221e-01 1.245370894986684157e-01 -1.000000000000000000e+00 -1.000000000000000000e+00 0.000000000000000000e+00 1.088089660170405981e+00 1.430074623725098304e-01 -1.000000000000000000e+00 -1.000000000000000000e+00
7.400000000000000000e+01 3.600000000000100000e+13 0.000000000000000000e+00 1.074713753652741244e-01 8.145485364086689495e-02 1.609585419712001864e-01 1.054458370914067161e-01 0.000000000000000000e+00 1.223755299550217668e+00 1.330311869235349387e-01 1.546822720130135298e+09 1.363237591650908232e+09
7.500000000000000000e+01 3.600000000003200000e+13 0.000000000000000000e+00 9.961133474797604359e-01 5.208983373602600608e-02 -1.000000000000000000e+00 -1.000000000000000000e+00 0.000000000000000000e+00 9.767985066975731767e-01 5.534267018529592103e-02 -1.000000000000000000e+00 -1.000000000000000000e+00
7.600000000000000000e+01 3.600000000001200000e+13 1.000000000000000000e+00 9.574050157764814051e-01 3.961218462798124507e-02 -1.000000000000000000e+00 -1.000000000000000000e+00 1.000000000000000000e+00 1.035621668642294768e+00 3.970391995460308132e-02 -1.000000000000000000e+00 -1.000000000000000000e+00
7.700000000000000000e+01 3.600000000001400000e+13 0.000000000000000000e+00 9.490820511792219527e-01 7.436433445209213178e-02 -1.000000000000000000e+00 -1.000000000000000000e+00 0.000000000000000000e+00 1.019614276995566726e+00 6.139461686346910085e-02 -1.000000000000000000e+00 -1.000000000000000000e+00
7.800000000000000000e+01 3.600000000005300000e+13 0.000000000000000000e+00 1.127267162676461210e+00 2.161385046736775950e-01 -1.000000000000000000e+00 -1.000000000000000000e+00 0.000000000000000000e+00 9.477696230867752591e-01 2.666812681560523646e-01 -1.000000000000000000e+00 -1.000000000000000000e+00
7.900000000000000000e+01 3.600000000025000000e+13 0.000000000000000000e+00 1.268944323169297617e+00 7.800109336374271007e-02 -1.000000000000000000e+00 -1.000000000000000000e+00 0.000000000000000000e+00 1.216704166772506701e+00 9.706425763081881486e-02 -1.000000000000000000e+00 -1.000000000000000000e+00
8.000000000000000000e+01 3.600000000001200000e+13 0.000000000000000000e+00 1.014440020137821863e+00 8.229503577011643145e-02 -1.000000000000000000e+00 -1.000000000000000000e+00 0.000000000000000000e+00 1.063599906244167004e+00 1.179381607691760009e-01 -1.000000000000000000e+00 -1.000000000000000000e+00
8.100000000000000000e+01 3.600000000008200000e+13 0.000000000000000000e+00 8.184632229388711933e-01 2.228673269864604178e-01 -1.000000000000000000e+00 -1.000000000000000000e+00 0.000000000000000000e+00 1.092067201577749724e+00 9.705725371345855224e-02 -1.000000000000000000e+00 -1.000000000000000000e+00
8.200000000000000000e+01 -1.000000000000000000e+00 -1.000000000000000000e+00 -1.000000000000000000e+00 -1.000000000000000000e+00 -1.000000000000000000e+00 -1.000000000000000000e+00 -1.000000000000000000e+00 -1.000000000000000000e+00 -1.000000000000000000e+00 -1.000000000000000000e+00 -1.000000000000000000e+00
8.300000000000000000e+01 3.600000000006000000e+13 0.000000000000000000e+00 1.046128088303991399e+00 8.000881542054755213e-02 -1.000000000000000000e+00 -1.000000000000000000e+00 0.000000000000000000e+00 9.311752070688193994e-01 9.776003131879215657e-02 -1.000000000000000000e+00 -1.000000000000000000e+00
8.400000000000000000e+01 3.600000000012800000e+13 1.000000000000000000e+00 9.621536966240854527e-01 3.663846214249318750e-02 -1.000000000000000000e+00 -1.000000000000000000e+00 0.000000000000000000e+00 9.309747475946131834e-01 4.739117178223933857e-02 -1.000000000000000000e+00 -1.000000000000000000e+00
8.500000000000000000e+01 -1.000000000000000000e+00 -1.000000000000000000e+00 -1.000000000000000000e+00 -1.000000000000000000e+00 -1.000000000000000000e+00 -1.000000000000000000e+00 -1.000000000000000000e+00 -1.000000000000000000e+00 -1.000000000000000000e+00 -1.000000000000000000e+00 -1.000000000000000000e+00
8.600000000000000000e+01 -1.000000000000000000e+00 -1.000000000000000000e+00 -1.000000000000000000e+00 -1.000000000000000000e+00 -1.000000000000000000e+00 -1.000000000000000000e+00 -1.000000000000000000e+00 -1.000000000000000000e+00 -1.000000000000000000e+00 -1.000000000000000000e+00 -1.000000000000000000e+00
8.700000000000000000e+01 3.600000000000800000e+13 0.000000000000000000e+00 1.029443388274233318e+00 9.567387892202311450e-02 -1.000000000000000000e+00 -1.000000000000000000e+00 0.000000000000000000e+00 9.522218847689518650e-01 1.679013140229973500e-01 -1.000000000000000000e+00 -1.000000000000000000e+00
8.800000000000000000e+01 3.600000000000100000e+13 0.000000000000000000e+00 9.549866783678320203e-01 4.808857559040106977e-02 9.942056666649911820e-03 9.942056666649911820e-03 0.000000000000000000e+00 1.022321663559805804e+00 4.026858126639584756e-02 1.441989139691039324e+08 1.441989139691039324e+08
8.900000000000000000e+01 3.600000000000500000e+13 0.000000000000000000e+00 9.584340745273648432e-01 9.998695674943133826e-02 -1.000000000000000000e+00 -1.000000000000000000e+00 0.000000000000000000e+00 7.978627030398667275e-01 1.093991048886235051e-01 -1.000000000000000000e+00 -1.000000000000000000e+00
9.000000000000000000e+01 -1.000000000000000000e+00 -1.000000000000000000e+00 -1.000000000000000000e+00 -1.000000000000000000e+00 -1.000000000000000000e+00 -1.000000000000000000e+00 -1.000000000000000000e+00 -1.000000000000000000e+00 -1.000000000000000000e+00 -1.000000000000000000e+00 -1.000000000000000000e+00
9.100000000000000000e+01 -1.000000000000000000e+00 -1.000000000000000000e+00 -1.000000000000000000e+00 -1.000000000000000000e+00 -1.000000000000000000e+00 -1.000000000000000000e+00 -1.000000000000000000e+00 -1.000000000000000000e+00 -1.000000000000000000e+00 -1.000000000000000000e+00 -1.000000000000000000e+00
9.200000000000000000e+01 3.600000000000200000e+13 0.000000000000000000e+00 1.053337753670136490e+00 5.254093648383439258e-02 9.910727882380321319e-02 9.910727882380321319e-02 0.000000000000000000e+00 1.035266198275628380e+00 5.545224881793459765e-02 -1.000000000000000000e+00 -1.000000000000000000e+00
9.300000000000000000e+01 3.600000000003200000e+13 0.000000000000000000e+00 8.929204038917010200e-01 4.585732905153473010e-02 -1.000000000000000000e+00 -1.000000000000000000e+00 1.000000000000000000e+00 8.514853701705996647e-01 3.080415882617365542e-02 -1.000000000000000000e+00 -1.000000000000000000e+00
9.400000000000000000e+01 3.600000000004100000e+13 0.000000000000000000e+00 1.042113624840518726e+00 1.423126724254271946e-01 -1.000000000000000000e+00 -1.000000000000000000e+00 0.000000000000000000e+00 9.583918175142061013e-01 1.844840732464540223e-01 -1.000000000000000000e+00 -1.000000000000000000e+00
9.500000000000000000e+01 3.600000000000100000e+13 1.000000000000000000e+00 1.137456149014107742e+00 2.896462065796525515e-02 3.345536206579673155e-02 1.222871867916437011e-02 1.000000000000000000e+00 1.135837326378832834e+00 2.169251257325391022e-02 -1.000000000000000000e+00 -1.000000000000000000e+00
9.600000000000000000e+01 -1.000000000000000000e+00 -1.000000000000000000e+00 -1.000000000000000000e+00 -1.000000000000000000e+00 -1.000000000000000000e+00 -1.000000000000000000e+00 -1.000000000000000000e+00 -1.000000000000000000e+00 -1.000000000000000000e+00 -1.000000000000000000e+00 -1.000000000000000000e+00
9.700000000000000000e+01 3.600000000002100000e+13 1.000000000000000000e+00 8.792050182342621145e-01 3.277948707396317884e-02 -1.000000000000000000e+00 -1.000000000000000000e+00 0.000000000000000000e+00 8.130984294478275087e-01 2.957724016515889121e-02 -1.000000000000000000e+00 -1.000000000000000000e+00
9.800000000000000000e+01 3.600000000012300000e+13 0.000000000000000000e+00 9.235918850332747176e-01 6.256625181031431893e-02 -1.000000000000000000e+00 -1.000000000000000000e+00 0.000000000000000000e+00 8.514669072451437337e-01 9.549898267107159722e-02 -1.000000000000000000e+00 -1.000000000000000000e+00
9.900000000000000000e+01 3.600000000000600000e+13 1.000000000000000000e+00 1.103907909518685004e+00 2.156957022018768724e-02 -1.000000000000000000e+00 -1.000000000000000000e+00 1.000000000000000000e+00 1.089629803682835352e+00 2.616995560643853649e-02 -1.000000000000000000e+00 -1.000000000000000000e+00
1.000000000000000000e+02 3.600000000017200000e+13 1.000000000000000000e+00 9.727951481579384385e-01 2.498760065737568731e-02 -1.000000000000000000e+00 -1.000000000000000000e+00 0.000000000000000000e+00 8.310999837775179255e-01 7.832435937866387421e-02 -1.000000000000000000e+00 -1.000000000000000000e+00
1.010000000000000000e+02 3.600000000052500000e+13 0.000000000000000000e+00 1.031257585839970625e+00 1.465651744066766293e-01 -1.000000000000000000e+00 -1.000000000000000000e+00 0.000000000000000000e+00 1.019713012707236022e+00 1.641928356959010404e-01 -1.000000000000000000e+00 -1.000000000000000000e+00
1.020000000000000000e+02 3.600000000000200000e+13 0.000000000000000000e+00 7.003806323624460761e-01 4.580071359673942855e-02 3.652161812455750334e-01 2.451966504724005791e-01 0.000000000000000000e+00 8.017863756932618324e-01 1.518788949405556477e-01 1.671751456795490742e+09 1.671751456795490742e+09
1.030000000000000000e+02 3.600000000003200000e+13 0.000000000000000000e+00 1.116213861319325984e+00 2.214254161242286412e-01 2.286934239539858138e-01 2.286934239539858138e-01 0.000000000000000000e+00 7.901200046911812658e-01 2.938469236322849842e-01 4.053522374111666203e+09 4.053522374111666203e+09
1.040000000000000000e+02 3.600000000000100000e+13 0.000000000000000000e+00 9.621661406552598494e-01 1.949258609545537480e-01 2.575439336568312032e-01 2.366291890744945947e-01 0.000000000000000000e+00 1.084050824589763096e+00 1.338890054513887373e-01 -1.000000000000000000e+00 -1.000000000000000000e+00
1.050000000000000000e+02 3.600000000010200000e+13 0.000000000000000000e+00 8.433771170090780256e-01 1.530567992148368084e-01 -1.000000000000000000e+00 -1.000000000000000000e+00 0.000000000000000000e+00 6.845381351843959905e-01 2.639278697801624163e-01 -1.000000000000000000e+00 -1.000000000000000000e+00
1.060000000000000000e+02 -1.000000000000000000e+00 -1.000000000000000000e+00 -1.000000000000000000e+00 -1.000000000000000000e+00 -1.000000000000000000e+00 -1.000000000000000000e+00 -1.000000000000000000e+00 -1.000000000000000000e+00 -1.000000000000000000e+00 -1.000000000000000000e+00 -1.000000000000000000e+00
1.070000000000000000e+02 3.600000000001100000e+13 0.000000000000000000e+00 9.924937510534346252e-01 1.356793486438944707e-01 -1.000000000000000000e+00 -1.000000000000000000e+00 0.000000000000000000e+00 8.944490587438822526e-01 1.677055943142091721e-01 -1.000000000000000000e+00 -1.000000000000000000e+00
1.080000000000000000e+02 3.600000000004400000e+13 0.000000000000000000e+00 9.393104343657148192e-01 9.218880632122868068e-02 -1.000000000000000000e+00 -1.000000000000000000e+00 0.000000000000000000e+00 7.826315798012962732e-01 1.645423265208234564e-01 -1.000000000000000000e+00 -1.000000000000000000e+00
1.090000000000000000e+02 3.600000000014700000e+13 0.000000000000000000e+00 8.234268984961906623e-01 2.030347835393170597e-01 2.197755444656532553e-01 2.197755444656532553e-01 0.000000000000000000e+00 1.351634483050354607e+00 1.318744090885366760e-01 -1.000000000000000000e+00 -1.000000000000000000e+00
1.100000000000000000e+02 3.600000000005800000e+13 0.000000000000000000e+00 1.332284098763838465e+00 7.166323027549367786e-02 -1.000000000000000000e+00 -1.000000000000000000e+00 0.000000000000000000e+00 1.231328634605678207e+00 9.311087525505487572e-02 -1.000000000000000000e+00 -1.000000000000000000e+00
1.110000000000000000e+02 3.600000000069800000e+13 0.000000000000000000e+00 8.749828721821722999e-01 2.104048295680443492e-01 -1.000000000000000000e+00 -1.000000000000000000e+00 0.000000000000000000e+00 1.074611005348677484e+00 1.895595122841776670e-01 -1.000000000000000000e+00 -1.000000000000000000e+00
1.120000000000000000e+02 3.600000000007800000e+13 0.000000000000000000e+00 7.524780493055006625e-01 1.467377173914711508e-01 -1.000000000000000000e+00 -1.000000000000000000e+00 0.000000000000000000e+00 7.059392693895252258e-01 1.472455036403308715e-01 -1.000000000000000000e+00 -1.000000000000000000e+00
1.130000000000000000e+02 3.600000000002400000e+13 0.000000000000000000e+00 9.216769171619875189e-01 6.772469553173654511e-02 -1.000000000000000000e+00 -1.000000000000000000e+00 0.000000000000000000e+00 8.516968293648784494e-01 1.165992755679609860e-01 -1.000000000000000000e+00 -1.000000000000000000e+00
1.140000000000000000e+02 3.600000000000200000e+13 0.000000000000000000e+00 1.107613665672599224e+00 5.341392401597706147e-02 3.072024286985773622e-02 3.072024286985773622e-02 0.000000000000000000e+00 1.115393746812562092e+00 5.028964152490695422e-02 3.567789123766387701e+08 3.567789123766387701e+08
1.150000000000000000e+02 3.600000000008200000e+13 0.000000000000000000e+00 1.029701291736807800e+00 7.294037056620207571e-02 -1.000000000000000000e+00 -1.000000000000000000e+00 0.000000000000000000e+00 8.883961663027544198e-01 1.346583150764822101e-01 -1.000000000000000000e+00 -1.000000000000000000e+00
1.160000000000000000e+02 3.600000000000600000e+13 0.000000000000000000e+00 7.106768233184952432e-01 6.184624696241005498e-02 -1.000000000000000000e+00 -1.000000000000000000e+00 0.000000000000000000e+00 8.640572878728334238e-01 9.042281159160700521e-02 -1.000000000000000000e+00 -1.000000000000000000e+00
1.170000000000000000e+02 3.600000000000600000e+13 0.000000000000000000e+00 7.982640620246336249e-01 7.601167883714399220e-02 -1.000000000000000000e+00 -1.000000000000000000e+00 0.000000000000000000e+00 -5.146979794518045104e-01 7.774020061577106844e-02 -1.000000000000000000e+00 -1.000000000000000000e+00
1.180000000000000000e+02 3.600000000004900000e+13 0.000000000000000000e+00 1.021100247859285215e+00 6.659266353932478955e-02 -1.000000000000000000e+00 -1.000000000000000000e+00 0.000000000000000000e+00 1.000812279286718010e+00 8.158729752698529181e-02 -1.000000000000000000e+00 -1.000000000000000000e+00
1.190000000000000000e+02 3.600000000034200000e+13 0.000000000000000000e+00 7.686658319242622994e-01 9.437890120818942519e-02 -1.000000000000000000e+00 -1.000000000000000000e+00 0.000000000000000000e+00 6.745084581274014557e-01 1.798746396235511025e-01 -1.000000000000000000e+00 -1.000000000000000000e+00
1.200000000000000000e+02 3.600000000000400000e+13 0.000000000000000000e+00 1.104190265281415506e+00 8.379180101541600090e-02 8.727265052324792438e-02 8.727265052324792438e-02 0.000000000000000000e+00 1.143490791575797694e+00 7.487985763507779002e-02 -1.000000000000000000e+00 -1.000000000000000000e+00
1.210000000000000000e+02 3.600000000003100000e+13 0.000000000000000000e+00 9.714367370961579651e-01 6.527353819860262640e-02 -1.000000000000000000e+00 -1.000000000000000000e+00 0.000000000000000000e+00 9.832887663421944202e-01 5.130530040350737148e-02 -1.000000000000000000e+00 -1.000000000000000000e+00
1.220000000000000000e+02 3.600000000000500000e+13 0.000000000000000000e+00 7.752606473366741024e-01 1.179349057990173033e-01 -1.000000000000000000e+00 -1.000000000000000000e+00 0.000000000000000000e+00 7.437130953825830115e-01 2.550489126823386743e-02 -1.000000000000000000e+00 -1.000000000000000000e+00
1.230000000000000000e+02 3.600000000043800000e+13 0.000000000000000000e+00 4.994605455993406662e-01 1.437806417598178621e-01 -1.000000000000000000e+00 -1.000000000000000000e+00 0.000000000000000000e+00 9.725893386444784960e-01 8.036929543696109957e-02 -1.000000000000000000e+00 -1.000000000000000000e+00
1.240000000000000000e+02 3.600000000000500000e+13 0.000000000000000000e+00 9.911161461229723857e-01 8.644797776484365592e-02 6.902032552543031774e-02 6.902032552543031774e-02 0.000000000000000000e+00 1.131882300524623908e+00 1.286679371111987269e-01 1.180107183457517147e+09 1.180107183457517147e+09
1.250000000000000000e+02 3.600000000003300000e+13 0.000000000000000000e+00 8.798615532291224062e-01 1.244235274243551126e-01 1.242606169809562233e-01 1.242606169809562233e-01 0.000000000000000000e+00 1.178083831669721748e+00 2.882537070016203545e-02 -1.000000000000000000e+00 -1.000000000000000000e+00
1.260000000000000000e+02 3.600000000026200000e+13 1.000000000000000000e+00 1.108223256486513764e+00 2.697016007146929920e-02 -1.000000000000000000e+00 -1.000000000000000000e+00 0.000000000000000000e+00 1.143641252661826702e+00 8.305687162949362823e-02 -1.000000000000000000e+00 -1.000000000000000000e+00
1.270000000000000000e+02 3.600000000001000000e+13 0.000000000000000000e+00 9.421068038932297606e-01 7.034574073858936016e-02 -1.000000000000000000e+00 -1.000000000000000000e+00 0.000000000000000000e+00 8.982246596320371257e-01 5.918839740515283859e-02 -1.000000000000000000e+00 -1.000000000000000000e+00
1.280000000000000000e+02 3.600000000005200000e+13 1.000000000000000000e+00 9.146294830594439151e-01 2.771165391166007311e-02 -1.000000000000000000e+00 -1.000000000000000000e+00 0.000000000000000000e+00 3.135271452381656054e-01 4.264955699488079399e-02 -1.000000000000000000e+00 -1.000000000000000000e+00
1.290000000000000000e+02 3.600000000000100000e+13 0.000000000000000000e+00 1.161822001348039590e+00 3.345538144112503859e-02 4.499263887700077208e-02 1.900833119347199521e-02 0.000000000000000000e+00 1.262332218202928624e+00 1.611575691454378984e-02 3.993768080384130478e+08 2.459894671665603518e+08
1.300000000000000000e+02 3.600000000004000000e+13 0.000000000000000000e+00 8.640990488593309760e-01 9.811479132994653518e-02 -1.000000000000000000e+00 -1.000000000000000000e+00 0.000000000000000000e+00 1.007593058994907143e+00 5.941765754014578099e-02 -1.000000000000000000e+00 -1.000000000000000000e+00
1.310000000000000000e+02 3.600000000000100000e+13 0.000000000000000000e+00 1.043969251458875647e+00 4.008889350773823385e-02 -1.000000000000000000e+00 -1.000000000000000000e+00 0.000000000000000000e+00 1.095096631151309285e+00 5.220771783287884299e-02 -1.000000000000000000e+00 -1.000000000000000000e+00
1.320000000000000000e+02 3.600000000008700000e+13 0.000000000000000000e+00 8.026279673847906970e-01 1.427286733630290239e-01 -1.000000000000000000e+00 -1.000000000000000000e+00 0.000000000000000000e+00 -1.162146534338880099e-01 1.090735875969536667e-01 -1.000000000000000000e+00 -1.000000000000000000e+00
1.330000000000000000e+02 3.600000000000400000e+13 0.000000000000000000e+00 1.191223565603048762e+00 7.426281727840199076e-02 -1.000000000000000000e+00 -1.000000000000000000e+00 0.000000000000000000e+00 1.191223565603048762e+00 7.430358595763078555e-02 -1.000000000000000000e+00 -1.000000000000000000e+00
1.340000000000000000e+02 3.600000000004500000e+13 0.000000000000000000e+00 1.091122792677475362e+00 2.086708625940395523e-01 -1.000000000000000000e+00 -1.000000000000000000e+00 0.000000000000000000e+00 1.061699793594827801e+00 2.105815956413744083e-01 -1.000000000000000000e+00 -1.000000000000000000e+00
1.350000000000000000e+02 3.600000000000500000e+13 0.000000000000000000e+00 1.483960572784036147e+00 5.678040705910988167e-02 7.671970753933914089e-02 7.671970753933914089e-02 0.000000000000000000e+00 1.481968811787310658e+00 5.686564535094736778e-02 8.081272236844812632e+08 8.081272236844812632e+08
1.360000000000000000e+02 3.600000000021400000e+13 0.000000000000000000e+00 8.545907015538164453e-01 1.170744252794250623e-01 -1.000000000000000000e+00 -1.000000000000000000e+00 0.000000000000000000e+00 5.725712667846131199e-01 1.859175545273262786e-01 -1.000000000000000000e+00 -1.000000000000000000e+00
1.370000000000000000e+02 3.600000000000100000e+13 0.000000000000000000e+00 1.159116645121774480e+00 2.306057422559399869e-02 3.709756209812094946e-02 2.222231719023261276e-02 0.000000000000000000e+00 1.193758057523416127e+00 1.743364601793739518e-02 4.733800156178391576e+08 2.835658265293321013e+08
1.380000000000000000e+02 3.600000000000200000e+13 0.000000000000000000e+00 7.785398818236952678e-01 1.002458100295319648e-01 -1.000000000000000000e+00 -1.000000000000000000e+00 0.000000000000000000e+00 8.760311918365838446e-01 9.803903399906083171e-02 -1.000000000000000000e+00 -1.000000000000000000e+00
1.390000000000000000e+02 3.600000000000400000e+13 0.000000000000000000e+00 9.759711864859959007e-01 9.894777716471987727e-02 -1.000000000000000000e+00 -1.000000000000000000e+00 0.000000000000000000e+00 9.767177176567598540e-01 1.161693377066217031e-01 -1.000000000000000000e+00 -1.000000000000000000e+00
1.400000000000000000e+02 3.600000000001000000e+13 0.000000000000000000e+00 8.915133084819536480e-01 5.022937212013196817e-02 -1.000000000000000000e+00 -1.000000000000000000e+00 0.000000000000000000e+00 8.723272989079748907e-01 8.703536486296077623e-02 -1.000000000000000000e+00 -1.000000000000000000e+00
1.410000000000000000e+02 3.600000000000300000e+13 0.000000000000000000e+00 9.507788838087770644e-01 7.414730134671931872e-02 1.115145733678308410e-01 1.115145733678308410e-01 0.000000000000000000e+00 9.104802564777743079e-01 9.564907796123105210e-02 -1.000000000000000000e+00 -1.000000000000000000e+00
1.420000000000000000e+02 3.600000000012900000e+13 0.000000000000000000e+00 1.054044342056005057e+00 8.788107902795691539e-02 -1.000000000000000000e+00 -1.000000000000000000e+00 0.000000000000000000e+00 1.045378589789925927e+00 1.226425449532862200e-01 -1.000000000000000000e+00 -1.000000000000000000e+00
1.430000000000000000e+02 3.600000000000100000e+13 0.000000000000000000e+00 1.140195418156693785e+00 7.901487978026607018e-02 -1.000000000000000000e+00 -1.000000000000000000e+00 0.000000000000000000e+00 1.055392272476073368e+00 1.126982334073760861e-01 -1.000000000000000000e+00 -1.000000000000000000e+00
1.440000000000000000e+02 3.600000000004400000e+13 0.000000000000000000e+00 1.001294095751147362e+00 1.085825920385298654e-01 -1.000000000000000000e+00 -1.000000000000000000e+00 0.000000000000000000e+00 8.829866351120922996e-01 1.864487581545231365e-01 -1.000000000000000000e+00 -1.000000000000000000e+00
1.450000000000000000e+02 3.600000000000100000e+13 0.000000000000000000e+00 1.021820715207524932e+00 5.099183250455005534e-02 -1.000000000000000000e+00 -1.000000000000000000e+00 0.000000000000000000e+00 1.048407097877786409e+00 8.323860507389485575e-02 -1.000000000000000000e+00 -1.000000000000000000e+00
1.460000000000000000e+02 3.600000000001200000e+13 0.000000000000000000e+00 7.893388313091334041e-01 6.241468777604916585e-02 -1.000000000000000000e+00 -1.000000000000000000e+00 0.000000000000000000e+00 8.096499952114021292e-01 6.504441472417867021e-02 -1.000000000000000000e+00 -1.000000000000000000e+00
1.470000000000000000e+02 3.600000000001600000e+13 0.000000000000000000e+00 1.075153818121463489e+00 8.131258509251228228e-02 -1.000000000000000000e+00 -1.000000000000000000e+00 0.000000000000000000e+00 1.051574849609917095e+00 1.434689069949671436e-01 -1.000000000000000000e+00 -1.000000000000000000e+00
1.480000000000000000e+02 3.600000000000100000e+13 0.000000000000000000e+00 1.255186366125919273e+00 9.437627934494514925e-02 -1.000000000000000000e+00 -1.000000000000000000e+00 0.000000000000000000e+00 1.174031568324770403e+00 1.369443997727713414e-01 -1.000000000000000000e+00 -1.000000000000000000e+00
1.490000000000000000e+02 3.600000000039600000e+13 0.000000000000000000e+00 1.061925191579129013e+00 1.720745843187980184e-01 -1.000000000000000000e+00 -1.000000000000000000e+00 0.000000000000000000e+00 1.071997286648701975e+00 2.092720661659334958e-01 -1.000000000000000000e+00 -1.000000000000000000e+00
1.500000000000000000e+02 3.600000000003200000e+13 0.000000000000000000e+00 1.031773693452802565e+00 7.617457199074527396e-02 -1.000000000000000000e+00 -1.000000000000000000e+00 0.000000000000000000e+00 9.422160092356552941e-01 6.956106604443926256e-02 -1.000000000000000000e+00 -1.000000000000000000e+00
1.510000000000000000e+02 3.600000000006100000e+13 0.000000000000000000e+00 8.531564009972695262e-01 1.215494879143716039e-01 -1.000000000000000000e+00 -1.000000000000000000e+00 0.000000000000000000e+00 1.000517501273858745e+00 1.713463691317748949e-01 -1.000000000000000000e+00 -1.000000000000000000e+00
1.520000000000000000e+02 3.600000000000100000e+13 0.000000000000000000e+00 1.103624685374061887e+00 7.960042255250936172e-02 -1.000000000000000000e+00 -1.000000000000000000e+00 0.000000000000000000e+00 1.043954933900884896e+00 1.268474372693104979e-01 -1.000000000000000000e+00 -1.000000000000000000e+00
1.530000000000000000e+02 3.600000000000300000e+13 0.000000000000000000e+00 9.214708813190317649e-01 7.928881029266111879e-02 -1.000000000000000000e+00 -1.000000000000000000e+00 0.000000000000000000e+00 8.864182876540572797e-01 8.921575703115657008e-02 -1.000000000000000000e+00 -1.000000000000000000e+00
1.540000000000000000e+02 3.600000000001300000e+13 0.000000000000000000e+00 1.034753648960242689e+00 1.001582775281841670e-01 -1.000000000000000000e+00 -1.000000000000000000e+00 0.000000000000000000e+00 9.975072163070958231e-01 8.647346086298129952e-02 -1.000000000000000000e+00 -1.000000000000000000e+00
1.550000000000000000e+02 3.600000000002900000e+13 1.000000000000000000e+00 1.085253045052092302e+00 3.992002669592053382e-02 -1.000000000000000000e+00 -1.000000000000000000e+00 0.000000000000000000e+00 1.024403646112538979e+00 4.389154602629539992e-02 -1.000000000000000000e+00 -1.000000000000000000e+00
1.560000000000000000e+02 3.600000000000400000e+13 0.000000000000000000e+00 1.191989150836325173e+00 1.657198638434500756e-02 -1.000000000000000000e+00 -1.000000000000000000e+00 0.000000000000000000e+00 1.143363244914188614e+00 4.264113371629361243e-02 -1.000000000000000000e+00 -1.000000000000000000e+00
1.570000000000000000e+02 3.600000000002300000e+13 0.000000000000000000e+00 9.053328453259873454e-01 2.341827040409876770e-01 -1.000000000000000000e+00 -1.000000000000000000e+00 0.000000000000000000e+00 9.053328453259873454e-01 2.366301193381194212e-01 -1.000000000000000000e+00 -1.000000000000000000e+00
1.580000000000000000e+02 -1.000000000000000000e+00 -1.000000000000000000e+00 -1.000000000000000000e+00 -1.000000000000000000e+00 -1.000000000000000000e+00 -1.000000000000000000e+00 -1.000000000000000000e+00 -1.000000000000000000e+00 -1.000000000000000000e+00 -1.000000000000000000e+00 -1.000000000000000000e+00
1.590000000000000000e+02 -1.000000000000000000e+00 -1.000000000000000000e+00 -1.000000000000000000e+00 -1.000000000000000000e+00 -1.000000000000000000e+00 -1.000000000000000000e+00 -1.000000000000000000e+00 -1.000000000000000000e+00 -1.000000000000000000e+00 -1.000000000000000000e+00 -1.000000000000000000e+00
1.600000000000000000e+02 3.600000000000100000e+13 0.000000000000000000e+00 1.164085437958681801e+00 3.448194596024514030e-02 3.755189655060602733e-02 3.755189655060602733e-02 0.000000000000000000e+00 1.178362269026741460e+00 3.399203517086503423e-02 4.839646189642049074e+08 4.839646189642049074e+08
1.610000000000000000e+02 3.600000000009400000e+13 0.000000000000000000e+00 8.939991213570009920e-01 2.710879446109070723e-01 -1.000000000000000000e+00 -1.000000000000000000e+00 0.000000000000000000e+00 8.717951674537584017e-01 1.667766940005102339e-01 -1.000000000000000000e+00 -1.000000000000000000e+00
1.620000000000000000e+02 3.600000000004200000e+13 0.000000000000000000e+00 8.484449938528485502e-01 8.530572172808247033e-02 -1.000000000000000000e+00 -1.000000000000000000e+00 0.000000000000000000e+00 7.446181233114114173e-01 1.391610856145182873e-01 -1.000000000000000000e+00 -1.000000000000000000e+00
1.630000000000000000e+02 3.600000000000600000e+13 0.000000000000000000e+00 1.080449597504548942e+00 5.549331416421961205e-02 4.845854391334471906e-02 4.845854391334471906e-02 0.000000000000000000e+00 1.027059078101230094e+00 7.703467361846796924e-02 5.535687692939450741e+08 5.535687692939450741e+08
1.640000000000000000e+02 3.600000000058000000e+13 0.000000000000000000e+00 1.104586736194160812e+00 1.831861465605965911e-01 -1.000000000000000000e+00 -1.000000000000000000e+00 0.000000000000000000e+00 1.403583185442452974e+00 7.071786864436262199e-02 -1.000000000000000000e+00 -1.000000000000000000e+00
1.650000000000000000e+02 3.600000000021500000e+13 0.000000000000000000e+00 9.514962244165281469e-01 2.296712697496698374e-01 -1.000000000000000000e+00 -1.000000000000000000e+00 0.000000000000000000e+00 8.497040186597508704e-01 2.158456003499060194e-01 -1.000000000000000000e+00 -1.000000000000000000e+00
1.660000000000000000e+02 3.600000000018300000e+13 0.000000000000000000e+00 8.848676106029722543e-01 7.198958375558602019e-02 -1.000000000000000000e+00 -1.000000000000000000e+00 0.000000000000000000e+00 9.692403890007884604e-01 1.223396935388914725e-01 -1.000000000000000000e+00 -1.000000000000000000e+00
1.670000000000000000e+02 3.600000000045900000e+13 0.000000000000000000e+00 1.089309096682369526e+00 2.457062700693537494e-01 -1.000000000000000000e+00 -1.000000000000000000e+00 0.000000000000000000e+00 1.001242555778408372e+00 1.017114713412066579e-01 -1.000000000000000000e+00 -1.000000000000000000e+00
1.680000000000000000e+02 3.600000000024300000e+13 0.000000000000000000e+00 1.046794731733616368e+00 9.380454561072440467e-02 -1.000000000000000000e+00 -1.000000000000000000e+00 0.000000000000000000e+00 1.088336061011777378e+00 7.540694250044095714e-02 -1.000000000000000000e+00 -1.000000000000000000e+00
1.690000000000000000e+02 3.600000000009300000e+13 0.000000000000000000e+00 9.216667842970557301e-01 7.765935759328523869e-02 -1.000000000000000000e+00 -1.000000000000000000e+00 0.000000000000000000e+00 1.213779196005522643e+00 6.684076628570911893e-02 -1.000000000000000000e+00 -1.000000000000000000e+00
1.700000000000000000e+02 3.600000000001100000e+13 0.000000000000000000e+00 8.286263075845632375e-01 6.306327716072179790e-02 -1.000000000000000000e+00 -1.000000000000000000e+00 0.000000000000000000e+00 7.915388114158642408e-01 4.681151715028516319e-02 -1.000000000000000000e+00 -1.000000000000000000e+00
1.710000000000000000e+02 3.600000000015200000e+13 0.000000000000000000e+00 7.859935301206162350e-01 1.276928863600010067e-01 -1.000000000000000000e+00 -1.000000000000000000e+00 1.000000000000000000e+00 9.736554526847568392e-01 2.070585277045678546e-02 -1.000000000000000000e+00 -1.000000000000000000e+00
1.720000000000000000e+02 3.600000000000600000e+13 0.000000000000000000e+00 1.230574800699993698e+00 3.985540330424170580e-02 6.558909317101022096e-02 4.523017765187237887e-02 0.000000000000000000e+00 1.152596117204342629e+00 3.126531660390498985e-02 8.078240232689545155e+08 5.570746951576176882e+08
1.730000000000000000e+02 3.600000000002000000e+13 0.000000000000000000e+00 9.941254073520919832e-01 1.253151684874848903e-01 -1.000000000000000000e+00 -1.000000000000000000e+00 0.000000000000000000e+00 9.941254073520919832e-01 1.253978960972679801e-01 -1.000000000000000000e+00 -1.000000000000000000e+00
1.740000000000000000e+02 3.600000000000100000e+13 0.000000000000000000e+00 1.225020277345954645e+00 6.949529563465123294e-02 -1.000000000000000000e+00 -1.000000000000000000e+00 0.000000000000000000e+00 1.241832389626023714e+00 7.318682649888404168e-02 -1.000000000000000000e+00 -1.000000000000000000e+00
1.750000000000000000e+02 3.600000000002300000e+13 0.000000000000000000e+00 8.709312941134965680e-01 4.285299242823187305e-02 -1.000000000000000000e+00 -1.000000000000000000e+00 0.000000000000000000e+00 8.720712299433621695e-01 4.883755588642017809e-02 -1.000000000000000000e+00 -1.000000000000000000e+00
1.760000000000000000e+02 3.600000000000100000e+13 0.000000000000000000e+00 1.130374155657015045e+00 8.435957093324834843e-02 3.796359900410954669e-02 3.796359900410954669e-02 0.000000000000000000e+00 1.080650850986202283e+00 9.267650264046166375e-02 -1.000000000000000000e+00 -1.000000000000000000e+00
1.770000000000000000e+02 3.600000000086200000e+13 0.000000000000000000e+00 1.104121626636923592e+00 1.702203113241527177e-01 -1.000000000000000000e+00 -1.000000000000000000e+00 0.000000000000000000e+00 1.104121626636923592e+00 1.702774471403901424e-01 -1.000000000000000000e+00 -1.000000000000000000e+00
1.780000000000000000e+02 3.600000000000100000e+13 0.000000000000000000e+00 9.587867001192104111e-01 9.667684476892074441e-02 1.327867066641850724e-01 1.220185243981212891e-01 0.000000000000000000e+00 1.055858579031680788e+00 1.189500144926554509e-01 1.788387471257023096e+09 1.643360286408295631e+09
1.790000000000000000e+02 3.600000000001300000e+13 0.000000000000000000e+00 1.009744674410009813e+00 7.499914634926947710e-02 -1.000000000000000000e+00 -1.000000000000000000e+00 0.000000000000000000e+00 9.176032993464978693e-01 7.957961276638084169e-02 -1.000000000000000000e+00 -1.000000000000000000e+00
1.800000000000000000e+02 3.600000000000800000e+13 0.000000000000000000e+00 9.183616154021470024e-01 2.225724425607334689e-01 2.570182803431954599e-01 2.570182803431954599e-01 0.000000000000000000e+00 1.053076590902868093e+00 9.700708462550934608e-02 -1.000000000000000000e+00 -1.000000000000000000e+00
1.810000000000000000e+02 3.600000000001400000e+13 0.000000000000000000e+00 1.060326305868518837e+00 1.145370281587437117e-01 -1.000000000000000000e+00 -1.000000000000000000e+00 0.000000000000000000e+00 9.772629266211084742e-01 1.419349855805532024e-01 -1.000000000000000000e+00 -1.000000000000000000e+00
1.820000000000000000e+02 3.600000000000100000e+13 0.000000000000000000e+00 1.177709821675808399e+00 2.422376921866176494e-02 6.822559257417537548e-02 4.617856690164877376e-02 0.000000000000000000e+00 1.205789136736159950e+00 3.836063545453945178e-02 5.411163374019085169e+08 5.411163374019085169e+08
1.830000000000000000e+02 3.600000000005300000e+13 0.000000000000000000e+00 1.040789858542601420e+00 7.831076860555048758e-02 -1.000000000000000000e+00 -1.000000000000000000e+00 0.000000000000000000e+00 1.125542684385648640e+00 1.219352748921547769e-01 -1.000000000000000000e+00 -1.000000000000000000e+00
1.840000000000000000e+02 -1.000000000000000000e+00 -1.000000000000000000e+00 -1.000000000000000000e+00 -1.000000000000000000e+00 -1.000000000000000000e+00 -1.000000000000000000e+00 -1.000000000000000000e+00 -1.000000000000000000e+00 -1.000000000000000000e+00 -1.000000000000000000e+00 -1.000000000000000000e+00
1.850000000000000000e+02 3.600000000000100000e+13 0.000000000000000000e+00 1.216660555432653723e+00 1.005352218530729397e-01 2.193321406254012673e-01 1.226834216450809339e-01 0.000000000000000000e+00 1.192917233236814090e+00 1.187469840847987651e-01 1.520129875783866405e+09 1.520129875783866405e+09
1.860000000000000000e+02 3.600000000000200000e+13 0.000000000000000000e+00 9.780220211599237601e-01 4.212191531760246105e-02 -1.000000000000000000e+00 -1.000000000000000000e+00 0.000000000000000000e+00 1.038431320347250830e+00 4.999719750675273716e-02 -1.000000000000000000e+00 -1.000000000000000000e+00
1.870000000000000000e+02 3.600000000000100000e+13 0.000000000000000000e+00 9.392060267209393354e-01 4.860969616758663986e-02 -1.000000000000000000e+00 -1.000000000000000000e+00 1.000000000000000000e+00 8.850261797809541031e-01 3.815003823548232531e-02 -1.000000000000000000e+00 -1.000000000000000000e+00
1.880000000000000000e+02 3.600000000000400000e+13 1.000000000000000000e+00 1.041556895219852841e+00 3.252096679012898839e-02 -1.000000000000000000e+00 -1.000000000000000000e+00 1.000000000000000000e+00 1.075659999556064728e+00 3.861072826752826731e-02 -1.000000000000000000e+00 -1.000000000000000000e+00
1.890000000000000000e+02 3.600000000002900000e+13 0.000000000000000000e+00 9.074763727262450397e-01 9.326906562712319881e-02 -1.000000000000000000e+00 -1.000000000000000000e+00 0.000000000000000000e+00 8.692568972764257440e-01 1.327579551512586831e-01 -1.000000000000000000e+00 -1.000000000000000000e+00
1.900000000000000000e+02 3.600000000000100000e+13 0.000000000000000000e+00 1.063667513829513078e+00 4.680735824181102983e-02 1.722002417057520371e-02 1.722002417057520371e-02 0.000000000000000000e+00 1.108052317092889538e+00 5.270579517721823287e-02 -1.000000000000000000e+00 -1.000000000000000000e+00
1.910000000000000000e+02 3.600000000000200000e+13 0.000000000000000000e+00 1.208329597361255558e+00 1.058782270922658253e-01 5.122594965444181303e-02 5.122594965444181303e-02 0.000000000000000000e+00 1.000877717861556659e+00 7.937280363978690967e-02 6.162007885676761866e+08 6.162007885676761866e+08
1.920000000000000000e+02 -1.000000000000000000e+00 -1.000000000000000000e+00 -1.000000000000000000e+00 -1.000000000000000000e+00 -1.000000000000000000e+00 -1.000000000000000000e+00 -1.000000000000000000e+00 -1.000000000000000000e+00 -1.000000000000000000e+00 -1.000000000000000000e+00 -1.000000000000000000e+00
1.930000000000000000e+02 -1.000000000000000000e+00 -1.000000000000000000e+00 -1.000000000000000000e+00 -1.000000000000000000e+00 -1.000000000000000000e+00 -1.000000000000000000e+00 -1.000000000000000000e+00 -1.000000000000000000e+00 -1.000000000000000000e+00 -1.000000000000000000e+00 -1.000000000000000000e+00
1.940000000000000000e+02 3.600000000000900000e+13 0.000000000000000000e+00 1.298589797140870639e+00 7.477423320519992200e-02 -1.000000000000000000e+00 -1.000000000000000000e+00 0.000000000000000000e+00 1.246307393469158198e+00 9.034111922801106587e-02 -1.000000000000000000e+00 -1.000000000000000000e+00
1.950000000000000000e+02 3.600000000052900000e+13 0.000000000000000000e+00 6.082658022037882306e-01 1.982957675638656603e-01 1.000000000000000000e+00 1.000000000000000000e+00 0.000000000000000000e+00 6.082658022037882306e-01 1.983812234779551154e-01 1.047825636665428352e+10 1.047825636665428352e+10
1.960000000000000000e+02 3.600000000005400000e+13 0.000000000000000000e+00 9.336151839379207562e-01 2.147278528967143663e-01 -1.000000000000000000e+00 -1.000000000000000000e+00 0.000000000000000000e+00 9.560333178431881240e-01 1.868898106119308011e-01 -1.000000000000000000e+00 -1.000000000000000000e+00
1.970000000000000000e+02 3.600000000003700000e+13 0.000000000000000000e+00 1.176764122499051934e+00 1.279311751970354794e-01 -1.000000000000000000e+00 -1.000000000000000000e+00 0.000000000000000000e+00 1.067554737334122983e+00 1.274529883689090315e-01 -1.000000000000000000e+00 -1.000000000000000000e+00
1.980000000000000000e+02 3.600000000001500000e+13 0.000000000000000000e+00 1.087320430702399143e+00 1.463461487666706251e-01 6.502673628914956705e-02 6.502673628914956705e-02 0.000000000000000000e+00 1.113099496669659016e+00 1.596012841233927504e-01 9.791716739050039053e+08 9.791716739050039053e+08
1.990000000000000000e+02 3.600000000000400000e+13 0.000000000000000000e+00 1.148691395155736705e+00 1.076573049385823044e-01 -1.000000000000000000e+00 -1.000000000000000000e+00 0.000000000000000000e+00 5.096527916941343550e-01 7.501582490971503425e-02 -1.000000000000000000e+00 -1.000000000000000000e+00
2.000000000000000000e+02 3.600000000000100000e+13 0.000000000000000000e+00 1.135848751466962847e+00 6.349238837819964898e-02 5.551236839743014378e-02 5.551236839743014378e-02 0.000000000000000000e+00 1.206685827390282961e+00 4.753678040255942400e-02 -1.000000000000000000e+00 -1.000000000000000000e+00
2.010000000000000000e+02 3.600000000000100000e+13 0.000000000000000000e+00 1.281452521548663182e+00 2.756581101484648424e-02 7.821270926949536184e-02 7.821270926949536184e-02 0.000000000000000000e+00 1.283177287079168893e+00 6.805074978992667334e-02 8.821224496164668798e+08 8.821224496164668798e+08
2.020000000000000000e+02 3.600000000002400000e+13 0.000000000000000000e+00 6.970246627089625724e-01 1.189143530624790918e-01 2.005528427035311312e-01 2.005528427035311312e-01 0.000000000000000000e+00 8.286400093849388693e-01 7.818736695786256130e-02 -1.000000000000000000e+00 -1.000000000000000000e+00
2.030000000000000000e+02 3.600000000000700000e+13 0.000000000000000000e+00 8.560701201256891713e-01 1.113301014064066174e-01 2.614754263259188583e-01 2.614754263259188583e-01 0.000000000000000000e+00 8.575507069488234047e-01 6.074358270614018535e-02 -1.000000000000000000e+00 -1.000000000000000000e+00
2.040000000000000000e+02 3.600000000013400000e+13 0.000000000000000000e+00 8.063594816232693141e-01 2.013361148299585013e-01 -1.000000000000000000e+00 -1.000000000000000000e+00 0.000000000000000000e+00 4.231929524665781206e-01 2.516042907192390654e-01 -1.000000000000000000e+00 -1.000000000000000000e+00
2.050000000000000000e+02 3.600000000000700000e+13 0.000000000000000000e+00 1.170168244197466345e+00 1.192574351408291211e-01 6.947048268870240073e-02 6.947048268870240073e-02 0.000000000000000000e+00 -9.383322164581736624e-01 1.256015219789119175e-01 9.309527029736710787e+08 9.309527029736710787e+08
2.060000000000000000e+02 -1.000000000000000000e+00 -1.000000000000000000e+00 -1.000000000000000000e+00 -1.000000000000000000e+00 -1.000000000000000000e+00 -1.000000000000000000e+00 -1.000000000000000000e+00 -1.000000000000000000e+00 -1.000000000000000000e+00 -1.000000000000000000e+00 -1.000000000000000000e+00
2.070000000000000000e+02 3.600000000002800000e+13 0.000000000000000000e+00 1.276592694074973222e+00 7.870624670943857093e-02 -1.000000000000000000e+00 -1.000000000000000000e+00 0.000000000000000000e+00 1.252603763267940762e+00 7.995800618073256594e-02 -1.000000000000000000e+00 -1.000000000000000000e+00
2.080000000000000000e+02 3.600000000025800000e+13 0.000000000000000000e+00 1.069791813372965583e+00 1.654776077260788070e-01 -1.000000000000000000e+00 -1.000000000000000000e+00 0.000000000000000000e+00 8.833204057124660613e-01 1.743355776555628178e-01 -1.000000000000000000e+00 -1.000000000000000000e+00
2.090000000000000000e+02 -1.000000000000000000e+00 -1.000000000000000000e+00 -1.000000000000000000e+00 -1.000000000000000000e+00 -1.000000000000000000e+00 -1.000000000000000000e+00 -1.000000000000000000e+00 -1.000000000000000000e+00 -1.000000000000000000e+00 -1.000000000000000000e+00 -1.000000000000000000e+00
2.100000000000000000e+02 3.600000000033200000e+13 0.000000000000000000e+00 1.140199126611015856e+00 8.493158493706179368e-02 -1.000000000000000000e+00 -1.000000000000000000e+00 0.000000000000000000e+00 8.976186959524052877e-01 2.059956795389422946e-01 -1.000000000000000000e+00 -1.000000000000000000e+00
2.110000000000000000e+02 3.600000000000100000e+13 0.000000000000000000e+00 9.632681099949076398e-01 7.577544688542650619e-02 3.878944125997749875e-02 2.246129533401189371e-02 0.000000000000000000e+00 9.490192283374387916e-01 9.318669026203663108e-02 2.639747014005569816e+08 2.639747014005569816e+08
2.120000000000000000e+02 3.600000000001100000e+13 0.000000000000000000e+00 9.275762600949080117e-01 1.171488438542295923e-01 -1.000000000000000000e+00 -1.000000000000000000e+00 0.000000000000000000e+00 8.277580127789578857e-01 1.834516288029602316e-01 -1.000000000000000000e+00 -1.000000000000000000e+00
2.130000000000000000e+02 3.600000000000700000e+13 0.000000000000000000e+00 9.441208631611807123e-01 9.404377853891912609e-02 1.466192741593217441e-01 7.407641363246049437e-02 0.000000000000000000e+00 8.311116642683163969e-01 1.171901441781224434e-01 -1.000000000000000000e+00 -1.000000000000000000e+00
2.140000000000000000e+02 3.600000000007700000e+13 0.000000000000000000e+00 1.283507013847684730e+00 1.065442852308953053e-01 -1.000000000000000000e+00 -1.000000000000000000e+00 0.000000000000000000e+00 1.292536655414145974e+00 1.058305626810095712e-01 -1.000000000000000000e+00 -1.000000000000000000e+00
2.150000000000000000e+02 3.600000000000500000e+13 0.000000000000000000e+00 1.095126623252404396e+00 9.949807272955484005e-02 1.000000000000000000e+00 1.000000000000000000e+00 0.000000000000000000e+00 1.095126623252404396e+00 9.986551571415941408e-02 1.001687253270300293e+10 1.001687253270300293e+10
2.160000000000000000e+02 3.600000000014800000e+13 0.000000000000000000e+00 9.271569682789797540e-01 9.779002144895124204e-02 -1.000000000000000000e+00 -1.000000000000000000e+00 0.000000000000000000e+00 1.217610436249905392e+00 7.340607112350910901e-02 -1.000000000000000000e+00 -1.000000000000000000e+00
2.170000000000000000e+02 3.600000000004900000e+13 0.000000000000000000e+00 9.821549676587379984e-01 7.698010316990125390e-02 -1.000000000000000000e+00 -1.000000000000000000e+00 0.000000000000000000e+00 8.039872788270081561e-01 1.695245040381819224e-01 -1.000000000000000000e+00 -1.000000000000000000e+00
2.180000000000000000e+02 -1.000000000000000000e+00 -1.000000000000000000e+00 -1.000000000000000000e+00 -1.000000000000000000e+00 -1.000000000000000000e+00 -1.000000000000000000e+00 -1.000000000000000000e+00 -1.000000000000000000e+00 -1.000000000000000000e+00 -1.000000000000000000e+00 -1.000000000000000000e+00
2.190000000000000000e+02 3.600000000007500000e+13 0.000000000000000000e+00 8.524003569175728767e-01 7.562125899870175694e-02 -1.000000000000000000e+00 -1.000000000000000000e+00 0.000000000000000000e+00 8.524003569175728767e-01 7.562911837234749524e-02 -1.000000000000000000e+00 -1.000000000000000000e+00
2.200000000000000000e+02 3.600000000002800000e+13 1.000000000000000000e+00 1.015469457401027675e+00 2.517049145595084969e-02 -1.000000000000000000e+00 -1.000000000000000000e+00 0.000000000000000000e+00 9.064777527658581802e-01 4.582448179216262046e-02 -1.000000000000000000e+00 -1.000000000000000000e+00
2.210000000000000000e+02 3.600000000015400000e+13 0.000000000000000000e+00 1.006237202057314928e+00 7.188467062055478585e-02 -1.000000000000000000e+00 -1.000000000000000000e+00 0.000000000000000000e+00 1.039417545241512641e+00 1.440010583186645265e-01 -1.000000000000000000e+00 -1.000000000000000000e+00
2.220000000000000000e+02 3.600000000049700000e+13 0.000000000000000000e+00 8.284400287850292033e-01 1.794371285322903797e-01 -1.000000000000000000e+00 -1.000000000000000000e+00 0.000000000000000000e+00 6.197704892461634030e-01 2.000110364116774175e-01 -1.000000000000000000e+00 -1.000000000000000000e+00
2.230000000000000000e+02 3.600000000008100000e+13 0.000000000000000000e+00 8.491628327800859743e-01 8.780492245543176921e-02 -1.000000000000000000e+00 -1.000000000000000000e+00 0.000000000000000000e+00 9.923818349127008220e-01 1.267489924722611794e-01 -1.000000000000000000e+00 -1.000000000000000000e+00
2.240000000000000000e+02 3.600000000005800000e+13 0.000000000000000000e+00 1.155264053542826685e+00 1.223415416468943973e-01 -1.000000000000000000e+00 -1.000000000000000000e+00 0.000000000000000000e+00 1.101370910211941334e+00 1.320118667843214189e-01 -1.000000000000000000e+00 -1.000000000000000000e+00
2.250000000000000000e+02 3.600000000002100000e+13 0.000000000000000000e+00 9.186065956372921892e-01 1.249286414781012877e-01 -1.000000000000000000e+00 -1.000000000000000000e+00 0.000000000000000000e+00 1.036463485695766851e+00 1.127198372630985601e-01 -1.000000000000000000e+00 -1.000000000000000000e+00
2.260000000000000000e+02 3.600000000000600000e+13 0.000000000000000000e+00 9.433549131113302399e-01 5.055419192588097438e-02 4.926287656723403463e-02 4.926287656723403463e-02 0.000000000000000000e+00 -1.128379516831094220e-01 5.780607082757635573e-02 -1.000000000000000000e+00 -1.000000000000000000e+00
2.270000000000000000e+02 3.600000000000100000e+13 0.000000000000000000e+00 1.196327274685825337e+00 5.745426316675281142e-02 3.904610606405324591e-02 3.904610606405324591e-02 0.000000000000000000e+00 1.180583551941584375e+00 8.064468501748432716e-02 4.570414794484753609e+08 4.570414794484753609e+08
2.280000000000000000e+02 3.600000000000100000e+13 0.000000000000000000e+00 1.017274913788075219e+00 4.936108548995422202e-02 -1.000000000000000000e+00 -1.000000000000000000e+00 0.000000000000000000e+00 1.041509436635310815e+00 4.431259882653722920e-02 -1.000000000000000000e+00 -1.000000000000000000e+00
2.290000000000000000e+02 3.600000000000100000e+13 1.000000000000000000e+00 9.159018555752208579e-01 3.813503642202346194e-02 -1.000000000000000000e+00 -1.000000000000000000e+00 1.000000000000000000e+00 9.479199138406536607e-01 3.752726931406294431e-02 -1.000000000000000000e+00 -1.000000000000000000e+00
2.300000000000000000e+02 3.600000000000400000e+13 0.000000000000000000e+00 8.706277242812752171e-01 4.987521772840296935e-02 9.454264792360897451e-02 9.454264792360897451e-02 0.000000000000000000e+00 9.996578583495436821e-01 7.952814247836252626e-02 -1.000000000000000000e+00 -1.000000000000000000e+00
2.310000000000000000e+02 3.600000000000200000e+13 1.000000000000000000e+00 1.030491275908342441e+00 1.342921532147442823e-02 -1.000000000000000000e+00 -1.000000000000000000e+00 1.000000000000000000e+00 1.083439665967237175e+00 2.575583953508791407e-02 -1.000000000000000000e+00 -1.000000000000000000e+00
2.320000000000000000e+02 3.600000000025400000e+13 0.000000000000000000e+00 1.116776119910158904e+00 1.047984844091986861e-01 -1.000000000000000000e+00 -1.000000000000000000e+00 0.000000000000000000e+00 1.178982698475738111e+00 1.120716842454599071e-01 -1.000000000000000000e+00 -1.000000000000000000e+00
2.330000000000000000e+02 3.600000000000200000e+13 1.000000000000000000e+00 9.631340066982360115e-01 3.499245533004928521e-02 -1.000000000000000000e+00 -1.000000000000000000e+00 1.000000000000000000e+00 9.731593464041941033e-01 3.904137596308911856e-02 -1.000000000000000000e+00 -1.000000000000000000e+00
2.340000000000000000e+02 3.600000000000100000e+13 0.000000000000000000e+00 1.021013006052789551e+00 5.916811431053323189e-02 4.923100372697682137e-02 4.923100372697682137e-02 1.000000000000000000e+00 1.121419741206272080e+00 3.210137307143640789e-02 -1.000000000000000000e+00 -1.000000000000000000e+00
2.350000000000000000e+02 3.600000000001600000e+13 0.000000000000000000e+00 1.062872686797416533e+00 1.173253676214271457e-01 -1.000000000000000000e+00 -1.000000000000000000e+00 0.000000000000000000e+00 9.230540779529481377e-01 1.227251638606377399e-01 -1.000000000000000000e+00 -1.000000000000000000e+00
2.360000000000000000e+02 3.600000000001000000e+13 0.000000000000000000e+00 8.036675738569611926e-01 1.514923196499923519e-01 2.703680392221817219e-01 2.703680392221817219e-01 0.000000000000000000e+00 8.791528414633543731e-01 1.002975520237450180e-01 -1.000000000000000000e+00 -1.000000000000000000e+00
2.370000000000000000e+02 -1.000000000000000000e+00 -1.000000000000000000e+00 -1.000000000000000000e+00 -1.000000000000000000e+00 -1.000000000000000000e+00 -1.000000000000000000e+00 -1.000000000000000000e+00 -1.000000000000000000e+00 -1.000000000000000000e+00 -1.000000000000000000e+00 -1.000000000000000000e+00
2.380000000000000000e+02 3.600000000000600000e+13 0.000000000000000000e+00 8.478609866208828283e-01 1.792135004777681284e-01 2.418539441834673953e-01 2.418539441834673953e-01 0.000000000000000000e+00 1.052347197014762203e+00 9.838057941464656286e-02 -1.000000000000000000e+00 -1.000000000000000000e+00
2.390000000000000000e+02 -1.000000000000000000e+00 -1.000000000000000000e+00 -1.000000000000000000e+00 -1.000000000000000000e+00 -1.000000000000000000e+00 -1.000000000000000000e+00 -1.000000000000000000e+00 -1.000000000000000000e+00 -1.000000000000000000e+00 -1.000000000000000000e+00 -1.000000000000000000e+00
2.400000000000000000e+02 3.600000000000200000e+13 0.000000000000000000e+00 1.096787724431117494e+00 1.578707188569398179e-01 1.844688572980421604e-01 1.132516500747547672e-01 0.000000000000000000e+00 1.082046937509975049e+00 1.532556857940026163e-01 1.009576382244171739e+09 1.009576382244171739e+09
2.410000000000000000e+02 3.600000000027000000e+13 0.000000000000000000e+00 1.195546244725201879e+00 9.360323908767212431e-02 1.000000000000000000e+00 1.000000000000000000e+00 0.000000000000000000e+00 1.195546244725201879e+00 9.364300747145716530e-02 1.005917316064893913e+10 1.005917316064893913e+10
2.420000000000000000e+02 3.600000000019300000e+13 1.000000000000000000e+00 8.611957542146025935e-01 2.146334998641522690e-02 -1.000000000000000000e+00 -1.000000000000000000e+00 0.000000000000000000e+00 4.997837081377125568e-01 3.608694139225746000e-01 -1.000000000000000000e+00 -1.000000000000000000e+00
2.430000000000000000e+02 3.600000000000900000e+13 0.000000000000000000e+00 1.073908979836444511e+00 1.223282224586351719e-01 -1.000000000000000000e+00 -1.000000000000000000e+00 0.000000000000000000e+00 1.116863432805027756e+00 1.398286889606752958e-01 -1.000000000000000000e+00 -1.000000000000000000e+00
2.440000000000000000e+02 -1.000000000000000000e+00 -1.000000000000000000e+00 -1.000000000000000000e+00 -1.000000000000000000e+00 -1.000000000000000000e+00 -1.000000000000000000e+00 -1.000000000000000000e+00 -1.000000000000000000e+00 -1.000000000000000000e+00 -1.000000000000000000e+00 -1.000000000000000000e+00
2.450000000000000000e+02 -1.000000000000000000e+00 -1.000000000000000000e+00 -1.000000000000000000e+00 -1.000000000000000000e+00 -1.000000000000000000e+00 -1.000000000000000000e+00 -1.000000000000000000e+00 -1.000000000000000000e+00 -1.000000000000000000e+00 -1.000000000000000000e+00 -1.000000000000000000e+00
2.460000000000000000e+02 3.600000000000300000e+13 0.000000000000000000e+00 8.604090442183783827e-01 2.162393101048546984e-01 2.558100358674518793e-01 2.558100358674518793e-01 0.000000000000000000e+00 1.109921962615220803e+00 1.036494887037441165e-01 -1.000000000000000000e+00 -1.000000000000000000e+00
2.470000000000000000e+02 3.600000000005300000e+13 1.000000000000000000e+00 9.545799236670186039e-01 2.777995080883220030e-02 -1.000000000000000000e+00 -1.000000000000000000e+00 0.000000000000000000e+00 9.178414856314485171e-01 1.341233833357804162e-01 -1.000000000000000000e+00 -1.000000000000000000e+00
2.480000000000000000e+02 3.600000000000100000e+13 0.000000000000000000e+00 1.073777941696063332e+00 5.655762811003556267e-02 2.712046368068913096e-02 2.712046368068913096e-02 0.000000000000000000e+00 1.102947207706535204e+00 7.938156229993248436e-02 3.087035911578192711e+08 3.087035911578192711e+08
2.490000000000000000e+02 3.600000000001800000e+13 0.000000000000000000e+00 7.361429882761900689e-01 7.688013669999811672e-02 -1.000000000000000000e+00 -1.000000000000000000e+00 0.000000000000000000e+00 6.554766923812660462e-01 1.017444576619165597e-01 -1.000000000000000000e+00 -1.000000000000000000e+00
2.500000000000000000e+02 3.600000000000400000e+13 1.000000000000000000e+00 9.840510729006493040e-01 2.810367734991552763e-02 -1.000000000000000000e+00 -1.000000000000000000e+00 1.000000000000000000e+00 1.040805274162782457e+00 2.661282264115448146e-02 -1.000000000000000000e+00 -1.000000000000000000e+00
2.510000000000000000e+02 3.600000000000300000e+13 0.000000000000000000e+00 1.081667458267764559e+00 7.858793337760755504e-02 1.132589033910468973e-01 8.955032580474540926e-02 0.000000000000000000e+00 7.789602781909299445e-01 1.243682206514663963e-01 1.425170479181393623e+09 1.126838393422831059e+09
2.520000000000000000e+02 3.600000000022100000e+13 0.000000000000000000e+00 1.044179500673837913e+00 1.059358387531858792e-01 -1.000000000000000000e+00 -1.000000000000000000e+00 0.000000000000000000e+00 nan 1.508569904784777260e-01 -1.000000000000000000e+00 -1.000000000000000000e+00
2.530000000000000000e+02 3.600000000012100000e+13 0.000000000000000000e+00 1.211162104663054295e+00 8.313505239771570854e-02 -1.000000000000000000e+00 -1.000000000000000000e+00 0.000000000000000000e+00 1.170922792789981681e+00 6.916876797577906077e-02 -1.000000000000000000e+00 -1.000000000000000000e+00
2.540000000000000000e+02 3.600000000000200000e+13 0.000000000000000000e+00 1.193856118141334743e+00 5.906238403219682409e-02 1.008415652055509648e+00 1.000000000000000000e+00 0.000000000000000000e+00 1.193856118141334743e+00 5.909244114478456184e-02 1.010141127251558495e+10 1.001711075381001663e+10
2.550000000000000000e+02 3.600000000000200000e+13 0.000000000000000000e+00 9.641243903505295476e-01 6.118863551618022173e-02 -1.000000000000000000e+00 -1.000000000000000000e+00 0.000000000000000000e+00 8.891610296049694551e-01 7.603828038015321422e-02 -1.000000000000000000e+00 -1.000000000000000000e+00
2.560000000000000000e+02 3.600000000002400000e+13 1.000000000000000000e+00 1.116681398285555904e+00 3.412389091692977217e-02 -1.000000000000000000e+00 -1.000000000000000000e+00 0.000000000000000000e+00 1.006297944742862605e+00 6.466904517611647696e-02 -1.000000000000000000e+00 -1.000000000000000000e+00
2.570000000000000000e+02 3.600000000000200000e+13 1.000000000000000000e+00 1.089432014029490636e+00 3.703165991881252755e-02 -1.000000000000000000e+00 -1.000000000000000000e+00 0.000000000000000000e+00 1.173526330572073562e+00 7.012506986489192018e-02 -1.000000000000000000e+00 -1.000000000000000000e+00
2.580000000000000000e+02 3.600000000000400000e+13 0.000000000000000000e+00 8.885455449632816416e-01 2.316825283424796544e-01 1.757946062412789889e-01 1.757946062412789889e-01 0.000000000000000000e+00 2.116749736460803721e-01 1.488494316378033422e-01 -1.000000000000000000e+00 -1.000000000000000000e+00
2.590000000000000000e+02 3.600000000002800000e+13 0.000000000000000000e+00 8.853931437796689341e-01 5.499407033301954850e-02 -1.000000000000000000e+00 -1.000000000000000000e+00 0.000000000000000000e+00 8.535957243442685582e-01 8.622278544939257494e-02 -1.000000000000000000e+00 -1.000000000000000000e+00
2.600000000000000000e+02 3.600000000002800000e+13 0.000000000000000000e+00 9.785673247426609489e-01 1.204424437925633445e-01 -1.000000000000000000e+00 -1.000000000000000000e+00 0.000000000000000000e+00 7.267002086495431001e-01 1.910418372390761677e-01 -1.000000000000000000e+00 -1.000000000000000000e+00
2.610000000000000000e+02 3.600000000001200000e+13 0.000000000000000000e+00 1.145428982582886057e+00 1.875428522718572411e-01 1.876517896431948718e-01 1.876517896431948718e-01 0.000000000000000000e+00 9.072345689905575439e-01 2.396008284874499850e-01 2.288177096305819035e+09 2.288177096305819035e+09
2.620000000000000000e+02 3.600000000000600000e+13 0.000000000000000000e+00 9.170181743203439373e-01 4.877492661087630410e-02 -1.000000000000000000e+00 -1.000000000000000000e+00 0.000000000000000000e+00 8.589735948080678973e-01 7.065681783663364801e-02 -1.000000000000000000e+00 -1.000000000000000000e+00
2.630000000000000000e+02 -1.000000000000000000e+00 -1.000000000000000000e+00 -1.000000000000000000e+00 -1.000000000000000000e+00 -1.000000000000000000e+00 -1.000000000000000000e+00 -1.000000000000000000e+00 -1.000000000000000000e+00 -1.000000000000000000e+00 -1.000000000000000000e+00 -1.000000000000000000e+00
2.640000000000000000e+02 -1.000000000000000000e+00 -1.000000000000000000e+00 -1.000000000000000000e+00 -1.000000000000000000e+00 -1.000000000000000000e+00 -1.000000000000000000e+00 -1.000000000000000000e+00 -1.000000000000000000e+00 -1.000000000000000000e+00 -1.000000000000000000e+00 -1.000000000000000000e+00
2.650000000000000000e+02 -1.000000000000000000e+00 -1.000000000000000000e+00 -1.000000000000000000e+00 -1.000000000000000000e+00 -1.000000000000000000e+00 -1.000000000000000000e+00 -1.000000000000000000e+00 -1.000000000000000000e+00 -1.000000000000000000e+00 -1.000000000000000000e+00 -1.000000000000000000e+00
2.660000000000000000e+02 3.600000000013600000e+13 0.000000000000000000e+00 1.097688053181732126e+00 1.135242538256141381e-01 -1.000000000000000000e+00 -1.000000000000000000e+00 0.000000000000000000e+00 1.030129758556772579e+00 7.478474142000433866e-02 -1.000000000000000000e+00 -1.000000000000000000e+00
2.670000000000000000e+02 3.600000000005700000e+13 0.000000000000000000e+00 6.719457298892935748e-01 2.574679350095936403e-01 3.571449370871584428e-01 3.571449370871584428e-01 0.000000000000000000e+00 8.478623690641794441e-01 1.725623451330933478e-01 -1.000000000000000000e+00 -1.000000000000000000e+00
2.680000000000000000e+02 3.600000000000700000e+13 1.000000000000000000e+00 8.963034506910225740e-01 3.804788450025545221e-02 -1.000000000000000000e+00 -1.000000000000000000e+00 0.000000000000000000e+00 7.700100039342828717e-01 4.404915450352225176e-02 -1.000000000000000000e+00 -1.000000000000000000e+00
2.690000000000000000e+02 3.600000000037100000e+13 0.000000000000000000e+00 8.161677845894212968e-01 2.500615477770372630e-01 -1.000000000000000000e+00 -1.000000000000000000e+00 0.000000000000000000e+00 1.429723012376151514e+00 8.915467052051022356e-02 -1.000000000000000000e+00 -1.000000000000000000e+00
2.700000000000000000e+02 3.600000000002400000e+13 0.000000000000000000e+00 8.995135357372368023e-01 3.767951754409809006e-01 4.490847130907714146e-01 4.490847130907714146e-01 0.000000000000000000e+00 1.264236855799450998e+00 1.527630535956973346e-01 -1.000000000000000000e+00 -1.000000000000000000e+00
2.710000000000000000e+02 3.600000000001100000e+13 0.000000000000000000e+00 7.771867609447401515e-01 6.308357505580826363e-02 1.435313286489474649e-01 1.435313286489474649e-01 0.000000000000000000e+00 7.755184348284933638e-01 6.547025886049924470e-02 -1.000000000000000000e+00 -1.000000000000000000e+00
2.720000000000000000e+02 3.600000000000200000e+13 0.000000000000000000e+00 1.155710083376462416e+00 4.741406362459825441e-02 6.628126843762661979e-02 6.628126843762661979e-02 0.000000000000000000e+00 1.072391082509890792e+00 4.011254033216828802e-02 7.876818750228598118e+08 7.876818750228598118e+08
2.730000000000000000e+02 3.600000000003700000e+13 0.000000000000000000e+00 9.136171033517098694e-01 2.095325298298782168e-01 -1.000000000000000000e+00 -1.000000000000000000e+00 0.000000000000000000e+00 8.732821699652708602e-01 1.377588008522230567e-01 -1.000000000000000000e+00 -1.000000000000000000e+00
2.740000000000000000e+02 3.600000000001200000e+13 0.000000000000000000e+00 9.740857321232594401e-01 1.512670881701017878e-01 1.959859181516158122e-01 1.959859181516158122e-01 0.000000000000000000e+00 4.983902203966031341e-01 1.569837450507872989e-01 -1.000000000000000000e+00 -1.000000000000000000e+00
2.750000000000000000e+02 3.600000000000400000e+13 0.000000000000000000e+00 1.015180092723791061e+00 4.825313537314736972e-02 -1.000000000000000000e+00 -1.000000000000000000e+00 0.000000000000000000e+00 9.520221115948375168e-01 4.871551331891215558e-02 -1.000000000000000000e+00 -1.000000000000000000e+00
2.760000000000000000e+02 3.600000000000200000e+13 1.000000000000000000e+00 1.095053395221120107e+00 2.890571987877898000e-02 -1.000000000000000000e+00 -1.000000000000000000e+00 0.000000000000000000e+00 1.039434707154198501e+00 4.468231981664979452e-02 -1.000000000000000000e+00 -1.000000000000000000e+00
2.770000000000000000e+02 -1.000000000000000000e+00 -1.000000000000000000e+00 -1.000000000000000000e+00 -1.000000000000000000e+00 -1.000000000000000000e+00 -1.000000000000000000e+00 -1.000000000000000000e+00 -1.000000000000000000e+00 -1.000000000000000000e+00 -1.000000000000000000e+00 -1.000000000000000000e+00
2.780000000000000000e+02 3.600000000003200000e+13 0.000000000000000000e+00 8.306062876593219846e-01 7.867587652035276657e-02 -1.000000000000000000e+00 -1.000000000000000000e+00 0.000000000000000000e+00 7.162632736795883082e-01 1.327511589315783225e-01 -1.000000000000000000e+00 -1.000000000000000000e+00
2.790000000000000000e+02 -1.000000000000000000e+00 -1.000000000000000000e+00 -1.000000000000000000e+00 -1.000000000000000000e+00 -1.000000000000000000e+00 -1.000000000000000000e+00 -1.000000000000000000e+00 -1.000000000000000000e+00 -1.000000000000000000e+00 -1.000000000000000000e+00 -1.000000000000000000e+00
2.800000000000000000e+02 3.600000000002400000e+13 0.000000000000000000e+00 1.002241080257838757e+00 5.178669304274381713e-02 -1.000000000000000000e+00 -1.000000000000000000e+00 0.000000000000000000e+00 9.311616895140223393e-01 9.470043596929463015e-02 -1.000000000000000000e+00 -1.000000000000000000e+00
2.810000000000000000e+02 3.600000000006100000e+13 0.000000000000000000e+00 8.092473627331849828e-01 1.868585120437805669e-01 1.760173657448857176e-01 1.760173657448857176e-01 0.000000000000000000e+00 2.871662617069682399e-01 1.162043414871807429e-01 -1.000000000000000000e+00 -1.000000000000000000e+00
2.820000000000000000e+02 3.600000000000100000e+13 0.000000000000000000e+00 1.008253960298913787e+00 1.121338285764366671e-01 1.038166020648862709e-01 6.088605194220215316e-02 0.000000000000000000e+00 8.220666374393154063e-01 9.982889080068392540e-02 7.911301753081417084e+08 7.911301753081417084e+08
2.830000000000000000e+02 3.600000000019300000e+13 0.000000000000000000e+00 8.662545789082658487e-01 9.671257811337057031e-02 -1.000000000000000000e+00 -1.000000000000000000e+00 0.000000000000000000e+00 9.336196068000210957e-01 1.744838161336128846e-01 -1.000000000000000000e+00 -1.000000000000000000e+00
2.840000000000000000e+02 3.600000000000100000e+13 1.000000000000000000e+00 1.041634449384721162e+00 2.618581703446709250e-02 -1.000000000000000000e+00 -1.000000000000000000e+00 0.000000000000000000e+00 1.065241889634020334e+00 4.162111849453602186e-02 -1.000000000000000000e+00 -1.000000000000000000e+00
2.850000000000000000e+02 3.600000000000700000e+13 0.000000000000000000e+00 1.136297406845284463e+00 9.105562750039139508e-02 -1.000000000000000000e+00 -1.000000000000000000e+00 0.000000000000000000e+00 1.093310940995288583e+00 1.349558587474723736e-01 -1.000000000000000000e+00 -1.000000000000000000e+00
2.860000000000000000e+02 3.600000000019000000e+13 0.000000000000000000e+00 1.213826759799851995e+00 1.819790647051943433e-01 -1.000000000000000000e+00 -1.000000000000000000e+00 0.000000000000000000e+00 1.191777214845042066e+00 2.083613055042634055e-01 -1.000000000000000000e+00 -1.000000000000000000e+00
2.870000000000000000e+02 -1.000000000000000000e+00 -1.000000000000000000e+00 -1.000000000000000000e+00 -1.000000000000000000e+00 -1.000000000000000000e+00 -1.000000000000000000e+00 -1.000000000000000000e+00 -1.000000000000000000e+00 -1.000000000000000000e+00 -1.000000000000000000e+00 -1.000000000000000000e+00
2.880000000000000000e+02 3.600000000001100000e+13 0.000000000000000000e+00 1.224340410075918983e+00 1.483627918298643100e-01 -1.000000000000000000e+00 -1.000000000000000000e+00 0.000000000000000000e+00 1.220693063178207360e+00 1.418870206794192179e-01 -1.000000000000000000e+00 -1.000000000000000000e+00
2.890000000000000000e+02 3.600000000002300000e+13 0.000000000000000000e+00 9.888741682181625414e-01 9.741718010601123356e-02 -1.000000000000000000e+00 -1.000000000000000000e+00 0.000000000000000000e+00 9.407692287476239201e-01 1.526726889111492402e-01 -1.000000000000000000e+00 -1.000000000000000000e+00
2.900000000000000000e+02 3.600000000015100000e+13 0.000000000000000000e+00 1.050691437879941903e+00 6.744876233824446954e-02 -1.000000000000000000e+00 -1.000000000000000000e+00 0.000000000000000000e+00 1.024237711639630399e+00 9.753746553388613350e-02 -1.000000000000000000e+00 -1.000000000000000000e+00
2.910000000000000000e+02 3.600000000006800000e+13 0.000000000000000000e+00 1.026479441774212686e+00 6.062813659022067703e-02 -1.000000000000000000e+00 -1.000000000000000000e+00 0.000000000000000000e+00 1.042080033606451517e+00 6.707209346509006298e-02 -1.000000000000000000e+00 -1.000000000000000000e+00
2.920000000000000000e+02 3.600000000002600000e+13 0.000000000000000000e+00 7.504797406363008516e-01 3.935223845122227948e-02 -1.000000000000000000e+00 -1.000000000000000000e+00 0.000000000000000000e+00 7.496646621343879824e-01 1.055125524613655386e-01 -1.000000000000000000e+00 -1.000000000000000000e+00
2.930000000000000000e+02 3.600000000004000000e+13 0.000000000000000000e+00 7.754857280888872717e-01 1.230799791220192757e-01 -1.000000000000000000e+00 -1.000000000000000000e+00 0.000000000000000000e+00 1.019048768754396761e+00 1.323322464427520995e-01 -1.000000000000000000e+00 -1.000000000000000000e+00
2.940000000000000000e+02 3.600000000000100000e+13 0.000000000000000000e+00 9.168001803583397669e-01 5.754126441679347642e-02 -1.000000000000000000e+00 -1.000000000000000000e+00 0.000000000000000000e+00 7.606803378012002570e-01 7.244777004774845264e-02 -1.000000000000000000e+00 -1.000000000000000000e+00
2.950000000000000000e+02 -1.000000000000000000e+00 -1.000000000000000000e+00 -1.000000000000000000e+00 -1.000000000000000000e+00 -1.000000000000000000e+00 -1.000000000000000000e+00 -1.000000000000000000e+00 -1.000000000000000000e+00 -1.000000000000000000e+00 -1.000000000000000000e+00 -1.000000000000000000e+00
2.960000000000000000e+02 3.600000000001400000e+13 0.000000000000000000e+00 1.119919506071745063e+00 8.195236497486267646e-02 1.072818054377736585e-01 1.072818054377736585e-01 0.000000000000000000e+00 1.019027488827027428e+00 8.564886175552456626e-02 -1.000000000000000000e+00 -1.000000000000000000e+00
2.970000000000000000e+02 3.600000000000400000e+13 0.000000000000000000e+00 1.148435182483691808e+00 1.407481787934950490e-01 -1.000000000000000000e+00 -1.000000000000000000e+00 0.000000000000000000e+00 1.031178551081085804e+00 6.084791413510495101e-02 -1.000000000000000000e+00 -1.000000000000000000e+00
2.980000000000000000e+02 -1.000000000000000000e+00 -1.000000000000000000e+00 -1.000000000000000000e+00 -1.000000000000000000e+00 -1.000000000000000000e+00 -1.000000000000000000e+00 -1.000000000000000000e+00 -1.000000000000000000e+00 -1.000000000000000000e+00 -1.000000000000000000e+00 -1.000000000000000000e+00
2.990000000000000000e+02 3.600000000003800000e+13 0.000000000000000000e+00 1.066486222396458405e+00 1.617858953901361863e-01 -1.000000000000000000e+00 -1.000000000000000000e+00 0.000000000000000000e+00 8.990060258705462326e-01 2.366489935053670279e-01 -1.000000000000000000e+00 -1.000000000000000000e+00
3.000000000000000000e+02 3.600000000000600000e+13 1.000000000000000000e+00 1.004881060499331680e+00 3.998355230298335922e-02 3.134793911550773360e-02 3.134793911550773360e-02 0.000000000000000000e+00 1.124193503165405339e+00 2.233786952579607313e-02 3.778601867612196207e+08 3.778601867612196207e+08
3.010000000000000000e+02 3.600000000002900000e+13 0.000000000000000000e+00 9.716662095522781151e-01 1.174825168539718467e-01 -1.000000000000000000e+00 -1.000000000000000000e+00 0.000000000000000000e+00 9.755372659297135707e-01 7.766277219864463344e-02 -1.000000000000000000e+00 -1.000000000000000000e+00
3.020000000000000000e+02 3.600000000005300000e+13 0.000000000000000000e+00 8.451566754748555121e-01 3.090840659735245022e-01 1.655395058938328723e-01 1.655395058938328723e-01 0.000000000000000000e+00 1.065097715602189021e+00 1.854444557210034594e-01 3.170426820875610352e+09 3.170426820875610352e+09
3.030000000000000000e+02 3.600000000000400000e+13 0.000000000000000000e+00 8.246332455251320637e-01 2.014307684870360049e-01 3.988347488165868149e-01 3.988347488165868149e-01 0.000000000000000000e+00 8.232417431393440621e-01 8.333822879486015023e-02 -1.000000000000000000e+00 -1.000000000000000000e+00
3.040000000000000000e+02 3.600000000000500000e+13 1.000000000000000000e+00 1.110504433240002697e+00 3.042173603470833820e-02 -1.000000000000000000e+00 -1.000000000000000000e+00 0.000000000000000000e+00 1.077297483400149858e+00 5.666201294886928641e-02 -1.000000000000000000e+00 -1.000000000000000000e+00
3.050000000000000000e+02 3.600000000001000000e+13 0.000000000000000000e+00 9.790023307293378441e-01 5.785068806238209682e-02 -1.000000000000000000e+00 -1.000000000000000000e+00 0.000000000000000000e+00 9.200931853481862932e-01 8.574155244175132862e-02 -1.000000000000000000e+00 -1.000000000000000000e+00
3.060000000000000000e+02 3.600000000006700000e+13 0.000000000000000000e+00 9.429390540781302787e-01 1.133293580292721731e-01 -1.000000000000000000e+00 -1.000000000000000000e+00 0.000000000000000000e+00 1.164507481924615395e-01 2.190314076473327820e-01 -1.000000000000000000e+00 -1.000000000000000000e+00
3.070000000000000000e+02 3.600000000002200000e+13 0.000000000000000000e+00 8.342396153439697315e-01 9.541177084160649968e-02 1.324343734522040739e-01 1.324343734522040739e-01 0.000000000000000000e+00 7.413710717837090902e-01 2.520372611938855728e-02 -1.000000000000000000e+00 -1.000000000000000000e+00
3.080000000000000000e+02 3.600000000001200000e+13 0.000000000000000000e+00 1.069435197387519576e+00 9.166219808552011905e-02 -1.000000000000000000e+00 -1.000000000000000000e+00 0.000000000000000000e+00 9.528116850839613017e-01 1.122907039381310229e-01 -1.000000000000000000e+00 -1.000000000000000000e+00
3.090000000000000000e+02 3.600000000000300000e+13 1.000000000000000000e+00 1.103947764314282765e+00 3.769122366210810732e-02 -1.000000000000000000e+00 -1.000000000000000000e+00 1.000000000000000000e+00 1.074354899170097521e+00 2.821800994903566132e-02 -1.000000000000000000e+00 -1.000000000000000000e+00
3.100000000000000000e+02 3.600000000035300000e+13 0.000000000000000000e+00 8.737696740621656577e-01 1.769842271691935420e-01 1.000000000000000000e+00 1.000000000000000000e+00 0.000000000000000000e+00 8.737696740621656577e-01 1.769876914774613230e-01 1.041380569744751549e+10 1.041380569744751549e+10
3.110000000000000000e+02 -1.000000000000000000e+00 -1.000000000000000000e+00 -1.000000000000000000e+00 -1.000000000000000000e+00 -1.000000000000000000e+00 -1.000000000000000000e+00 -1.000000000000000000e+00 -1.000000000000000000e+00 -1.000000000000000000e+00 -1.000000000000000000e+00 -1.000000000000000000e+00
3.120000000000000000e+02 3.600000000078700000e+13 0.000000000000000000e+00 6.897986563212790134e-01 1.293903559230765443e-01 -1.000000000000000000e+00 -1.000000000000000000e+00 0.000000000000000000e+00 nan 1.374211555384169670e-01 -1.000000000000000000e+00 -1.000000000000000000e+00
3.130000000000000000e+02 3.600000000001700000e+13 0.000000000000000000e+00 1.031085831495171190e+00 1.242651884094513604e-01 -1.000000000000000000e+00 -1.000000000000000000e+00 0.000000000000000000e+00 9.804533726435397112e-01 1.672663504591146710e-01 -1.000000000000000000e+00 -1.000000000000000000e+00
3.140000000000000000e+02 3.600000000041800000e+13 0.000000000000000000e+00 7.032655038972551731e-01 7.648153953678366035e-02 -1.000000000000000000e+00 -1.000000000000000000e+00 0.000000000000000000e+00 8.565776825920762283e-01 8.894723125268240438e-02 -1.000000000000000000e+00 -1.000000000000000000e+00
3.150000000000000000e+02 3.600000000054400000e+13 0.000000000000000000e+00 1.030457215503838508e+00 1.339605155400981351e-01 -1.000000000000000000e+00 -1.000000000000000000e+00 0.000000000000000000e+00 8.660947587342924248e-01 1.004130564385502383e-01 -1.000000000000000000e+00 -1.000000000000000000e+00
3.160000000000000000e+02 3.600000000000200000e+13 0.000000000000000000e+00 1.163323737944445879e+00 7.526294257922352959e-02 6.313081236636007565e-02 6.313081236636007565e-02 0.000000000000000000e+00 1.082017298381064974e+00 1.316310145338584203e-01 7.117134322657328844e+08 7.117134322657328844e+08
3.170000000000000000e+02 3.600000000000300000e+13 0.000000000000000000e+00 9.839796771648197105e-01 4.739241264332957199e-02 -1.000000000000000000e+00 -1.000000000000000000e+00 0.000000000000000000e+00 8.670397597759448294e-01 5.495684168263943736e-02 -1.000000000000000000e+00 -1.000000000000000000e+00
3.180000000000000000e+02 3.600000000053400000e+13 0.000000000000000000e+00 1.298320235364570863e+00 3.731302377388213271e-02 -1.000000000000000000e+00 -1.000000000000000000e+00 0.000000000000000000e+00 1.153801496574427432e+00 3.179948097760090797e-02 -1.000000000000000000e+00 -1.000000000000000000e+00
3.190000000000000000e+02 3.600000000000200000e+13 0.000000000000000000e+00 1.183283490173072217e+00 7.750478266854751719e-02 8.111047731268425376e-02 4.836716216168731458e-02 0.000000000000000000e+00 1.081010453287601925e+00 8.587787682371791909e-02 9.450326855302293301e+08 5.635344614349524975e+08
3.200000000000000000e+02 3.600000000031400000e+13 0.000000000000000000e+00 1.299365755601620709e+00 1.331942950207872789e-01 -1.000000000000000000e+00 -1.000000000000000000e+00 0.000000000000000000e+00 1.155045149552587969e+00 9.925163766586209135e-02 -1.000000000000000000e+00 -1.000000000000000000e+00
3.210000000000000000e+02 -1.000000000000000000e+00 -1.000000000000000000e+00 -1.000000000000000000e+00 -1.000000000000000000e+00 -1.000000000000000000e+00 -1.000000000000000000e+00 -1.000000000000000000e+00 -1.000000000000000000e+00 -1.000000000000000000e+00 -1.000000000000000000e+00 -1.000000000000000000e+00
3.220000000000000000e+02 3.600000000000700000e+13 0.000000000000000000e+00 1.017405136598562132e+00 1.037717897979765630e-01 -1.000000000000000000e+00 -1.000000000000000000e+00 0.000000000000000000e+00 1.004011150978707301e+00 1.281407846429030439e-01 -1.000000000000000000e+00 -1.000000000000000000e+00
3.230000000000000000e+02 3.600000000037100000e+13 0.000000000000000000e+00 8.421180729188851855e-01 6.622373910090857685e-02 -1.000000000000000000e+00 -1.000000000000000000e+00 0.000000000000000000e+00 nan 8.000487878881959447e-02 -1.000000000000000000e+00 -1.000000000000000000e+00
3.240000000000000000e+02 3.600000000002200000e+13 0.000000000000000000e+00 8.861357882686491383e-01 1.207126094641117475e-01 -1.000000000000000000e+00 -1.000000000000000000e+00 0.000000000000000000e+00 9.320340640553338440e-01 9.459979707815707739e-02 -1.000000000000000000e+00 -1.000000000000000000e+00
