# rID[0] Hid[1]   R200: DS[2], eta[3], detla[4], fm[5], fm2[6];   R500: DS[7], eta[8], detla[9], fm[10], fm2[11]
1.000000000000000000e+00 5.800000000000200000e+13 0.000000000000000000e+00 1.196068187842252106e+00 9.498754882059987081e-02 1.192680502606652954e-01 3.158347049655513966e-02 0.000000000000000000e+00 1.140729112601899686e+00 1.160021473379468787e-01 1.405033378152333498e+09 3.826657315611242056e+08
2.000000000000000000e+00 5.800000000000100000e+13 0.000000000000000000e+00 1.284464999898643711e+00 8.278397557292667408e-02 1.393371766143157442e-01 3.608827880313878606e-02 0.000000000000000000e+00 1.352040836842664850e+00 1.028649897351762155e-01 1.311639913925704718e+09 4.262376298569364548e+08
3.000000000000000000e+00 5.800000000000100000e+13 1.000000000000000000e+00 1.108466035978852071e+00 3.606180066130502265e-02 9.079291599115252298e-02 4.226104879974446060e-02 0.000000000000000000e+00 1.174217064995104476e+00 6.013310983209800564e-02 1.355341409288713455e+09 6.308658424831990004e+08
4.000000000000000000e+00 5.800000000000400000e+13 0.000000000000000000e+00 7.983002627984353561e-01 2.643684043685808893e-01 3.315264283582584626e-01 2.852986039725436962e-01 0.000000000000000000e+00 1.543335526197713081e+00 1.479178921935026259e-01 9.511856672712295055e+08 6.100875784677304029e+08
5.000000000000000000e+00 5.800000000011100000e+13 0.000000000000000000e+00 1.012826652027696950e+00 4.645220748036466007e-02 -1.000000000000000000e+00 -1.000000000000000000e+00 0.000000000000000000e+00 8.867178660714387650e-01 5.388113856976460558e-02 -1.000000000000000000e+00 -1.000000000000000000e+00
6.000000000000000000e+00 5.800000000000100000e+13 0.000000000000000000e+00 1.182302575442134795e+00 8.427432456711307640e-02 1.867867320311342172e-01 4.478555933330039679e-02 0.000000000000000000e+00 1.334530027244314798e+00 1.107759979825169439e-01 1.527343097327284813e+09 6.106246326476088762e+08
7.000000000000000000e+00 5.800000000000200000e+13 0.000000000000000000e+00 1.233164318792536740e+00 1.247987073790453871e-01 2.550439541660555753e-01 1.464122887002875795e-01 0.000000000000000000e+00 1.388593956872461455e+00 4.242297807816545335e-02 1.542092130066465139e+09 8.209595950310686827e+08
8.000000000000000000e+00 5.800000000010400000e+13 0.000000000000000000e+00 1.135397173313379193e+00 4.569118446870980288e-02 -1.000000000000000000e+00 -1.000000000000000000e+00 0.000000000000000000e+00 1.152369894659201366e+00 3.584944300280001189e-02 -1.000000000000000000e+00 -1.000000000000000000e+00
9.000000000000000000e+00 5.800000000000400000e+13 0.000000000000000000e+00 1.099926501366744080e+00 5.413214177350522682e-02 1.035081164845955554e-01 2.575733398797103169e-02 0.000000000000000000e+00 1.113464873638907671e+00 3.697673240104283610e-02 1.182643102994884253e+09 3.832993163273852468e+08
1.000000000000000000e+01 5.800000000000200000e+13 0.000000000000000000e+00 1.067111827458615325e+00 8.366796986724626961e-02 1.096707951429056749e-01 2.199639196524637297e-02 0.000000000000000000e+00 1.111071356931844001e+00 7.160035529512609465e-02 1.024842774434047103e+09 2.483927336049722731e+08
1.100000000000000000e+01 5.800000000004700000e+13 0.000000000000000000e+00 3.025977977844786504e-01 1.491219718815559037e-01 4.459439729574223299e-01 3.378114211737629491e-01 0.000000000000000000e+00 1.156297785327295546e+00 9.061924633957801900e-02 1.775142242181485653e+09 1.440126538223797321e+09
1.200000000000000000e+01 5.800000000000200000e+13 0.000000000000000000e+00 1.356090944847714530e+00 1.303751596090766407e-01 1.519272293593338097e-01 6.230761183412143744e-02 0.000000000000000000e+00 1.364739544305707764e+00 1.502463317486018024e-01 1.588631138255296230e+09 7.631041819372910261e+08
1.300000000000000000e+01 5.800000000008000000e+13 0.000000000000000000e+00 1.350886704630750668e+00 5.758719948577287889e-02 -1.000000000000000000e+00 -1.000000000000000000e+00 0.000000000000000000e+00 1.385792368580026857e+00 6.474658970693605853e-02 -1.000000000000000000e+00 -1.000000000000000000e+00
1.400000000000000000e+01 5.800000000007700000e+13 1.000000000000000000e+00 1.012976403862576369e+00 3.248896238017331961e-02 -1.000000000000000000e+00 -1.000000000000000000e+00 1.000000000000000000e+00 1.012522652269536305e+00 3.464451779732012626e-02 -1.000000000000000000e+00 -1.000000000000000000e+00
1.500000000000000000e+01 5.800000000000200000e+13 0.000000000000000000e+00 1.015577343723742088e+00 1.366476932943826161e-01 1.125633823917466109e-01 4.637186220516006929e-02 0.000000000000000000e+00 1.367708388669507391e+00 1.648161019726071541e-01 8.309527933984094858e+08 7.894113348716554642e+08
1.600000000000000000e+01 5.800000000000200000e+13 1.000000000000000000e+00 1.109143589559250520e+00 3.838698384365148847e-02 1.522577260501876625e-02 6.630092832977895617e-03 0.000000000000000000e+00 1.243143988447231507e+00 3.794616584985559954e-02 2.451678901847499609e+08 1.067588432953756899e+08
1.700000000000000000e+01 5.800000000000200000e+13 0.000000000000000000e+00 1.404453534874815945e+00 6.173901089046877899e-02 9.382641151408828428e-02 2.545182771830582433e-02 0.000000000000000000e+00 1.596317475569364985e+00 6.208721610859590373e-02 1.261193616866286516e+09 3.421177698039519787e+08
1.800000000000000000e+01 5.800000000001200000e+13 0.000000000000000000e+00 1.131428536497709247e+00 6.104912744676257996e-02 6.577869264421164208e-02 3.905438065144899856e-02 0.000000000000000000e+00 1.559525574431847250e+00 4.972673491756365166e-02 3.275728496389680505e+08 2.639504267399234772e+08
1.900000000000000000e+01 5.800000000000100000e+13 0.000000000000000000e+00 1.346016780541172686e+00 4.047572077704773841e-02 1.420277488896651563e-01 3.588592245122011748e-02 0.000000000000000000e+00 1.386174298196477972e+00 7.085481202911912690e-02 1.822219805162264347e+09 4.643960368378421664e+08
2.000000000000000000e+01 5.800000000010800000e+13 0.000000000000000000e+00 5.318698518076969695e-01 1.510257909709538104e-01 5.154355045443952399e-01 4.257515730598928072e-01 0.000000000000000000e+00 1.174961794798248471e+00 6.656433899763469775e-02 1.686276996315933704e+09 1.686276996315933704e+09
2.100000000000000000e+01 5.800000000002500000e+13 0.000000000000000000e+00 1.659512833581578972e+00 1.682349164116641316e-01 2.016686653857196476e-01 1.214773957022019096e-01 0.000000000000000000e+00 1.560710736207538973e+00 2.289486594974168843e-01 2.445112124712826729e+09 1.556223222991374969e+09
2.200000000000000000e+01 5.800000000001200000e+13 0.000000000000000000e+00 1.418047402293977743e+00 1.775545384611666444e-01 2.459291981609235400e-01 1.399669174629775137e-01 0.000000000000000000e+00 1.341303229896241067e+00 2.406755207891013160e-01 2.683424925002406120e+09 1.708881627146500349e+09
2.300000000000000000e+01 5.800000000063700000e+13 0.000000000000000000e+00 1.050183410016466423e+00 1.195026634804957771e-01 8.763419309518234723e-02 8.763419309518234723e-02 0.000000000000000000e+00 8.254986362435565717e-01 1.192761636792800256e-01 1.151381302496311665e+09 1.151381302496311665e+09
2.400000000000000000e+01 5.800000000000600000e+13 0.000000000000000000e+00 1.740408428915443784e+00 6.945954016562962130e-02 7.820189891725416731e-02 5.325787954239950828e-02 0.000000000000000000e+00 1.655817609760775300e+00 9.694460424967604739e-02 8.047380872989408970e+08 7.633742040997792482e+08
2.500000000000000000e+01 5.800000000030200000e+13 0.000000000000000000e+00 1.230450603489250394e+00 1.271847754367206595e-01 1.423288942078991537e-01 1.423288942078991537e-01 0.000000000000000000e+00 9.693888431910390180e-01 1.376341153964033281e-01 1.748839755700761080e+09 1.748839755700761080e+09
2.600000000000000000e+01 5.800000000002300000e+13 0.000000000000000000e+00 1.247447989745859687e+00 6.772067128957180715e-02 1.269816279891050614e-01 9.610396463611159401e-02 0.000000000000000000e+00 1.371542230253519401e+00 1.324324514935514840e-01 1.837232920113970041e+09 1.390479633778850317e+09
2.700000000000000000e+01 5.800000000000200000e+13 0.000000000000000000e+00 1.703121121191808474e+00 1.143385404679470863e-01 1.484982850585186143e-01 5.961850073712397086e-02 0.000000000000000000e+00 1.613708479662237849e+00 1.274424277146427864e-01 1.847343910636403322e+09 7.416642842346409559e+08
2.800000000000000000e+01 5.800000000004100000e+13 0.000000000000000000e+00 1.265174208174261183e+00 2.286456844559757173e-01 2.489957497723092328e-01 1.981275782631212456e-01 0.000000000000000000e+00 6.162733420484977076e-01 2.622991267500970891e-01 2.997821717426282883e+09 2.997821717426282883e+09
2.900000000000000000e+01 5.800000000000100000e+13 0.000000000000000000e+00 1.501016288532501353e+00 9.216513726046719757e-02 2.438591901698031195e-01 7.406492187122054593e-02 0.000000000000000000e+00 1.315075108918636548e+00 1.011860661600273020e-01 1.892232093446942568e+09 7.280322054621104002e+08
3.000000000000000000e+01 5.800000000000800000e+13 0.000000000000000000e+00 1.318734191096075703e+00 1.124392435384879707e-01 1.583254694937256679e-01 7.051285157940286041e-02 0.000000000000000000e+00 1.282723839725904424e+00 1.192804255394608187e-01 1.434790116898485422e+09 9.285886388128124475e+08
3.100000000000000000e+01 5.800000000000400000e+13 0.000000000000000000e+00 1.099002175872970888e+00 1.858473200383629897e-01 3.917694663243301845e-01 1.621591586046884359e-01 0.000000000000000000e+00 1.105887674621359507e+00 2.732113090282454748e-01 3.112884223876051903e+09 1.955739412850393295e+09
3.200000000000000000e+01 5.800000000000100000e+13 0.000000000000000000e+00 1.253509065508396469e+00 7.214534034214471758e-02 8.823394692547362195e-02 1.875998280986999889e-02 0.000000000000000000e+00 1.415115923830438716e+00 8.099746749122858913e-02 9.934005261701179743e+08 2.746958051299785972e+08
3.300000000000000000e+01 5.800000000000800000e+13 0.000000000000000000e+00 1.179575287394876826e+00 7.739726937195906542e-02 1.357173622134695834e-01 4.937073014806667853e-02 0.000000000000000000e+00 1.411991848302342145e+00 1.088676537822370893e-01 1.211610264047606707e+09 7.377442778526303768e+08
3.400000000000000000e+01 5.800000000000100000e+13 0.000000000000000000e+00 1.210948936507041385e+00 6.035013421094186786e-02 5.515831390831391068e-02 1.518376068376068450e-02 0.000000000000000000e+00 1.509017320456743860e+00 5.005946730296169378e-02 4.107398201294749975e+08 2.447669786828046739e+08
3.500000000000000000e+01 5.800000000000400000e+13 0.000000000000000000e+00 1.256141084616152259e+00 1.512638433761011036e-01 1.999393721359526699e-01 1.198432404059943668e-01 0.000000000000000000e+00 1.379661355660078526e+00 8.151532039811806851e-02 1.215977091256367207e+09 5.271451109202842712e+08
3.600000000000000000e+01 5.800000000000100000e+13 0.000000000000000000e+00 1.179727456477291270e+00 3.168732750837693207e-02 2.447021301936230450e-02 1.760438289039371190e-02 0.000000000000000000e+00 1.286126200469007275e+00 1.029774602013945259e-02 1.016968624925638288e+08 3.555148620841749758e+07
3.700000000000000000e+01 5.800000000000200000e+13 0.000000000000000000e+00 1.173668414267806437e+00 3.605813963188518601e-02 3.627971895760560145e-02 1.257310507655318675e-02 0.000000000000000000e+00 1.486182713515004972e+00 3.043225762300907911e-02 1.974887159860956669e+08 1.107826646030065268e+08
3.800000000000000000e+01 5.800000000000100000e+13 0.000000000000000000e+00 1.412662057949432448e+00 4.368210417497241788e-02 6.853556853543674166e-02 2.308185645582680121e-02 0.000000000000000000e+00 1.596605437266668259e+00 5.494237286041415286e-02 6.219995856380435228e+08 3.298018090313175917e+08
3.900000000000000000e+01 5.800000000000100000e+13 0.000000000000000000e+00 2.951989574886711765e+00 7.949558512670969190e-02 1.376858217624605807e-01 1.065624036858201784e-01 0.000000000000000000e+00 2.867782493708106450e+00 1.258393431662072626e-01 1.774389496003329039e+09 1.380786624255174875e+09
4.000000000000000000e+01 5.800000000019700000e+13 0.000000000000000000e+00 8.635719556450389689e-01 6.981426561066592096e-02 6.758105771566567943e-02 3.782398079478715980e-02 0.000000000000000000e+00 8.151398392799287240e-01 9.464575408016004388e-02 9.214948601689517498e+08 5.157451669396705031e+08
4.100000000000000000e+01 5.800000000001800000e+13 0.000000000000000000e+00 1.227542697524311999e+00 1.116734323232212167e-01 3.580403839281156020e-01 1.877280849543064289e-01 0.000000000000000000e+00 1.587132934898077830e+00 1.260717552124105412e-01 2.082164778101698875e+09 2.082164778101698875e+09
4.200000000000000000e+01 5.800000000001400000e+13 1.000000000000000000e+00 1.078210123244726315e+00 3.626494490791166286e-02 4.306227417144280895e-02 3.145009188886119939e-02 0.000000000000000000e+00 1.324568856119999527e+00 6.409787740909901610e-02 8.076875655245321989e+08 5.898863597427614927e+08
4.300000000000000000e+01 5.800000000000100000e+13 0.000000000000000000e+00 1.469535259880382139e+00 3.365592702703649325e-02 9.962778318642856457e-02 4.740068954852649091e-02 0.000000000000000000e+00 1.569915063363275909e+00 3.512734020117338346e-02 7.655141524396659136e+08 4.458252574889035225e+08
4.400000000000000000e+01 5.800000000001200000e+13 0.000000000000000000e+00 1.404597419916861378e+00 1.953027195089909462e-01 1.965897550215881251e-01 8.851403899273244114e-02 0.000000000000000000e+00 1.412158716214210408e+00 2.325918717805820768e-01 2.504400412855019093e+09 1.211048041964066505e+09
4.500000000000000000e+01 5.800000000001600000e+13 0.000000000000000000e+00 1.233964967206034657e+00 1.386282071103731028e-02 2.962552144020903083e-02 2.256389691751282608e-02 0.000000000000000000e+00 1.303524232772540037e+00 2.319550523220036825e-02 4.400702831940320730e+08 3.351738644158951640e+08
4.600000000000000000e+01 5.800000000000200000e+13 0.000000000000000000e+00 2.218738249249154748e+00 9.300833394975044355e-02 1.750436795312557692e-01 2.593332963661232338e-02 0.000000000000000000e+00 2.253712179120449743e+00 1.208566668346381101e-01 1.596411873196250677e+09 3.128669284973350167e+08
4.700000000000000000e+01 5.800000000002500000e+13 1.000000000000000000e+00 1.100701993367070974e+00 3.955916564266535873e-02 2.956278441410694138e-02 2.956278441410694138e-02 0.000000000000000000e+00 1.111788436389270718e+00 4.859154990295759535e-02 3.345390108447831869e+08 3.345390108447831869e+08
4.800000000000000000e+01 5.800000000000100000e+13 0.000000000000000000e+00 1.199171818486630903e+00 1.004580860333375292e-01 1.915229724268143474e-01 6.590841914137667013e-02 0.000000000000000000e+00 1.139019670912820192e+00 1.339195172409798629e-01 1.384905421356364012e+09 5.952349570701355934e+08
4.900000000000000000e+01 5.800000000000300000e+13 0.000000000000000000e+00 1.843464878823252828e+00 2.570261962286616297e-01 1.088242843656620357e-01 6.088177697330950794e-02 0.000000000000000000e+00 1.758335217146005158e+00 3.220747900695621890e-01 1.551072006189912319e+09 8.677476769164463282e+08
5.000000000000000000e+01 5.800000000001300000e+13 0.000000000000000000e+00 8.737559106712787793e-01 1.353101832687523820e-01 2.675015520211249664e-01 2.304677048449290389e-01 0.000000000000000000e+00 1.158264155423637476e+00 7.387793286739370580e-02 2.954748673679831624e+08 2.954748673679831624e+08
5.100000000000000000e+01 5.800000000001900000e+13 0.000000000000000000e+00 1.471293805039761926e+00 1.721560102159356009e-01 2.561492991048809342e-01 1.868670832629623357e-01 0.000000000000000000e+00 1.406002436646612841e+00 1.922196546517230542e-01 2.859663183140053272e+09 2.086193169433809042e+09
5.200000000000000000e+01 5.800000000000100000e+13 0.000000000000000000e+00 1.269167901512570529e+00 1.917536615745892015e-01 1.909718705005203354e-01 1.258685332230886633e-01 0.000000000000000000e+00 1.153681730526626037e+00 2.427272835199683898e-01 2.194774678930709839e+09 1.680238008235136986e+09
5.300000000000000000e+01 5.800000000029300000e+13 0.000000000000000000e+00 8.458355000932578083e-01 1.254911824404287835e-01 1.908994077406914180e-01 1.908994077406914180e-01 0.000000000000000000e+00 8.717913831818053794e-01 8.638617187023883703e-02 -1.000000000000000000e+00 -1.000000000000000000e+00
5.400000000000000000e+01 5.800000000000100000e+13 0.000000000000000000e+00 2.208577603940669487e+00 5.354251557087772589e-02 5.248581482384665625e-02 3.655879738888765523e-02 0.000000000000000000e+00 2.045867482777366853e+00 8.165393715339469560e-02 6.662922754582406282e+08 4.987224010031307936e+08
5.500000000000000000e+01 5.800000000000100000e+13 0.000000000000000000e+00 1.220053169952005634e+00 3.663265844247990538e-02 1.764206983704082188e-01 4.606662530338145184e-02 0.000000000000000000e+00 1.225679261730418634e+00 9.899224104681762781e-02 1.908461463397184372e+09 6.489153303659261465e+08
5.600000000000000000e+01 5.800000000000100000e+13 0.000000000000000000e+00 1.533265217704906869e+00 1.217721784838915605e-01 3.006327341306135326e-01 8.940987335152747462e-02 0.000000000000000000e+00 1.519469675049022417e+00 1.686805188388252330e-01 1.874712267356341839e+09 1.141607661450113058e+09
5.700000000000000000e+01 5.800000000001900000e+13 0.000000000000000000e+00 1.323508146686075859e+00 1.295953004342984827e-01 2.154140556763759484e-01 5.747158441436635984e-02 0.000000000000000000e+00 1.401104614874577825e+00 8.909719843835171849e-02 2.395908455471263409e+09 8.196862687365722656e+08
5.800000000000000000e+01 5.800000000000300000e+13 0.000000000000000000e+00 1.010929147917875692e+00 1.267482654572178180e-01 1.657329358953285314e-01 9.210286843367286591e-02 0.000000000000000000e+00 1.270566268377273156e+00 9.819502021621087651e-02 1.026782105268482089e+09 8.182728175023899078e+08
5.900000000000000000e+01 5.800000000010200000e+13 0.000000000000000000e+00 1.468295150409701266e+00 8.150153487406479325e-02 -1.000000000000000000e+00 -1.000000000000000000e+00 0.000000000000000000e+00 1.243259752524331629e+00 3.919030224175291260e-02 -1.000000000000000000e+00 -1.000000000000000000e+00
6.000000000000000000e+01 5.800000000000100000e+13 0.000000000000000000e+00 1.369197312296987823e+00 1.768004713360411539e-01 2.765130721792756208e-01 1.614213883822152862e-01 0.000000000000000000e+00 1.291398365852105989e+00 1.878228466773564365e-01 3.115684572840710640e+09 2.472315643681836128e+09
6.100000000000000000e+01 5.800000000000600000e+13 0.000000000000000000e+00 1.388181632210630623e+00 2.448443427513215809e-01 3.206746911249787058e-01 1.976067275163413128e-01 0.000000000000000000e+00 4.310921258597121275e-01 2.548346427514793788e-01 4.943596776867688179e+09 3.060877857394556522e+09
6.200000000000000000e+01 5.800000000001400000e+13 0.000000000000000000e+00 1.061460983689864301e+00 4.514779268373821791e-02 3.147334375063971096e-02 1.888393801475254236e-02 0.000000000000000000e+00 1.113550282019667437e+00 5.005441666437206172e-02 2.274543120387843549e+08 2.274543120387843549e+08
6.300000000000000000e+01 5.800000000000100000e+13 0.000000000000000000e+00 1.311563742200388738e+00 1.611932713930644967e-01 2.082320616100384880e-01 7.101236414131972818e-02 0.000000000000000000e+00 1.150394956327037699e+00 2.306073983044902853e-01 2.017375750114842176e+09 8.938345581658203602e+08
6.400000000000000000e+01 5.800000000000100000e+13 0.000000000000000000e+00 1.213913791163541367e+00 1.905834929367870856e-01 9.479269015242851315e-02 4.676925843279556433e-02 0.000000000000000000e+00 1.343729547371669053e+00 2.005144954841984462e-01 1.209248514408997059e+09 5.966246573330273628e+08
6.500000000000000000e+01 5.800000000000300000e+13 0.000000000000000000e+00 1.648761933281028824e+00 9.045101461421752032e-02 1.748922234250953611e-01 4.969313846788328548e-02 0.000000000000000000e+00 1.626825227723297962e+00 8.700193322173138677e-02 1.433912907524217844e+09 4.303824648230963945e+08
6.600000000000000000e+01 5.800000000000400000e+13 0.000000000000000000e+00 1.507920262874387074e+00 1.098027657358595505e-01 1.327503795453159330e-01 1.261374323157560262e-01 0.000000000000000000e+00 1.366150578369543789e+00 1.551534457311681270e-01 1.681669663509564638e+09 1.597897452986096144e+09
6.700000000000000000e+01 5.800000000000100000e+13 0.000000000000000000e+00 1.193473697083689444e+00 6.504057718541345068e-02 2.559890124258777933e-01 1.077728362982210697e-01 0.000000000000000000e+00 1.374871263937112342e+00 6.105415301845567438e-02 2.010746259305434704e+09 6.135626839648855925e+08
6.800000000000000000e+01 5.800000000000100000e+13 0.000000000000000000e+00 1.319035453888708798e+00 2.553499771832914989e-02 5.064699880088086720e-02 1.910360842824692512e-02 0.000000000000000000e+00 1.352973861687202684e+00 5.161933409850224391e-02 6.431404551358268261e+08 2.690232318823682070e+08
6.900000000000000000e+01 5.800000000000800000e+13 0.000000000000000000e+00 1.118237039239088126e+00 5.694920990327151378e-02 6.558784449663410121e-02 2.539996175664478370e-02 0.000000000000000000e+00 1.000548015754437081e+00 3.249833791718412940e-02 4.425363154337267876e+08 2.197734283077086806e+08
7.000000000000000000e+01 5.800000000000200000e+13 0.000000000000000000e+00 1.329518627400376740e+00 1.564670208378051430e-01 1.752411717642314570e-01 9.371711464748189169e-02 0.000000000000000000e+00 9.403760664417974979e-01 8.327949334132551951e-02 1.221716915236127377e+09 8.479699901747330427e+08
7.100000000000000000e+01 5.800000000000800000e+13 0.000000000000000000e+00 1.161872222187104953e+00 8.868904713944857077e-02 1.382147032167391210e-01 1.056466972272207816e-01 0.000000000000000000e+00 1.328740827129252455e+00 1.024890972167916553e-01 1.716386942879661560e+09 1.311948783009084463e+09
7.200000000000000000e+01 5.800000000000200000e+13 1.000000000000000000e+00 1.097232014564087255e+00 1.532467448515135999e-02 3.702242082452351923e-02 1.756448408966072502e-02 0.000000000000000000e+00 1.114808430573987597e+00 3.744359949513525326e-02 2.457871219678787291e+08 2.418789940519670248e+08
7.300000000000000000e+01 5.800000000000200000e+13 0.000000000000000000e+00 1.403576369384016642e+00 1.076833583282015838e-01 9.014895139932717349e-02 3.715601364731706269e-02 0.000000000000000000e+00 1.170738998342923276e+00 1.313367554853194230e-01 1.103420375135344505e+09 5.072834693040897846e+08
7.400000000000000000e+01 5.800000000000100000e+13 0.000000000000000000e+00 1.171522289532951788e+00 3.847720985779251590e-02 2.021632839584508110e-02 1.373316522531023084e-02 0.000000000000000000e+00 1.077067799198522025e+00 2.719156614172659608e-02 1.229162027330610342e+07 1.229162027330610342e+07
7.500000000000000000e+01 5.800000000000600000e+13 0.000000000000000000e+00 1.224195665265507715e+00 5.846776262115005451e-02 8.676243019039109328e-02 4.001836694613561396e-02 0.000000000000000000e+00 1.293071488038014971e+00 7.047494910235364840e-02 1.096392475581019402e+09 5.057008697025005221e+08
7.600000000000000000e+01 5.800000000000100000e+13 0.000000000000000000e+00 1.750867673263200475e+00 1.118718377698815769e-01 1.463604646844463009e-01 7.139846343105168969e-02 0.000000000000000000e+00 1.788166081228393489e+00 1.374419579661579904e-01 1.465934869205138445e+09 8.526479466791425943e+08
7.700000000000000000e+01 5.800000000000500000e+13 0.000000000000000000e+00 1.273876951749392639e+00 5.403130431552549684e-02 2.238617264400496673e-02 1.869748609886451654e-02 0.000000000000000000e+00 1.340173655964879584e+00 6.919329716481971426e-02 3.333337931283744574e+08 2.784086436932143569e+08
7.800000000000000000e+01 5.800000000000700000e+13 0.000000000000000000e+00 1.436062577696155307e+00 1.477334882401373506e-01 2.857046419192543762e-01 9.482274843877019910e-02 0.000000000000000000e+00 1.221755570557869985e+00 2.184086825144634647e-01 3.611624981474756718e+09 1.437669443098685980e+09
7.900000000000000000e+01 5.800000000001600000e+13 0.000000000000000000e+00 1.367684823757404633e+00 7.487824637100033709e-02 1.601088510874437154e-01 1.151375578938381716e-01 0.000000000000000000e+00 1.479242494851035206e+00 1.416333254814971521e-01 2.021862065510475636e+09 2.021862065510475636e+09
8.000000000000000000e+01 5.800000000000200000e+13 0.000000000000000000e+00 1.532387677850282959e+00 2.212053992608948583e-01 2.718113190701569315e-01 2.451490285742433661e-01 0.000000000000000000e+00 1.638689931222316210e+00 1.233748823246992171e-01 3.618425678318394423e+08 3.026425908525382280e+08
8.100000000000000000e+01 5.800000000000500000e+13 0.000000000000000000e+00 8.779506945779035343e-01 1.519504202675987237e-01 -1.000000000000000000e+00 -1.000000000000000000e+00 0.000000000000000000e+00 1.090211688408900148e+00 1.598682776609569034e-01 -1.000000000000000000e+00 -1.000000000000000000e+00
8.200000000000000000e+01 5.800000000006900000e+13 0.000000000000000000e+00 1.600674276071015978e+00 8.666661382253151857e-02 6.452899859876091992e-02 6.452899859876091992e-02 0.000000000000000000e+00 1.313959436071834075e+00 9.361522754506398925e-02 7.234271656575049162e+08 7.234271656575049162e+08
8.300000000000000000e+01 5.800000000001200000e+13 0.000000000000000000e+00 1.408582172041392244e+00 3.707880535919055864e-02 2.523666002725652446e-02 2.523666002725652446e-02 0.000000000000000000e+00 1.375959284177945552e+00 2.961216957089325350e-02 3.553194415478826165e+08 3.553194415478826165e+08
8.400000000000000000e+01 5.800000000007500000e+13 1.000000000000000000e+00 1.054087377770024592e+00 1.765705670024471721e-02 -1.000000000000000000e+00 -1.000000000000000000e+00 0.000000000000000000e+00 1.101279612280589904e+00 4.300224661757783007e-02 -1.000000000000000000e+00 -1.000000000000000000e+00
8.500000000000000000e+01 5.800000000012500000e+13 0.000000000000000000e+00 1.513441522937136297e+00 1.398857806640513013e-01 1.215484516209394794e+00 1.000000000000000000e+00 0.000000000000000000e+00 1.484695211403689319e+00 1.185543175439178060e-01 1.483060084278343773e+10 1.262521549617229462e+10
8.600000000000000000e+01 5.800000000011000000e+13 0.000000000000000000e+00 8.117923583002890631e-01 1.793214099550640150e-01 4.015675044406215588e-01 3.081721422677240474e-01 0.000000000000000000e+00 1.118164924928159998e+00 2.087838697277246136e-01 1.699286797458077192e+09 1.699286797458077192e+09
8.700000000000000000e+01 5.800000000000100000e+13 0.000000000000000000e+00 1.356936555446660586e+00 9.539483119572171599e-02 1.099136645085380809e-01 5.508458922343072856e-02 0.000000000000000000e+00 1.218679603106281428e+00 1.126275131215893621e-01 1.241621385531261683e+09 7.683975320239269733e+08
8.800000000000000000e+01 5.800000000000500000e+13 0.000000000000000000e+00 1.172816114246884034e+00 4.853828450492968238e-02 6.894927820185269007e-02 6.600390810723261170e-02 0.000000000000000000e+00 1.109109112658068330e+00 6.690375755216998455e-02 1.040313348329938650e+09 9.958733207456794977e+08
8.900000000000000000e+01 5.800000000000100000e+13 0.000000000000000000e+00 1.295844988401484654e+00 1.034064726568686421e-01 6.286375127879635649e-02 3.005265159427741861e-02 0.000000000000000000e+00 1.569344361542512445e+00 7.790548093636090465e-02 7.384045669747738838e+08 4.723728528587783575e+08
9.000000000000000000e+01 5.800000000001000000e+13 0.000000000000000000e+00 9.834883975846157034e-01 1.225679041491018889e-01 1.781302698374445104e-01 1.219285357049383345e-01 0.000000000000000000e+00 1.439855689224083024e+00 4.562104267399408331e-02 5.870176939817653894e+08 4.147220353907145262e+08
9.100000000000000000e+01 5.800000000003300000e+13 0.000000000000000000e+00 1.083137629538971636e+00 9.545587073729881744e-02 7.362897645267799107e-02 5.158886758008923018e-02 0.000000000000000000e+00 8.662598978940110328e-01 1.193195033575225883e-01 9.447753891574256420e+08 6.619661822339099646e+08
9.200000000000000000e+01 5.800000000000400000e+13 0.000000000000000000e+00 1.216492089407119614e+00 4.584965475380805427e-02 6.077286594988112051e-02 3.036870270232359253e-02 0.000000000000000000e+00 1.517985474313047423e+00 1.130646542423619089e-01 4.579801564174026251e+08 4.579801564174026251e+08
9.300000000000000000e+01 5.800000000000100000e+13 0.000000000000000000e+00 1.145295006635052237e+00 2.530638084191886295e-01 2.307334846837628684e-01 8.500085267847626302e-02 0.000000000000000000e+00 1.585324091847709838e+00 2.520795406487803536e-01 2.593550296027582645e+09 1.271845073993055344e+09
9.400000000000000000e+01 5.800000000003300000e+13 0.000000000000000000e+00 1.399710860144451674e+00 8.445591752610104308e-02 2.466425640361107618e-01 8.705887434668048430e-02 0.000000000000000000e+00 1.375675538667338715e+00 9.009549794706811499e-02 1.484689330494924068e+09 9.022018859912893772e+08
9.500000000000000000e+01 5.800000000000300000e+13 1.000000000000000000e+00 1.054512515710680498e+00 3.964895616144331614e-02 4.884993315339403869e-02 2.042823869703772749e-02 0.000000000000000000e+00 1.320167814792643668e+00 4.519300991172759546e-02 7.566943442254073620e+08 3.164371307529835105e+08
9.600000000000000000e+01 5.800000000010500000e+13 0.000000000000000000e+00 5.118861109708759960e-01 2.929294599162521329e-01 5.681995303781381956e-01 4.342975450054284425e-01 0.000000000000000000e+00 1.215966935347432054e+00 1.195177368534552365e-01 -1.000000000000000000e+00 -1.000000000000000000e+00
9.700000000000000000e+01 5.800000000001400000e+13 0.000000000000000000e+00 1.590786049968735405e+00 2.469626108079351623e-01 1.753647436333096998e-01 1.403210773129314470e-01 0.000000000000000000e+00 1.378058797547644154e+00 2.722170386340387882e-01 2.406163493803746223e+09 2.237049204890872002e+09
9.800000000000000000e+01 5.800000000002800000e+13 0.000000000000000000e+00 1.149449920164282934e+00 2.209289923842462366e-01 1.856068503350707388e-01 1.157633022654718791e-01 0.000000000000000000e+00 1.295826348454927279e+00 1.847074446800686942e-01 1.069147584998056889e+09 1.069147584998056889e+09
9.900000000000000000e+01 5.800000000000200000e+13 0.000000000000000000e+00 1.187292715609024274e+00 5.676080382792875884e-02 6.663215391419725908e-02 5.764382676147382367e-02 0.000000000000000000e+00 1.326807706300260570e+00 4.339731740561658668e-02 9.496058867700567842e+07 7.397084546033862233e+07
1.000000000000000000e+02 5.800000000014000000e+13 0.000000000000000000e+00 9.152803874457116073e-01 9.687529129325116173e-02 1.295775755648340966e-01 6.941021984673308165e-02 0.000000000000000000e+00 8.348889459163441051e-01 1.250113484203016212e-01 1.343795816901247025e+09 9.679467249856789112e+08
1.010000000000000000e+02 5.800000000013100000e+13 0.000000000000000000e+00 1.145948906713989857e+00 1.029510102547831207e-01 1.214597921174218609e-01 5.553605314078942368e-02 0.000000000000000000e+00 1.151799492448339901e+00 7.240204024651890335e-02 1.018740563365591049e+09 7.306068649412039518e+08
1.020000000000000000e+02 5.800000000000300000e+13 0.000000000000000000e+00 1.170731977589316575e+00 3.294643760531498766e-02 8.055511312724014661e-02 3.939362119175627425e-02 0.000000000000000000e+00 1.317967512878545078e+00 3.784018646052976498e-02 1.123839614734530210e+09 5.916941585676226616e+08
1.030000000000000000e+02 5.800000000000600000e+13 0.000000000000000000e+00 1.180825142123436589e+00 8.077110496109610183e-02 7.620102756290356161e-02 5.369574261544862032e-02 0.000000000000000000e+00 9.773481136307857753e-01 4.771968743835619531e-02 1.080174171828835964e+09 7.611544905020766258e+08
1.040000000000000000e+02 5.800000000000200000e+13 0.000000000000000000e+00 1.406139724168562477e+00 1.079498682472164739e-01 6.838859130172827983e-02 2.390969010440131479e-02 0.000000000000000000e+00 1.532564193488909154e+00 1.073919256352935669e-01 9.061696055843161345e+08 3.471185282444072366e+08
1.050000000000000000e+02 5.800000000000600000e+13 0.000000000000000000e+00 1.054189600904760660e+00 5.738956860101847995e-02 2.763890328276562558e-01 1.441208547077594271e-01 0.000000000000000000e+00 9.984741250535201784e-01 1.607949673722514350e-01 1.431799662509589434e+09 1.323769877725412130e+09
1.060000000000000000e+02 5.800000000000300000e+13 0.000000000000000000e+00 6.400142408386928494e-01 1.403686057463617853e-01 4.730468740135939654e-01 3.664537783295805928e-01 0.000000000000000000e+00 1.421083071234470419e+00 8.926837580451502108e-02 1.597836267097454786e+09 9.621002550093001127e+08
1.070000000000000000e+02 5.800000000000100000e+13 0.000000000000000000e+00 1.067901319321128861e+00 1.110556294004129002e-01 1.408580696151803535e-01 8.196587403697513929e-02 0.000000000000000000e+00 1.212671256637537942e+00 2.102835134337593392e-01 1.895669563793602467e+09 1.150590964236763716e+09
1.080000000000000000e+02 5.800000000000100000e+13 0.000000000000000000e+00 1.349968969579939060e+00 1.188906299029613700e-01 1.085790045957601563e-01 3.903406875984399838e-02 0.000000000000000000e+00 1.321118227732487771e+00 1.569401551345191714e-01 1.235042713104619265e+09 4.597725907991288304e+08
1.090000000000000000e+02 5.800000000003400000e+13 0.000000000000000000e+00 1.124601052919246280e+00 6.052062066402111307e-02 -1.000000000000000000e+00 -1.000000000000000000e+00 0.000000000000000000e+00 1.071181564153095733e+00 7.376994357439096983e-02 -1.000000000000000000e+00 -1.000000000000000000e+00
1.100000000000000000e+02 5.800000000000300000e+13 0.000000000000000000e+00 9.309922807476512796e-01 1.782667869042539599e-01 3.142277407502349629e-01 2.811693582842006434e-01 0.000000000000000000e+00 1.507045284250287054e+00 4.848398643042492462e-02 3.644483377923302054e+08 3.644483377923302054e+08
1.110000000000000000e+02 5.800000000001000000e+13 0.000000000000000000e+00 1.233178137686605336e+00 6.173827005868152279e-02 2.676081682167407924e-02 1.158212023183717403e-02 0.000000000000000000e+00 1.225979557092826688e+00 8.477122668990372256e-02 3.862391882559284568e+08 1.671648793995036483e+08
1.120000000000000000e+02 5.800000000000300000e+13 0.000000000000000000e+00 1.388853169135581656e+00 1.524001000576991893e-01 4.462968604552762786e-01 1.940213252094440122e-01 0.000000000000000000e+00 9.024399386926331701e-01 1.752803675273836570e-01 5.451258370039840698e+09 2.369858420996426582e+09
1.130000000000000000e+02 5.800000000000600000e+13 1.000000000000000000e+00 1.027554288842465358e+00 2.923386439440523246e-02 -1.000000000000000000e+00 -1.000000000000000000e+00 1.000000000000000000e+00 1.113543001486373640e+00 2.019803761872514952e-02 -1.000000000000000000e+00 -1.000000000000000000e+00
1.140000000000000000e+02 5.800000000000200000e+13 0.000000000000000000e+00 1.275341254400798929e+00 3.805813904343767484e-02 1.099571314202946321e-01 3.179338132037134307e-02 0.000000000000000000e+00 1.385695896727892507e+00 5.525565721781090095e-02 1.557175610914148331e+09 4.502470857605341673e+08
1.150000000000000000e+02 5.800000000001300000e+13 0.000000000000000000e+00 8.121905077678103213e-01 9.432565883694765674e-02 3.580948505152391909e-02 2.345328934300345419e-02 0.000000000000000000e+00 1.198998643990449642e+00 3.731632698738730769e-02 6.971289296117551327e+08 4.565820053552260995e+08
1.160000000000000000e+02 5.800000000000500000e+13 0.000000000000000000e+00 1.470385406920407201e+00 1.594704531058887542e-01 2.135166588503965845e-01 1.812103664131476388e-01 0.000000000000000000e+00 1.359535998259075562e+00 2.457536083921191272e-01 2.244060533479001045e+09 2.244060533479001045e+09
1.170000000000000000e+02 5.800000000000200000e+13 0.000000000000000000e+00 1.469451040560471711e+00 3.963400605908951740e-02 8.070708842546539530e-02 5.044186087821515146e-02 0.000000000000000000e+00 1.566745555893208852e+00 2.331639326302574478e-02 8.605421358286213875e+08 6.642918885944229364e+08
1.180000000000000000e+02 5.800000000000100000e+13 0.000000000000000000e+00 1.919052479568005287e+00 2.932898330941731690e-01 2.366468543944281189e-01 1.193379575447910956e-01 0.000000000000000000e+00 1.896282375679727572e+00 3.516633820548332179e-01 3.179329713845123291e+09 1.959098671605097055e+09
1.190000000000000000e+02 5.800000000000200000e+13 0.000000000000000000e+00 2.665782898580435933e+00 1.939806592942401042e-01 2.622768523088097048e-01 6.286946076559925267e-02 0.000000000000000000e+00 2.675498611456737397e+00 2.049143256353063158e-01 2.809450218198213100e+09 9.325862462117545605e+08
1.200000000000000000e+02 5.800000000000100000e+13 0.000000000000000000e+00 1.611922751722973723e+00 1.520146011115781903e-01 1.508766432280977399e-01 9.918083986222404891e-02 0.000000000000000000e+00 1.453580087567047263e+00 1.814621997626541805e-01 1.805055200895454168e+09 1.266438189076724529e+09
1.210000000000000000e+02 5.800000000000500000e+13 0.000000000000000000e+00 1.165681855479451245e+00 4.896748754501735468e-02 1.455213958956658171e-01 6.220447814061452058e-02 0.000000000000000000e+00 1.120204380976802971e+00 4.726412646562235670e-02 1.575837733892513275e+09 7.706867168234032393e+08
1.220000000000000000e+02 5.800000000000200000e+13 0.000000000000000000e+00 1.458052317176912416e+00 5.267120072131636910e-02 1.150126846309620227e-01 4.947485947732282313e-02 0.000000000000000000e+00 1.374385340262744615e+00 8.878619117294321572e-02 1.457699921185311317e+09 6.837268614666062593e+08
1.230000000000000000e+02 5.800000000012200000e+13 0.000000000000000000e+00 1.063077231278523049e+00 1.112428023777410069e-01 9.043340710728756116e-02 9.043340710728756116e-02 0.000000000000000000e+00 9.462494918055130988e-01 1.150035630083668242e-01 1.166325124360880136e+09 1.166325124360880136e+09
1.240000000000000000e+02 5.800000000000100000e+13 0.000000000000000000e+00 1.534429378599180938e+00 7.861742544983070513e-02 1.666952594450282765e-01 8.450628479548691341e-02 0.000000000000000000e+00 1.556722071258409112e+00 1.442451260464526486e-01 1.987542370910132885e+09 1.069432630856356144e+09
1.250000000000000000e+02 5.800000000000200000e+13 0.000000000000000000e+00 1.234383804658954586e+00 4.099776261637420871e-02 7.252673458473017643e-02 3.522573407599691869e-02 0.000000000000000000e+00 1.103688289022878521e+00 2.286618552897503459e-02 2.714541760226868987e+08 2.714541760226868987e+08
1.260000000000000000e+02 5.800000000000100000e+13 0.000000000000000000e+00 1.032557505578757473e+00 1.501737851696782755e-01 4.217911061964377262e-01 2.426375340626357457e-01 0.000000000000000000e+00 1.409739098307909444e+00 5.151985970056696673e-02 1.552898750417694092e+09 3.135681586301496625e+08
1.270000000000000000e+02 5.800000000000200000e+13 0.000000000000000000e+00 1.374744417186827716e+00 8.368202598163504424e-02 1.042731705095804456e-01 5.626770618866869245e-02 0.000000000000000000e+00 1.259277390310130196e+00 9.653184441430313900e-02 1.160840938412365437e+09 7.921179207847672701e+08
1.280000000000000000e+02 5.800000000000100000e+13 0.000000000000000000e+00 1.183937832749157648e+00 1.382252580061988090e-01 2.441093085923071171e-01 1.626205490852288271e-01 0.000000000000000000e+00 1.319641909425652182e+00 1.101955183889577194e-01 1.165728397207732916e+09 1.080341166216659307e+09
1.290000000000000000e+02 5.800000000000100000e+13 0.000000000000000000e+00 1.208243043518084425e+00 4.053919798399286539e-02 9.224107018827279458e-02 1.205854242580785274e-02 0.000000000000000000e+00 1.245372310598769072e+00 5.299911667210381594e-02 8.124956796828273535e+08 1.745527449962694645e+08
1.300000000000000000e+02 5.800000000001800000e+13 0.000000000000000000e+00 1.362945567198379226e+00 7.731036655170392402e-02 2.041306520753472659e-02 1.797813363010593302e-02 0.000000000000000000e+00 1.442082843411386150e+00 1.036109657492771119e-01 2.830083041297336817e+08 2.492502256934926212e+08
1.310000000000000000e+02 5.800000000000100000e+13 0.000000000000000000e+00 1.085806477292238892e+00 6.788666741616469769e-02 8.011466867346067611e-02 2.574677716681580616e-02 0.000000000000000000e+00 1.373412057220949833e+00 3.778934914310280724e-02 9.164483604063071012e+08 3.779992848541516066e+08
1.320000000000000000e+02 5.800000000001200000e+13 0.000000000000000000e+00 1.224556142067269704e+00 1.416719429634627665e-02 4.298752071366057637e-02 2.742057727250514151e-02 0.000000000000000000e+00 1.389231345031306075e+00 3.243225115596327229e-02 8.729187232023642957e+07 8.729187232023642957e+07
1.330000000000000000e+02 5.800000000000100000e+13 0.000000000000000000e+00 1.125331057731491446e+00 6.090010702363098799e-02 8.402588180937597961e-02 3.889092434454500397e-02 0.000000000000000000e+00 1.271712993688445037e+00 5.725572562222831091e-02 8.983430879710011482e+08 5.444984849305553436e+08
1.340000000000000000e+02 5.800000000003600000e+13 0.000000000000000000e+00 1.055496955791138447e+00 4.338612843398785557e-02 1.649373392904432759e-02 1.649373392904432759e-02 0.000000000000000000e+00 1.130920945692025503e+00 6.660541839690926891e-02 2.409478658820478022e+08 2.409478658820478022e+08
1.350000000000000000e+02 5.800000000000100000e+13 0.000000000000000000e+00 1.241111323891653795e+00 5.473900180989636766e-02 7.435195363245727940e-02 3.360317777555710955e-02 0.000000000000000000e+00 1.382179645764461506e+00 8.765890674427787022e-02 9.831358453402138948e+08 4.920553437819429636e+08
1.360000000000000000e+02 5.800000000002900000e+13 0.000000000000000000e+00 1.019971682799917456e+00 6.807740585270322109e-02 8.461131131867323518e-02 5.731374567919393648e-02 0.000000000000000000e+00 1.095448068365667105e+00 7.691849832842885537e-02 1.166239990855269670e+09 7.899840008983862400e+08
1.370000000000000000e+02 5.800000000000100000e+13 0.000000000000000000e+00 1.165134273580013868e+00 7.896140343375353254e-02 1.294617523059815589e-01 4.567923456612347360e-02 0.000000000000000000e+00 1.121205691780964964e+00 5.912171517618589750e-02 1.550650688600714684e+09 7.025755053075523376e+08
1.380000000000000000e+02 5.800000000000100000e+13 0.000000000000000000e+00 3.007036048803541917e+00 2.325537363095288856e-01 2.912303943490524571e-01 1.415801885248941516e-01 0.000000000000000000e+00 3.130484846542532562e+00 2.419321249773098703e-01 1.808109562374839067e+09 5.553751142475550175e+08
1.390000000000000000e+02 5.800000000000700000e+13 0.000000000000000000e+00 1.209682026020348911e+00 1.074612317216296076e-01 1.976537057425972049e-02 1.976537057425972049e-02 0.000000000000000000e+00 1.186271258240154447e+00 8.987610012796712344e-02 2.090319007489944994e+08 2.090319007489944994e+08
1.400000000000000000e+02 5.800000000000200000e+13 0.000000000000000000e+00 1.359786985502948076e+00 9.393007154097060551e-02 1.744132301701568077e-01 3.627352288201394354e-02 0.000000000000000000e+00 1.496818222475540638e+00 8.992508683266579872e-02 1.927545883017043591e+09 4.611456079336403012e+08
1.410000000000000000e+02 5.800000000000400000e+13 1.000000000000000000e+00 1.084589071214939304e+00 3.818156769220361346e-02 6.646047894241244314e-02 2.313118295452447348e-02 0.000000000000000000e+00 1.094373848423904505e+00 2.964653528201554797e-02 8.210498309233001471e+08 3.288609308014392853e+08
1.420000000000000000e+02 5.800000000000400000e+13 0.000000000000000000e+00 1.090605437620694396e+00 4.531367540062992277e-02 7.367955393870223579e-02 2.628789499964333948e-02 0.000000000000000000e+00 1.049340487079670536e+00 6.559525959501436021e-02 6.261970045220025778e+08 3.583650233578435779e+08
1.430000000000000000e+02 5.800000000000100000e+13 0.000000000000000000e+00 1.038210318609874117e+00 1.179714807246623476e-01 1.449131406909529296e-01 7.067440032953185847e-02 0.000000000000000000e+00 1.290324807281261199e+00 1.001587253080710310e-01 1.277775197246555567e+09 1.118260460133582592e+09
1.440000000000000000e+02 5.800000000000500000e+13 0.000000000000000000e+00 1.138879662388525560e+00 2.627811757423889269e-02 1.578656464111923563e-01 6.243506901602464965e-02 0.000000000000000000e+00 1.115382174823073447e+00 7.717192079132595417e-02 9.448934858360291719e+08 7.079576626509171724e+08
1.450000000000000000e+02 5.800000000000100000e+13 0.000000000000000000e+00 1.201505983085899620e+00 6.066376000045687472e-02 1.892481242570108815e-02 7.327447885201281153e-03 0.000000000000000000e+00 1.414582383580001101e+00 4.187828859203884813e-02 2.948557062374655604e+08 1.141643981725862622e+08
1.460000000000000000e+02 5.800000000000100000e+13 0.000000000000000000e+00 1.160315551650123123e+00 2.500474045650786792e-01 3.800334016638509116e-01 2.164505299966480445e-01 0.000000000000000000e+00 1.504352199076667951e+00 2.140239306875840741e-01 1.683062241981686115e+09 1.026073989849068403e+09
1.470000000000000000e+02 5.800000000000300000e+13 0.000000000000000000e+00 1.028009433226086289e+00 8.541496720169924894e-02 3.123452701304078039e-01 1.536806692468046243e-01 0.000000000000000000e+00 1.317033404154634102e+00 8.483570943595478142e-02 1.156867556509779692e+09 4.389530516978543401e+08
1.480000000000000000e+02 5.800000000000300000e+13 0.000000000000000000e+00 1.228629588052984722e+00 4.078423839585183786e-02 1.107639333010115995e-01 4.763088941063675641e-02 0.000000000000000000e+00 1.353827811657491775e+00 5.118249267878567654e-02 1.175548641853754520e+09 6.781167533547040224e+08
1.490000000000000000e+02 5.800000000003000000e+13 0.000000000000000000e+00 1.173984132221207677e+00 9.725114577291633922e-02 1.781790889006356904e-01 1.215061196275362965e-01 0.000000000000000000e+00 1.056502366139202120e+00 1.064343319466456994e-01 2.026946962066623211e+09 1.382241101192765951e+09
1.500000000000000000e+02 5.800000000000700000e+13 0.000000000000000000e+00 2.615109560295138635e+00 2.958740594841252070e-01 1.559996030624334618e-01 6.502949967823999644e-02 0.000000000000000000e+00 2.272413913519104600e+00 3.718122566057436851e-01 2.376052220638703823e+09 1.079874292750425100e+09
1.510000000000000000e+02 5.800000000000700000e+13 0.000000000000000000e+00 1.111452515364253379e+00 1.218415319281008491e-01 1.517760705545882494e-01 7.032782275194007782e-02 0.000000000000000000e+00 1.087196217398548326e+00 7.530384305759785235e-02 1.182303209669342756e+09 4.801712526927039623e+08
1.520000000000000000e+02 5.800000000000100000e+13 1.000000000000000000e+00 1.018765710044634343e+00 2.484579159822977723e-02 2.587360459036167765e-02 1.028989937834241288e-02 0.000000000000000000e+00 1.167703704503592288e+00 1.292389301023991362e-02 5.584244782450673729e+07 2.730413515876932815e+07
1.530000000000000000e+02 5.800000000000300000e+13 0.000000000000000000e+00 1.012992609623507123e+00 2.073099840381379400e-01 1.925629209346016446e-01 1.295774055787334289e-01 0.000000000000000000e+00 1.497940466725654396e+00 1.293237592840221217e-01 5.019701470940930247e+08 4.073426768161012530e+08
1.540000000000000000e+02 5.800000000000600000e+13 0.000000000000000000e+00 1.132695395145442596e+00 8.657114554513596627e-02 9.867650183650547580e-02 7.891054245211426288e-02 0.000000000000000000e+00 1.113223275379125132e+00 9.128646411358788682e-02 1.021516155306783915e+09 8.168955368159935474e+08
1.550000000000000000e+02 5.800000000002300000e+13 0.000000000000000000e+00 1.328350898196578811e+00 9.761691391174925903e-02 6.874357017692611649e-02 6.874357017692611649e-02 0.000000000000000000e+00 1.346604901989733927e+00 5.933138696307003329e-02 -1.000000000000000000e+00 -1.000000000000000000e+00
1.560000000000000000e+02 5.800000000000200000e+13 0.000000000000000000e+00 1.015117676258758372e+00 2.387903440420645895e-01 4.540480494870510197e-01 2.871707023947868698e-01 0.000000000000000000e+00 1.189540854676496506e+00 2.145770601243873199e-01 2.112713696067854166e+09 1.462665749633013010e+09
1.570000000000000000e+02 5.800000000000200000e+13 0.000000000000000000e+00 1.181050949775859227e+00 7.964965877662305571e-02 2.029090526396356842e-01 7.126764091422249647e-02 0.000000000000000000e+00 8.539343092493825171e-01 1.265906133214048657e-01 2.416005999548162937e+09 1.189390798998870373e+09
1.580000000000000000e+02 5.800000000003500000e+13 0.000000000000000000e+00 1.198651418151032599e+00 1.328996815894432082e-01 1.506279586385634583e-01 1.021679052177822400e-01 0.000000000000000000e+00 1.434099799699381617e+00 1.073238442848872404e-01 1.327185826707676411e+09 1.327185826707676411e+09
1.590000000000000000e+02 5.800000000002100000e+13 0.000000000000000000e+00 1.097577875014843052e+00 9.715620904078149656e-02 2.182415122497201876e-01 1.168959084690958800e-01 0.000000000000000000e+00 9.171530245179106977e-01 7.252356564474085610e-02 1.405584907567231655e+09 5.511572115955905914e+08
1.600000000000000000e+02 5.800000000000100000e+13 0.000000000000000000e+00 1.186433282835757552e+00 1.897504816822557783e-01 3.307087479977714461e-01 1.830637579218608590e-01 0.000000000000000000e+00 1.003583848139850021e+00 1.163865584508926992e-01 4.590075451145500541e+08 2.063675835933559835e+08
1.610000000000000000e+02 5.800000000000100000e+13 0.000000000000000000e+00 1.216655165483412127e+00 1.079609960487408482e-02 3.470379941677787655e-02 2.204053605597802723e-02 0.000000000000000000e+00 1.337399322457064832e+00 1.831801551584702828e-02 5.350093158183161914e+07 5.350093158183161914e+07
1.620000000000000000e+02 5.800000000000600000e+13 0.000000000000000000e+00 1.273237645349422520e+00 8.336718199744574953e-02 1.247061369598689018e-01 5.506611422794045058e-02 0.000000000000000000e+00 1.096273814935665891e+00 1.028187957064867208e-01 1.247257020085761070e+09 6.741168975871769190e+08
1.630000000000000000e+02 5.800000000000100000e+13 0.000000000000000000e+00 1.142964189519751317e+00 7.870796174631057573e-02 8.199150768910153098e-02 3.258598681868308394e-02 0.000000000000000000e+00 1.233644201531921336e+00 8.992321073044798330e-02 1.114116549731927633e+09 4.427847252388913631e+08
1.640000000000000000e+02 5.800000000010600000e+13 0.000000000000000000e+00 1.104418236225616079e+00 1.737357115913224781e-01 2.920192487155707228e-01 1.382889419717201196e-01 0.000000000000000000e+00 2.522471720371748938e-01 2.419904728993894638e-01 4.168023300408576012e+09 1.973813489563454390e+09
1.650000000000000000e+02 5.800000000003300000e+13 0.000000000000000000e+00 1.050235445829011738e+00 8.877875135731520817e-02 8.438493142975067585e-02 5.182550700711029135e-02 0.000000000000000000e+00 1.082511524662776115e+00 9.949229207661861030e-02 9.984818873196452856e+08 6.132235835355927944e+08
1.660000000000000000e+02 5.800000000000100000e+13 0.000000000000000000e+00 1.313512482171186546e+00 3.026587158218723220e-02 1.252593598479099513e-01 5.330052959924593686e-02 0.000000000000000000e+00 1.345896039879906025e+00 6.097595014437660194e-02 1.661797658200159550e+09 7.326470229976752996e+08
1.670000000000000000e+02 5.800000000000100000e+13 0.000000000000000000e+00 1.726999203447944220e+00 1.351761416630190005e-01 1.926935153272576751e-01 5.154631317315658962e-02 0.000000000000000000e+00 1.585654248259257715e+00 1.731154742739977603e-01 1.956491434984195709e+09 6.060359136357642412e+08
1.680000000000000000e+02 5.800000000003000000e+13 0.000000000000000000e+00 1.089528389304124101e+00 2.281479124000402314e-01 2.528545793172827238e-01 2.350963172419418545e-01 0.000000000000000000e+00 9.888782233422123147e-01 2.869585751237972437e-01 3.311139275927557468e+09 3.311139275927557468e+09
1.690000000000000000e+02 5.800000000001200000e+13 0.000000000000000000e+00 1.407108540834915988e+00 9.268966174312646966e-02 2.013759862729126160e-01 4.764706732924284260e-02 0.000000000000000000e+00 1.572106329324551854e+00 6.569532963437355044e-02 1.936242908737760782e+09 5.643154964219359159e+08
1.700000000000000000e+02 5.800000000002100000e+13 0.000000000000000000e+00 2.105194916510573222e+00 1.536061268757490383e-01 9.571713829509510829e-02 8.030817239683571418e-02 0.000000000000000000e+00 2.239364650860985684e+00 1.733140813057035545e-01 1.321687149017394304e+09 1.191462263752886295e+09
1.710000000000000000e+02 5.800000000001000000e+13 0.000000000000000000e+00 1.233229139275157982e+00 8.670321981335069039e-02 1.234801147000136601e-01 1.018566073638818292e-01 0.000000000000000000e+00 1.397016366517901176e+00 1.299832467655032686e-01 1.707045170114346266e+09 1.408111986834173203e+09
1.720000000000000000e+02 5.800000000000200000e+13 0.000000000000000000e+00 1.156716339498592871e+00 1.487670672725541210e-01 2.851865353380887980e-01 8.651624668749940961e-02 0.000000000000000000e+00 1.508920754893702032e+00 1.256435948391264878e-01 1.967411191394589186e+09 1.259181040124226570e+09
1.730000000000000000e+02 5.800000000000400000e+13 0.000000000000000000e+00 1.360328281335926981e+00 1.188268013177253557e-01 2.136569184265799115e-01 7.644707226964894686e-02 0.000000000000000000e+00 1.288155218459767548e+00 1.485898746752140342e-01 1.630555179005266428e+09 1.460715678484013796e+09
1.740000000000000000e+02 5.800000000000100000e+13 0.000000000000000000e+00 1.325987586619091108e+00 7.601638416073415450e-02 9.783478013446389454e-02 3.570536636126399321e-02 0.000000000000000000e+00 1.474549292232586684e+00 7.969780541142226782e-02 1.031211901322986603e+09 5.160639799009649754e+08
1.750000000000000000e+02 5.800000000000300000e+13 0.000000000000000000e+00 1.079006891657994682e+00 2.729234505426481605e-01 3.708861752858196303e-01 3.624126244774872330e-01 0.000000000000000000e+00 1.637941866883470210e+00 2.469461072856729555e-02 1.908572581742354333e+08 9.926384917747315764e+07
1.760000000000000000e+02 5.800000000000100000e+13 0.000000000000000000e+00 1.170296860722032539e+00 2.012480031467642552e-02 5.254240522748646058e-02 1.914769594967085167e-02 0.000000000000000000e+00 1.343031130909136950e+00 1.479065581887939636e-02 6.544736852912290096e+08 2.834486091935971379e+08
1.770000000000000000e+02 5.800000000001700000e+13 0.000000000000000000e+00 1.000317104728237538e+00 1.495561027405694909e-01 2.044555977021307869e-01 1.542133700862310663e-01 0.000000000000000000e+00 1.037766976225720006e+00 6.318560968255639010e-02 -1.000000000000000000e+00 -1.000000000000000000e+00
1.780000000000000000e+02 5.800000000000100000e+13 0.000000000000000000e+00 8.170706456200672596e-01 1.504660195278496593e-01 2.483009917675544909e-01 1.539854721549636929e-01 0.000000000000000000e+00 1.521868016660995915e+00 4.201685168811010451e-02 2.239690608490087390e+08 1.860149331383023262e+08
1.790000000000000000e+02 5.800000000000700000e+13 0.000000000000000000e+00 1.474575731593288586e+00 4.575509201544634280e-02 1.027746988611048184e+00 1.000000000000000000e+00 0.000000000000000000e+00 1.474575731593288586e+00 4.576758144640386688e-02 1.020180768048180389e+10 9.926380513426818848e+09
1.800000000000000000e+02 5.800000000000100000e+13 0.000000000000000000e+00 1.092279538488672763e+00 5.640476334633574146e-02 1.864425374670234115e-01 6.022489569105843321e-02 0.000000000000000000e+00 1.251478402537744339e+00 5.142423121952923587e-02 9.656283407728390694e+08 4.806110826814141273e+08
1.810000000000000000e+02 5.800000000000400000e+13 0.000000000000000000e+00 1.094374383356855551e+00 5.771465295047070732e-02 2.926433148032153708e-02 2.242695610188955024e-02 0.000000000000000000e+00 1.215780475162927310e+00 6.261504562755762504e-02 4.163263889174522758e+08 3.190550809126943946e+08
1.820000000000000000e+02 5.800000000000100000e+13 1.000000000000000000e+00 1.129271008783631958e+00 3.886743003954206549e-02 2.030493262812208682e-02 7.244007492181891820e-03 0.000000000000000000e+00 1.476112141863278104e+00 4.812781374770901816e-02 1.967016253850925267e+08 8.471940423348821700e+07
1.830000000000000000e+02 5.800000000000100000e+13 0.000000000000000000e+00 1.503206968988311409e+00 1.031544277233899937e-01 2.085638048951574397e-01 5.730170102963649814e-02 0.000000000000000000e+00 1.673179251497505460e+00 1.013263686036857958e-01 2.054466011919746399e+09 7.110371800492810011e+08
1.840000000000000000e+02 5.800000000004900000e+13 0.000000000000000000e+00 1.192479405557821392e+00 5.891761999853557114e-02 -1.000000000000000000e+00 -1.000000000000000000e+00 0.000000000000000000e+00 1.192479405557821392e+00 5.892099650400713789e-02 -1.000000000000000000e+00 -1.000000000000000000e+00
1.850000000000000000e+02 5.800000000000300000e+13 0.000000000000000000e+00 1.017692235388710342e+00 5.104187318056801342e-02 4.612594900646273949e-02 3.748248284216848525e-02 0.000000000000000000e+00 1.164800348279930065e+00 3.087342698687393569e-02 1.238956580957317799e+08 6.546694124376179278e+07
1.860000000000000000e+02 5.800000000000200000e+13 0.000000000000000000e+00 1.226883559708606519e+00 3.714564349452682823e-02 1.122824299526170161e-01 2.419873462792035412e-02 0.000000000000000000e+00 1.282158731739451385e+00 5.057637105177626574e-02 1.224532926086991310e+09 3.547598869193428755e+08
1.870000000000000000e+02 5.800000000000300000e+13 0.000000000000000000e+00 1.221909129581451925e+00 1.225450374380669810e-01 4.442676644693971388e-02 3.928436691886107862e-02 0.000000000000000000e+00 1.200859144462310679e+00 7.880228327122075493e-02 9.085649315321812034e+07 9.085649315321812034e+07
1.880000000000000000e+02 5.800000000000100000e+13 0.000000000000000000e+00 1.129091585323231284e+00 8.964479808025294094e-02 2.877894246451341287e-01 1.515189586958727019e-01 0.000000000000000000e+00 1.214010025559733252e+00 8.130855476015666494e-02 1.690318609374723196e+09 5.308789356291058660e+08
1.890000000000000000e+02 5.800000000000800000e+13 0.000000000000000000e+00 1.114475155361069447e+00 1.466628685004771060e-01 3.045384408633564077e-01 1.783124739501166511e-01 0.000000000000000000e+00 9.307618919236995136e-01 1.808463155482228912e-01 3.841560045559314728e+09 2.678269427389261723e+09
1.900000000000000000e+02 5.800000000000100000e+13 0.000000000000000000e+00 1.356428286134746530e+00 6.247190077215178383e-02 1.165277385007145033e-01 5.390400876750008063e-02 0.000000000000000000e+00 1.452673575039549414e+00 8.783803338735748922e-02 1.323404694201062918e+09 7.666461747385189533e+08
1.910000000000000000e+02 5.800000000000100000e+13 0.000000000000000000e+00 1.244833756783887191e+00 1.131108203316254363e-01 1.237548162412422659e-01 4.000054629136449991e-02 0.000000000000000000e+00 1.327568329174406481e+00 9.737261104600442030e-02 1.161867323430841684e+09 5.098662944749893546e+08
1.920000000000000000e+02 5.800000000041700000e+13 0.000000000000000000e+00 8.134175668531921088e-01 1.243559080547628481e-01 3.868727170553526440e-01 3.868727170553526440e-01 0.000000000000000000e+00 1.112373146113991185e+00 7.744209231571630436e-02 -1.000000000000000000e+00 -1.000000000000000000e+00
1.930000000000000000e+02 5.800000000000100000e+13 0.000000000000000000e+00 1.170382859477503201e+00 2.175431763205083746e-01 4.720603249803707602e-01 2.060564523641590096e-01 0.000000000000000000e+00 1.515884192081949688e+00 8.425063077067773687e-02 1.258173697180638313e+09 9.188508016994800568e+08
1.940000000000000000e+02 5.800000000000100000e+13 0.000000000000000000e+00 1.130715125456410064e+00 8.289464775612964687e-02 1.748204151302143461e-01 8.293115493201198840e-02 0.000000000000000000e+00 1.143550032092506274e+00 1.247023101720882293e-01 1.862663238940008879e+09 1.054888257778158665e+09
1.950000000000000000e+02 5.800000000000400000e+13 0.000000000000000000e+00 1.385603940536084711e+00 1.386862164929423824e-01 1.556218091625636568e-01 7.001061851530968050e-02 0.000000000000000000e+00 1.294709682118936556e+00 1.867515802737180208e-01 1.769241868542756081e+09 7.959406087514992952e+08
1.960000000000000000e+02 5.800000000000100000e+13 0.000000000000000000e+00 1.169795400224814319e+00 5.763917780287330928e-02 7.896316706614411873e-02 2.421367481422629503e-02 0.000000000000000000e+00 1.062273153673257697e+00 7.166515772529256922e-02 1.033867853790376425e+09 3.170305972098677158e+08
1.970000000000000000e+02 5.800000000000100000e+13 0.000000000000000000e+00 1.306351806218381650e+00 8.462206815704438612e-02 9.859253340673512778e-02 6.186713256414373696e-02 0.000000000000000000e+00 1.485689227551220570e+00 1.206057526754934495e-01 1.309328655752159119e+09 8.216079526151756048e+08
1.980000000000000000e+02 5.800000000000200000e+13 1.000000000000000000e+00 1.105238474183249497e+00 1.984077116917169412e-02 2.336669183278985290e-02 2.336669183278985290e-02 0.000000000000000000e+00 1.326639387368419243e+00 2.484366503156028305e-02 3.411738497281568050e+08 3.411738497281568050e+08
1.990000000000000000e+02 5.800000000000400000e+13 0.000000000000000000e+00 1.203139416792045502e+00 1.025664093474821792e-01 2.041748814875178619e-01 2.041748814875178619e-01 0.000000000000000000e+00 1.270913601184970210e+00 2.500556473370718624e-02 -1.000000000000000000e+00 -1.000000000000000000e+00
2.000000000000000000e+02 5.800000000000100000e+13 0.000000000000000000e+00 1.170770060249584743e+00 4.318433267627373728e-02 5.158604874614711178e-02 1.741162144678260262e-02 0.000000000000000000e+00 1.420299387676975389e+00 4.091300410141772426e-02 4.012642497387493849e+08 1.740078359655092061e+08
2.010000000000000000e+02 5.800000000000100000e+13 0.000000000000000000e+00 1.314414770740573557e+00 7.598438414702961274e-02 1.258317237001558009e-01 4.196583761324946399e-02 0.000000000000000000e+00 1.459954235204658168e+00 7.968886978628046680e-02 8.715545561346641779e+08 5.571109062504266500e+08
2.020000000000000000e+02 5.800000000000300000e+13 0.000000000000000000e+00 1.392045080588414807e+00 1.406373403184002779e-01 1.601391239246000020e-01 5.032531709909536521e-02 0.000000000000000000e+00 1.500276335491443014e+00 1.653179229640319436e-01 1.902213448008387804e+09 6.243394426060752869e+08
2.030000000000000000e+02 5.800000000000100000e+13 0.000000000000000000e+00 1.273422043774331325e+00 1.466826580135204561e-01 3.706446455406193219e-01 2.704369462213718767e-01 0.000000000000000000e+00 1.363231360852144913e+00 8.875733614486257250e-02 6.971103068250225782e+08 4.163284951786401272e+08
2.040000000000000000e+02 5.800000000001400000e+13 0.000000000000000000e+00 2.584453694096586318e+00 1.347729625157620126e-01 2.461699952648791212e-01 1.041903607100026080e-01 0.000000000000000000e+00 2.453550150407049824e+00 1.570235493969094620e-01 3.418945475164087772e+09 1.447053536812572479e+09
2.050000000000000000e+02 5.800000000000500000e+13 0.000000000000000000e+00 1.157197037287954977e+00 4.489547144252623023e-02 2.003830434543555084e-01 7.796020851388041351e-02 0.000000000000000000e+00 1.216226612349509351e+00 1.036058688638673425e-01 1.185007960037674189e+09 1.185007960037674189e+09
2.060000000000000000e+02 5.800000000022500000e+13 0.000000000000000000e+00 4.672697112681801213e-01 1.633662056134574658e-01 3.702368076115750140e-01 2.565973399818510248e-01 0.000000000000000000e+00 8.276687804698881212e-01 6.931905285828100782e-02 9.328143973093028069e+08 9.328143973093028069e+08
2.070000000000000000e+02 5.800000000000600000e+13 0.000000000000000000e+00 1.512409666660609053e+00 8.537718210493998316e-02 1.853940915669058109e-01 9.704527207736089733e-02 0.000000000000000000e+00 1.702341695739413296e+00 1.505078017737960516e-01 1.374476690300765514e+09 1.374476690300765514e+09
2.080000000000000000e+02 5.800000000000800000e+13 0.000000000000000000e+00 1.066853090827035500e+00 7.068638326279189088e-02 4.679709447253904697e-02 4.257550987335979864e-02 0.000000000000000000e+00 1.104004551651564414e+00 6.944783240593867257e-02 5.508131419211870432e+08 5.508131419211870432e+08
2.090000000000000000e+02 5.800000000000400000e+13 1.000000000000000000e+00 1.040327302445424706e+00 2.473340605351825525e-02 7.730793890460158080e-02 3.995931044245036590e-02 0.000000000000000000e+00 1.130069705354927345e+00 5.504300031006667537e-02 1.144381897951821804e+09 5.915137846503304243e+08
2.100000000000000000e+02 5.800000000003800000e+13 0.000000000000000000e+00 7.956723546336942343e-01 1.313970264967798951e-01 1.310945947207723672e-01 1.310945947207723672e-01 0.000000000000000000e+00 7.514784561908408600e-01 1.417307938632874631e-01 -1.000000000000000000e+00 -1.000000000000000000e+00
2.110000000000000000e+02 5.800000000000400000e+13 0.000000000000000000e+00 1.216405837686867164e+00 5.752360465789977534e-02 3.177221995926680226e-02 3.177221995926680226e-02 0.000000000000000000e+00 1.309465757243859496e+00 1.486925602812405080e-02 -1.000000000000000000e+00 -1.000000000000000000e+00
2.120000000000000000e+02 5.800000000000100000e+13 0.000000000000000000e+00 1.353843274995294887e+00 9.370044993718809612e-02 1.117439516129032223e-01 4.627066198461866897e-02 0.000000000000000000e+00 1.411952239950145183e+00 1.076990964961850317e-01 1.300410318929726601e+09 5.384707220391472578e+08
2.130000000000000000e+02 5.800000000000400000e+13 0.000000000000000000e+00 1.201786748560827789e+00 1.045390481065299748e-01 1.786038765924038429e-01 8.070758222047332009e-02 0.000000000000000000e+00 1.144993773550378569e+00 8.331681684320463299e-02 1.767118134592440367e+09 1.040900341434620857e+09
2.140000000000000000e+02 5.800000000000300000e+13 1.000000000000000000e+00 1.068789823458617061e+00 3.846994082490045458e-02 4.319101537933072582e-02 2.564829852420053360e-02 0.000000000000000000e+00 1.093985751814999796e+00 2.518484603963587129e-02 2.366280221960747540e+08 1.477393306388987303e+08
2.150000000000000000e+02 5.800000000000300000e+13 0.000000000000000000e+00 1.302431332667311592e+00 2.330067114609585543e-01 1.419293199574857001e-01 1.119006507673087347e-01 0.000000000000000000e+00 1.300417540769115643e+00 2.731264259344586831e-01 1.689570739474141836e+09 1.635828140329803228e+09
2.160000000000000000e+02 5.800000000000300000e+13 0.000000000000000000e+00 1.441035557212739571e+00 2.308363678262689844e-01 2.465955618498755497e-01 1.132074360245642064e-01 0.000000000000000000e+00 1.101743579760073866e+00 2.920375016805665802e-01 3.017252788363207340e+09 1.534230887907191277e+09
2.170000000000000000e+02 5.800000000002400000e+13 0.000000000000000000e+00 1.017699694882529649e+00 2.242862778445927074e-01 2.425426287819982402e-02 2.425426287819982402e-02 0.000000000000000000e+00 9.472365921653000953e-01 2.379787237879446848e-01 2.636484484793794751e+08 2.636484484793794751e+08
2.180000000000000000e+02 5.800000000001100000e+13 0.000000000000000000e+00 1.355170928663219643e+00 1.847284796786826111e-01 4.261047375434619255e-02 4.261047375434619255e-02 0.000000000000000000e+00 1.468278794342490201e+00 9.592016875625875016e-02 6.957187446361062527e+08 6.957187446361062527e+08
2.190000000000000000e+02 5.800000000000300000e+13 0.000000000000000000e+00 1.357633979429516913e+00 9.501453864975792363e-02 1.167081801869108981e-01 3.125868015022246343e-02 0.000000000000000000e+00 1.376986475128098242e+00 1.224712782865767791e-01 1.198584662492367506e+09 3.699254925074258447e+08
2.200000000000000000e+02 5.800000000000900000e+13 0.000000000000000000e+00 1.012950925546997505e+00 8.276795610412045201e-02 1.853658343084948201e-01 5.604434836073702436e-02 0.000000000000000000e+00 1.258579696175847307e+00 1.100645000829240244e-01 1.009297794596975327e+09 5.047806083774570227e+08
2.210000000000000000e+02 5.800000000003600000e+13 0.000000000000000000e+00 1.016185801278350676e+00 2.362405702971562826e-01 9.644815272169008358e-01 8.524179821780195621e-01 0.000000000000000000e+00 9.232213113649653247e-01 2.395970298369704821e-01 9.250480424624259949e+09 8.175662918593332291e+09
2.220000000000000000e+02 5.800000000000200000e+13 0.000000000000000000e+00 1.198363182148197259e+00 1.350443558710047731e-01 3.120943892972603551e-01 1.079216277229226306e-01 0.000000000000000000e+00 1.391615643041478556e+00 1.321932773362117786e-01 1.249265064996322155e+09 8.941779255060690641e+08
2.230000000000000000e+02 5.800000000000500000e+13 0.000000000000000000e+00 1.070813308854783985e+00 4.401828821067266945e-02 1.360787806809184430e-01 4.947195322492234371e-02 0.000000000000000000e+00 1.194111103198534085e+00 4.486954152411899016e-02 1.537642158293898821e+09 6.765553699732319117e+08
2.240000000000000000e+02 5.800000000001600000e+13 0.000000000000000000e+00 1.051883765595052811e+00 8.897411574516328470e-02 -1.000000000000000000e+00 -1.000000000000000000e+00 0.000000000000000000e+00 1.118940109012499962e+00 5.478516870641429726e-02 -1.000000000000000000e+00 -1.000000000000000000e+00
2.250000000000000000e+02 5.800000000000100000e+13 0.000000000000000000e+00 1.451587211277731271e+00 1.846024600481719832e-02 9.946283339731108730e-02 3.472609043524912259e-02 0.000000000000000000e+00 1.547416948874503095e+00 1.988643430975731152e-02 7.937581131057304144e+08 2.623193385390959382e+08
2.260000000000000000e+02 5.800000000000600000e+13 0.000000000000000000e+00 1.067750559612656858e+00 9.021358659241962563e-02 2.148843093678710625e-01 8.764795054823754095e-02 0.000000000000000000e+00 1.458081250755710601e+00 7.349085945392390407e-02 1.320061490911827087e+09 4.503203255959563851e+08
2.270000000000000000e+02 5.800000000000100000e+13 0.000000000000000000e+00 1.092169645616652973e+00 5.309479192940772668e-02 6.318488583146980586e-02 3.328406253447117186e-02 0.000000000000000000e+00 1.238528214004856798e+00 6.224708463120259827e-02 8.501643766514718533e+08 5.268865058517041206e+08
2.280000000000000000e+02 5.800000000000100000e+13 0.000000000000000000e+00 1.191961149233345951e+00 8.391270996717686836e-02 7.438213903923367176e-02 5.038720212792821562e-02 0.000000000000000000e+00 1.448524567426491050e+00 8.704380237062001036e-02 3.560655960719234943e+08 2.072804779957691729e+08
2.290000000000000000e+02 5.800000000000600000e+13 0.000000000000000000e+00 1.787456206460508623e+00 1.723068230291818770e-01 2.100951202453327504e-01 1.098646007065870456e-01 0.000000000000000000e+00 1.678133884785755647e+00 2.175702741498437010e-01 2.258082074837281704e+09 1.700406164465424776e+09
2.300000000000000000e+02 5.800000000000200000e+13 0.000000000000000000e+00 1.293188021142785527e+00 1.591040059292949185e-02 1.322146024019064947e-02 9.858734401108211823e-03 0.000000000000000000e+00 1.338730100208988194e+00 3.561079456919086228e-02 1.777963388597165346e+08 1.325758918049814850e+08
2.310000000000000000e+02 5.800000000000100000e+13 0.000000000000000000e+00 1.813675698671763703e+00 1.178836788510671529e-01 1.339921335374402722e-01 8.686228504392114191e-02 0.000000000000000000e+00 1.793904068773241933e+00 1.657257279528656924e-01 1.572400923666153908e+09 1.074121969378350973e+09
2.320000000000000000e+02 5.800000000008100000e+13 0.000000000000000000e+00 1.077516925475829446e+00 6.813179419021186956e-02 2.652709582489887891e-02 2.652709582489887891e-02 0.000000000000000000e+00 1.084726074743538771e+00 5.806683916773301701e-02 -1.000000000000000000e+00 -1.000000000000000000e+00
2.330000000000000000e+02 5.800000000001000000e+13 0.000000000000000000e+00 9.537438425202332537e-01 9.255091198121626062e-02 1.620443116574575571e-01 7.139288349741725048e-02 0.000000000000000000e+00 1.463005311702003430e+00 3.428720773467224675e-02 -1.000000000000000000e+00 -1.000000000000000000e+00
2.340000000000000000e+02 5.800000000000100000e+13 0.000000000000000000e+00 1.202527006480151206e+00 1.107393744348766640e-01 1.473714606671043259e-01 3.549650964196694736e-02 0.000000000000000000e+00 1.087092681508808001e+00 1.379213419983451594e-01 1.284905989982844353e+09 4.525988776232911348e+08
2.350000000000000000e+02 5.800000000001200000e+13 0.000000000000000000e+00 1.384922858268025747e+00 6.373347566648361606e-02 7.413801642852470286e-02 3.555836424973600474e-02 0.000000000000000000e+00 1.503613694683925583e+00 8.750123429579408085e-02 6.663754213214914799e+08 5.085371429864926338e+08
2.360000000000000000e+02 5.800000000001400000e+13 0.000000000000000000e+00 1.275180978007216082e+00 1.295356153368860397e-01 1.747214697673142858e-01 1.334119696335868410e-01 0.000000000000000000e+00 1.623168472622027458e+00 4.210011575007211598e-02 -1.000000000000000000e+00 -1.000000000000000000e+00
2.370000000000000000e+02 5.800000000000200000e+13 0.000000000000000000e+00 1.086591753066442845e+00 8.490437194355437978e-02 9.278238875594463364e-02 5.342970950837548638e-02 0.000000000000000000e+00 1.067958910576935372e+00 1.124357234083307316e-01 1.160579620287872076e+09 6.683319195028674603e+08
2.380000000000000000e+02 5.800000000000100000e+13 0.000000000000000000e+00 1.228657481135836393e+00 2.173948187301851659e-02 1.085717770670745486e-01 2.323127596336015815e-02 0.000000000000000000e+00 1.177733816803747446e+00 4.774353212909170779e-02 1.246386982764753819e+09 3.202388168835260868e+08
2.390000000000000000e+02 5.800000000000500000e+13 0.000000000000000000e+00 1.170250351414601431e+00 4.956228448315249530e-02 6.640396968603391736e-02 2.370523276795380788e-02 0.000000000000000000e+00 1.215764159374699727e+00 5.137926765640232069e-02 5.095965655553036332e+08 2.678071750388377309e+08
2.400000000000000000e+02 5.800000000000100000e+13 0.000000000000000000e+00 1.244395032320919192e+00 1.154681114812652065e-01 1.002678465997755425e-01 8.294025459660438193e-02 0.000000000000000000e+00 1.135796565967899241e+00 1.585977990388491021e-01 1.457908329238340378e+09 1.224300490962158442e+09
2.410000000000000000e+02 5.800000000000200000e+13 0.000000000000000000e+00 1.277532303417589166e+00 4.049222933049945877e-02 9.426529585780595022e-02 3.902062987955468021e-02 0.000000000000000000e+00 1.223952033066990852e+00 5.890346162104857092e-02 8.961575204016740322e+08 4.852192062700766921e+08
2.420000000000000000e+02 5.800000000007900000e+13 0.000000000000000000e+00 8.992267827785678236e-01 2.824842910212702757e-02 1.000000000000000000e+00 1.000000000000000000e+00 0.000000000000000000e+00 8.992267827785678236e-01 2.826051144456666331e-02 9.400565021459770203e+09 9.400565021459770203e+09
2.430000000000000000e+02 5.800000000000300000e+13 0.000000000000000000e+00 1.134727448061893851e+00 1.487019869489424329e-01 1.842570389105771533e-01 6.037939187331610447e-02 0.000000000000000000e+00 1.307403815516652745e+00 1.657023946367821021e-01 2.947673647155187607e+09 1.037315922374840856e+09
2.440000000000000000e+02 5.800000000000200000e+13 0.000000000000000000e+00 1.149689927844237181e+00 1.580211612004304988e-01 2.022612596850134614e-01 1.450619814747595437e-01 0.000000000000000000e+00 1.020896368190616910e+00 1.930340391651287624e-01 2.097473701855072975e+09 1.955871789747220039e+09
2.450000000000000000e+02 5.800000000000400000e+13 0.000000000000000000e+00 1.383606624421687581e+00 2.054422553217863656e-01 2.605409432872924924e-01 1.377224871597034495e-01 0.000000000000000000e+00 1.160600250578539994e+00 1.923442619153925837e-01 3.382146224490024090e+09 2.383793038769418240e+09
2.460000000000000000e+02 5.800000000000100000e+13 0.000000000000000000e+00 1.214169354058703298e+00 6.039366836578398401e-02 1.234198998575321282e-01 3.095794661834746359e-02 0.000000000000000000e+00 1.330230967380831908e+00 8.016047965144783294e-02 1.292270594591919422e+09 4.307249937589915395e+08
2.470000000000000000e+02 5.800000000002600000e+13 0.000000000000000000e+00 1.260148396543501192e+00 2.021877729529807100e-01 2.601012532770983210e-01 2.601012532770983210e-01 0.000000000000000000e+00 8.407075544013279389e-01 2.598570664612138148e-01 3.474262748992759705e+09 3.474262748992759705e+09
2.480000000000000000e+02 5.800000000000400000e+13 0.000000000000000000e+00 1.260711927967964607e+00 4.447113095512900821e-02 1.320436522696502232e-02 1.320436522696502232e-02 0.000000000000000000e+00 1.371586781937492949e+00 5.150148700513676459e-02 2.176365774907231331e+08 2.176365774907231331e+08
2.490000000000000000e+02 5.800000000000200000e+13 0.000000000000000000e+00 1.149745836510646768e+00 8.256622219734559287e-02 5.374604417162686526e-02 4.763819743103851756e-02 0.000000000000000000e+00 1.137541925276869259e+00 7.551932641429860704e-02 6.415445743872270584e+08 6.415445743872270584e+08
2.500000000000000000e+02 5.800000000000400000e+13 0.000000000000000000e+00 1.182551725179554536e+00 1.003764898399802791e-01 5.699410308399416314e-02 3.506424304694032851e-02 0.000000000000000000e+00 1.435485955336170960e+00 9.968402594615534407e-02 7.970592632201223373e+08 4.903714282015669942e+08
2.510000000000000000e+02 5.800000000000100000e+13 0.000000000000000000e+00 1.032334647839176389e+00 4.935829017468553598e-02 5.741674697647843051e-02 2.814693838682030130e-02 0.000000000000000000e+00 1.401156944534532878e+00 2.751468097789903922e-02 9.383619657237119675e+08 5.063653087602359056e+08
2.520000000000000000e+02 5.800000000001100000e+13 0.000000000000000000e+00 1.420255975180642061e+00 9.016807388599847040e-02 4.810730166538294827e-02 4.810730166538294827e-02 0.000000000000000000e+00 1.478451780892914957e+00 9.358243690340668774e-02 6.306907364269269705e+08 6.306907364269269705e+08
2.530000000000000000e+02 5.800000000000100000e+13 0.000000000000000000e+00 1.526321246103373497e+00 1.633322092169116335e-01 2.577462888023250853e-01 1.269365841843942966e-01 0.000000000000000000e+00 1.280371066792767243e+00 1.977311281089609574e-01 3.153001286462758064e+09 1.736544867801797390e+09
2.540000000000000000e+02 5.800000000000100000e+13 0.000000000000000000e+00 1.183933723239844804e+00 2.786205330166064212e-02 7.018867060561299887e-02 2.543591637313941459e-02 0.000000000000000000e+00 1.375237786131596085e+00 2.988166165396678731e-02 8.207983274256061316e+08 3.749229572137171626e+08
2.550000000000000000e+02 5.800000000000100000e+13 0.000000000000000000e+00 1.411690297059224886e+00 1.649827710934221592e-01 1.501873931665913542e-01 6.138066421727541438e-02 0.000000000000000000e+00 1.440333533499616792e+00 1.512415912670684315e-01 1.712968105085628271e+09 8.491712082101569176e+08
2.560000000000000000e+02 5.800000000002400000e+13 0.000000000000000000e+00 9.810485438606673103e-01 1.019730474728432201e-01 1.779022802599755093e-01 1.557494202307133369e-01 0.000000000000000000e+00 1.017226544302881397e+00 5.660886836624206414e-02 3.945204298335669637e+08 3.945204298335669637e+08
2.570000000000000000e+02 5.800000000000200000e+13 0.000000000000000000e+00 1.144475929974166029e+00 5.694124922654222182e-02 9.545254081745262187e-02 2.672199989545156334e-02 0.000000000000000000e+00 1.379949587394625476e+00 4.408576523124788787e-02 7.605440159158300161e+08 4.247031103001444936e+08
2.580000000000000000e+02 5.800000000000100000e+13 1.000000000000000000e+00 1.125434775919990305e+00 1.734302334825657543e-02 1.031223014701863720e-02 6.386156200470022130e-03 0.000000000000000000e+00 1.131803957712663733e+00 2.290187945720116580e-02 6.366582881114171445e+07 3.748800755691436678e+07
2.590000000000000000e+02 5.800000000000100000e+13 0.000000000000000000e+00 1.146945262846291058e+00 8.057195142641455921e-02 8.197111748248660235e-02 4.597341685512690984e-02 0.000000000000000000e+00 8.430394552554510978e-01 9.077432293809190034e-02 1.059623489854257941e+09 6.045913805418341160e+08
2.600000000000000000e+02 5.800000000001300000e+13 0.000000000000000000e+00 1.078114803706559099e+00 6.720509447222577926e-02 9.323168234658163467e-02 4.994758194416384911e-02 0.000000000000000000e+00 9.612696015807618011e-01 6.035241902157822969e-02 1.536141921422252059e+08 1.536141921422252059e+08
2.610000000000000000e+02 5.800000000000100000e+13 0.000000000000000000e+00 1.248098438996401383e+00 9.111442771669528429e-02 1.388938479682044480e-01 5.546188990416759529e-02 0.000000000000000000e+00 1.295738652515577849e+00 1.122397645604164412e-01 1.071680081585239410e+09 6.725425301936877966e+08
2.620000000000000000e+02 5.800000000000400000e+13 0.000000000000000000e+00 1.065698523425006261e+00 1.302199527497870379e-01 1.514507807455239274e-01 5.272116231288523358e-02 0.000000000000000000e+00 1.071632636021697893e+00 1.206296516477206038e-01 1.785771180329477787e+09 8.444872257018883228e+08
2.630000000000000000e+02 5.800000000000100000e+13 0.000000000000000000e+00 1.265016933577247427e+00 4.058242768858506822e-02 8.139631465942596955e-02 2.179817347774860511e-02 0.000000000000000000e+00 1.349468160402958805e+00 6.300718226095344821e-02 7.495366259883750677e+08 2.893678357403104901e+08
2.640000000000000000e+02 5.800000000054000000e+13 0.000000000000000000e+00 1.058474895156061635e+00 2.096804245364437547e-01 -1.000000000000000000e+00 -1.000000000000000000e+00 0.000000000000000000e+00 9.056053721906264231e-01 2.021117470991467546e-01 -1.000000000000000000e+00 -1.000000000000000000e+00
2.650000000000000000e+02 5.800000000000800000e+13 0.000000000000000000e+00 1.362417614773768770e+00 1.327575744532693003e-01 1.344871220926650845e-01 8.640621983826120289e-02 0.000000000000000000e+00 1.337500700010078258e+00 1.425786246695234516e-01 1.293737189895660400e+09 1.210023494459705830e+09
2.660000000000000000e+02 5.800000000006400000e+13 0.000000000000000000e+00 7.470244305289368558e-01 1.573462323223095705e-01 4.265695726398855553e-02 4.265695726398855553e-02 0.000000000000000000e+00 1.124833513542600416e+00 5.768026061960764700e-02 7.101328383752539158e+08 7.101328383752539158e+08
2.670000000000000000e+02 5.800000000001600000e+13 0.000000000000000000e+00 1.310757095065773870e+00 9.075251240255433061e-02 1.057027057560865346e-01 5.909026718635259495e-02 0.000000000000000000e+00 1.439510711808650756e+00 7.664388940107660919e-02 5.913600131225149632e+08 3.330786843083996177e+08
2.680000000000000000e+02 5.800000000000100000e+13 0.000000000000000000e+00 1.406668562077676654e+00 1.461273029380232291e-01 1.665122443385694817e-01 5.527121042979028787e-02 0.000000000000000000e+00 1.663561017314767243e+00 1.454886450127716169e-01 1.475532277033100605e+09 2.703765079722770452e+08
2.690000000000000000e+02 5.800000000006700000e+13 0.000000000000000000e+00 7.485248736126119962e-01 1.128049094906761057e-01 8.013254084242797670e-02 8.013254084242797670e-02 0.000000000000000000e+00 1.099808823075594244e+00 4.781105346264382522e-02 -1.000000000000000000e+00 -1.000000000000000000e+00
2.700000000000000000e+02 5.800000000000800000e+13 0.000000000000000000e+00 1.277873476157195265e+00 7.783210090399297898e-02 1.314476662478273605e-01 4.498465472026058620e-02 0.000000000000000000e+00 1.181842845785839646e+00 6.366898657742492418e-02 1.134335448482720613e+09 5.986946196725803614e+08
2.710000000000000000e+02 5.800000000000100000e+13 0.000000000000000000e+00 1.303236193980649160e+00 8.045513405420419428e-02 5.324626524111163856e-02 2.635293471495002079e-02 0.000000000000000000e+00 1.413231728128640619e+00 7.902448032065344241e-02 6.259559126218663454e+08 3.312324737460493445e+08
2.720000000000000000e+02 5.800000000001800000e+13 0.000000000000000000e+00 1.351909043551161371e+00 3.236868200267363493e-02 -1.000000000000000000e+00 -1.000000000000000000e+00 0.000000000000000000e+00 1.272922993462439090e+00 3.667444401534185328e-02 -1.000000000000000000e+00 -1.000000000000000000e+00
2.730000000000000000e+02 5.800000000005600000e+13 0.000000000000000000e+00 9.797081157039788657e-01 5.439578685693001459e-02 7.291753239937250053e-02 7.291753239937250053e-02 1.000000000000000000e+00 9.770801651093812268e-01 2.888601705846647813e-02 -1.000000000000000000e+00 -1.000000000000000000e+00
2.740000000000000000e+02 5.800000000000100000e+13 0.000000000000000000e+00 1.309524708634431933e+00 1.154611116179515978e-01 1.809904071727753694e-01 4.414925733607052288e-02 0.000000000000000000e+00 1.148007654341013151e+00 1.235255308907746152e-01 1.969577418570294857e+09 4.819679366103320122e+08
2.750000000000000000e+02 5.800000000000800000e+13 0.000000000000000000e+00 1.275594882714069733e+00 6.867750716649573262e-02 1.693914038044787018e-01 9.800561225434810397e-02 0.000000000000000000e+00 1.236676856221488485e+00 9.487051339605306888e-02 2.269442144453845501e+09 1.313042231468531847e+09
2.760000000000000000e+02 5.800000000000200000e+13 0.000000000000000000e+00 1.351318653635224853e+00 1.884774346890392693e-01 2.922051917406242594e-01 9.701293190652074405e-02 0.000000000000000000e+00 1.246733655799167506e+00 1.766758192075233713e-01 3.230131992657369137e+09 1.943539040400889158e+09
2.770000000000000000e+02 -1.000000000000000000e+00 -1.000000000000000000e+00 -1.000000000000000000e+00 -1.000000000000000000e+00 -1.000000000000000000e+00 -1.000000000000000000e+00 -1.000000000000000000e+00 -1.000000000000000000e+00 -1.000000000000000000e+00 -1.000000000000000000e+00 -1.000000000000000000e+00
2.780000000000000000e+02 5.800000000005900000e+13 0.000000000000000000e+00 1.321425529027075774e+00 3.831039545961394122e-02 4.032157048922219850e-02 4.032157048922219850e-02 0.000000000000000000e+00 1.346966941144142726e+00 2.561642693677671292e-02 5.057892996133420467e+08 5.057892996133420467e+08
2.790000000000000000e+02 5.800000000030300000e+13 0.000000000000000000e+00 1.167637087574642019e+00 1.371162112265908728e-01 -1.000000000000000000e+00 -1.000000000000000000e+00 0.000000000000000000e+00 1.068647707550929749e+00 1.835578443771959944e-01 -1.000000000000000000e+00 -1.000000000000000000e+00
2.800000000000000000e+02 5.800000000000500000e+13 0.000000000000000000e+00 1.329800813633280399e+00 6.859702684054239108e-02 1.015946518832545192e-01 6.965739826013561675e-02 0.000000000000000000e+00 1.346229709680972553e+00 1.002137743912045881e-01 1.163338812158515453e+09 7.976320942869980335e+08
2.810000000000000000e+02 5.800000000000500000e+13 0.000000000000000000e+00 1.154420594831724101e+00 1.560433954373736942e-01 2.317886555859457187e-01 1.229053930850690785e-01 0.000000000000000000e+00 1.110086821886828723e+00 2.152797551182078495e-01 2.629255383525825024e+09 1.495220863308303595e+09
2.820000000000000000e+02 5.800000000000400000e+13 0.000000000000000000e+00 8.370677464388148747e-01 1.406200433804261629e-01 2.367494476330759823e-01 1.947201340918325863e-01 0.000000000000000000e+00 1.386587330469970958e+00 2.869396397642260191e-02 3.937497244651926756e+08 2.259233099515528977e+08
2.830000000000000000e+02 5.800000000000200000e+13 0.000000000000000000e+00 1.766452049156574278e+00 2.837230947134706804e-01 3.492587145012451266e-01 1.844375034082440246e-01 0.000000000000000000e+00 6.710603899915407178e-01 3.113910657179433938e-01 4.134427888387261391e+09 2.863178119968329906e+09
2.840000000000000000e+02 5.800000000000100000e+13 0.000000000000000000e+00 1.109121704076333259e+00 5.673973122040364137e-02 1.938670292482475299e-01 1.003997694353024328e-01 0.000000000000000000e+00 1.429165511885925000e+00 5.123826446435734289e-02 4.430267977857520580e+08 1.360989693619625270e+08
2.850000000000000000e+02 5.800000000000200000e+13 0.000000000000000000e+00 1.278209518018266211e+00 6.707458795205696600e-02 5.005895598509099709e-02 2.742367477338191958e-02 0.000000000000000000e+00 1.260627371042312594e+00 5.190499532393221677e-02 7.195647138944640160e+08 3.941973679618983865e+08
2.860000000000000000e+02 5.800000000002800000e+13 0.000000000000000000e+00 6.340354906728835616e-01 6.355572064627242057e-02 -1.000000000000000000e+00 -1.000000000000000000e+00 0.000000000000000000e+00 1.294050474022577335e+00 5.846077512095043671e-02 -1.000000000000000000e+00 -1.000000000000000000e+00
2.870000000000000000e+02 5.800000000010100000e+13 0.000000000000000000e+00 9.932436509998340268e-01 8.924226089615792945e-02 -1.000000000000000000e+00 -1.000000000000000000e+00 0.000000000000000000e+00 9.349258749543827296e-01 1.150499859512574691e-01 -1.000000000000000000e+00 -1.000000000000000000e+00
2.880000000000000000e+02 5.800000000000400000e+13 0.000000000000000000e+00 1.246224577309480441e+00 9.624241017358284300e-02 9.558992247050224211e-02 5.429968935992481732e-02 0.000000000000000000e+00 1.442932583832776894e+00 1.246338831617789383e-01 8.690444172869155407e+08 8.062814199178442955e+08
2.890000000000000000e+02 5.800000000000400000e+13 0.000000000000000000e+00 1.234816616088027619e+00 1.514553590347522960e-01 2.132294341972137963e-01 1.836743131761226500e-01 0.000000000000000000e+00 1.340501858446082606e+00 1.571702815648326479e-01 3.056156621036820412e+09 2.632551506976387978e+09
2.900000000000000000e+02 5.800000000000100000e+13 0.000000000000000000e+00 1.022235053736759269e+00 2.153488715655313690e-01 4.141664775324041536e-01 2.691049959426814464e-01 0.000000000000000000e+00 1.243448781504966405e+00 1.370009469223573972e-01 9.653160920498228073e+08 7.564888577357864380e+08
2.910000000000000000e+02 5.800000000001300000e+13 0.000000000000000000e+00 1.089740177559047618e+00 9.790283655750774139e-02 1.145460781246239318e-01 1.145460781246239318e-01 0.000000000000000000e+00 1.241707998078359187e+00 9.212048073099918244e-02 1.570710346882746220e+09 1.570710346882746220e+09
2.920000000000000000e+02 5.800000000000100000e+13 0.000000000000000000e+00 1.230413429414721538e+00 1.286468294535921819e-01 1.508605127260931045e-01 7.435194683360074608e-02 0.000000000000000000e+00 1.290970197933580810e+00 1.436374248477890192e-01 1.733869269357985497e+09 9.152744257080632448e+08
2.930000000000000000e+02 5.800000000004100000e+13 0.000000000000000000e+00 1.280759226646313920e+00 1.493702214159906838e-01 1.718076512394584587e-01 1.285832433144786513e-01 0.000000000000000000e+00 1.249874812079731168e+00 7.401440915433739332e-02 -1.000000000000000000e+00 -1.000000000000000000e+00
2.940000000000000000e+02 5.800000000000100000e+13 0.000000000000000000e+00 1.148469695167301907e+00 4.515248987042334849e-02 7.619000058217782756e-02 4.596071327057228012e-02 0.000000000000000000e+00 1.136578824128602783e+00 5.151523947233932477e-02 9.449275012806022167e+08 5.700162963116581440e+08
2.950000000000000000e+02 5.800000000001000000e+13 0.000000000000000000e+00 9.362034140208390642e-01 2.221393953283848088e-01 2.594136890576235199e-01 1.524542737894418465e-01 0.000000000000000000e+00 8.085943958635635198e-01 1.871335795558015935e-01 2.751460105498293400e+09 2.476743013383773327e+09
2.960000000000000000e+02 5.800000000000100000e+13 0.000000000000000000e+00 1.098537654178784351e+00 4.011433728770390228e-02 7.062278313486110293e-02 4.049674602751787006e-02 0.000000000000000000e+00 1.154191406415750132e+00 3.852639042676445080e-02 2.846548040922271013e+08 2.846548040922271013e+08
2.970000000000000000e+02 5.800000000000300000e+13 0.000000000000000000e+00 1.188276419938778083e+00 4.834776461845920192e-02 6.962335040742803627e-02 6.962335040742803627e-02 0.000000000000000000e+00 1.221886083202507356e+00 1.193796560735157081e-01 9.155063414978245497e+08 9.155063414978245497e+08
2.980000000000000000e+02 5.800000000000800000e+13 0.000000000000000000e+00 1.163955482269496633e+00 4.907398785699002008e-02 4.209635997112277928e-02 3.062618595825426782e-02 0.000000000000000000e+00 1.299681028568802743e+00 5.260249110962133406e-02 4.486292681034233570e+08 4.486292681034233570e+08
2.990000000000000000e+02 5.800000000000300000e+13 0.000000000000000000e+00 1.189498552340449544e+00 1.966900630905231706e-01 1.662961352815238436e-01 1.232547129079036297e-01 0.000000000000000000e+00 1.086767127990385218e+00 2.192263164143766485e-01 1.508341485373478413e+09 1.508341485373478413e+09
3.000000000000000000e+02 5.800000000000600000e+13 0.000000000000000000e+00 1.259520388487301190e+00 3.385797145572641553e-02 7.354730720790293719e-02 7.178723029319844517e-02 0.000000000000000000e+00 1.481325143222050666e+00 3.480283831300597097e-02 2.729528328343502432e+07 2.729528328343502432e+07
3.010000000000000000e+02 5.800000000000300000e+13 0.000000000000000000e+00 1.187898392474086906e+00 5.023605879515565670e-02 7.040343225040925253e-03 7.040343225040925253e-03 0.000000000000000000e+00 1.290777775378083803e+00 2.812201676700474065e-02 -1.000000000000000000e+00 -1.000000000000000000e+00
3.020000000000000000e+02 5.800000000000100000e+13 0.000000000000000000e+00 9.301420267902834604e-01 9.386455896113568564e-02 1.594881670658785389e-01 1.158693461669531022e-01 0.000000000000000000e+00 1.005124127244576115e+00 4.678606234236679789e-02 6.263008460759258270e+08 6.263008460759258270e+08
3.030000000000000000e+02 5.800000000000100000e+13 0.000000000000000000e+00 8.594986099959432968e-01 4.617168341888013006e-02 1.302689399667321946e-01 4.801180112147687001e-02 0.000000000000000000e+00 1.232189045226040003e+00 2.347626018969259723e-02 9.968373975894757509e+08 8.364858288913078308e+08
3.040000000000000000e+02 5.800000000001800000e+13 0.000000000000000000e+00 1.202940071465190996e+00 1.087839175825527221e-02 1.079843220455735213e-02 1.079843220455735213e-02 0.000000000000000000e+00 1.388048786966347814e+00 3.974276259519417959e-02 1.499640580630813837e+08 1.499640580630813837e+08
3.050000000000000000e+02 5.800000000000600000e+13 0.000000000000000000e+00 1.380807068258879999e+00 1.419457073898585664e-01 2.471770873389096956e-01 1.606144098441044388e-01 0.000000000000000000e+00 1.205889498532040083e+00 2.271253292383287326e-01 2.722458400183011055e+09 2.467688761066236019e+09
3.060000000000000000e+02 5.800000000000400000e+13 0.000000000000000000e+00 1.136582982179420886e+00 3.702686245231282675e-02 1.498512060886806330e-01 8.677347938579722808e-02 0.000000000000000000e+00 1.232826758739171913e+00 5.361492479833141617e-02 -1.000000000000000000e+00 -1.000000000000000000e+00
3.070000000000000000e+02 5.800000000000100000e+13 0.000000000000000000e+00 1.344843692731003681e+00 1.227651588846020020e-01 1.416610676530874469e-01 6.810904809996473630e-02 0.000000000000000000e+00 1.215041500824372234e+00 1.466030111187124618e-01 1.443408471332168102e+09 7.679069576553800106e+08
3.080000000000000000e+02 5.800000000000300000e+13 0.000000000000000000e+00 8.150361723863146501e-01 2.243541870712234543e-01 4.147981472784567081e-01 2.792956216547585191e-01 0.000000000000000000e+00 1.307495398920266672e+00 1.563229112344549365e-01 1.344121487436114550e+09 8.860051580797600746e+08
3.090000000000000000e+02 5.800000000001300000e+13 0.000000000000000000e+00 1.193242527907723449e+00 2.296749714380297569e-01 1.950970004445940209e-01 1.830601365360723654e-01 0.000000000000000000e+00 4.372440280295100123e-01 2.342561091639739912e-01 3.587100419388540745e+09 3.484521265042189121e+09
3.100000000000000000e+02 5.800000000000400000e+13 0.000000000000000000e+00 1.178633177786889030e+00 8.587379317854072769e-02 1.113022826723847752e-01 8.959987782529016398e-02 0.000000000000000000e+00 1.136999426575652006e+00 1.317713698370850395e-01 1.276472568223371029e+09 1.027578082084790945e+09
3.110000000000000000e+02 5.800000000002600000e+13 0.000000000000000000e+00 1.222094498383722305e+00 1.208092012921197778e-01 7.114387880652106588e-02 4.943748077514610595e-02 0.000000000000000000e+00 1.116008962195823351e+00 1.306490605834443597e-01 9.705372148739321232e+08 6.744208455709884167e+08
3.120000000000000000e+02 5.800000000002700000e+13 0.000000000000000000e+00 1.301535856368162269e+00 1.079244544941649897e-01 1.288357029257314323e-01 9.428177044261065731e-02 0.000000000000000000e+00 1.240726902464239556e+00 1.250546811493531141e-01 1.798984694211215258e+09 1.316494249013924837e+09
3.130000000000000000e+02 5.800000000000400000e+13 0.000000000000000000e+00 1.091288240577679591e+00 9.241214760682862905e-02 7.447149366116534441e-02 3.716528296495390932e-02 0.000000000000000000e+00 9.761540901200312925e-01 8.879495561941661008e-02 1.016820067278781295e+09 5.074479329876251221e+08
3.140000000000000000e+02 5.800000000000100000e+13 0.000000000000000000e+00 1.249820802314429047e+00 1.663079113055658809e-01 2.701118365253752374e-01 1.424374741119154297e-01 0.000000000000000000e+00 1.347225931991472558e+00 5.764762415766553488e-02 8.867447339180830717e+08 5.487819096941319704e+08
3.150000000000000000e+02 5.800000000066200000e+13 0.000000000000000000e+00 1.854162897038284408e+00 8.925664582438222472e-02 1.000000000000000000e+00 1.000000000000000000e+00 0.000000000000000000e+00 1.854162897038284408e+00 8.968472213825953721e-02 6.139300620612100601e+09 6.139300620612100601e+09
3.160000000000000000e+02 5.800000000000100000e+13 0.000000000000000000e+00 1.125087297969467937e+00 1.133067203819599911e-01 2.399207508994694871e-01 9.724353146588737840e-02 0.000000000000000000e+00 6.952071838880183874e-01 1.047726928453676098e-01 3.014628567780647755e+09 1.360723673295286655e+09
3.170000000000000000e+02 5.800000000000600000e+13 0.000000000000000000e+00 1.176598202387351799e+00 1.294890199655985008e-01 6.813662373473869383e-02 4.575471165038668547e-02 0.000000000000000000e+00 1.269712931459419547e+00 1.674601190846921051e-01 8.166261991150406599e+08 7.086941664250192642e+08
3.180000000000000000e+02 5.800000000003800000e+13 0.000000000000000000e+00 1.018911584950321414e+00 1.039093984812350102e-01 3.208692028139899510e-01 1.344405361250958497e-01 0.000000000000000000e+00 9.965553702317142548e-01 1.514052870889443236e-01 2.515657088519547462e+09 1.715263763925588131e+09
3.190000000000000000e+02 5.800000000000300000e+13 0.000000000000000000e+00 1.010551584535832825e+00 5.068792073435876566e-02 6.456927366653535116e-02 2.670659167805185946e-02 0.000000000000000000e+00 1.441347083162334508e+00 2.812620625546074365e-02 1.578823689288672209e+08 6.651336708902180940e+07
3.200000000000000000e+02 5.800000000001200000e+13 0.000000000000000000e+00 1.167868421428801984e+00 2.266074421032151787e-01 -1.000000000000000000e+00 -1.000000000000000000e+00 0.000000000000000000e+00 1.352236728754186768e+00 6.133760077966000229e-02 -1.000000000000000000e+00 -1.000000000000000000e+00
3.210000000000000000e+02 5.800000000009000000e+13 0.000000000000000000e+00 1.364174402464344071e+00 1.108806587581599445e-01 -1.000000000000000000e+00 -1.000000000000000000e+00 0.000000000000000000e+00 1.414720632224502728e+00 7.354709775855142184e-02 -1.000000000000000000e+00 -1.000000000000000000e+00
3.220000000000000000e+02 5.800000000000600000e+13 0.000000000000000000e+00 1.113722432479476776e+00 1.312912682785299379e-01 1.716303470540758713e-01 1.716303470540758713e-01 0.000000000000000000e+00 1.153727971217701986e+00 2.474406341933321068e-02 -1.000000000000000000e+00 -1.000000000000000000e+00
3.230000000000000000e+02 5.800000000010200000e+13 1.000000000000000000e+00 9.703088948790004054e-01 2.524187439645951200e-02 3.815545242023256345e-02 3.815545242023256345e-02 0.000000000000000000e+00 9.421427688658288169e-01 5.320161526834359111e-02 5.352856963668154478e+08 5.352856963668154478e+08
3.240000000000000000e+02 5.800000000000200000e+13 0.000000000000000000e+00 1.244901720389658628e+00 1.046022393866043038e-01 1.674158762500528586e-02 1.544132125578089737e-02 0.000000000000000000e+00 1.499337429241252462e+00 6.055452870939661419e-02 2.962087619302728772e+08 2.732031605479843020e+08
