# rID[0] Hid[1]   R200: DS[2], eta[3], detla[4], fm[5], fm2[6];   R500: DS[7], eta[8], detla[9], fm[10], fm2[11]
1.000000000000000000e+00 1.260000000000010000e+14 0.000000000000000000e+00 1.270945242517952600e+00 4.104367911905966448e-02 1.734502734513743705e-01 2.744792367713699485e-02 0.000000000000000000e+00 1.364524070568338132e+00 6.627851566337833455e-02 1.846537268954277515e+09 3.902917226371659040e+08
2.000000000000000000e+00 1.260000000000010000e+14 0.000000000000000000e+00 1.207447496839853418e+00 3.020135731800881879e-02 1.173940390236868636e-01 2.985117604135261241e-02 0.000000000000000000e+00 1.187043285842821705e+00 3.785361444010099802e-02 1.205414366209620237e+09 3.931738630501261353e+08
3.000000000000000000e+00 1.260000000000010000e+14 0.000000000000000000e+00 1.197702168609865225e+00 3.227025380177796221e-02 1.559260636501964559e-01 2.509072878263699999e-02 0.000000000000000000e+00 1.338467444330407874e+00 5.156068153946479632e-02 1.278237702674635887e+09 3.824348648835760355e+08
4.000000000000000000e+00 1.260000000000010000e+14 0.000000000000000000e+00 1.502902319341738568e+00 1.242662797844560352e-01 1.214021877182206999e-01 1.711281906564189256e-02 0.000000000000000000e+00 1.601818792479376752e+00 1.637295049925462376e-01 1.082064313893143654e+09 2.240969194467600882e+08
5.000000000000000000e+00 1.260000000000010000e+14 0.000000000000000000e+00 1.991669293726080481e+00 2.191773997904004623e-01 3.385829113157756143e-01 1.960148241602270858e-01 0.000000000000000000e+00 1.488598406910631500e+00 2.246419140262616576e-01 4.544169898225857735e+09 3.102420711114156246e+09
6.000000000000000000e+00 1.260000000000010000e+14 0.000000000000000000e+00 1.224803718689452925e+00 1.431005813019531614e-01 1.662565201033329720e-01 2.728762776542474275e-02 0.000000000000000000e+00 1.101475326378670960e+00 1.196957069891299713e-01 1.735087359877350092e+09 4.175502917017766833e+08
7.000000000000000000e+00 1.260000000000010000e+14 0.000000000000000000e+00 1.029756789118754234e+00 5.364294100729240233e-02 1.429462730244849822e-01 5.876154997293597110e-02 0.000000000000000000e+00 1.101817700175895309e+00 1.672968318010885011e-02 8.360049742059270144e+08 1.096971310037143677e+08
8.000000000000000000e+00 1.260000000000010000e+14 0.000000000000000000e+00 1.460702269814502463e+00 1.245568072472013621e-01 1.708452584135662089e-01 6.492754850258841692e-02 0.000000000000000000e+00 1.351322689353426476e+00 1.514404706171820214e-01 1.969984180726071596e+09 9.203600467508639097e+08
9.000000000000000000e+00 1.260000000000010000e+14 0.000000000000000000e+00 1.093404443737867160e+00 4.330786385747722317e-02 1.092558906592603352e-01 3.400396928024467663e-02 0.000000000000000000e+00 1.160344303266523047e+00 2.395616882916470555e-02 6.896724355696674585e+08 5.828197291452728212e+07
1.000000000000000000e+01 1.260000000000010000e+14 0.000000000000000000e+00 8.710590018736894535e-01 1.496786022350841405e-01 1.325311842856613798e-01 4.287050066656791780e-02 0.000000000000000000e+00 1.331488682147030866e+00 4.331264089409255641e-02 6.239546920633023977e+08 8.692049697212050855e+07
1.100000000000000000e+01 1.260000000000010000e+14 0.000000000000000000e+00 1.104483447869115453e+00 7.992069958198949609e-02 1.868221478806442182e-01 7.076474656654481443e-02 0.000000000000000000e+00 1.007837409620555347e+00 1.998653314148194499e-02 5.095550629384751916e+08 7.595241063679641485e+07
1.200000000000000000e+01 1.260000000000010000e+14 0.000000000000000000e+00 1.267603128018574443e+00 7.878955490164664399e-02 1.930847551073650303e-01 4.488680869796016215e-02 0.000000000000000000e+00 1.533202051241004282e+00 1.121015779765185821e-01 1.603093743954786777e+09 4.214037980398536921e+08
1.300000000000000000e+01 1.260000000000010000e+14 0.000000000000000000e+00 1.029883767069075695e+00 6.734646372938150882e-02 1.770009364327280732e-01 3.068074856107100984e-02 0.000000000000000000e+00 1.167024270840045341e+00 8.698778595919161305e-02 1.540283416238298178e+09 5.613076050500423908e+08
1.400000000000000000e+01 1.260000000000010000e+14 0.000000000000000000e+00 1.193960431809677258e+00 1.790918146228762109e-01 3.006547773859925554e-01 1.512868902325466003e-01 0.000000000000000000e+00 1.144674171550378983e+00 1.223846805233254065e-01 1.366235071285866022e+09 2.213339471643110514e+08
1.500000000000000000e+01 1.260000000000010000e+14 0.000000000000000000e+00 1.166322861323939586e+00 1.383976758956366460e-01 3.269412940720869409e-01 1.862825035381593108e-01 0.000000000000000000e+00 1.335267475817759397e+00 1.365705483855655933e-01 1.499527148393627405e+09 3.931895357537753582e+08
1.600000000000000000e+01 1.260000000000010000e+14 0.000000000000000000e+00 1.397667696556545103e+00 9.687427766840793486e-02 2.146049233321989935e-01 2.815674777168435811e-02 0.000000000000000000e+00 1.422460480429822871e+00 1.142758110658338988e-01 2.304042151311912537e+09 3.494912816063426137e+08
1.700000000000000000e+01 1.260000000000010000e+14 1.000000000000000000e+00 1.047850370755072591e+00 1.396545122342176398e-02 8.331927457775926971e-02 6.077569196792237567e-03 0.000000000000000000e+00 1.103255274384535412e+00 1.218619168199267834e-02 6.523661415679353476e+08 8.845694252155251801e+07
1.800000000000000000e+01 1.260000000000010000e+14 0.000000000000000000e+00 1.018705631252328159e+00 9.879943397976818920e-02 1.610844181209919179e-01 8.196306791219816479e-02 0.000000000000000000e+00 1.077594197108452390e+00 5.644862958430187094e-02 4.369902945434237719e+08 6.632157693490793556e+07
1.900000000000000000e+01 1.260000000000010000e+14 0.000000000000000000e+00 1.247851342555224008e+00 7.084817218288445850e-02 1.626776754386595469e-01 4.115938382800089085e-02 0.000000000000000000e+00 1.305664394150036767e+00 7.100128872757367759e-02 1.666943435233636618e+09 5.460069316531962156e+08
2.000000000000000000e+01 1.260000000000020000e+14 0.000000000000000000e+00 1.016366516438963252e+00 5.797705351927034262e-02 1.385179619265240469e-01 4.294336068674298873e-02 0.000000000000000000e+00 1.229866186145816442e+00 6.441946750110079389e-02 1.616448236733722210e+09 6.964286835573555231e+08
2.100000000000000000e+01 1.260000000000010000e+14 0.000000000000000000e+00 1.084543365813081195e+00 1.276013152967216471e-02 1.344752250080768485e-01 3.300975683301384661e-02 0.000000000000000000e+00 1.093754103971516844e+00 1.268615514305233317e-02 1.240797897500049114e+09 4.635826026899062991e+08
2.200000000000000000e+01 1.260000000000010000e+14 0.000000000000000000e+00 1.124117220271431350e+00 4.849288851672112211e-02 1.240651201739280951e-01 3.553055790818356041e-02 0.000000000000000000e+00 1.268844108838904194e+00 3.878865607602004217e-02 5.519068069115873575e+08 9.506553358665335178e+07
2.300000000000000000e+01 1.260000000000010000e+14 0.000000000000000000e+00 1.196320522463552916e+00 1.398881193942772272e-01 1.520144629199520758e-01 2.541880556829445234e-02 0.000000000000000000e+00 1.217852209623990323e+00 1.888773773237847065e-01 1.489264034246517181e+09 3.529643204997161627e+08
2.400000000000000000e+01 1.260000000000010000e+14 0.000000000000000000e+00 1.165727758077358844e+00 4.457005063728032568e-02 1.315948414189063720e-01 2.266610525113829308e-02 0.000000000000000000e+00 1.053630410981244880e+00 2.998351981014587414e-02 9.144435555852030516e+08 3.299073107239245176e+08
2.500000000000000000e+01 1.260000000000010000e+14 1.000000000000000000e+00 1.000098233847529938e+00 3.810425152663458187e-02 7.052310634913601384e-02 1.123088997054344160e-02 0.000000000000000000e+00 1.246584071950438855e+00 3.057701978397754303e-02 5.138403794201721549e+08 2.570586989434738085e+07
2.600000000000000000e+01 1.260000000000010000e+14 0.000000000000000000e+00 1.375329965627797080e+00 6.462804409789965621e-02 1.611011072378493170e-01 5.299913222003513336e-02 0.000000000000000000e+00 1.386288704419827544e+00 1.170820575243929490e-01 1.588916999527566433e+09 6.721974540593571663e+08
2.700000000000000000e+01 1.260000000000010000e+14 0.000000000000000000e+00 1.195077580321344257e+00 3.384007241255197751e-02 1.818759149920025353e-01 4.033452852930251298e-02 0.000000000000000000e+00 1.168887559167337109e+00 2.703221440503000839e-02 1.018987726743655682e+09 3.811407603706984520e+08
2.800000000000000000e+01 1.260000000000010000e+14 0.000000000000000000e+00 1.006268538207667484e+00 2.253176074576587057e-02 1.750378830849312894e-01 3.557867340299307457e-02 0.000000000000000000e+00 1.333995752354324438e+00 2.938471644705281313e-02 1.229107831838463545e+09 3.642513287392315865e+08
2.900000000000000000e+01 1.260000000000010000e+14 0.000000000000000000e+00 1.157608739351754235e+00 1.114212744470818341e-02 9.396080888127515685e-02 1.633405945759222946e-02 0.000000000000000000e+00 1.120366562042261371e+00 7.672980164756314746e-03 9.259264223185410500e+08 2.322228759595753253e+08
3.000000000000000000e+01 1.260000000000010000e+14 0.000000000000000000e+00 1.192613338788351296e+00 2.392837589896658693e-02 1.049315463922689956e-01 1.134235005183221665e-02 0.000000000000000000e+00 1.232808898086871885e+00 1.976725799697669206e-02 5.971722226465425491e+08 7.713222114387874305e+07
3.100000000000000000e+01 1.260000000000010000e+14 0.000000000000000000e+00 1.122307674629507979e+00 7.818904493122529054e-02 1.692470754593025373e-01 2.799686795767923272e-02 0.000000000000000000e+00 1.194641734522299048e+00 8.540922533156634910e-02 1.186911358877135038e+09 1.836496236368007660e+08
3.200000000000000000e+01 1.260000000000010000e+14 0.000000000000000000e+00 1.155297330745285844e+00 5.097567716978645969e-02 1.597036699752451272e-01 2.561429983868449695e-02 0.000000000000000000e+00 1.346247409452605126e+00 2.312028962123959669e-02 1.325640567619688511e+09 2.909990882839765549e+08
3.300000000000000000e+01 1.260000000000010000e+14 0.000000000000000000e+00 1.002464114887877455e+00 5.311416480088837488e-02 9.124448618879614503e-02 9.053954048704930188e-03 0.000000000000000000e+00 1.184478045664859369e+00 4.121812669198693380e-02 7.008082188329011202e+08 1.359182563738830686e+08
3.400000000000000000e+01 1.260000000000010000e+14 0.000000000000000000e+00 2.601481088271870856e+00 2.586249411462867021e-01 2.655500789244918947e-01 1.746003666141026367e-01 0.000000000000000000e+00 2.750255666872833515e+00 2.859854071924565755e-01 3.668765563637850285e+09 3.101482504456755638e+09
3.500000000000000000e+01 1.260000000000010000e+14 0.000000000000000000e+00 1.187612879692828471e+00 3.607395431151717846e-02 9.113358314367701885e-02 6.707615937726762664e-03 0.000000000000000000e+00 1.292442741732730438e+00 1.646754684155968609e-02 8.610280277725638151e+08 9.981600379319858551e+07
3.600000000000000000e+01 1.260000000000010000e+14 0.000000000000000000e+00 1.068583020184569188e+00 5.046991877200976417e-02 1.165233022566118104e-01 1.219487431425530198e-02 0.000000000000000000e+00 1.275242433156098310e+00 2.675970274670534665e-02 8.178404758614373207e+08 1.788996845387975276e+08
3.700000000000000000e+01 1.260000000000010000e+14 0.000000000000000000e+00 1.033078026635530167e+00 2.382192111284803931e-02 1.457261094703099780e-01 2.941600273870284901e-02 0.000000000000000000e+00 1.101991135144916090e+00 2.201039820089864540e-02 1.446891658245803118e+09 4.490074217906267047e+08
3.800000000000000000e+01 1.260000000000010000e+14 1.000000000000000000e+00 1.040985112792151224e+00 2.203254706543645094e-02 6.361267127393137322e-02 6.956451304581668695e-03 0.000000000000000000e+00 1.117473508575668184e+00 1.270809277808376825e-02 5.190516623224770427e+08 7.676971246909068525e+07
3.900000000000000000e+01 1.260000000000010000e+14 1.000000000000000000e+00 9.774255141074199571e-01 3.005673952716390873e-02 6.838408981978527645e-02 4.537752428425357622e-03 0.000000000000000000e+00 1.220325263963205398e+00 2.041768503397699622e-02 4.510612771059385538e+08 3.935996303668834269e+07
4.000000000000000000e+01 1.260000000000010000e+14 0.000000000000000000e+00 1.003519469440380174e+00 7.698280685954787816e-02 1.637823297156943692e-01 4.310987049003525695e-02 0.000000000000000000e+00 1.076710248506206780e+00 7.443831742456882838e-02 9.027055256048392057e+08 2.747207980730441809e+08
4.100000000000000000e+01 1.260000000000010000e+14 0.000000000000000000e+00 1.126904365746220771e+00 3.967569055829109348e-02 1.265675751428505802e-01 4.217577714544296780e-02 0.000000000000000000e+00 1.133860441930833796e+00 6.745461119370570191e-02 1.201923538530628443e+09 5.957283642538145781e+08
4.200000000000000000e+01 1.260000000000010000e+14 0.000000000000000000e+00 1.208870600911277515e+00 1.309324541408374565e-01 2.106216590224458118e-01 7.799690402476780471e-02 0.000000000000000000e+00 1.218900329794650128e+00 1.970631857963719147e-01 2.060028488643259048e+09 1.125190209493010759e+09
4.300000000000000000e+01 1.260000000000010000e+14 0.000000000000000000e+00 1.432663574346208613e+00 9.618366589337487560e-02 1.710930195311116675e-01 2.735577433863370725e-02 0.000000000000000000e+00 1.389588650114593982e+00 8.011664101490757750e-02 1.385221002490902424e+09 3.790425312704560161e+08
4.400000000000000000e+01 1.260000000000010000e+14 0.000000000000000000e+00 1.177641794229258299e+00 3.430084382442826624e-02 1.368468439305335627e-01 2.703714844337494483e-02 0.000000000000000000e+00 1.184968051915971987e+00 1.683931743684898008e-02 1.051455501635240674e+09 2.030244087187000811e+08
4.500000000000000000e+01 1.260000000000010000e+14 0.000000000000000000e+00 1.040636397419427484e+00 4.340942794727938037e-02 1.434154492974954176e-01 1.549534658090481222e-02 0.000000000000000000e+00 1.237011114867903938e+00 2.135239428843230258e-02 9.625171611561807394e+08 2.213484397948183715e+08
4.600000000000000000e+01 1.260000000000010000e+14 0.000000000000000000e+00 1.095232726911811172e+00 4.433598630101472093e-02 1.369114730475069763e-01 5.416715693484335653e-02 0.000000000000000000e+00 1.333493539517804471e+00 2.447697453002932455e-02 8.136227622649548054e+08 3.435138590546244979e+08
4.700000000000000000e+01 1.260000000000020000e+14 0.000000000000000000e+00 1.248710715896040657e+00 8.987400743494780575e-02 2.442902038123635211e-01 7.618425517274808600e-02 0.000000000000000000e+00 1.308996777073774487e+00 1.046597152984054674e-01 2.046350385305235386e+09 1.241627278199866772e+09
4.800000000000000000e+01 1.260000000000010000e+14 0.000000000000000000e+00 1.094007428198985110e+00 8.985360838897334113e-02 1.292352757718994993e-01 5.983296332402165962e-02 0.000000000000000000e+00 9.941674302178301614e-01 7.627294338229868853e-02 1.520635908722559690e+09 8.557717727129927874e+08
4.900000000000000000e+01 1.260000000000010000e+14 0.000000000000000000e+00 1.310547947973295546e+00 1.927174437503497706e-01 4.376839905851637180e-01 2.487741922723182009e-01 0.000000000000000000e+00 1.608005008147735060e+00 1.296356543096423009e-01 1.613345310049683332e+09 5.174372676419531107e+08
5.000000000000000000e+01 1.260000000000010000e+14 0.000000000000000000e+00 1.122281385955951949e+00 3.459608489272525400e-02 1.119899953440345458e-01 3.679555054914109002e-02 0.000000000000000000e+00 1.016489755630464398e+00 3.134285042584177006e-02 1.243296716251717567e+09 5.472981870397623777e+08
5.100000000000000000e+01 1.260000000000010000e+14 0.000000000000000000e+00 1.052407529591754543e+00 4.460249223822794484e-02 2.798860967846844572e-01 9.691726470524467119e-02 0.000000000000000000e+00 1.582711495440647376e+00 8.329875710799093669e-02 9.984534327757425308e+08 1.387028688872190714e+08
5.200000000000000000e+01 1.260000000000010000e+14 1.000000000000000000e+00 1.128456012489997384e+00 1.769736387154090262e-02 7.478367484105358232e-02 1.112434976467674072e-02 0.000000000000000000e+00 1.165895334998654498e+00 1.991116076133870802e-02 6.777334614400354624e+08 1.550103320410304666e+08
5.300000000000000000e+01 1.260000000000010000e+14 0.000000000000000000e+00 1.172548409108278955e+00 4.927788369106712169e-02 1.403829965247263001e-01 4.183580933239110927e-02 0.000000000000000000e+00 1.395345299349351142e+00 4.543674473724143570e-02 6.925659372757760286e+08 7.244735479596723616e+07
5.400000000000000000e+01 1.260000000000010000e+14 0.000000000000000000e+00 1.200701288353329232e+00 6.709211838188751387e-02 1.805569625218672591e-01 4.155703587525098885e-02 0.000000000000000000e+00 1.253115397865928848e+00 7.230848691151960106e-02 1.497694007642112255e+09 5.285984645246961713e+08
5.500000000000000000e+01 1.260000000000010000e+14 0.000000000000000000e+00 1.129571264926603646e+00 8.227168375629333175e-02 1.477482553264062304e-01 3.648287956508395463e-02 0.000000000000000000e+00 1.123124965045566359e+00 4.559244723063256288e-02 8.584480310604861975e+08 2.290979314536809027e+08
5.600000000000000000e+01 1.260000000000010000e+14 0.000000000000000000e+00 9.863974171718148387e-01 7.066003700991882464e-02 2.005539907454192416e-01 7.560655621448643393e-02 0.000000000000000000e+00 1.099736995409263507e+00 3.862536444702183158e-02 5.633109740324350595e+08 8.000681888845907152e+07
5.700000000000000000e+01 1.260000000000010000e+14 0.000000000000000000e+00 2.049199530906617994e+00 5.510962375190883722e-02 1.477993839748891758e-01 4.189083901277046440e-02 0.000000000000000000e+00 1.924739458466019126e+00 7.018799870307834698e-02 1.589362767159630060e+09 5.594296375174527168e+08
5.800000000000000000e+01 1.260000000000010000e+14 0.000000000000000000e+00 1.071154670073326098e+00 4.719449703717099737e-02 9.341633966209185458e-02 1.991775256403904154e-02 0.000000000000000000e+00 1.128848915080523874e+00 4.193021009704540197e-02 8.751227066345249414e+08 3.194806055975416303e+08
5.900000000000000000e+01 1.260000000000010000e+14 0.000000000000000000e+00 1.121336889772234002e+00 6.204348578930837105e-02 1.054261700643381594e-01 1.385249342482887391e-02 0.000000000000000000e+00 1.249167849334595015e+00 7.864530552718936030e-02 9.786509752005802393e+08 2.034539945948331654e+08
6.000000000000000000e+01 1.260000000000010000e+14 0.000000000000000000e+00 1.230719343422107759e+00 4.534784901829683190e-02 1.512638719558330735e-01 5.016105295540903425e-02 0.000000000000000000e+00 1.257445195614979028e+00 5.720099153145582344e-02 1.721025204981256247e+09 6.936400217951070070e+08
6.100000000000000000e+01 1.260000000000010000e+14 0.000000000000000000e+00 1.432629672249746022e+00 1.198523568991615301e-01 2.068909074075816479e-01 9.481384605252016207e-02 0.000000000000000000e+00 1.311978205661743946e+00 1.626668406533938460e-01 2.110590168770051718e+09 1.357642732499178648e+09
6.200000000000000000e+01 1.260000000000010000e+14 0.000000000000000000e+00 2.116030957378866706e+00 2.025328127295127623e-01 2.633401331938835521e-01 7.721139227022263962e-02 0.000000000000000000e+00 1.702204211890096186e+00 2.257429076404721957e-01 2.802355977943479538e+09 1.112191962085696459e+09
6.300000000000000000e+01 1.260000000000010000e+14 0.000000000000000000e+00 1.675409235253813911e+00 7.126547227740473445e-02 1.511688492260940819e-01 5.717737222621094989e-02 0.000000000000000000e+00 1.553235109980924955e+00 1.059321770606182905e-01 1.797813195408586740e+09 7.540385255525307655e+08
6.400000000000000000e+01 1.260000000000010000e+14 0.000000000000000000e+00 1.107396336660162905e+00 5.173123558533777866e-02 1.909706330764166238e-01 4.351042352496721499e-02 0.000000000000000000e+00 1.158821359964877340e+00 5.673016870522773480e-02 1.395934539315998554e+09 2.873197564628069401e+08
6.500000000000000000e+01 1.260000000000010000e+14 0.000000000000000000e+00 1.198178422674100796e+00 1.028453619053359136e-01 1.511049549622835997e-01 3.292046667691050227e-02 0.000000000000000000e+00 1.112487871130621420e+00 1.167093843668050579e-01 1.450541209908157587e+09 4.652482533739126325e+08
6.600000000000000000e+01 1.260000000000010000e+14 0.000000000000000000e+00 1.118883025625407424e+00 1.185837081143065047e-01 1.304905227310908244e-01 2.963432094994463903e-02 0.000000000000000000e+00 1.097023496507423701e+00 8.884906554817822988e-02 1.285463079446476221e+09 4.393743171229573488e+08
6.700000000000000000e+01 1.260000000000010000e+14 0.000000000000000000e+00 1.167692322013160977e+00 2.415419073014917969e-02 9.844040105803818219e-02 1.370339750749773565e-02 0.000000000000000000e+00 1.244346647826592989e+00 1.144818880375700863e-02 5.645086565298382044e+08 6.257080455433925241e+07
6.800000000000000000e+01 1.260000000000010000e+14 0.000000000000000000e+00 9.251621273018535430e-01 4.200853566459104849e-02 5.576826537048843596e-02 8.342035330824480038e-03 0.000000000000000000e+00 1.108752902583913791e+00 1.874165341742143470e-02 2.977710308152509332e+08 2.863543559616870433e+07
6.900000000000000000e+01 1.260000000000010000e+14 0.000000000000000000e+00 9.394748831891762686e-01 6.326049690092593047e-02 1.274169739696119075e-01 4.815292073252239180e-02 0.000000000000000000e+00 1.134542207483852261e+00 2.011278368989973669e-02 3.512696616730023026e+08 2.650692902118465677e+07
7.000000000000000000e+01 1.260000000000010000e+14 0.000000000000000000e+00 1.114818126949124855e+00 8.930252995282579598e-02 1.447744041134611803e-01 4.223530361902027436e-02 0.000000000000000000e+00 1.224739051578903393e+00 9.625087270926559191e-02 1.378583548787937403e+09 6.222868785962496996e+08
7.100000000000000000e+01 1.260000000000010000e+14 0.000000000000000000e+00 1.017049508604285446e+00 3.660724004632714274e-02 1.305310942104910832e-01 3.472864066996166760e-02 0.000000000000000000e+00 9.219570896600168819e-01 5.566275755769908851e-02 7.105648451691702604e+08 1.067902215413539857e+08
7.200000000000000000e+01 1.260000000000010000e+14 0.000000000000000000e+00 1.246859998776224998e+00 5.500822222070948786e-02 1.241726584323687710e-01 4.360342998413486298e-02 0.000000000000000000e+00 1.217805425836100186e+00 8.629437719764240788e-02 1.308100359563571215e+09 5.869306408577250242e+08
7.300000000000000000e+01 1.260000000000010000e+14 0.000000000000000000e+00 1.164535652376215813e+00 1.974471538796939707e-01 2.010271673118373403e-01 7.655030292438541606e-02 0.000000000000000000e+00 1.192862163012029741e+00 1.543957138412225261e-01 1.193621055681981802e+09 1.704819242402419746e+08
7.400000000000000000e+01 1.260000000000010000e+14 1.000000000000000000e+00 1.012796507963836801e+00 1.919421580644494266e-02 9.972615289825328966e-02 8.253805810188351647e-03 0.000000000000000000e+00 1.177506815369799842e+00 1.582761617438289969e-02 7.109193218483759165e+08 1.172283127524408400e+08
7.500000000000000000e+01 1.260000000000010000e+14 1.000000000000000000e+00 1.038152822277679022e+00 1.716661700081602293e-02 5.451125971569592554e-02 7.651596563948349049e-03 0.000000000000000000e+00 1.270328757081214732e+00 1.770151285053794474e-02 4.227802601789700985e+08 1.154897067923693359e+08
7.600000000000000000e+01 1.260000000000010000e+14 0.000000000000000000e+00 1.121890489874429742e+00 1.164218130677369678e-01 1.850084726613690222e-01 2.492337004507644282e-02 0.000000000000000000e+00 1.347563224172666496e+00 1.174889503241484806e-01 1.508590139946228981e+09 3.794580444318664074e+08
7.700000000000000000e+01 1.260000000000010000e+14 0.000000000000000000e+00 1.083187488604442805e+00 9.882243490805825425e-02 2.680341780892169790e-01 1.295569351571425609e-01 0.000000000000000000e+00 1.175545126472066881e+00 2.819042060049979995e-02 1.318923837985230684e+09 3.697655431039589643e+08
7.800000000000000000e+01 1.260000000000010000e+14 0.000000000000000000e+00 1.269534108563161512e+00 7.870163715846847929e-02 1.336715441712715280e-01 1.840933943710578238e-02 0.000000000000000000e+00 1.462209573991129830e+00 8.267853620097100065e-02 1.073119846193075895e+09 2.921653122334354520e+08
7.900000000000000000e+01 1.260000000000010000e+14 0.000000000000000000e+00 1.063632703346236941e+00 3.442135948668109680e-02 1.110520195549190292e-01 2.078054423267599454e-02 0.000000000000000000e+00 1.152703419403023011e+00 4.122560164579827657e-02 7.643572708348182440e+08 2.877657654313489795e+08
8.000000000000000000e+01 1.260000000000020000e+14 0.000000000000000000e+00 1.061205206511273147e+00 3.634480413348886024e-02 1.137065629091050106e-01 3.816729573437144946e-02 0.000000000000000000e+00 1.246226857682213307e+00 3.437373991758966435e-02 5.792975458438949585e+08 1.273687297316179872e+08
8.100000000000000000e+01 1.260000000000010000e+14 0.000000000000000000e+00 9.355293880138839668e-01 1.132053597722528920e-01 3.321378677541966806e-01 1.558105844443093413e-01 0.000000000000000000e+00 1.386361482997967132e+00 3.166777474403718179e-02 9.190369899951889515e+08 2.385380182404962182e+08
8.200000000000000000e+01 1.260000000000010000e+14 1.000000000000000000e+00 1.084352121980217021e+00 3.220336284878844157e-02 5.500215797797179673e-02 7.845297249749680346e-03 0.000000000000000000e+00 1.193579077537434197e+00 2.287274629184348276e-02 4.346908295939375162e+08 2.364052298905481026e+07
8.300000000000000000e+01 1.260000000000010000e+14 0.000000000000000000e+00 1.146043831950483538e+00 4.923612212567627516e-02 1.471430520218321436e-01 3.990485870593820511e-02 0.000000000000000000e+00 1.110236832001865181e+00 5.944283439675986797e-02 1.294330291954714775e+09 5.351388594634339809e+08
8.400000000000000000e+01 1.260000000000010000e+14 0.000000000000000000e+00 2.411516040199753963e+00 3.710948208810018606e-02 7.287578127459667932e-02 1.131280790524379944e-02 0.000000000000000000e+00 2.440452305721346082e+00 6.075537154926684280e-02 7.529687752440993786e+08 1.557447649361100495e+08
8.500000000000000000e+01 1.260000000000010000e+14 0.000000000000000000e+00 1.210787957133535375e+00 1.014492050172570020e-01 2.177531876169875868e-01 6.096955466094710480e-02 0.000000000000000000e+00 1.395113488235250943e+00 6.606230209494884376e-02 1.483883936862021685e+09 6.534060218809064627e+08
8.600000000000000000e+01 1.260000000000010000e+14 0.000000000000000000e+00 1.293161535515193972e+00 2.027845058063685868e-01 2.378331727209693214e-01 9.411018791646590109e-02 0.000000000000000000e+00 1.493319397248270786e+00 1.243137829746808753e-01 1.402465075789524078e+09 3.149864734815608859e+08
8.700000000000000000e+01 1.260000000000010000e+14 0.000000000000000000e+00 1.178369100890183985e+00 4.545983283183704926e-02 2.219749468018112071e-01 7.972099083046162160e-02 0.000000000000000000e+00 1.350590826865008864e+00 7.630584738330659089e-02 1.107137464914159536e+09 5.053509176814076900e+08
8.800000000000000000e+01 1.260000000000010000e+14 0.000000000000000000e+00 1.117460437644873794e+00 1.457911639629693758e-02 1.107794003196049537e-01 1.112103731958257249e-02 0.000000000000000000e+00 1.413828605670154781e+00 1.184259300722809161e-02 7.334599147347779274e+08 1.507972610273977220e+08
8.900000000000000000e+01 1.260000000000010000e+14 0.000000000000000000e+00 1.070266898005721057e+00 8.100418309640189385e-02 1.319749346692385417e-01 3.218315560130725200e-02 0.000000000000000000e+00 1.097478551741446040e+00 1.114856859146550194e-01 1.279294952384879112e+09 4.869373814418350458e+08
9.000000000000000000e+01 1.260000000000020000e+14 0.000000000000000000e+00 8.768892281174613945e-01 9.492696018501156630e-02 2.255444465576680324e-01 3.963846127589855384e-02 0.000000000000000000e+00 1.146534527813441562e+00 8.402413737775038527e-02 2.033848149705340862e+09 6.500047114278299809e+08
9.100000000000000000e+01 1.260000000000010000e+14 0.000000000000000000e+00 1.048791757102875311e+00 8.419782024701191747e-02 9.687469577010109079e-02 1.877276233188437601e-02 0.000000000000000000e+00 1.348138808499622865e+00 1.814016984184965708e-02 6.189922556673690081e+08 1.491201696605619192e+08
9.200000000000000000e+01 1.260000000000010000e+14 0.000000000000000000e+00 1.109643661627378153e+00 5.040859602578966897e-02 8.556721233710316843e-02 2.390467754676246087e-02 0.000000000000000000e+00 1.062843315892949558e+00 2.719466441326775716e-02 6.217016368739613295e+08 1.127665141752173007e+08
9.300000000000000000e+01 1.260000000000010000e+14 0.000000000000000000e+00 1.050357960770000654e+00 1.310542862275922427e-01 2.786238302792813371e-01 1.458511877913095667e-01 0.000000000000000000e+00 1.186380156834164534e+00 7.321390803373727107e-02 1.562297914324772120e+09 6.867734003175940514e+08
9.400000000000000000e+01 1.260000000000010000e+14 0.000000000000000000e+00 1.288334178075859260e+00 9.899172560549610034e-02 1.753549325464250630e-01 4.233415617411097343e-02 0.000000000000000000e+00 1.476978861033134693e+00 1.157607291765051227e-01 1.999098422803921938e+09 5.854423826554280519e+08
9.500000000000000000e+01 1.260000000000020000e+14 1.000000000000000000e+00 1.085090470925992534e+00 1.362153011028430054e-02 4.697192845222979141e-02 2.044622798941788007e-03 0.000000000000000000e+00 1.149633761773795948e+00 2.182942602634165008e-02 4.126350907767480016e+08 2.718246068595969677e+07
9.600000000000000000e+01 1.260000000000010000e+14 0.000000000000000000e+00 1.119237761624164218e+00 7.509334054433218497e-02 1.106414958146491462e-01 2.395533031050271419e-02 0.000000000000000000e+00 1.193923452549642050e+00 5.495060051096512660e-02 1.142651631569814205e+09 3.584198324891934395e+08
9.700000000000000000e+01 1.260000000000010000e+14 1.000000000000000000e+00 1.052871893951309978e+00 1.756645622487790909e-02 8.322499319512784155e-02 1.132696075394137684e-02 0.000000000000000000e+00 1.209957359194039350e+00 2.454864761466612685e-02 6.673546109544817209e+08 1.726278951284336448e+08
9.800000000000000000e+01 1.260000000000010000e+14 0.000000000000000000e+00 8.499747726315054486e-01 2.395944712902697560e-01 3.663302889387785588e-01 2.661535743277555488e-01 0.000000000000000000e+00 1.492202854601619499e+00 6.746295522285664092e-02 8.217454285175892115e+08 2.704839833064046502e+08
9.900000000000000000e+01 1.260000000000010000e+14 1.000000000000000000e+00 1.020793857079399514e+00 1.031210216312573348e-02 7.850631716088816991e-02 7.413208258302273791e-03 0.000000000000000000e+00 1.038106871056938996e+00 1.572820490283986794e-02 5.628324699510320425e+08 9.432302104903905094e+07
1.000000000000000000e+02 1.260000000000010000e+14 0.000000000000000000e+00 1.221682987841099743e+00 1.668998730498677530e-01 3.517213185517213403e-01 1.346511390230633320e-01 0.000000000000000000e+00 9.367015168630533628e-01 2.038586299032790761e-01 2.045130671554326057e+09 8.089383885078824759e+08
1.010000000000000000e+02 1.260000000000020000e+14 0.000000000000000000e+00 1.254155302928179561e+00 8.699814251148597910e-02 8.066319210181920052e-02 2.579637651855090641e-02 0.000000000000000000e+00 1.218520719407350850e+00 4.446365417452620428e-02 8.023996101848871708e+08 4.213659448785160184e+08
1.020000000000000000e+02 1.260000000000010000e+14 1.000000000000000000e+00 1.083691701877022906e+00 1.169185013425583577e-02 6.524914314289947948e-02 1.015695446944520942e-02 0.000000000000000000e+00 1.077349670196473985e+00 1.557032275127618985e-02 4.368321330167067647e+08 1.392205505498823524e+08
1.030000000000000000e+02 1.260000000000010000e+14 0.000000000000000000e+00 1.157318735480676208e+00 6.800251395370991714e-02 1.515517399931681219e-01 4.750647830447922437e-02 0.000000000000000000e+00 1.288472681323021618e+00 7.434791640857149608e-02 1.612759581387523174e+09 6.651192997962626219e+08
1.040000000000000000e+02 1.260000000000010000e+14 0.000000000000000000e+00 9.420775329760917582e-01 1.595027492280799153e-01 1.925851291230964990e-01 7.839621082893905024e-02 0.000000000000000000e+00 1.082707778224304196e+00 1.024586211486838844e-01 9.931348217583210468e+08 2.776968250415589809e+08
1.050000000000000000e+02 1.260000000000010000e+14 0.000000000000000000e+00 9.461636344360291329e-01 5.896873697370255685e-02 1.068775570588934437e-01 2.179739827548528297e-02 0.000000000000000000e+00 1.247189839087766261e+00 6.995409701700021354e-02 7.139566415862692595e+08 2.208713238981637061e+08
1.060000000000000000e+02 1.260000000000010000e+14 0.000000000000000000e+00 9.654820437043124537e-01 6.665148672427576027e-02 1.615397247796603042e-01 6.906655591830014596e-02 0.000000000000000000e+00 1.202580416921517514e+00 7.449217114108167004e-02 2.041474778910512447e+09 1.227903087225712299e+09
1.070000000000000000e+02 1.260000000000010000e+14 1.000000000000000000e+00 1.087556861191996793e+00 1.065021175367897310e-02 6.404921671595797950e-02 1.457073401790887589e-02 0.000000000000000000e+00 1.145951655011778314e+00 1.997477700710297011e-02 5.920214533809906244e+08 2.032404655722138286e+08
1.080000000000000000e+02 1.260000000000010000e+14 0.000000000000000000e+00 1.261776771838182043e+00 7.243877493855666039e-02 1.769244393982878916e-01 4.443347023603345242e-02 0.000000000000000000e+00 1.344430305573893980e+00 5.544194429274309360e-02 1.990093943848067284e+09 6.399183315877393484e+08
1.090000000000000000e+02 1.260000000000010000e+14 0.000000000000000000e+00 1.297381196164094641e+00 1.753252066787105989e-01 3.035701877272979354e-01 1.444189612373270870e-01 0.000000000000000000e+00 1.538303484496597040e+00 1.559738357182365032e-01 3.393151418927060604e+09 2.668732260870506287e+09
1.100000000000000000e+02 1.260000000000020000e+14 0.000000000000000000e+00 8.603558733499970801e-01 7.445543680499307204e-02 2.431106657347281708e-01 9.682027100600287817e-02 0.000000000000000000e+00 1.100719523405110811e+00 4.295990577246527192e-02 1.678079722738710880e+09 7.348866311070976257e+08
1.110000000000000000e+02 1.260000000000010000e+14 0.000000000000000000e+00 9.966368202311346458e-01 8.808696324991810434e-02 1.781315663173462516e-01 3.992545356693689984e-02 0.000000000000000000e+00 1.059560976092921436e+00 5.532962514434520973e-02 8.171742164986765385e+08 2.652869483439891338e+08
1.120000000000000000e+02 1.260000000000010000e+14 0.000000000000000000e+00 1.166144842746627663e+00 1.116048797029290801e-01 2.125760683675713136e-01 5.056526580241311325e-02 0.000000000000000000e+00 1.307833099667228494e+00 1.142949314703066710e-01 1.499506235993332148e+09 7.514222552063562870e+08
1.130000000000000000e+02 1.260000000000010000e+14 0.000000000000000000e+00 1.024381021288530036e+00 9.392270886102821459e-02 1.390410787362983680e-01 7.285853480513312941e-02 0.000000000000000000e+00 1.119027920513868457e+00 4.113451204880207157e-02 6.327193047549096346e+08 1.356746197034548819e+08
1.140000000000000000e+02 1.260000000000010000e+14 0.000000000000000000e+00 1.174971653974415720e+00 1.139828366917483848e-01 1.422829432079001089e-01 8.795938689671133071e-02 0.000000000000000000e+00 1.052026643782196347e+00 1.205820544752775059e-01 1.547280702927256346e+09 1.136374548224884033e+09
1.150000000000000000e+02 1.260000000000020000e+14 0.000000000000000000e+00 1.024247911423267654e+00 4.127326605789142372e-02 8.600515436357711319e-02 2.044019970310054918e-02 0.000000000000000000e+00 1.016654723753634748e+00 2.063883413965456395e-02 6.734478805515688658e+08 3.223014280843370557e+08
1.160000000000000000e+02 1.260000000000010000e+14 0.000000000000000000e+00 1.636323293502041532e+00 1.386683692210451679e-01 1.928733817770904302e-01 9.225753370408681930e-02 0.000000000000000000e+00 1.434313454309547708e+00 1.432509965707948751e-01 2.075784797256103516e+09 1.382410977930411816e+09
1.170000000000000000e+02 1.260000000000010000e+14 1.000000000000000000e+00 1.059217668362928189e+00 1.823551606477608056e-02 9.477716229862637176e-02 1.026468252769494396e-02 0.000000000000000000e+00 1.122111750579813716e+00 1.858695195269984696e-02 5.996459052560322285e+08 5.522787628975713998e+07
1.180000000000000000e+02 1.260000000000010000e+14 0.000000000000000000e+00 1.250931992017146888e+00 1.064562807446778059e-01 1.626257098997998807e-01 8.043112804283242268e-02 0.000000000000000000e+00 1.341418337523395898e+00 1.408834086439565147e-01 1.786038266736894131e+09 1.121839999363498211e+09
1.190000000000000000e+02 1.260000000000010000e+14 0.000000000000000000e+00 1.000168415912600972e+00 3.937601806233813340e-02 1.041499975595380489e-01 4.487753923004651063e-02 0.000000000000000000e+00 1.116923884079793261e+00 1.308860205277788402e-02 1.093278981147364616e+09 6.708498955274119377e+08
1.200000000000000000e+02 1.260000000000010000e+14 1.000000000000000000e+00 9.482137695404212474e-01 2.113010554098507937e-02 5.782899981516018140e-02 6.630666347541511532e-03 0.000000000000000000e+00 1.259508333275620284e+00 2.430627131408053324e-02 3.651341721837683916e+08 2.888677942536324635e+07
1.210000000000000000e+02 1.260000000000010000e+14 0.000000000000000000e+00 1.161673824409450217e+00 1.585231525695274812e-01 1.602158034445919921e-01 5.429179928723060905e-02 0.000000000000000000e+00 1.118460477997703872e+00 1.765738469086364504e-01 1.623862173171480417e+09 7.512630660493668318e+08
1.220000000000000000e+02 1.260000000000010000e+14 0.000000000000000000e+00 1.445961776434051771e+00 4.070226066323315989e-02 1.452462734155559876e-01 3.591127091796923743e-02 0.000000000000000000e+00 1.620338355837305899e+00 7.599329082213428233e-02 1.319551402306828737e+09 4.743937063412240148e+08
1.230000000000000000e+02 1.260000000000010000e+14 0.000000000000000000e+00 1.167259121849754111e+00 7.274489018787544392e-02 1.930387490891733726e-01 6.736695594872758874e-02 0.000000000000000000e+00 1.270905761873475148e+00 3.560870798529867931e-02 1.507353776296130419e+09 3.223527873022191525e+08
1.240000000000000000e+02 1.260000000000010000e+14 0.000000000000000000e+00 5.626101587020981842e-01 2.286415441596230391e-01 3.549758359850077039e-01 2.448117239742809148e-01 0.000000000000000000e+00 1.180089719286981254e+00 3.482549978906077093e-02 4.061505701136728525e+08 8.040138389456570148e+07
1.250000000000000000e+02 1.260000000000010000e+14 0.000000000000000000e+00 9.987084473421964370e-01 1.572196221627550350e-01 1.452482160618150386e-01 2.395107735857931325e-02 0.000000000000000000e+00 1.003782983003533857e+00 9.992637645172085248e-02 9.668876851893570423e+08 2.210387703430679739e+08
1.260000000000000000e+02 1.260000000000010000e+14 0.000000000000000000e+00 1.134684751496007893e+00 5.925289357887904285e-02 1.267875302932465753e-01 3.137066043305784813e-02 0.000000000000000000e+00 1.314311401960438497e+00 6.570328539765506182e-02 8.624144156885055304e+08 1.506703077260700762e+08
1.270000000000000000e+02 1.260000000000010000e+14 1.000000000000000000e+00 1.108913732536373153e+00 1.717763346802324981e-02 6.957879620893872574e-02 9.735212753396739124e-03 0.000000000000000000e+00 1.286333574029972393e+00 8.476535460295893734e-03 7.003306484429222345e+08 1.382436325265876651e+08
1.280000000000000000e+02 1.260000000000010000e+14 0.000000000000000000e+00 1.074185235606566646e+00 5.930267721777007089e-02 1.200121335821164037e-01 6.365171398171136363e-02 0.000000000000000000e+00 1.078515201413903002e+00 1.482977334849732744e-02 4.652925542700037360e+08 5.282573665684507042e+07
1.290000000000000000e+02 1.260000000000010000e+14 1.000000000000000000e+00 1.100529401804553276e+00 1.238841791694578892e-02 2.774845170217282719e-02 1.216182576638457800e-03 0.000000000000000000e+00 1.061557428728596486e+00 8.633800682850811120e-03 1.736396383941829801e+08 8.983970333042340353e+06
1.300000000000000000e+02 1.260000000000010000e+14 0.000000000000000000e+00 1.160843704332112925e+00 4.578568090762635823e-02 7.990738307827974229e-02 8.607663003971024671e-03 0.000000000000000000e+00 1.174796089772091490e+00 4.842450693130232603e-02 5.509942317518346310e+08 1.187112015067637563e+08
1.310000000000000000e+02 1.260000000000010000e+14 0.000000000000000000e+00 1.257107832655911084e+00 4.623189014638545008e-02 1.844726030555904062e-01 5.275207052327770402e-02 0.000000000000000000e+00 1.304461238933640077e+00 6.903845823237837742e-02 2.023510492669053793e+09 8.030422563587877750e+08
1.320000000000000000e+02 1.260000000000010000e+14 0.000000000000000000e+00 9.994495445322340021e-01 1.919612620488548443e-02 1.272467193514343620e-01 2.414830414646671614e-02 0.000000000000000000e+00 1.174679335826594118e+00 2.233401118242924963e-02 1.125579973318893194e+09 2.525174489487705231e+08
1.330000000000000000e+02 1.260000000000010000e+14 0.000000000000000000e+00 1.798899076328293711e+00 5.403513483606584705e-02 9.918602843437288041e-02 2.306100785383968788e-02 0.000000000000000000e+00 1.861768117470608663e+00 6.984966875331942437e-02 7.691483634407360554e+08 3.012184261905063391e+08
1.340000000000000000e+02 1.260000000000010000e+14 1.000000000000000000e+00 1.077902644469556748e+00 2.194290019308945197e-02 6.724030913018141931e-02 1.416405379041248656e-02 0.000000000000000000e+00 1.238686292828452107e+00 2.887686012948041323e-02 4.154126255052455068e+08 3.886585309392853826e+07
1.350000000000000000e+02 1.260000000000010000e+14 0.000000000000000000e+00 1.178063490945181480e+00 1.527022366702832264e-02 8.578858812172344972e-02 1.624549033240008100e-02 0.000000000000000000e+00 1.319059624951114618e+00 1.327637043386940309e-02 6.150534965829851627e+08 1.194277651110309064e+08
1.360000000000000000e+02 1.260000000000010000e+14 0.000000000000000000e+00 1.987834852283745235e+00 1.316321602093866727e-01 3.004186671298695877e-01 9.217552976003222376e-02 0.000000000000000000e+00 2.771310367270798380e+00 1.180226791789586865e-01 1.458065791083310366e+09 3.278654548683411479e+08
1.370000000000000000e+02 1.260000000000010000e+14 1.000000000000000000e+00 1.092476934819592627e+00 3.528847608534468883e-02 6.408428910399972811e-02 8.381399885210302075e-03 0.000000000000000000e+00 1.157539186577103862e+00 3.612278770486705703e-02 5.780963981276534796e+08 1.165776542478137165e+08
1.380000000000000000e+02 1.260000000000010000e+14 0.000000000000000000e+00 1.220923298440442117e+00 1.480247378058995311e-01 1.558451616859373445e-01 7.902260483318611362e-02 0.000000000000000000e+00 1.380335384922001696e+00 1.843942045618507941e-01 1.954424000341181517e+09 1.346589680148643017e+09
1.390000000000000000e+02 1.260000000000010000e+14 0.000000000000000000e+00 1.057988637696207546e+00 1.737822567417794395e-01 2.323856848060486813e-01 6.966337307090018915e-02 0.000000000000000000e+00 9.670934789554960220e-01 1.456349175109212801e-01 1.771114416285396576e+09 1.173230633446333408e+09
1.400000000000000000e+02 1.260000000000010000e+14 0.000000000000000000e+00 1.301930001372475276e+00 1.069376850770578508e-01 1.855627888536425241e-01 8.288427040035002691e-02 0.000000000000000000e+00 1.354141517627843516e+00 1.330475831108915707e-01 2.063964148534342289e+09 1.024027569474029303e+09
1.410000000000000000e+02 1.260000000000010000e+14 0.000000000000000000e+00 1.158956402741927461e+00 4.357554334440340987e-02 6.549055576434245629e-02 1.517844052705155482e-02 0.000000000000000000e+00 1.169722522185414837e+00 4.714276109079642424e-02 5.601533646081655025e+08 1.890386997417204380e+08
1.420000000000000000e+02 1.260000000000010000e+14 1.000000000000000000e+00 1.069632120875241066e+00 1.782562801412576267e-02 9.720586471363236447e-02 1.631053699609292043e-02 0.000000000000000000e+00 1.067713398170719197e+00 1.592796444615618076e-02 8.560621483402376175e+08 2.266486622895785272e+08
1.430000000000000000e+02 1.260000000000010000e+14 0.000000000000000000e+00 9.970216779889489178e-01 8.869729232046121015e-02 1.920508307726062625e-01 5.021328045767477211e-02 0.000000000000000000e+00 9.976640085958934367e-01 7.446650725446145314e-02 1.414952871603395700e+09 2.458622218747664690e+08
1.440000000000000000e+02 1.260000000000010000e+14 0.000000000000000000e+00 1.253157313342838641e+00 1.292168485745679163e-01 2.054327883806333355e-01 5.185419847242490193e-02 0.000000000000000000e+00 1.165475894752181274e+00 1.198305840829559377e-01 1.693417120362855911e+09 6.705264112547243834e+08
1.450000000000000000e+02 1.260000000000010000e+14 0.000000000000000000e+00 9.990932395585642167e-01 1.076148995068563208e-01 1.362258202107210769e-01 3.478513005622482779e-02 0.000000000000000000e+00 1.159497047216229815e+00 7.735424780660404842e-02 1.130468035550271988e+09 5.655159292144470215e+08
1.460000000000000000e+02 1.260000000000010000e+14 1.000000000000000000e+00 1.057506042325835116e+00 2.192954134321822499e-02 6.061615523514524151e-02 1.143109785739849713e-02 0.000000000000000000e+00 1.221070508331781879e+00 1.812173617478247609e-02 4.144011330153733492e+08 5.741489808403231949e+07
1.470000000000000000e+02 1.260000000000010000e+14 0.000000000000000000e+00 1.066232296910920363e+00 8.180778782190011034e-02 1.274749399944307693e-01 2.347303407834442496e-02 0.000000000000000000e+00 1.087934020230917564e+00 5.331571120265930774e-02 8.589717203670269251e+08 2.696612180327595472e+08
1.480000000000000000e+02 1.260000000000010000e+14 0.000000000000000000e+00 1.236988725573255898e+00 4.311217317223536849e-02 8.847611345812854411e-02 1.475124259697810011e-02 0.000000000000000000e+00 1.198075003906000857e+00 2.994078730135267541e-02 6.576268512758404016e+08 2.326863021571215987e+08
1.490000000000000000e+02 1.260000000000010000e+14 0.000000000000000000e+00 1.097901191172558244e+00 7.361913821381847745e-02 9.602757871216204000e-02 1.970991443330134818e-02 0.000000000000000000e+00 1.293606560937144323e+00 4.407246396099601810e-02 5.477087212446881533e+08 1.210039960000377446e+08
1.500000000000000000e+02 1.260000000000010000e+14 0.000000000000000000e+00 1.095968751918850792e+00 1.015383771222547471e-01 1.530729636586848075e-01 4.769672148325775768e-02 0.000000000000000000e+00 9.825824595924181892e-01 6.428194627083298751e-02 1.515834282588433743e+09 6.649283549795380831e+08
1.510000000000000000e+02 1.260000000000010000e+14 0.000000000000000000e+00 1.044638736489903907e+00 7.409376480498555684e-02 1.228266840497175966e-01 1.950265571606975626e-02 0.000000000000000000e+00 9.122401727022290130e-01 5.812402640394809250e-02 7.662594634430972338e+08 1.861391889580430984e+08
1.520000000000000000e+02 1.260000000000010000e+14 0.000000000000000000e+00 1.011020481600963139e+00 4.937602278048505017e-02 1.267233460446971771e-01 4.684357061928465238e-02 0.000000000000000000e+00 1.305944924402305363e+00 2.237090105460187717e-02 4.986938161690055132e+08 8.028617708910824358e+07
1.530000000000000000e+02 1.260000000000010000e+14 1.000000000000000000e+00 1.055175311130090110e+00 2.163432407362064075e-02 4.995226969566216035e-02 5.612760782951252934e-03 0.000000000000000000e+00 1.062257794927739862e+00 8.745480177505498068e-03 2.459429500922188163e+08 3.189509808863088116e+07
1.540000000000000000e+02 1.260000000000010000e+14 0.000000000000000000e+00 1.142012180859479198e+00 6.278378901493193720e-02 1.585091428780619760e-01 6.742698090101664765e-02 0.000000000000000000e+00 1.216589308707091366e+00 5.526621355993874274e-02 1.885065336648159027e+09 1.034569451910666704e+09
1.550000000000000000e+02 1.260000000000010000e+14 1.000000000000000000e+00 1.121640373485622844e+00 2.849348770921891413e-02 7.398050828578384142e-02 9.239429762321801562e-03 0.000000000000000000e+00 1.255691285731481699e+00 2.938750325052240028e-02 6.523531156585190296e+08 1.389479285496886671e+08
1.560000000000000000e+02 1.260000000000010000e+14 0.000000000000000000e+00 1.080001910274980270e+00 4.317486841205941950e-02 1.453371927807739494e-01 6.928541016179393108e-02 0.000000000000000000e+00 1.200368852587635260e+00 2.040574496944991614e-02 6.917986962959893942e+08 7.621872241638784111e+07
1.570000000000000000e+02 1.260000000000010000e+14 0.000000000000000000e+00 1.994436602787026613e+00 5.556314277171952448e-02 8.581873120692767865e-02 6.593501540818045605e-03 0.000000000000000000e+00 2.007596455724559359e+00 5.968150907157887541e-02 6.401661471026678085e+08 7.934804722465781868e+07
1.580000000000000000e+02 1.260000000000010000e+14 0.000000000000000000e+00 1.105125069330677112e+00 5.443265499861504875e-02 1.291093786243729113e-01 3.432425082309645964e-02 0.000000000000000000e+00 1.289546440472005617e+00 1.498781271664311777e-02 4.843744147635452151e+08 3.400457626929897070e+07
1.590000000000000000e+02 1.260000000000010000e+14 0.000000000000000000e+00 1.172034494072807131e+00 3.230968912652342623e-02 7.451923336853465141e-02 5.805644653668839104e-03 0.000000000000000000e+00 1.228207609731526206e+00 3.587798150058574276e-02 6.122059664534300566e+08 7.695408856660820544e+07
1.600000000000000000e+02 1.260000000000010000e+14 1.000000000000000000e+00 1.149844437612831394e+00 2.472399464165160599e-02 8.308058949394953041e-02 8.049893914902675127e-03 0.000000000000000000e+00 1.264712556279762978e+00 1.669926887164217486e-02 6.081009637830702066e+08 9.149325826107931137e+07
1.610000000000000000e+02 1.260000000000010000e+14 0.000000000000000000e+00 1.112161490633902572e+00 6.531326376981208548e-02 1.947181134871216190e-01 4.280125974318264165e-02 0.000000000000000000e+00 1.188327062500170728e+00 7.531695398707134725e-02 1.045110173663192868e+09 3.341878676330587268e+08
1.620000000000000000e+02 1.260000000000010000e+14 0.000000000000000000e+00 1.134847230823682329e+00 5.265865235976777137e-02 1.064211236423512480e-01 2.978818568518381768e-02 0.000000000000000000e+00 1.193064022386377099e+00 5.996989089924108229e-02 1.015020979250645161e+09 3.991867895009762049e+08
1.630000000000000000e+02 1.260000000000010000e+14 0.000000000000000000e+00 1.208897258184520762e+00 3.310702410313667160e-02 1.100395514959475324e-01 8.927513152149292933e-03 0.000000000000000000e+00 1.226458673993255033e+00 1.443145685762664034e-02 7.746092310781698227e+08 7.216617137903673947e+07
1.640000000000000000e+02 1.260000000000010000e+14 0.000000000000000000e+00 1.066521790727642083e+00 1.575432824063596193e-01 1.668190796913319729e-01 6.724830888363861336e-02 0.000000000000000000e+00 1.098901739468474581e+00 1.413713158481313403e-01 2.085681889929239273e+09 1.123597942564027548e+09
1.650000000000000000e+02 1.260000000000010000e+14 1.000000000000000000e+00 1.129835985558323097e+00 1.366689571905341412e-02 8.292369080152077465e-02 5.699729914107100510e-03 0.000000000000000000e+00 1.264177851195787516e+00 2.640691497815659400e-02 6.964374194754525423e+08 8.455518469236202538e+07
1.660000000000000000e+02 1.260000000000010000e+14 0.000000000000000000e+00 1.047911331867858564e+00 5.850759968500535146e-02 1.359905325921544061e-01 1.997557496624861179e-02 0.000000000000000000e+00 1.151940603459861601e+00 1.140700320755334493e-02 9.075974723560770750e+08 2.857477072653039694e+08
1.670000000000000000e+02 1.260000000000010000e+14 0.000000000000000000e+00 1.218174476872980305e+00 5.293048856030164312e-02 1.330712073113870519e-01 5.267799190811768562e-02 0.000000000000000000e+00 1.207130287286569903e+00 8.028491070100128579e-02 1.389656071285324574e+09 7.147987744293297529e+08
1.680000000000000000e+02 1.260000000000020000e+14 0.000000000000000000e+00 1.075504915158638664e+00 1.632720465695727818e-01 2.018073865644999798e-01 9.485741651791544660e-02 0.000000000000000000e+00 7.977984404332220114e-01 1.477845139425151277e-01 2.247119296446012974e+09 1.590920673191255093e+09
1.690000000000000000e+02 1.260000000000010000e+14 0.000000000000000000e+00 1.182870352810413417e+00 1.106952251375785123e-01 1.877727336517908963e-01 7.228649634158661186e-02 0.000000000000000000e+00 1.004837960321731227e+00 1.126846738118824770e-01 2.072034130481241941e+09 1.037154345710997462e+09
1.700000000000000000e+02 1.260000000000010000e+14 0.000000000000000000e+00 1.226916693783407508e+00 1.022331294689852732e-01 2.631155676142894473e-01 1.317789698816588806e-01 0.000000000000000000e+00 8.493846657756995988e-01 1.181220365404876821e-01 3.185381935951875687e+09 1.886731935839759350e+09
1.710000000000000000e+02 1.260000000000010000e+14 0.000000000000000000e+00 2.768544491991202339e+00 1.862714358245400603e-01 1.956000323200020041e-01 5.162544303080283947e-02 0.000000000000000000e+00 2.808915914634728228e+00 2.282638815070612837e-01 1.714441820738999844e+09 2.914632918056975007e+08
1.720000000000000000e+02 1.260000000000010000e+14 0.000000000000000000e+00 1.151545304304748996e+00 5.784933298675695723e-02 9.885092692663295655e-02 1.386979120650757777e-02 0.000000000000000000e+00 1.229162933264087654e+00 3.911904017993048099e-02 7.334260802651551962e+08 1.134530620057256669e+08
1.730000000000000000e+02 1.260000000000010000e+14 0.000000000000000000e+00 1.294820003381615514e+00 5.172006609261697863e-02 1.948734708191752485e-01 3.140221752297540220e-02 0.000000000000000000e+00 1.440338839563625184e+00 6.076392700484339882e-02 1.987882148877548218e+09 4.500827296290606856e+08
1.740000000000000000e+02 1.260000000000010000e+14 0.000000000000000000e+00 1.169549424124685100e+00 2.001467300822084017e-01 4.656104092717358034e-01 2.412826219304981257e-01 0.000000000000000000e+00 1.422527377435314211e+00 1.705089836107911427e-01 2.000945598670524836e+09 1.107211528035457134e+09
1.750000000000000000e+02 1.260000000000010000e+14 0.000000000000000000e+00 1.039353518627601503e+00 3.306434052241635779e-02 2.103259866899884201e-01 5.831875723997249211e-02 0.000000000000000000e+00 1.220318738514854839e+00 5.887682889821633375e-02 1.050041023160490751e+09 2.982903533497867584e+08
1.760000000000000000e+02 1.260000000000010000e+14 0.000000000000000000e+00 1.080224934420860983e+00 8.573753200870437574e-02 1.519952654392262570e-01 5.804905572443334189e-02 0.000000000000000000e+00 1.281007621106281302e+00 2.539858375817048708e-02 8.156832197743602991e+08 1.937912647756009102e+08
1.770000000000000000e+02 1.260000000000010000e+14 0.000000000000000000e+00 2.005959258443704485e+00 1.049012327180722931e-01 1.303045898691507776e-01 5.347701313047339977e-02 0.000000000000000000e+00 2.002996939356082695e+00 1.226735503646723124e-01 1.518626890766946077e+09 7.362735251120616198e+08
1.780000000000000000e+02 1.260000000000010000e+14 1.000000000000000000e+00 9.782160699290578521e-01 2.997094495366970160e-02 6.835562200130361477e-02 7.131690247835057589e-03 0.000000000000000000e+00 1.077896964217484710e+00 2.070900870160607976e-02 3.929371676351170540e+08 3.275170633566134796e+07
1.790000000000000000e+02 1.260000000000010000e+14 0.000000000000000000e+00 1.064892662882745755e+00 6.407989118620040225e-02 9.558080111471321805e-02 1.222353318699875499e-02 0.000000000000000000e+00 1.157613324974350766e+00 8.293596135301602168e-02 7.995020828917486668e+08 1.869220689403346479e+08
1.800000000000000000e+02 1.260000000000010000e+14 0.000000000000000000e+00 1.182599597940050096e+00 1.216508472834684079e-01 2.148945646777006835e-01 7.535045971691869959e-02 0.000000000000000000e+00 1.078669793357795115e+00 1.025808666899735849e-01 1.703715904705825329e+09 1.115404370176161528e+09
1.810000000000000000e+02 1.260000000000010000e+14 1.000000000000000000e+00 1.103210403426968744e+00 1.266979228312350297e-02 6.093833416470987446e-02 6.593922259015174217e-03 0.000000000000000000e+00 1.297287458193892906e+00 1.730762227208558143e-02 4.484939122226412892e+08 8.437767486358313262e+07
1.820000000000000000e+02 1.260000000000010000e+14 0.000000000000000000e+00 1.068148757247904257e+00 1.202702531996449609e-01 9.252135061368089997e-02 4.067942287637376503e-02 0.000000000000000000e+00 1.181360360623808337e+00 7.872707717165447483e-02 1.010642471989995837e+09 6.576878162709225416e+08
1.830000000000000000e+02 1.260000000000010000e+14 0.000000000000000000e+00 1.331999155001974300e+00 3.650610951585674807e-02 1.960655169187854319e-01 4.996384927100101098e-02 0.000000000000000000e+00 1.635650767432123454e+00 6.601305965110840224e-02 1.355925459509066820e+09 6.439067543807202578e+08
1.840000000000000000e+02 1.260000000000010000e+14 0.000000000000000000e+00 1.109670301471113785e+00 7.617978510869524711e-02 1.922651444871243398e-01 5.058930679235418976e-02 0.000000000000000000e+00 1.127519028706790882e+00 5.324214226446386672e-02 2.194269736579742908e+09 7.418173976115132570e+08
1.850000000000000000e+02 1.260000000000010000e+14 0.000000000000000000e+00 1.179676051782291069e+00 1.449774126661114715e-01 1.497494139581265760e-01 5.476909019772501636e-02 0.000000000000000000e+00 1.082009095449447678e+00 1.540890826348855769e-01 1.652861460910689592e+09 7.557796347787574530e+08
1.860000000000000000e+02 1.260000000000010000e+14 0.000000000000000000e+00 1.236556224275144666e+00 4.379252983380357150e-02 1.412967894054426299e-01 3.016078220835591295e-02 0.000000000000000000e+00 1.222124270228873932e+00 4.000860476859324777e-02 1.362274345870285034e+09 4.213544590030835271e+08
1.870000000000000000e+02 1.260000000000010000e+14 0.000000000000000000e+00 1.063638571615589168e+00 8.747251412106700486e-02 1.549707130420933388e-01 7.069573999066121328e-02 0.000000000000000000e+00 1.119634749098331383e+00 4.706237009051479625e-02 6.988287420183521509e+08 2.333168057569395304e+08
1.880000000000000000e+02 1.260000000000010000e+14 0.000000000000000000e+00 9.023221371015819336e-01 1.877505022785774524e-01 2.577782573565087776e-01 1.592538772683940174e-01 0.000000000000000000e+00 1.397170354575291817e+00 7.593528832123243311e-02 6.118097852077547312e+08 9.620301299261581898e+07
1.890000000000000000e+02 1.260000000000010000e+14 0.000000000000000000e+00 1.089637528727654070e+00 2.573512841184364894e-02 1.043554338718809538e-01 3.293505145422759295e-02 0.000000000000000000e+00 1.191828380458122894e+00 2.374204320212089034e-02 9.582168449914008379e+08 4.786415270851479769e+08
1.900000000000000000e+02 1.260000000000010000e+14 0.000000000000000000e+00 1.145367636760149077e+00 1.365098345231350041e-01 3.419979055237157284e-01 1.082771980110557308e-01 0.000000000000000000e+00 1.400167548294850572e+00 8.547239283315466452e-02 2.299508289702214718e+09 1.439288037701952219e+09
1.910000000000000000e+02 1.260000000000010000e+14 0.000000000000000000e+00 1.012143175907455728e+00 3.420254354656435819e-02 1.546498040550524644e-01 4.034482984079244133e-02 0.000000000000000000e+00 1.174125228736111914e+00 2.584344000808770983e-02 8.260888396343758106e+08 1.291329543788100928e+08
1.920000000000000000e+02 1.260000000000010000e+14 0.000000000000000000e+00 1.833128591316392608e+00 2.410483956596062294e-01 4.563743553700500000e-01 3.028460891833031909e-01 0.000000000000000000e+00 2.207957161755416564e+00 1.397357664500017138e-01 1.874845553481923580e+09 7.699045387300697565e+08
1.930000000000000000e+02 1.260000000000010000e+14 0.000000000000000000e+00 1.881606886700576853e+00 9.678145232067811299e-02 1.339513729729797098e-01 3.295734246667438722e-02 0.000000000000000000e+00 1.981304105140707650e+00 5.803030200511306858e-02 1.488201912107427120e+09 4.531780787364000082e+08
1.940000000000000000e+02 1.260000000000010000e+14 0.000000000000000000e+00 1.075626288709006229e+00 6.413901608648554797e-02 1.168376232705548440e-01 2.690719414605341475e-02 0.000000000000000000e+00 1.164190841828537826e+00 6.989669486591791603e-02 1.147118577506455898e+09 3.945176162565990090e+08
1.950000000000000000e+02 1.260000000000010000e+14 1.000000000000000000e+00 1.100958993663106344e+00 1.981679470720847103e-02 7.330067285041984293e-02 1.811415287392462853e-02 0.000000000000000000e+00 1.235835253296679870e+00 4.185208770640013592e-02 6.071548579867198467e+08 2.384858438038488328e+08
1.960000000000000000e+02 1.260000000000010000e+14 0.000000000000000000e+00 1.142032923740109007e+00 4.484038025896366214e-02 1.232238858753841593e-01 2.160567211657316022e-02 0.000000000000000000e+00 1.284469554357482668e+00 6.661941698556221592e-02 7.462337165965933800e+08 1.489045399973969162e+08
1.970000000000000000e+02 1.260000000000010000e+14 0.000000000000000000e+00 1.235796972576155950e+00 3.863064005604700812e-02 1.462364709853584688e-01 1.916942490824099371e-02 0.000000000000000000e+00 1.418412359282960722e+00 2.428557438126114493e-02 1.277661184375748158e+09 2.084291984925425649e+08
1.980000000000000000e+02 1.260000000000010000e+14 0.000000000000000000e+00 1.110746667982156044e+00 4.032583479562392575e-02 8.993036478633703590e-02 2.140297877017969044e-02 0.000000000000000000e+00 1.083969395958789050e+00 3.499313504906156891e-02 8.898224031873970032e+08 2.881984782167363763e+08
1.990000000000000000e+02 1.260000000000010000e+14 0.000000000000000000e+00 1.125632942602773801e+00 1.058396238434219788e-01 5.643956921298141916e-02 5.115745355234829934e-03 0.000000000000000000e+00 1.142475786528598380e+00 5.237499201799530879e-02 4.525972996281064153e+08 7.767144630457320809e+07
2.000000000000000000e+02 1.260000000000010000e+14 0.000000000000000000e+00 1.124716331037334260e+00 6.486018477554417183e-02 1.652859079569264367e-01 4.606699627094408556e-02 0.000000000000000000e+00 1.267018176658627260e+00 7.501251118531074291e-02 1.657023342936251879e+09 7.023058899659278393e+08
2.010000000000000000e+02 1.260000000000010000e+14 0.000000000000000000e+00 1.640117772198191437e+00 1.240272051529357350e-01 1.881542395529090805e-01 9.767672399454442600e-02 0.000000000000000000e+00 1.583154334471755353e+00 1.474988060790626276e-01 1.754094936548004866e+09 1.315861213246235132e+09
2.020000000000000000e+02 1.260000000000010000e+14 1.000000000000000000e+00 1.054138037391893823e+00 1.168005904236958485e-02 4.485850931658986324e-02 2.428396860335608511e-03 0.000000000000000000e+00 1.127435473167365698e+00 5.594096444724742934e-03 3.471492076443977952e+08 2.645197412341115624e+07
2.030000000000000000e+02 1.260000000000010000e+14 0.000000000000000000e+00 1.230962884421543890e+00 8.550816880551574684e-02 1.504614741647906651e-01 2.211996132214307312e-02 0.000000000000000000e+00 1.309328993769027782e+00 6.942623376841035310e-02 1.508390598794634581e+09 3.233799599039126635e+08
2.040000000000000000e+02 1.260000000000010000e+14 0.000000000000000000e+00 1.130586768206757409e+00 8.341606020463890325e-02 1.627456051020588212e-01 6.175502355203500021e-02 0.000000000000000000e+00 1.176989143295845697e+00 6.637550448297756256e-02 1.108781565131848812e+09 1.605428622712697387e+08
2.050000000000000000e+02 1.260000000000010000e+14 1.000000000000000000e+00 1.119533315355653480e+00 2.892115763596675784e-02 9.698633748945592603e-02 1.300655050611556306e-02 0.000000000000000000e+00 1.075785004036902581e+00 3.642968456909424085e-02 8.357116977998585701e+08 1.851844710524062812e+08
2.060000000000000000e+02 1.260000000000010000e+14 0.000000000000000000e+00 1.173470381373048932e+00 5.016227920711996413e-02 7.538245005619810535e-02 9.873813235819688811e-03 0.000000000000000000e+00 1.164983191551482555e+00 5.735478175085920866e-02 5.396337834493259192e+08 1.141880920910541415e+08
2.070000000000000000e+02 1.260000000000010000e+14 0.000000000000000000e+00 1.162552846367310488e+00 9.501143591106217534e-02 1.422508756214988790e-01 5.086364050118456770e-02 0.000000000000000000e+00 1.221048128892949114e+00 6.283928921410183999e-02 1.400716388411134005e+09 6.832133280942376852e+08
2.080000000000000000e+02 1.260000000000010000e+14 0.000000000000000000e+00 1.189893424045505688e+00 1.887673710142896144e-01 2.434052094395445509e-01 8.624318779162690185e-02 0.000000000000000000e+00 1.215030138788097513e+00 2.022450561451493989e-01 2.005495020765460253e+09 1.055277752350139141e+09
2.090000000000000000e+02 1.260000000000010000e+14 0.000000000000000000e+00 1.060722253298560291e+00 1.559230748600972660e-01 2.223943701978230991e-01 1.708861467864238037e-01 0.000000000000000000e+00 1.276593768543184515e+00 6.497358172698068646e-02 4.588586097661083937e+08 1.288458359735753238e+08
2.100000000000000000e+02 1.260000000000010000e+14 0.000000000000000000e+00 1.228128944925032773e+00 6.672059026117573011e-02 1.507889339884252722e-01 4.620266488951597222e-02 0.000000000000000000e+00 1.311288346847076847e+00 7.834612527783398062e-02 1.648943624626811743e+09 6.536371986189118624e+08
2.110000000000000000e+02 1.260000000000010000e+14 0.000000000000000000e+00 1.163721209207896345e+00 7.309628666863680901e-02 1.669356274240392790e-01 7.934922631377221147e-02 0.000000000000000000e+00 1.354944021074746541e+00 7.089353508223592004e-02 1.728608191167483807e+09 1.152383364843177557e+09
2.120000000000000000e+02 1.260000000000010000e+14 0.000000000000000000e+00 1.258590956942682082e+00 7.404398994231821407e-02 1.503772606897528230e-01 3.109699982736929477e-02 0.000000000000000000e+00 1.290787062468716995e+00 8.789192315500019004e-02 1.579644863718254328e+09 4.060961445513992906e+08
2.130000000000000000e+02 1.260000000000010000e+14 0.000000000000000000e+00 9.896273555347228079e-01 4.442714409544253756e-02 8.143819067067055439e-02 1.116284732085403436e-02 0.000000000000000000e+00 1.118172688804216497e+00 1.260778105970625229e-02 4.241951221722363234e+08 7.331459985419794917e+07
2.140000000000000000e+02 1.260000000000010000e+14 0.000000000000000000e+00 1.009211666540299923e+00 4.566212967023972058e-02 1.028754083334622316e-01 1.790833346223054054e-02 0.000000000000000000e+00 1.256805982914690034e+00 3.350092845525545759e-02 9.367403371932126284e+08 2.875374586366430521e+08
2.150000000000000000e+02 1.260000000000010000e+14 0.000000000000000000e+00 1.504783958199065186e+00 7.959552421011058254e-02 1.500518098611577922e-01 5.793404348837810636e-02 0.000000000000000000e+00 1.607772238246756524e+00 1.013778188325136359e-01 1.584783131618758440e+09 7.523423880756946802e+08
2.160000000000000000e+02 1.260000000000010000e+14 1.000000000000000000e+00 1.114574223943171516e+00 3.539432280836020406e-02 6.116632866448570849e-02 6.771824634071849786e-03 0.000000000000000000e+00 1.198558982644009951e+00 3.437739649799480268e-02 4.814251528215957880e+08 5.541573088225137442e+07
2.170000000000000000e+02 1.260000000000010000e+14 0.000000000000000000e+00 1.007763517904444184e+00 6.969349280961778526e-02 1.040893524425314381e-01 3.117844231841562785e-02 0.000000000000000000e+00 1.161799123830008496e+00 2.463458811242473859e-02 4.257801787344583273e+08 5.159738789157578349e+07
2.180000000000000000e+02 1.260000000000010000e+14 0.000000000000000000e+00 9.935215008837484651e-01 9.474182979286037420e-02 1.277561322377185893e-01 3.029617000661468176e-02 0.000000000000000000e+00 1.119181126557835526e+00 4.829276489128811467e-02 3.788571583174626231e+08 4.499528493815273046e+07
2.190000000000000000e+02 1.260000000000010000e+14 1.000000000000000000e+00 1.101587951609589444e+00 3.805750053614131295e-02 9.130536770696481841e-02 7.389975017211367764e-03 0.000000000000000000e+00 1.226030067741515461e+00 4.640850044129133517e-02 6.599554201443232298e+08 9.590587774296666682e+07
2.200000000000000000e+02 1.260000000000010000e+14 0.000000000000000000e+00 1.134254178400620372e+00 1.746037475873670197e-01 3.246372468106511477e-01 1.148557445797396270e-01 0.000000000000000000e+00 9.627692891640502459e-01 1.903306820626733120e-01 3.149750892047160625e+09 2.054699751224940538e+09
2.210000000000000000e+02 1.260000000000010000e+14 1.000000000000000000e+00 1.073267990958304274e+00 2.275161259836867150e-02 6.620962045604900092e-02 1.230012010255565787e-02 0.000000000000000000e+00 1.157883979755580661e+00 7.335007322654542999e-03 3.192662028064079881e+08 3.982939701880393922e+07
2.220000000000000000e+02 1.260000000000010000e+14 0.000000000000000000e+00 1.223501937345972790e+00 1.115671386261461728e-01 1.609058603304482915e-01 7.145253647613070136e-02 0.000000000000000000e+00 1.293242971848546974e+00 1.508022343834872492e-01 1.714734035686246157e+09 1.003373080822760224e+09
2.230000000000000000e+02 1.260000000000010000e+14 0.000000000000000000e+00 1.090724674500929359e+00 4.297171899500226017e-02 6.573591740701129060e-02 2.148961811085176032e-02 0.000000000000000000e+00 1.195006195993125964e+00 3.817128433842739005e-02 3.561086069594210982e+08 3.664286303222969174e+07
2.240000000000000000e+02 1.260000000000010000e+14 0.000000000000000000e+00 1.206151395425897777e+00 9.427402746808326295e-02 2.061983694488661312e-01 1.164424100582693439e-01 0.000000000000000000e+00 1.173807099746098981e+00 9.003473667428893434e-02 2.500337450709968090e+09 1.888604108292329311e+09
2.250000000000000000e+02 1.260000000000010000e+14 0.000000000000000000e+00 1.030767689755995198e+00 1.668967082188339487e-02 1.183870319338140159e-01 4.482144376605025349e-02 0.000000000000000000e+00 1.192088957429551677e+00 2.626299755629060706e-02 5.032505359845671058e+08 1.065188825714766085e+08
2.260000000000000000e+02 1.260000000000010000e+14 1.000000000000000000e+00 1.093095598352313846e+00 1.599821351759927318e-02 7.383409697735567045e-02 5.751090592272880414e-03 0.000000000000000000e+00 1.108980145982866317e+00 1.340785479456298342e-02 6.821516931093040705e+08 8.290281142548660934e+07
2.270000000000000000e+02 1.260000000000010000e+14 0.000000000000000000e+00 1.116339948389743597e+00 4.686942311665426991e-02 1.614029611055392555e-01 7.905120094635600947e-02 0.000000000000000000e+00 1.241806112781818294e+00 4.008230635405127945e-02 1.942404068882682085e+09 1.191556987517907858e+09
2.280000000000000000e+02 1.260000000000010000e+14 0.000000000000000000e+00 2.117673861063002150e+00 8.859811085684637932e-02 1.401166528089354546e-01 2.916548625183839824e-02 0.000000000000000000e+00 2.152893808431371792e+00 9.702597388260358890e-02 1.476963718739761591e+09 3.553162668545792699e+08
2.290000000000000000e+02 1.260000000000010000e+14 0.000000000000000000e+00 1.169683032769234687e+00 1.107217545712653600e-01 1.729067591420023753e-01 8.922156004847921207e-02 0.000000000000000000e+00 1.047488236590963684e+00 1.155609945942964872e-01 1.886011412168316126e+09 1.236250187398020744e+09
2.300000000000000000e+02 1.260000000000010000e+14 0.000000000000000000e+00 1.010275198541048525e+00 1.000616537475533391e-01 1.303423231647418135e-01 2.508336652064250757e-02 0.000000000000000000e+00 1.177078126657325807e+00 6.223613373727227005e-02 1.037731107803695321e+09 3.851534397393577099e+08
2.310000000000000000e+02 1.260000000000010000e+14 0.000000000000000000e+00 1.128933432414771953e+00 6.679102155766461490e-02 1.287886048664859118e-01 4.788725721658357304e-02 0.000000000000000000e+00 1.053422448832467273e+00 2.019761725221028495e-02 3.950921730993330479e+08 6.939535077279521525e+07
2.320000000000000000e+02 1.260000000000010000e+14 0.000000000000000000e+00 1.131198098025451904e+00 3.101281876121075171e-02 1.107396716037716694e-01 2.066105550193375953e-02 0.000000000000000000e+00 1.180470792658707024e+00 2.029887445113180700e-02 5.104157283977506757e+08 6.998765151090672612e+07
2.330000000000000000e+02 1.260000000000010000e+14 1.000000000000000000e+00 1.092695454352431206e+00 3.362246809711495060e-02 8.459732798300939605e-02 3.211854807568541303e-02 0.000000000000000000e+00 1.259978005856931205e+00 2.784730976705993705e-02 8.543380279525049925e+08 4.329647474185734987e+08
2.340000000000000000e+02 1.260000000000010000e+14 1.000000000000000000e+00 1.116782437269495665e+00 2.188873800685145823e-02 5.416369468104836188e-02 6.073291815281402911e-03 0.000000000000000000e+00 1.177192797709366134e+00 2.448879732016535568e-02 4.751266573257820606e+08 7.861466785259069502e+07
2.350000000000000000e+02 1.260000000000010000e+14 0.000000000000000000e+00 1.181998497309720175e+00 1.609352812185585180e-01 2.099619465541276708e-01 1.303218491687628267e-01 0.000000000000000000e+00 1.146885128632335160e+00 1.839272122219998140e-01 2.559605031355924606e+09 1.762637714994543791e+09
2.360000000000000000e+02 1.260000000000010000e+14 0.000000000000000000e+00 1.170132514598982043e+00 2.720632588662410534e-01 3.295088223681937878e-01 1.620070375616280145e-01 0.000000000000000000e+00 1.338226177149183238e+00 2.581063895332817437e-01 8.897655953791182041e+08 2.538202573881677985e+08
2.370000000000000000e+02 1.260000000000010000e+14 0.000000000000000000e+00 1.024366449924428490e+00 1.182897276805324888e-01 1.458408574099776533e-01 7.076045123108982982e-02 0.000000000000000000e+00 1.111966904802009104e+00 6.629710028757528073e-02 1.625761073613769531e+09 1.115727038677842855e+09
2.380000000000000000e+02 1.260000000000010000e+14 1.000000000000000000e+00 1.144153085497466860e+00 2.903911779879137303e-02 9.602528185222081528e-03 2.035973713346527630e-03 0.000000000000000000e+00 1.279833719355129684e+00 1.813480001447313403e-02 1.308555456873095483e+08 2.937017132178055122e+07
2.390000000000000000e+02 1.260000000000010000e+14 0.000000000000000000e+00 1.052250606936006472e+00 7.230499871883321050e-02 1.524719106097204013e-01 5.364825794173620072e-02 0.000000000000000000e+00 1.043219024697409347e+00 1.111546328641220965e-01 1.460705988154754400e+09 7.699185132867914438e+08
2.400000000000000000e+02 1.260000000000010000e+14 0.000000000000000000e+00 1.107132004885258425e+00 1.504616315831581730e-01 1.373118255446628966e-01 4.820370698759786354e-02 0.000000000000000000e+00 1.075844744650436002e+00 1.319035267092318608e-01 1.501207674784229994e+09 7.152390795642112494e+08
2.410000000000000000e+02 1.260000000000010000e+14 0.000000000000000000e+00 1.213013835394277873e+00 3.503800777049812659e-02 1.033636610220595997e-01 2.519985657591290382e-02 0.000000000000000000e+00 1.368019550115651572e+00 4.812466905768443548e-02 1.015448976096122742e+09 3.441747912604369521e+08
2.420000000000000000e+02 1.260000000000010000e+14 0.000000000000000000e+00 1.124820055424508469e+00 4.276665084090058161e-02 1.113144489449810481e-01 1.811154178015682639e-02 0.000000000000000000e+00 1.129760680826121133e+00 5.666464107715127319e-02 1.040135986023557067e+09 2.569396755143118501e+08
2.430000000000000000e+02 1.260000000000010000e+14 0.000000000000000000e+00 1.021540452801518617e+00 6.175029506307896932e-02 1.261814087718520772e-01 5.280059540638472326e-02 0.000000000000000000e+00 1.058459423271532751e+00 3.057587838071554320e-02 5.877941881891733408e+08 8.774551849408952892e+07
2.440000000000000000e+02 1.260000000000010000e+14 0.000000000000000000e+00 1.014671317990570643e+00 1.075844374532043540e-01 6.839180438014155761e-02 5.282479433774219316e-03 0.000000000000000000e+00 1.387283872816194474e+00 5.343322412104874880e-02 6.240878465221590996e+08 8.960075928597570956e+07
2.450000000000000000e+02 1.260000000000020000e+14 0.000000000000000000e+00 1.182808605961438886e+00 4.139181922362853566e-02 1.383704570402141398e-01 4.719003761035225897e-02 0.000000000000000000e+00 1.273991515864128621e+00 1.039585176762510554e-01 1.186765765145433903e+09 6.112722369148135185e+08
2.460000000000000000e+02 1.260000000000010000e+14 1.000000000000000000e+00 1.054257801155192853e+00 8.363433648533917519e-03 7.260429510519818275e-02 7.119745437230375409e-03 0.000000000000000000e+00 1.214119599547569761e+00 1.958331201779699160e-02 5.262408668419166207e+08 3.331988779265625030e+07
2.470000000000000000e+02 1.260000000000010000e+14 0.000000000000000000e+00 1.109885392261401371e+00 9.537337477312655964e-02 1.250183775457860136e-01 6.952987009385960815e-02 0.000000000000000000e+00 1.123595102117744826e+00 1.079059712794631920e-01 1.408192926559281349e+09 9.517657625760636330e+08
2.480000000000000000e+02 1.260000000000010000e+14 0.000000000000000000e+00 1.054722827955349329e+00 5.304928392505162821e-02 9.995062120606355849e-02 1.802490506463513137e-02 0.000000000000000000e+00 1.164988866127844247e+00 5.108085468935593537e-02 6.670432741639914513e+08 2.944122328904696107e+08
2.490000000000000000e+02 1.260000000000010000e+14 1.000000000000000000e+00 1.080616687175247170e+00 3.618363326180307205e-02 7.974152096011985491e-02 1.410720594602779022e-02 0.000000000000000000e+00 1.237631071610753253e+00 3.933850497158800780e-02 6.407939987882055044e+08 2.039467776513179243e+08
2.500000000000000000e+02 1.260000000000010000e+14 0.000000000000000000e+00 1.187688377215901703e+00 3.967575736526966768e-02 7.877622608592331488e-02 1.354631828634439775e-02 0.000000000000000000e+00 1.195758430985523368e+00 4.009848113000112624e-02 8.527765898925763369e+08 1.716195989489110112e+08
2.510000000000000000e+02 1.260000000000010000e+14 1.000000000000000000e+00 1.074747116743400621e+00 3.795160864296732994e-02 6.765978570628744526e-02 2.576927383685123987e-02 0.000000000000000000e+00 1.079044180156203625e+00 4.292106455890968425e-02 6.299265249040410519e+08 3.704662873585769534e+08
2.520000000000000000e+02 1.260000000000010000e+14 0.000000000000000000e+00 1.395897903600491707e+00 1.529373982032899426e-01 3.040156320125187439e-01 1.579660929989450124e-01 0.000000000000000000e+00 1.491805047056386169e+00 1.979315792348617931e-01 3.313535543267001629e+09 2.420100280330501556e+09
2.530000000000000000e+02 1.260000000000010000e+14 0.000000000000000000e+00 1.104001028723903488e+00 1.255755442157195922e-01 1.609558076132795168e-01 6.602727294918019074e-02 0.000000000000000000e+00 8.969824473321625913e-01 1.507465623919788389e-01 1.594342877493660927e+09 9.119956578458784819e+08
2.540000000000000000e+02 1.260000000000010000e+14 1.000000000000000000e+00 1.057385876583687878e+00 2.444316895597448483e-02 6.162357811940440133e-02 4.759406357822008014e-03 0.000000000000000000e+00 1.141261017941028078e+00 2.101382933004458317e-02 3.673278776106855869e+08 6.221069450571642071e+07
2.550000000000000000e+02 1.260000000000010000e+14 0.000000000000000000e+00 1.131595769550295616e+00 6.611172723790416372e-02 1.494358535640910313e-01 4.914107893807582311e-02 0.000000000000000000e+00 1.358104485758633517e+00 3.988537652541463557e-02 1.025378352403717518e+09 4.952121856330909133e+08
2.560000000000000000e+02 1.260000000000010000e+14 0.000000000000000000e+00 1.058570713923007389e+00 7.318850181079501749e-02 1.668478091074843683e-01 6.159344733951501588e-02 0.000000000000000000e+00 1.326345231015738868e+00 7.115865726009151793e-02 1.061810561324377179e+09 3.025474181881625652e+08
2.570000000000000000e+02 1.260000000000010000e+14 0.000000000000000000e+00 1.163597073658640069e+00 1.218986700910455745e-01 1.753649116892656568e-01 7.059543680594332349e-02 0.000000000000000000e+00 1.341601534709455201e+00 6.947976144579756652e-02 9.922899479837081432e+08 2.507739035046003163e+08
2.580000000000000000e+02 1.260000000000010000e+14 0.000000000000000000e+00 1.193395556830106452e+00 3.087095801933404174e-02 1.316616107085329390e-01 3.563019434118046280e-02 0.000000000000000000e+00 1.163642494642036285e+00 1.902836267151490970e-02 8.819809862368196249e+08 7.047579376842558384e+07
2.590000000000000000e+02 1.260000000000010000e+14 0.000000000000000000e+00 1.145083434184691606e+00 6.691031353811224824e-02 1.405106317466519872e-01 3.800435578362443972e-02 0.000000000000000000e+00 1.276197459989674821e+00 7.759670154653347529e-02 1.128486027299518585e+09 5.305372265557340384e+08
2.600000000000000000e+02 1.260000000000010000e+14 1.000000000000000000e+00 1.030903275454016388e+00 2.309611571293542290e-02 5.640326516338599327e-02 4.305352853380520900e-03 0.000000000000000000e+00 1.022415284579787587e+00 3.046441204483334511e-02 3.803501199705630541e+08 6.339452930174069107e+07
2.610000000000000000e+02 1.260000000000010000e+14 0.000000000000000000e+00 9.446632997459127878e-01 6.494829247763239666e-02 3.655114744051148334e-01 1.593111709781323548e-01 0.000000000000000000e+00 1.066009949925202038e+00 2.314787564491352367e-02 3.955862524258792996e+08 9.686583347669288516e+07
2.620000000000000000e+02 1.260000000000010000e+14 0.000000000000000000e+00 1.957489546776884026e+00 1.968933224966641360e-01 2.949709565730504468e-01 9.900564233359504529e-02 0.000000000000000000e+00 2.041399965422642016e+00 1.843665941509713968e-01 1.885661133840502501e+09 5.394295586715412140e+08
2.630000000000000000e+02 1.260000000000010000e+14 0.000000000000000000e+00 9.934976986974396462e-01 9.342168745810758290e-02 2.080422049812282181e-01 1.298561946902654918e-01 0.000000000000000000e+00 1.092034891300325272e+00 3.721590169860417019e-02 6.092230042941691875e+08 2.246630819885150492e+08
2.640000000000000000e+02 1.260000000000010000e+14 0.000000000000000000e+00 2.169119060998559334e+00 9.283210884800191520e-02 1.446439773619183633e-01 3.108628096464208235e-02 0.000000000000000000e+00 1.879716326403642723e+00 1.328082547116737067e-01 1.439735578172173977e+09 4.314628576261398196e+08
2.650000000000000000e+02 1.260000000000010000e+14 0.000000000000000000e+00 1.169526210539320932e+00 5.404428858400717878e-02 1.827386809302838089e-01 5.148572785511775635e-02 0.000000000000000000e+00 1.124260500769633575e+00 3.346806268661427219e-02 2.053471445274923563e+09 7.407735690482717752e+08
2.660000000000000000e+02 1.260000000000010000e+14 0.000000000000000000e+00 1.123790182268024962e+00 8.416894676468554548e-02 1.240822507119354878e-01 4.228945173706725319e-02 0.000000000000000000e+00 1.092892476238340294e+00 6.345591918650649033e-02 1.110196555469645023e+09 5.879956133857089281e+08
2.670000000000000000e+02 1.260000000000010000e+14 1.000000000000000000e+00 9.793305622214880657e-01 3.888961705336318325e-02 7.573989958900909092e-02 1.205024673200368393e-02 0.000000000000000000e+00 1.165606762206969238e+00 6.593786456635759505e-03 4.840701250040177703e+08 9.014611707727190852e+07
2.680000000000000000e+02 1.260000000000010000e+14 1.000000000000000000e+00 1.009046871518487043e+00 2.402274367868200561e-02 6.582943883913720817e-02 1.077486594889425289e-02 0.000000000000000000e+00 1.216002155349090730e+00 2.495604884495137774e-02 4.928526117865106463e+08 1.546926538185559213e+08
2.690000000000000000e+02 1.260000000000010000e+14 0.000000000000000000e+00 1.133705714511632268e+00 7.236546741853959464e-02 1.045949779345069219e-01 2.941423439710367724e-02 0.000000000000000000e+00 1.233490167638940926e+00 2.177670993050407830e-02 3.845178729986589551e+08 4.796445348584870249e+07
2.700000000000000000e+02 1.260000000000010000e+14 0.000000000000000000e+00 9.788166546273628921e-01 5.118810736093602071e-02 1.988290768297263644e-01 4.775780866248663381e-02 0.000000000000000000e+00 1.015654959266300672e+00 6.612483472159594311e-02 1.677070017329329252e+09 4.111401022150000930e+08
2.710000000000000000e+02 1.260000000000010000e+14 0.000000000000000000e+00 1.116928499376917516e+00 4.217082876401487268e-02 5.433638527938330909e-02 3.242730920145081748e-03 0.000000000000000000e+00 1.232941417613497848e+00 5.226915597438833855e-02 4.381439093786724210e+08 4.448271980358251929e+07
2.720000000000000000e+02 1.260000000000020000e+14 0.000000000000000000e+00 1.193942949596320746e+00 3.067508829083989141e-01 3.031064213867776802e-01 2.207764054771383655e-01 0.000000000000000000e+00 1.716962834497690382e+00 1.294921925320706990e-01 7.610511966873769760e+08 9.317453529974769056e+07
2.730000000000000000e+02 1.260000000000010000e+14 0.000000000000000000e+00 1.711902396809202420e+00 1.801114931054029200e-01 2.648642895690144772e-01 1.485692942659286864e-01 0.000000000000000000e+00 1.574267829610212832e+00 2.315077171594912830e-01 3.181070392357225895e+09 1.940289246607072592e+09
2.740000000000000000e+02 1.260000000000010000e+14 0.000000000000000000e+00 1.175570815215040810e+00 4.943638312552649239e-02 9.013476035400495856e-02 2.648212659082508844e-02 0.000000000000000000e+00 1.204272600881901800e+00 2.444387119015239973e-02 3.593669676124555469e+08 7.118857262496553361e+07
2.750000000000000000e+02 1.260000000000010000e+14 0.000000000000000000e+00 9.984413841088141117e-01 3.507118620402886050e-02 1.141732047279695184e-01 3.119315717761258003e-02 0.000000000000000000e+00 1.101222987611566673e+00 1.497425777038875055e-02 4.600810469707840085e+08 6.166618872311567515e+07
2.760000000000000000e+02 1.260000000000010000e+14 0.000000000000000000e+00 1.155549119739184949e+00 2.597064950381683043e-02 6.117432104992760744e-02 5.127255460588793501e-03 0.000000000000000000e+00 1.197912243861912973e+00 3.076024167902475376e-02 4.751097769149070978e+08 6.800695340635362267e+07
2.770000000000000000e+02 1.260000000000010000e+14 0.000000000000000000e+00 1.392415001701676314e+00 2.790956359424878186e-01 3.507821565097779537e-01 2.237902142972232611e-01 0.000000000000000000e+00 8.479430525385598383e-01 3.059906341432631072e-01 4.837190521876902580e+09 3.832281938537015915e+09
2.780000000000000000e+02 1.260000000000020000e+14 0.000000000000000000e+00 1.394552506513078383e+00 1.157688827931883102e-01 1.934454123848757673e-02 6.658870160507426687e-03 0.000000000000000000e+00 1.280093076596314772e+00 9.170119662480485934e-02 1.315624541221248507e+08 3.795225724862354249e+07
2.790000000000000000e+02 1.260000000000010000e+14 0.000000000000000000e+00 1.444510384304142470e+00 2.268393453315177555e-01 4.038423675079621522e-01 2.058398411936651906e-01 0.000000000000000000e+00 1.801171960068438826e+00 8.250588184271459569e-02 1.345028298456112385e+09 6.417935380062754154e+08
2.800000000000000000e+02 1.260000000000010000e+14 0.000000000000000000e+00 1.364879386950771822e+00 1.084734912799585616e-01 1.943563381313007654e-01 8.916003378660816714e-02 0.000000000000000000e+00 1.413678500752978628e+00 1.298433278799547563e-01 2.103587779519275665e+09 1.245383715606954813e+09
2.810000000000000000e+02 1.260000000000010000e+14 0.000000000000000000e+00 1.339098929363988111e+00 1.046121140954499595e-01 2.214485756905121838e-01 1.071837607932562969e-01 0.000000000000000000e+00 1.680123719261017001e+00 7.070817578640296863e-02 1.079489459829169750e+09 2.655738999678109884e+08
2.820000000000000000e+02 1.260000000000010000e+14 0.000000000000000000e+00 1.155338292465174277e+00 1.117705829316279799e-02 6.619525280549982960e-02 7.004806766735187200e-03 0.000000000000000000e+00 1.271289455478670449e+00 2.272844328304941125e-02 4.684508868914437890e+08 9.481414544864693284e+07
2.830000000000000000e+02 1.260000000000010000e+14 0.000000000000000000e+00 1.128722973615153169e+00 2.407658446560502208e-01 2.093508466272626933e-01 7.616590931012678922e-02 0.000000000000000000e+00 1.075882368206230622e+00 2.521607733613978053e-01 2.123166598420561314e+09 1.221977943740872860e+09
2.840000000000000000e+02 1.260000000000010000e+14 0.000000000000000000e+00 1.352166576482419558e+00 6.287621834406177668e-02 1.219796477975230997e-01 2.517087303368494011e-02 0.000000000000000000e+00 1.294116264455783316e+00 4.018811987573777528e-02 1.058961765530947089e+09 4.411809304162675142e+08
2.850000000000000000e+02 1.260000000000010000e+14 1.000000000000000000e+00 1.118300308898142470e+00 1.304656054118683885e-02 8.817494422949165300e-02 1.503708054504552041e-02 0.000000000000000000e+00 1.223177078908362025e+00 9.017520141292824018e-03 4.074596179313933253e+08 4.075837498297541589e+07
2.860000000000000000e+02 1.260000000000010000e+14 0.000000000000000000e+00 1.170243668271220727e+00 3.241473199927698279e-02 1.033643017281033055e-01 1.025311754900512691e-02 0.000000000000000000e+00 1.190407963825140136e+00 4.082452524356627865e-02 8.831864454108128548e+08 1.363834022587701678e+08
2.870000000000000000e+02 1.260000000000010000e+14 0.000000000000000000e+00 1.270705492195616459e+00 5.442917456923409419e-02 1.268623319240988756e-01 2.006788809593366973e-02 0.000000000000000000e+00 1.122250748268662113e+00 6.394779362244504273e-02 8.775522498126448393e+08 2.213053293239875138e+08
2.880000000000000000e+02 1.260000000000010000e+14 0.000000000000000000e+00 1.213919374686916131e+00 1.680579753334150162e-01 2.642507174449580387e-01 2.003525296358825980e-01 0.000000000000000000e+00 1.155161743772765481e+00 6.940133574471922528e-02 5.862581143601036072e+08 1.106894370798642337e+08
2.890000000000000000e+02 1.260000000000010000e+14 0.000000000000000000e+00 1.032314308345965381e+00 1.818013901130737242e-01 2.701154462935818068e-01 1.460121976756360573e-01 0.000000000000000000e+00 1.253332734394524195e+00 1.509422941309554733e-01 1.338739534303704023e+09 4.609118081284570694e+08
2.900000000000000000e+02 1.260000000000010000e+14 0.000000000000000000e+00 1.110369923919822810e+00 4.188991394334311280e-02 8.140523730701072769e-02 8.466387702092537451e-03 0.000000000000000000e+00 1.222970185495930062e+00 3.617699256824660065e-02 7.619883931031869650e+08 1.181599477380823046e+08
2.910000000000000000e+02 1.260000000000010000e+14 0.000000000000000000e+00 1.211329809735344654e+00 2.304841307249956214e-02 1.680721892715877075e-01 7.872422211528304348e-02 0.000000000000000000e+00 1.323588646831357130e+00 4.219870247993510320e-02 1.105946839837070227e+09 4.968201601211500764e+08
2.920000000000000000e+02 1.260000000000010000e+14 0.000000000000000000e+00 9.357836647273916064e-01 4.310670062485123105e-02 2.371294625699091607e-01 9.613942174077323710e-02 0.000000000000000000e+00 1.499933492152993209e+00 4.781591722065336308e-02 1.732801178781789541e+09 5.401412350020272732e+08
2.930000000000000000e+02 1.260000000000010000e+14 0.000000000000000000e+00 1.179504387897218010e+00 2.272139948820739094e-02 9.479876893726287002e-02 2.964703177097305700e-02 0.000000000000000000e+00 1.115728103643465419e+00 4.138078218367149258e-02 9.762915250867141485e+08 3.830596573214748502e+08
2.940000000000000000e+02 1.260000000000010000e+14 0.000000000000000000e+00 1.094646013396810780e+00 7.912642236746293689e-02 1.219314300173701265e-01 2.441696737104856116e-02 0.000000000000000000e+00 9.556771810469092410e-01 7.278971855929608492e-02 9.379336380015335083e+08 3.619937161534970403e+08
2.950000000000000000e+02 1.260000000000010000e+14 0.000000000000000000e+00 1.163788753087399153e+00 2.158763902920776342e-02 7.535148098638833059e-02 1.086949887078068715e-02 0.000000000000000000e+00 1.233428753322761029e+00 2.544935739540680336e-02 5.196801611388229132e+08 1.559499776571429670e+08
2.960000000000000000e+02 1.260000000000010000e+14 0.000000000000000000e+00 1.507718768213726079e+00 9.378355148574607503e-02 1.109421105888646342e-01 5.999675432493715294e-02 0.000000000000000000e+00 1.550442769016350475e+00 1.280556805928041164e-01 1.146693251065253973e+09 7.426999434194543362e+08
2.970000000000000000e+02 1.260000000000010000e+14 0.000000000000000000e+00 1.005156703594336731e+00 9.311349333597938871e-02 1.699410571095431310e-01 6.677737079688988997e-02 0.000000000000000000e+00 1.025382620153824531e+00 4.008150596669871751e-02 9.444420302184443474e+08 5.225060225497658253e+08
2.980000000000000000e+02 1.260000000000010000e+14 0.000000000000000000e+00 9.312511466680850614e-01 8.877773672106829828e-02 6.938874975329220596e-02 1.448451261287492242e-02 0.000000000000000000e+00 1.158429063659032199e+00 4.826352879936492840e-02 6.731738607200819254e+08 2.144101390304287672e+08
2.990000000000000000e+02 1.260000000000010000e+14 1.000000000000000000e+00 1.078331570405564710e+00 1.800881187089436314e-02 4.589638215147476968e-02 3.824295026470270545e-03 0.000000000000000000e+00 1.116472008929236148e+00 1.162683171417421696e-02 3.936564208403561115e+08 4.929909001981434971e+07
3.000000000000000000e+02 1.260000000000020000e+14 0.000000000000000000e+00 9.712587210342029653e-01 9.285969454080814089e-02 1.136746952937886801e-01 2.351577276382450787e-02 0.000000000000000000e+00 1.109527472858355734e+00 5.824150622094076413e-02 9.255876724901236296e+08 3.933481223447982073e+08
3.010000000000000000e+02 1.260000000000010000e+14 0.000000000000000000e+00 1.112072048923164136e+00 8.974539768925819672e-02 1.357032500956028565e-01 5.415407461636095876e-02 0.000000000000000000e+00 1.182133898456099175e+00 6.749788522659078138e-02 1.523703594571105957e+09 7.926764635191673040e+08
3.020000000000000000e+02 1.260000000000010000e+14 0.000000000000000000e+00 1.211733471010258523e+00 1.050904239672150603e-01 1.726166247649089935e-01 5.915236479341857978e-02 0.000000000000000000e+00 1.234288017763248702e+00 1.108929663487668166e-01 1.772924042945259571e+09 8.612739570036894083e+08
3.030000000000000000e+02 1.260000000000010000e+14 0.000000000000000000e+00 1.167173329836814988e+00 1.565142680118556395e-01 3.113624085601242597e-01 1.119176012184973645e-01 0.000000000000000000e+00 1.125741941407027991e+00 1.942570962194382356e-01 2.397344877317098141e+09 1.712662272622585297e+09
3.040000000000000000e+02 1.260000000000010000e+14 0.000000000000000000e+00 2.364213415743735336e+00 9.222260383743538514e-02 1.878919259431970079e-01 3.539833650078599847e-02 0.000000000000000000e+00 2.095578246392028721e+00 7.576171335069611934e-02 1.990869503596384764e+09 4.374563158589218259e+08
3.050000000000000000e+02 1.260000000000010000e+14 0.000000000000000000e+00 9.462789534422516580e-01 1.427559703027574400e-01 2.978258712553437659e-01 2.340691395326411905e-01 0.000000000000000000e+00 1.154314638782500291e+00 1.518417846059003616e-02 3.682481118488737345e+08 8.136457093248492479e+07
3.060000000000000000e+02 1.260000000000010000e+14 0.000000000000000000e+00 1.101955372235160491e+00 5.266982122607322125e-02 1.073368601929868965e-01 2.856621945780445787e-02 0.000000000000000000e+00 1.116507026868375885e+00 4.918073821816440483e-02 8.905087987521636486e+08 3.936311164913816452e+08
3.070000000000000000e+02 1.260000000000010000e+14 0.000000000000000000e+00 1.042495315777020481e+00 1.146894928922646689e-01 1.768615063829001854e-01 5.297384248900043752e-02 0.000000000000000000e+00 1.294756771807847873e+00 7.162056790085091773e-02 6.748191561298189163e+08 1.334647570257149339e+08
3.080000000000000000e+02 1.260000000000010000e+14 0.000000000000000000e+00 1.402462635888888309e+00 6.004043647846227932e-02 2.123460036820595254e-01 5.425109053609890319e-02 0.000000000000000000e+00 1.395314391018166456e+00 7.877497817731256291e-02 1.541415713704765558e+09 7.060739465561311245e+08
3.090000000000000000e+02 1.260000000000010000e+14 0.000000000000000000e+00 1.261700303300132386e+00 9.961243104219899558e-02 1.860621612307018502e-01 9.931456678756453438e-02 0.000000000000000000e+00 1.336909832346417248e+00 1.596335861213890595e-01 1.893071379891773224e+09 1.260612456790818214e+09
3.100000000000000000e+02 1.260000000000010000e+14 0.000000000000000000e+00 1.226333310463519233e+00 1.491561218990018201e-01 1.956649720213486654e-01 8.634540635794124563e-02 0.000000000000000000e+00 1.180611927275473150e+00 1.045092913520868499e-01 2.131883533447541237e+09 1.459830718925314665e+09
3.110000000000000000e+02 1.260000000000010000e+14 0.000000000000000000e+00 1.113493526170524328e+00 1.185557176319652628e-01 1.840856229457714099e-01 8.430554115774646640e-02 0.000000000000000000e+00 1.217655413732569691e+00 7.497211067958192698e-02 8.133411013508611917e+08 3.106161920580025315e+08
3.120000000000000000e+02 1.260000000000010000e+14 0.000000000000000000e+00 1.162474653043202855e+00 2.609346789432525834e-02 1.414731617116099793e-01 2.932306487796798936e-02 0.000000000000000000e+00 1.138941080751563639e+00 7.725193609147552876e-02 1.101174072948314190e+09 4.245732129418951273e+08
3.130000000000000000e+02 1.260000000000010000e+14 0.000000000000000000e+00 9.942876906154378691e-01 4.166971861462224341e-02 1.564035323986581461e-01 8.665995304826612511e-02 0.000000000000000000e+00 1.072509757776508588e+00 3.234841823761376578e-02 4.918439181160179973e+08 1.585620561627057791e+08
3.140000000000000000e+02 1.260000000000010000e+14 0.000000000000000000e+00 1.113945691227803625e+00 5.646145302436641339e-02 8.401809319043561375e-02 2.124907781787403402e-02 0.000000000000000000e+00 1.027146067621232062e+00 4.796305721390899807e-02 4.943395096406415701e+08 1.319717236418716013e+08
3.150000000000000000e+02 1.260000000000010000e+14 0.000000000000000000e+00 1.362628824210231127e+00 1.417435533818840743e-01 2.054758919788383376e-01 1.037575272966196477e-01 0.000000000000000000e+00 1.256909644428787054e+00 1.906847135494700862e-01 2.305354520394438744e+09 1.325058122892066717e+09
3.160000000000000000e+02 1.260000000000010000e+14 0.000000000000000000e+00 2.150822103303358102e+00 1.951234723210217570e-01 2.218843501596905743e-01 1.344712595259066334e-01 0.000000000000000000e+00 1.608838057539698108e+00 2.194470180912830581e-01 2.818581287471992970e+09 1.985366714684294939e+09
3.170000000000000000e+02 1.260000000000010000e+14 0.000000000000000000e+00 1.026166062999884776e+00 4.062480360325143591e-02 9.800158000046163553e-02 2.720558110548820102e-02 0.000000000000000000e+00 1.271479312852116461e+00 4.855911232175692815e-02 6.911890241783583164e+08 1.807444419445364177e+08
3.180000000000000000e+02 1.260000000000010000e+14 0.000000000000000000e+00 1.115409485104237985e+00 4.110416710253096684e-02 1.775601461409199167e-01 6.897870178592363510e-02 0.000000000000000000e+00 1.023448164166135710e+00 4.053723240158428609e-02 8.729462316833099127e+08 1.456373076397477388e+08
3.190000000000000000e+02 1.260000000000010000e+14 1.000000000000000000e+00 1.089796006601057687e+00 3.883834180327860180e-02 5.035929425753529060e-02 6.854477886724131067e-03 0.000000000000000000e+00 1.199958205231891339e+00 5.053523505351916606e-02 4.656416070564364791e+08 9.891218940279074013e+07
3.200000000000000000e+02 1.260000000000010000e+14 1.000000000000000000e+00 1.030123808132082708e+00 1.111919648084222674e-02 5.736870537355919647e-02 1.049599755426122369e-02 0.000000000000000000e+00 1.037751343101403823e+00 2.149901749801679321e-02 5.482660917300968170e+08 1.403539435179717839e+08
3.210000000000000000e+02 1.260000000000010000e+14 0.000000000000000000e+00 1.541040643766395046e+00 3.813021857967431594e-02 1.062689982298479219e-01 2.884915400323137882e-02 0.000000000000000000e+00 1.629150174154941677e+00 5.716697271161194638e-02 1.045300902446345329e+09 3.752996864046297073e+08
3.220000000000000000e+02 1.260000000000010000e+14 0.000000000000000000e+00 1.132800163794875914e+00 6.522557483708545101e-02 6.692464433306150040e-02 6.252890204307282561e-03 0.000000000000000000e+00 1.182523554252135511e+00 6.084378247636014481e-02 5.630251035888791084e+08 8.692382373798026145e+07
3.230000000000000000e+02 1.260000000000010000e+14 0.000000000000000000e+00 1.198222347968622037e+00 6.477532350417267160e-02 1.411042348378901967e-01 2.340712846897011895e-02 0.000000000000000000e+00 1.371460322370189999e+00 3.501294431625704556e-02 9.477375462799648046e+08 2.582321992202273607e+08
3.240000000000000000e+02 1.260000000000010000e+14 1.000000000000000000e+00 1.112693291117031746e+00 1.542647837859608892e-02 6.178779039415729230e-02 4.916087348758225832e-03 0.000000000000000000e+00 1.122095084515873253e+00 1.418109189902241538e-02 3.958374388238606453e+08 3.764649781357082725e+07
