# rID[0] Hid[1]   R200: DS[2], eta[3], detla[4], fm[5], fm2[6];   R500: DS[7], eta[8], detla[9], fm[10], fm2[11]
1.000000000000000000e+00 4.000000000043400000e+13 0.000000000000000000e+00 9.658319391494253336e-01 2.771686816833460187e-01 -1.000000000000000000e+00 -1.000000000000000000e+00 0.000000000000000000e+00 5.310302789342483676e-01 1.945670235036888462e-01 -1.000000000000000000e+00 -1.000000000000000000e+00
2.000000000000000000e+00 4.000000000001600000e+13 0.000000000000000000e+00 1.272624640130861406e+00 6.722087183965558266e-02 1.049502204907610259e-01 1.049502204907610259e-01 0.000000000000000000e+00 1.132426678121215113e+00 1.063155628729223340e-01 1.199219174072721481e+09 1.199219174072721481e+09
3.000000000000000000e+00 4.000000000000100000e+13 0.000000000000000000e+00 1.168251070440810668e+00 1.918910646632514261e-02 4.928130288470890241e-02 4.254790017312144040e-02 0.000000000000000000e+00 1.110548164149075090e+00 1.854284406258500245e-02 8.500685744059443474e+07 8.500685744059443474e+07
4.000000000000000000e+00 4.000000000010800000e+13 0.000000000000000000e+00 8.899244991772050639e-01 1.491462447864946306e-01 -1.000000000000000000e+00 -1.000000000000000000e+00 0.000000000000000000e+00 9.824148608706969599e-01 1.480762382866317450e-01 -1.000000000000000000e+00 -1.000000000000000000e+00
5.000000000000000000e+00 4.000000000006600000e+13 0.000000000000000000e+00 1.182124843053385055e+00 7.214169649633260517e-02 -1.000000000000000000e+00 -1.000000000000000000e+00 0.000000000000000000e+00 1.109085776042539218e+00 9.615505815856374705e-02 -1.000000000000000000e+00 -1.000000000000000000e+00
6.000000000000000000e+00 4.000000000000100000e+13 0.000000000000000000e+00 1.468118758342900509e+00 8.593460633775026891e-02 1.046082040454577033e-01 5.319562120190082788e-02 0.000000000000000000e+00 1.427457978819045126e+00 7.075086128780366801e-02 7.233633932271208763e+08 6.795346977453688383e+08
7.000000000000000000e+00 4.000000000007000000e+13 0.000000000000000000e+00 1.070187759404306549e+00 4.749422891769564808e-02 -1.000000000000000000e+00 -1.000000000000000000e+00 0.000000000000000000e+00 9.616188708034909549e-01 1.373742221631328864e-01 -1.000000000000000000e+00 -1.000000000000000000e+00
8.000000000000000000e+00 4.000000000031800000e+13 0.000000000000000000e+00 7.842313286886554158e-01 2.167575638779843383e-01 1.930185654444846743e-01 1.930185654444846743e-01 0.000000000000000000e+00 8.535136026069536364e-01 1.221770465424948521e-01 -1.000000000000000000e+00 -1.000000000000000000e+00
9.000000000000000000e+00 4.000000000000500000e+13 0.000000000000000000e+00 9.955615146798650894e-01 4.337929630071878789e-02 -1.000000000000000000e+00 -1.000000000000000000e+00 1.000000000000000000e+00 1.012001565433902739e+00 2.934307310594361229e-02 -1.000000000000000000e+00 -1.000000000000000000e+00
1.000000000000000000e+01 4.000000000013100000e+13 0.000000000000000000e+00 1.060213298464675935e+00 1.849877507311891989e-01 -1.000000000000000000e+00 -1.000000000000000000e+00 0.000000000000000000e+00 9.994629082856112401e-01 2.274469839000700655e-01 -1.000000000000000000e+00 -1.000000000000000000e+00
1.100000000000000000e+01 -1.000000000000000000e+00 -1.000000000000000000e+00 -1.000000000000000000e+00 -1.000000000000000000e+00 -1.000000000000000000e+00 -1.000000000000000000e+00 -1.000000000000000000e+00 -1.000000000000000000e+00 -1.000000000000000000e+00 -1.000000000000000000e+00 -1.000000000000000000e+00
1.200000000000000000e+01 4.000000000002000000e+13 0.000000000000000000e+00 8.244134316569849963e-01 2.721189991458083379e-01 3.435967520530071040e-01 2.241102827401884878e-01 0.000000000000000000e+00 4.573719347010088976e-01 6.548986042968744925e-02 -1.000000000000000000e+00 -1.000000000000000000e+00
1.300000000000000000e+01 4.000000000009500000e+13 0.000000000000000000e+00 9.346419583203281478e-01 7.387481315651558966e-02 -1.000000000000000000e+00 -1.000000000000000000e+00 0.000000000000000000e+00 9.331472824014321876e-01 6.910512093141583934e-02 -1.000000000000000000e+00 -1.000000000000000000e+00
1.400000000000000000e+01 4.000000000009400000e+13 0.000000000000000000e+00 8.903092248385243712e-01 1.511240750497615803e-01 -1.000000000000000000e+00 -1.000000000000000000e+00 0.000000000000000000e+00 8.822957348049030868e-01 1.120477088701930385e-01 -1.000000000000000000e+00 -1.000000000000000000e+00
1.500000000000000000e+01 4.000000000000100000e+13 0.000000000000000000e+00 1.136634200222707891e+00 8.980232546631625179e-02 2.313664879454353229e-01 9.557026662289820618e-02 0.000000000000000000e+00 1.092370236823305030e+00 9.252001026300978037e-02 1.322907735117742538e+09 9.541859857367830276e+08
1.600000000000000000e+01 4.000000000000200000e+13 0.000000000000000000e+00 8.596547830621666941e-01 5.863164604255887563e-02 6.876043401563007584e-02 5.543948517310364615e-02 0.000000000000000000e+00 8.596547830621666941e-01 5.871646107561264566e-02 6.876020091350018978e+08 5.543929722981534004e+08
1.700000000000000000e+01 4.000000000003500000e+13 0.000000000000000000e+00 7.940855634563277476e-01 1.168503536984895480e-01 1.457114934148271146e-01 1.457114934148271146e-01 0.000000000000000000e+00 8.396808245875702070e-01 4.296988259513560143e-02 -1.000000000000000000e+00 -1.000000000000000000e+00
1.800000000000000000e+01 4.000000000000300000e+13 0.000000000000000000e+00 1.044460019692826647e+00 4.324734367073429508e-02 -1.000000000000000000e+00 -1.000000000000000000e+00 0.000000000000000000e+00 1.115342444044181258e+00 5.409841830185730532e-02 -1.000000000000000000e+00 -1.000000000000000000e+00
1.900000000000000000e+01 4.000000000000200000e+13 0.000000000000000000e+00 1.203376456287102991e+00 2.434374070491153452e-02 -1.000000000000000000e+00 -1.000000000000000000e+00 1.000000000000000000e+00 1.149608484250693730e+00 3.390099205998674259e-02 -1.000000000000000000e+00 -1.000000000000000000e+00
2.000000000000000000e+01 4.000000000318300000e+13 0.000000000000000000e+00 7.259679828757031883e-01 2.019796618391196119e-01 -1.000000000000000000e+00 -1.000000000000000000e+00 0.000000000000000000e+00 8.724678257566784723e-01 1.253228847930157874e-01 -1.000000000000000000e+00 -1.000000000000000000e+00
2.100000000000000000e+01 4.000000000012700000e+13 0.000000000000000000e+00 8.570613610321194953e-01 9.693473322789261659e-02 -1.000000000000000000e+00 -1.000000000000000000e+00 0.000000000000000000e+00 8.482387497736711968e-01 1.481544817038673856e-01 -1.000000000000000000e+00 -1.000000000000000000e+00
2.200000000000000000e+01 4.000000000006200000e+13 0.000000000000000000e+00 9.836525108628526581e-01 2.164561625162409741e-01 -1.000000000000000000e+00 -1.000000000000000000e+00 0.000000000000000000e+00 5.228561345134110638e-01 2.796955718058917739e-01 -1.000000000000000000e+00 -1.000000000000000000e+00
2.300000000000000000e+01 4.000000000090300000e+13 0.000000000000000000e+00 1.204863463498339726e+00 3.265074315147925565e-02 -1.000000000000000000e+00 -1.000000000000000000e+00 0.000000000000000000e+00 8.556950840512126399e-01 1.027776182894893642e-01 -1.000000000000000000e+00 -1.000000000000000000e+00
2.400000000000000000e+01 4.000000000011300000e+13 0.000000000000000000e+00 1.059109109393687742e+00 2.026958796890211689e-01 -1.000000000000000000e+00 -1.000000000000000000e+00 0.000000000000000000e+00 8.588169901244417925e-01 1.857626979095001185e-01 -1.000000000000000000e+00 -1.000000000000000000e+00
2.500000000000000000e+01 -1.000000000000000000e+00 -1.000000000000000000e+00 -1.000000000000000000e+00 -1.000000000000000000e+00 -1.000000000000000000e+00 -1.000000000000000000e+00 -1.000000000000000000e+00 -1.000000000000000000e+00 -1.000000000000000000e+00 -1.000000000000000000e+00 -1.000000000000000000e+00
2.600000000000000000e+01 4.000000000001000000e+13 0.000000000000000000e+00 7.439751798930470672e-01 1.342999412198473408e-01 2.148187646960566521e-01 1.255744884716835374e-01 0.000000000000000000e+00 8.600350244077042960e-01 1.715157340195611613e-01 2.103218325593995810e+09 2.103218325593995810e+09
2.700000000000000000e+01 4.000000000003100000e+13 0.000000000000000000e+00 1.062625381096621968e+00 7.798781056447730287e-02 -1.000000000000000000e+00 -1.000000000000000000e+00 0.000000000000000000e+00 9.283579212501952282e-01 9.413328102666303210e-02 -1.000000000000000000e+00 -1.000000000000000000e+00
2.800000000000000000e+01 4.000000000024300000e+13 0.000000000000000000e+00 8.672610873528511233e-01 1.761341774207650646e-01 -1.000000000000000000e+00 -1.000000000000000000e+00 0.000000000000000000e+00 8.626763760404122516e-01 1.194698380377002128e-01 -1.000000000000000000e+00 -1.000000000000000000e+00
2.900000000000000000e+01 4.000000000000100000e+13 0.000000000000000000e+00 1.062383520145348648e+00 8.477049401976746723e-02 4.021609138085498192e-02 4.021609138085498192e-02 0.000000000000000000e+00 1.106894613857545062e+00 1.020607884340904159e-01 4.810322378419819474e+08 4.810322378419819474e+08
3.000000000000000000e+01 4.000000000010100000e+13 0.000000000000000000e+00 9.747495534792111060e-01 1.100987380631723439e-01 -1.000000000000000000e+00 -1.000000000000000000e+00 0.000000000000000000e+00 9.287752851122124120e-01 1.529994762336218117e-01 -1.000000000000000000e+00 -1.000000000000000000e+00
3.100000000000000000e+01 4.000000000018400000e+13 0.000000000000000000e+00 9.261121299308999744e-01 2.018020468309584814e-01 -1.000000000000000000e+00 -1.000000000000000000e+00 0.000000000000000000e+00 7.128371308845954379e-01 1.509608098338981186e-01 -1.000000000000000000e+00 -1.000000000000000000e+00
3.200000000000000000e+01 4.000000000000100000e+13 1.000000000000000000e+00 1.098527485767435419e+00 2.094593699522468572e-02 -1.000000000000000000e+00 -1.000000000000000000e+00 1.000000000000000000e+00 1.129871350804170893e+00 2.371948637564375711e-02 -1.000000000000000000e+00 -1.000000000000000000e+00
3.300000000000000000e+01 4.000000000005500000e+13 0.000000000000000000e+00 9.183459731647141133e-01 1.137888427032120869e-01 -1.000000000000000000e+00 -1.000000000000000000e+00 0.000000000000000000e+00 1.034567373224406506e+00 8.808436425669603775e-02 -1.000000000000000000e+00 -1.000000000000000000e+00
3.400000000000000000e+01 4.000000000000200000e+13 0.000000000000000000e+00 1.364677082522528950e+00 3.936957209610778691e-02 5.559594140513473420e-02 3.554110937854595975e-02 0.000000000000000000e+00 1.356532910507021850e+00 1.278018024703877348e-02 6.518964980738924742e+08 4.167412972234594226e+08
3.500000000000000000e+01 4.000000000005100000e+13 0.000000000000000000e+00 1.144299879328778635e+00 7.844122177115224470e-02 -1.000000000000000000e+00 -1.000000000000000000e+00 0.000000000000000000e+00 8.648564991910829836e-01 1.235226266760395403e-01 -1.000000000000000000e+00 -1.000000000000000000e+00
3.600000000000000000e+01 4.000000000000800000e+13 0.000000000000000000e+00 1.169870352889888609e+00 6.425627615395279602e-02 6.569274302999121573e-02 6.569274302999121573e-02 0.000000000000000000e+00 1.155153852718787011e+00 8.399042547865404051e-02 8.334176780149261951e+08 8.334176780149261951e+08
3.700000000000000000e+01 4.000000000001300000e+13 0.000000000000000000e+00 1.199138661038312570e+00 2.550999989200056217e-01 4.163848490296452876e-01 2.251128374478393035e-01 0.000000000000000000e+00 1.166915732498422731e+00 2.425825516289776551e-01 -1.000000000000000000e+00 -1.000000000000000000e+00
3.800000000000000000e+01 4.000000000000100000e+13 0.000000000000000000e+00 1.292698833831464444e+00 2.332382469849056117e-01 1.885916929648401297e-01 1.072114373147174116e-01 0.000000000000000000e+00 1.148075411033324889e+00 3.164950239497103524e-01 1.859975198571691513e+09 1.263430199038271666e+09
3.900000000000000000e+01 4.000000000002700000e+13 0.000000000000000000e+00 6.680829117991322619e-01 7.661868282427307386e-02 2.292019219500761873e-01 2.292019219500761873e-01 0.000000000000000000e+00 9.489142827623864296e-01 4.125292008283214934e-02 -1.000000000000000000e+00 -1.000000000000000000e+00
4.000000000000000000e+01 4.000000000105600000e+13 0.000000000000000000e+00 9.300860468331810793e-01 1.417319871251057073e-01 -1.000000000000000000e+00 -1.000000000000000000e+00 0.000000000000000000e+00 7.770776914805359592e-01 1.699972869812792498e-01 -1.000000000000000000e+00 -1.000000000000000000e+00
4.100000000000000000e+01 4.000000000002000000e+13 0.000000000000000000e+00 9.055672072963255603e-01 1.267324796999731995e-01 -1.000000000000000000e+00 -1.000000000000000000e+00 0.000000000000000000e+00 1.104814908654575989e+00 8.457175803413860549e-02 -1.000000000000000000e+00 -1.000000000000000000e+00
4.200000000000000000e+01 4.000000000002000000e+13 0.000000000000000000e+00 1.111764283023464639e+00 9.852448220067348827e-02 -1.000000000000000000e+00 -1.000000000000000000e+00 0.000000000000000000e+00 1.023305413291151877e+00 8.015002934247517086e-02 -1.000000000000000000e+00 -1.000000000000000000e+00
4.300000000000000000e+01 4.000000000060200000e+13 0.000000000000000000e+00 1.104389754554716552e+00 6.141579678586208541e-02 -1.000000000000000000e+00 -1.000000000000000000e+00 0.000000000000000000e+00 1.104389754554716552e+00 6.143237421531106551e-02 -1.000000000000000000e+00 -1.000000000000000000e+00
4.400000000000000000e+01 4.000000000004100000e+13 0.000000000000000000e+00 1.107644512428125338e+00 5.199215019209437599e-02 1.152723711289082853e-01 1.152723711289082853e-01 0.000000000000000000e+00 1.062238148606412302e+00 9.431439864008300811e-02 1.351934936793088436e+09 1.351934936793088436e+09
4.500000000000000000e+01 4.000000000000100000e+13 0.000000000000000000e+00 9.948712137590794979e-01 8.277065305287435726e-02 -1.000000000000000000e+00 -1.000000000000000000e+00 0.000000000000000000e+00 1.079704740115118966e+00 1.157847748010144284e-01 -1.000000000000000000e+00 -1.000000000000000000e+00
4.600000000000000000e+01 4.000000000003100000e+13 0.000000000000000000e+00 1.182677938301587739e+00 6.015535937621086654e-02 -1.000000000000000000e+00 -1.000000000000000000e+00 0.000000000000000000e+00 1.081919698437700195e+00 7.583953791728911820e-02 -1.000000000000000000e+00 -1.000000000000000000e+00
4.700000000000000000e+01 4.000000000002000000e+13 0.000000000000000000e+00 9.047214964772679613e-01 4.543490359717174826e-02 -1.000000000000000000e+00 -1.000000000000000000e+00 0.000000000000000000e+00 8.322157051453087373e-01 6.294830044974433769e-02 -1.000000000000000000e+00 -1.000000000000000000e+00
4.800000000000000000e+01 4.000000000000100000e+13 0.000000000000000000e+00 1.282854970243644477e+00 6.068562270297806621e-02 1.051000766451330309e-01 7.777345888536077445e-02 0.000000000000000000e+00 1.321960135261548874e+00 6.843938111272410141e-02 9.537371916448279619e+08 9.537371916448279619e+08
4.900000000000000000e+01 4.000000000000600000e+13 0.000000000000000000e+00 9.667206828819264741e-01 9.570216641149593972e-02 -1.000000000000000000e+00 -1.000000000000000000e+00 0.000000000000000000e+00 9.221683146092637395e-01 1.203739742705811633e-01 -1.000000000000000000e+00 -1.000000000000000000e+00
5.000000000000000000e+01 4.000000000018000000e+13 0.000000000000000000e+00 8.241562488140714571e-01 2.255539726591920535e-01 -1.000000000000000000e+00 -1.000000000000000000e+00 0.000000000000000000e+00 1.236105093837227331e+00 4.790925237443664775e-02 -1.000000000000000000e+00 -1.000000000000000000e+00
5.100000000000000000e+01 4.000000000012900000e+13 1.000000000000000000e+00 1.110189592570775874e+00 3.903504570776840377e-02 -1.000000000000000000e+00 -1.000000000000000000e+00 0.000000000000000000e+00 1.066055343196069316e+00 4.367236825100756503e-02 -1.000000000000000000e+00 -1.000000000000000000e+00
5.200000000000000000e+01 4.000000000000800000e+13 0.000000000000000000e+00 1.030391064055788286e+00 3.579050896457976888e-02 1.056975085178875617e-01 8.385295996592845302e-02 0.000000000000000000e+00 9.590020823057795463e-01 3.293781137521428065e-02 1.202129226450561047e+09 9.536846734885178804e+08
5.300000000000000000e+01 4.000000000105000000e+13 0.000000000000000000e+00 7.648004195111520742e-01 4.566542680792062825e-02 -1.000000000000000000e+00 -1.000000000000000000e+00 0.000000000000000000e+00 8.241337581641732246e-01 6.555558866759003678e-02 -1.000000000000000000e+00 -1.000000000000000000e+00
5.400000000000000000e+01 4.000000000000100000e+13 1.000000000000000000e+00 1.081900227837783612e+00 3.827448672354601816e-02 -1.000000000000000000e+00 -1.000000000000000000e+00 0.000000000000000000e+00 9.873648624553594821e-01 4.423808318013112972e-02 -1.000000000000000000e+00 -1.000000000000000000e+00
5.500000000000000000e+01 4.000000000000100000e+13 1.000000000000000000e+00 1.068950156983390576e+00 2.736571951927998375e-02 -1.000000000000000000e+00 -1.000000000000000000e+00 1.000000000000000000e+00 1.079171904663734693e+00 2.381630407324155860e-02 -1.000000000000000000e+00 -1.000000000000000000e+00
5.600000000000000000e+01 4.000000000003500000e+13 0.000000000000000000e+00 1.056386471189885601e+00 4.774602654994690443e-02 -1.000000000000000000e+00 -1.000000000000000000e+00 0.000000000000000000e+00 1.038590954190254267e+00 5.657865992892509299e-02 -1.000000000000000000e+00 -1.000000000000000000e+00
5.700000000000000000e+01 4.000000000003900000e+13 0.000000000000000000e+00 1.117063534513799361e+00 6.142640776964593263e-02 -1.000000000000000000e+00 -1.000000000000000000e+00 0.000000000000000000e+00 1.066574296664504207e+00 7.327834591151151378e-02 -1.000000000000000000e+00 -1.000000000000000000e+00
5.800000000000000000e+01 4.000000000000900000e+13 0.000000000000000000e+00 8.939277620592251949e-01 4.388151701476286637e-02 -1.000000000000000000e+00 -1.000000000000000000e+00 0.000000000000000000e+00 8.344761464733367884e-01 2.658074155989261292e-02 -1.000000000000000000e+00 -1.000000000000000000e+00
5.900000000000000000e+01 -1.000000000000000000e+00 -1.000000000000000000e+00 -1.000000000000000000e+00 -1.000000000000000000e+00 -1.000000000000000000e+00 -1.000000000000000000e+00 -1.000000000000000000e+00 -1.000000000000000000e+00 -1.000000000000000000e+00 -1.000000000000000000e+00 -1.000000000000000000e+00
6.000000000000000000e+01 4.000000000000300000e+13 1.000000000000000000e+00 1.052458762118054558e+00 3.774961865624157364e-02 -1.000000000000000000e+00 -1.000000000000000000e+00 1.000000000000000000e+00 1.102448283757159198e+00 3.983322312586187047e-02 -1.000000000000000000e+00 -1.000000000000000000e+00
6.100000000000000000e+01 4.000000000001100000e+13 0.000000000000000000e+00 8.845865203269206445e-01 5.980070648892246016e-02 -1.000000000000000000e+00 -1.000000000000000000e+00 0.000000000000000000e+00 7.221027613697408309e-01 6.724607806390127396e-02 -1.000000000000000000e+00 -1.000000000000000000e+00
6.200000000000000000e+01 4.000000000003600000e+13 0.000000000000000000e+00 1.156433649227686544e+00 1.945939094966550320e-01 -1.000000000000000000e+00 -1.000000000000000000e+00 0.000000000000000000e+00 1.093578986293320288e+00 2.414130114869430799e-01 -1.000000000000000000e+00 -1.000000000000000000e+00
6.300000000000000000e+01 4.000000000000100000e+13 0.000000000000000000e+00 1.322052495499738800e+00 5.946825514981324279e-02 -1.000000000000000000e+00 -1.000000000000000000e+00 0.000000000000000000e+00 1.332363792000730740e+00 6.891183200170324097e-02 -1.000000000000000000e+00 -1.000000000000000000e+00
6.400000000000000000e+01 4.000000000000300000e+13 0.000000000000000000e+00 8.734145032714155654e-01 4.551384673418287091e-02 -1.000000000000000000e+00 -1.000000000000000000e+00 0.000000000000000000e+00 1.016133727324814995e+00 4.824728841396583312e-02 -1.000000000000000000e+00 -1.000000000000000000e+00
6.500000000000000000e+01 4.000000000027900000e+13 0.000000000000000000e+00 9.590818263810892974e-01 1.198739463565167140e-01 -1.000000000000000000e+00 -1.000000000000000000e+00 0.000000000000000000e+00 7.598634336349049390e-01 1.694254251434387792e-01 -1.000000000000000000e+00 -1.000000000000000000e+00
6.600000000000000000e+01 4.000000000005200000e+13 0.000000000000000000e+00 1.356940766495307926e+00 2.426603776226563536e-01 1.215073844687946658e-01 1.215073844687946658e-01 0.000000000000000000e+00 1.174028067311636780e+00 2.871657473696642149e-01 1.546787956023434162e+09 1.546787956023434162e+09
6.700000000000000000e+01 4.000000000001200000e+13 0.000000000000000000e+00 1.008955573495813107e+00 1.306600591558961522e-01 1.403224228016030362e-01 7.831809296030819989e-02 0.000000000000000000e+00 8.660988324691111240e-01 1.843592711027392528e-01 9.972737087295612097e+08 9.972737087295612097e+08
6.800000000000000000e+01 4.000000000001100000e+13 0.000000000000000000e+00 1.241247706518802119e+00 1.147168770756396561e-01 6.265008485201747912e-02 6.265008485201747912e-02 0.000000000000000000e+00 1.240095846039270588e+00 1.526681611446762121e-01 8.188079399151375294e+08 8.188079399151375294e+08
6.900000000000000000e+01 4.000000000005900000e+13 0.000000000000000000e+00 1.130366557187289844e+00 7.520633402181162164e-02 -1.000000000000000000e+00 -1.000000000000000000e+00 0.000000000000000000e+00 1.124476543403679640e+00 1.142442100098896574e-01 -1.000000000000000000e+00 -1.000000000000000000e+00
7.000000000000000000e+01 4.000000000001300000e+13 0.000000000000000000e+00 1.055188709974170358e+00 5.187895300373882718e-02 -1.000000000000000000e+00 -1.000000000000000000e+00 0.000000000000000000e+00 1.079966339301404510e+00 4.522579619835130627e-02 -1.000000000000000000e+00 -1.000000000000000000e+00
7.100000000000000000e+01 4.000000000007000000e+13 0.000000000000000000e+00 9.939396989908808600e-01 1.362818871439527568e-01 -1.000000000000000000e+00 -1.000000000000000000e+00 0.000000000000000000e+00 8.279738445468991515e-01 1.754516297525858526e-01 -1.000000000000000000e+00 -1.000000000000000000e+00
7.200000000000000000e+01 4.000000000017100000e+13 0.000000000000000000e+00 6.477515711366491624e-01 1.376265231809050416e-01 1.000000000000000000e+00 1.000000000000000000e+00 0.000000000000000000e+00 6.477515711366491624e-01 1.383507130296485754e-01 9.448462046130214691e+09 9.448462046130214691e+09
7.300000000000000000e+01 4.000000000001600000e+13 0.000000000000000000e+00 1.254019663260176776e+00 5.877567230770552875e-02 -1.000000000000000000e+00 -1.000000000000000000e+00 0.000000000000000000e+00 1.191041770584246207e+00 9.381809341745735165e-02 -1.000000000000000000e+00 -1.000000000000000000e+00
7.400000000000000000e+01 4.000000000000100000e+13 0.000000000000000000e+00 1.122733076257232732e+00 3.943672534022509696e-02 1.202682308912070147e-01 5.145166679830130707e-02 0.000000000000000000e+00 1.164944008426486599e+00 5.779303071741650338e-02 8.206648000879118443e+08 4.247815199416810274e+08
7.500000000000000000e+01 4.000000000003400000e+13 1.000000000000000000e+00 9.226755245342329603e-01 3.564009953622537807e-02 -1.000000000000000000e+00 -1.000000000000000000e+00 1.000000000000000000e+00 9.381627469318810641e-01 3.084445791803807832e-02 -1.000000000000000000e+00 -1.000000000000000000e+00
7.600000000000000000e+01 4.000000000001700000e+13 0.000000000000000000e+00 7.902928822975499035e-01 1.120141135314374758e-01 -1.000000000000000000e+00 -1.000000000000000000e+00 0.000000000000000000e+00 8.700444937606321982e-01 1.022306381236694067e-01 -1.000000000000000000e+00 -1.000000000000000000e+00
7.700000000000000000e+01 4.000000000000600000e+13 0.000000000000000000e+00 1.127591194548946518e+00 1.420188209097763554e-01 1.081382129060650954e-01 1.081382129060650954e-01 0.000000000000000000e+00 1.340068398512562320e+00 1.540422639040724406e-01 -1.000000000000000000e+00 -1.000000000000000000e+00
7.800000000000000000e+01 4.000000000006000000e+13 0.000000000000000000e+00 9.149115557842153468e-01 5.495030744252651228e-02 -1.000000000000000000e+00 -1.000000000000000000e+00 0.000000000000000000e+00 8.992144761914132589e-01 7.545118875883677356e-02 -1.000000000000000000e+00 -1.000000000000000000e+00
7.900000000000000000e+01 4.000000000008300000e+13 0.000000000000000000e+00 1.171742914923661782e+00 4.708043473899621578e-02 -1.000000000000000000e+00 -1.000000000000000000e+00 0.000000000000000000e+00 1.066528408667446026e+00 1.297101055298975347e-01 -1.000000000000000000e+00 -1.000000000000000000e+00
8.000000000000000000e+01 4.000000000000600000e+13 0.000000000000000000e+00 1.198338236729105777e+00 7.257125804401901026e-02 9.057135207918297348e-02 6.339992283282282204e-02 0.000000000000000000e+00 1.203421659148419254e+00 1.368913995345253376e-01 1.074609443770272017e+09 7.522263303621037006e+08
8.100000000000000000e+01 4.000000000006800000e+13 0.000000000000000000e+00 9.197958209236087868e-01 1.130246809490313420e-01 -1.000000000000000000e+00 -1.000000000000000000e+00 0.000000000000000000e+00 3.140335254140310672e-01 1.673557028439731642e-01 -1.000000000000000000e+00 -1.000000000000000000e+00
8.200000000000000000e+01 4.000000000194900000e+13 0.000000000000000000e+00 5.682371276452167219e-01 2.406170822993812519e-01 1.000000000000000000e+00 1.000000000000000000e+00 0.000000000000000000e+00 5.682371276452167219e-01 2.407605452394834533e-01 9.443784104308221817e+09 9.443784104308221817e+09
8.300000000000000000e+01 4.000000000004300000e+13 0.000000000000000000e+00 1.083756050043186425e+00 1.238769716827142209e-01 -1.000000000000000000e+00 -1.000000000000000000e+00 0.000000000000000000e+00 1.089561893755102151e+00 1.242442110006402173e-01 -1.000000000000000000e+00 -1.000000000000000000e+00
8.400000000000000000e+01 4.000000000012700000e+13 0.000000000000000000e+00 1.112366559577116609e+00 5.342954405921875732e-02 -1.000000000000000000e+00 -1.000000000000000000e+00 0.000000000000000000e+00 1.029237248780410230e+00 7.031184057024426892e-02 -1.000000000000000000e+00 -1.000000000000000000e+00
8.500000000000000000e+01 4.000000000080600000e+13 0.000000000000000000e+00 8.109873796155740999e-01 2.063467039369429878e-01 -1.000000000000000000e+00 -1.000000000000000000e+00 0.000000000000000000e+00 1.062326895053369524e+00 1.675274887127214396e-01 -1.000000000000000000e+00 -1.000000000000000000e+00
8.600000000000000000e+01 -1.000000000000000000e+00 -1.000000000000000000e+00 -1.000000000000000000e+00 -1.000000000000000000e+00 -1.000000000000000000e+00 -1.000000000000000000e+00 -1.000000000000000000e+00 -1.000000000000000000e+00 -1.000000000000000000e+00 -1.000000000000000000e+00 -1.000000000000000000e+00
8.700000000000000000e+01 4.000000000000700000e+13 0.000000000000000000e+00 1.074677493840690667e+00 5.219313428824925993e-02 -1.000000000000000000e+00 -1.000000000000000000e+00 0.000000000000000000e+00 1.082569438167536147e+00 5.395682129572577229e-02 -1.000000000000000000e+00 -1.000000000000000000e+00
8.800000000000000000e+01 4.000000000000100000e+13 0.000000000000000000e+00 1.183636489092073196e+00 9.887828818859570323e-02 1.531378769718761690e-01 1.366638821293235939e-01 0.000000000000000000e+00 1.378429685442019492e+00 5.072338467373223303e-02 4.458083839431021363e+07 4.458083839431021363e+07
8.900000000000000000e+01 4.000000000000100000e+13 0.000000000000000000e+00 1.399666080973300364e+00 8.776301237234852837e-02 1.591816650015656920e-01 1.591816650015656920e-01 0.000000000000000000e+00 1.473842196151868178e+00 1.454982432166360418e-01 2.041230781709419012e+09 2.041230781709419012e+09
9.000000000000000000e+01 4.000000000005600000e+13 0.000000000000000000e+00 1.300290992200898943e+00 1.039906646907066412e-01 1.657772484405022062e-01 1.657772484405022062e-01 0.000000000000000000e+00 1.068395537351719105e+00 1.831191412579936950e-01 2.043131927578805208e+09 2.043131927578805208e+09
9.100000000000000000e+01 4.000000000091500000e+13 0.000000000000000000e+00 9.356573709910951386e-01 1.818015896674180787e-01 -1.000000000000000000e+00 -1.000000000000000000e+00 0.000000000000000000e+00 1.181164134347523209e+00 6.431089836819060823e-02 -1.000000000000000000e+00 -1.000000000000000000e+00
9.200000000000000000e+01 4.000000000000200000e+13 0.000000000000000000e+00 1.146442065407797140e+00 6.808161254030642429e-02 1.351570949599826821e-01 5.471082089552238570e-02 0.000000000000000000e+00 1.218635850757409989e+00 5.100131179830114797e-02 1.065312057889880419e+09 4.205533938957225680e+08
9.300000000000000000e+01 4.000000000004800000e+13 0.000000000000000000e+00 9.623069462830304843e-01 1.201638765095149330e-01 -1.000000000000000000e+00 -1.000000000000000000e+00 0.000000000000000000e+00 1.031520737676527855e+00 1.763559891759848564e-01 -1.000000000000000000e+00 -1.000000000000000000e+00
9.400000000000000000e+01 4.000000000004300000e+13 0.000000000000000000e+00 6.724771269277795005e-01 2.356654428009215957e-02 -1.000000000000000000e+00 -1.000000000000000000e+00 0.000000000000000000e+00 7.728098770059426137e-01 5.800417878478388023e-02 -1.000000000000000000e+00 -1.000000000000000000e+00
9.500000000000000000e+01 4.000000000000100000e+13 1.000000000000000000e+00 1.036171134871735067e+00 1.582205963539310561e-02 1.463507317933345105e-02 7.930141656380415224e-03 0.000000000000000000e+00 1.054584082477044493e+00 2.038179143254901030e-02 9.319312841647562385e+07 9.319312841647562385e+07
9.600000000000000000e+01 -1.000000000000000000e+00 -1.000000000000000000e+00 -1.000000000000000000e+00 -1.000000000000000000e+00 -1.000000000000000000e+00 -1.000000000000000000e+00 -1.000000000000000000e+00 -1.000000000000000000e+00 -1.000000000000000000e+00 -1.000000000000000000e+00 -1.000000000000000000e+00
9.700000000000000000e+01 4.000000000002000000e+13 0.000000000000000000e+00 7.578688119170865489e-01 5.267156108479430915e-02 -1.000000000000000000e+00 -1.000000000000000000e+00 0.000000000000000000e+00 8.943741092507487833e-01 4.931870206851411698e-02 -1.000000000000000000e+00 -1.000000000000000000e+00
9.800000000000000000e+01 4.000000000007700000e+13 0.000000000000000000e+00 8.155190708568683666e-01 2.152199637826031353e-01 2.545127366862867668e-01 2.545127366862867668e-01 0.000000000000000000e+00 7.543739429515275985e-01 1.611602473138871172e-01 -1.000000000000000000e+00 -1.000000000000000000e+00
9.900000000000000000e+01 4.000000000000700000e+13 0.000000000000000000e+00 8.638332416403965430e-01 5.230012971597346877e-02 -1.000000000000000000e+00 -1.000000000000000000e+00 0.000000000000000000e+00 1.143289978170793475e+00 4.582745725692136812e-02 -1.000000000000000000e+00 -1.000000000000000000e+00
1.000000000000000000e+02 4.000000000017100000e+13 0.000000000000000000e+00 9.985870511793094595e-01 9.146978054627298571e-02 -1.000000000000000000e+00 -1.000000000000000000e+00 0.000000000000000000e+00 1.188912906927060753e+00 8.106464341818774011e-02 -1.000000000000000000e+00 -1.000000000000000000e+00
1.010000000000000000e+02 4.000000000058800000e+13 0.000000000000000000e+00 8.219983373896477818e-01 1.958773474577423512e-01 -1.000000000000000000e+00 -1.000000000000000000e+00 0.000000000000000000e+00 9.456165104587039849e-01 7.581836692881072093e-02 -1.000000000000000000e+00 -1.000000000000000000e+00
1.020000000000000000e+02 4.000000000000200000e+13 0.000000000000000000e+00 1.276512608429584139e+00 1.124084143972155087e-01 6.057408713022531532e-02 3.505596192826297697e-02 0.000000000000000000e+00 1.203186053374028619e+00 8.838236678815289404e-02 6.020743999780194759e+08 4.385277403242022395e+08
1.030000000000000000e+02 4.000000000003800000e+13 0.000000000000000000e+00 1.129442069022237316e+00 1.207805946516253143e-01 -1.000000000000000000e+00 -1.000000000000000000e+00 0.000000000000000000e+00 1.072738681394834304e+00 1.580362862067797580e-01 -1.000000000000000000e+00 -1.000000000000000000e+00
1.040000000000000000e+02 4.000000000000100000e+13 1.000000000000000000e+00 1.126994065718113669e+00 2.231828266459913446e-02 -1.000000000000000000e+00 -1.000000000000000000e+00 1.000000000000000000e+00 1.146833784487850894e+00 2.237785268496980326e-02 -1.000000000000000000e+00 -1.000000000000000000e+00
1.050000000000000000e+02 4.000000000005300000e+13 0.000000000000000000e+00 1.055385715691231630e+00 1.190237330984534048e-01 -1.000000000000000000e+00 -1.000000000000000000e+00 0.000000000000000000e+00 9.630391288181661125e-01 1.384070675016261798e-01 -1.000000000000000000e+00 -1.000000000000000000e+00
1.060000000000000000e+02 4.000000000007900000e+13 0.000000000000000000e+00 9.121011353653105669e-01 1.820452219474072153e-01 1.752932177460479468e-01 1.752932177460479468e-01 0.000000000000000000e+00 8.869018354973940976e-01 1.957549249361522081e-01 2.398494118866652489e+09 2.398494118866652489e+09
1.070000000000000000e+02 4.000000000001400000e+13 0.000000000000000000e+00 8.306729769242556793e-01 1.688302741287207864e-01 2.063019311984421456e-01 2.063019311984421456e-01 0.000000000000000000e+00 9.620610325012586284e-01 1.479370715106087808e-01 -1.000000000000000000e+00 -1.000000000000000000e+00
1.080000000000000000e+02 4.000000000003200000e+13 0.000000000000000000e+00 8.219576216373891686e-01 4.669967435850247428e-02 -1.000000000000000000e+00 -1.000000000000000000e+00 0.000000000000000000e+00 8.905883699440312329e-01 7.569787402096642137e-02 -1.000000000000000000e+00 -1.000000000000000000e+00
1.090000000000000000e+02 4.000000000005100000e+13 0.000000000000000000e+00 9.010468366477702995e-01 4.927823703875476580e-02 -1.000000000000000000e+00 -1.000000000000000000e+00 1.000000000000000000e+00 9.522230187000634283e-01 2.925266522334408342e-02 -1.000000000000000000e+00 -1.000000000000000000e+00
1.100000000000000000e+02 4.000000000006600000e+13 0.000000000000000000e+00 9.348688620352575418e-01 7.263862800277844090e-02 -1.000000000000000000e+00 -1.000000000000000000e+00 0.000000000000000000e+00 7.785143153225662083e-01 7.146892701213879151e-02 -1.000000000000000000e+00 -1.000000000000000000e+00
1.110000000000000000e+02 4.000000000020200000e+13 0.000000000000000000e+00 1.659630371707977670e+00 2.676897868066557828e-01 -1.000000000000000000e+00 -1.000000000000000000e+00 0.000000000000000000e+00 1.237576336243104258e+00 2.495355402648638532e-01 -1.000000000000000000e+00 -1.000000000000000000e+00
1.120000000000000000e+02 4.000000000004600000e+13 0.000000000000000000e+00 8.718491505973940958e-01 8.560367269436444659e-02 1.212040099997474807e-01 1.212040099997474807e-01 0.000000000000000000e+00 4.034771958097858602e-01 4.342628181989899999e-02 1.575950956895399570e+09 1.575950956895399570e+09
1.130000000000000000e+02 4.000000000002700000e+13 0.000000000000000000e+00 1.010115398064662440e+00 8.087811005258196961e-02 -1.000000000000000000e+00 -1.000000000000000000e+00 0.000000000000000000e+00 9.667898499571389026e-01 7.735034878919608281e-02 -1.000000000000000000e+00 -1.000000000000000000e+00
1.140000000000000000e+02 4.000000000000200000e+13 0.000000000000000000e+00 1.094286088823125169e+00 7.242245577302554305e-02 -1.000000000000000000e+00 -1.000000000000000000e+00 0.000000000000000000e+00 1.134803810199154439e+00 7.184036761864505405e-02 -1.000000000000000000e+00 -1.000000000000000000e+00
1.150000000000000000e+02 4.000000000008400000e+13 0.000000000000000000e+00 9.824890610784300371e-01 7.300093516863494225e-02 -1.000000000000000000e+00 -1.000000000000000000e+00 0.000000000000000000e+00 9.035965469456082033e-01 6.618614220708120277e-02 -1.000000000000000000e+00 -1.000000000000000000e+00
1.160000000000000000e+02 4.000000000001000000e+13 0.000000000000000000e+00 9.863055127658542087e-01 6.180056290118680906e-02 -1.000000000000000000e+00 -1.000000000000000000e+00 0.000000000000000000e+00 8.971956636989876221e-01 7.750768174238187314e-02 -1.000000000000000000e+00 -1.000000000000000000e+00
1.170000000000000000e+02 4.000000000000300000e+13 0.000000000000000000e+00 1.128063872562704129e+00 1.068700242758682944e-01 2.514886826840907474e-01 1.165914195612224036e-01 0.000000000000000000e+00 1.307008482084915268e+00 1.326676196242172201e-01 1.568987386044560671e+09 9.835100116003524065e+08
1.180000000000000000e+02 4.000000000000500000e+13 0.000000000000000000e+00 1.146281357540989143e+00 9.128343928989819667e-02 -1.000000000000000000e+00 -1.000000000000000000e+00 0.000000000000000000e+00 1.116484436096995658e+00 2.198603346292659078e-01 -1.000000000000000000e+00 -1.000000000000000000e+00
1.190000000000000000e+02 4.000000000024000000e+13 0.000000000000000000e+00 1.099731159620340071e+00 1.762153717215053650e-01 -1.000000000000000000e+00 -1.000000000000000000e+00 0.000000000000000000e+00 1.233916864030815130e+00 1.528157675380591163e-01 -1.000000000000000000e+00 -1.000000000000000000e+00
1.200000000000000000e+02 4.000000000000300000e+13 0.000000000000000000e+00 1.097421752775915138e+00 5.920290646274311425e-02 1.078999016592387949e-01 5.719184817860355902e-02 0.000000000000000000e+00 1.133463729784948137e+00 6.577649791665322876e-02 1.269948545811867476e+09 6.731304042897779942e+08
1.210000000000000000e+02 4.000000000003600000e+13 0.000000000000000000e+00 6.790159960607162759e-01 1.017701006100310973e-01 -1.000000000000000000e+00 -1.000000000000000000e+00 1.000000000000000000e+00 8.934913445746525129e-01 3.571135483159084550e-02 -1.000000000000000000e+00 -1.000000000000000000e+00
1.220000000000000000e+02 4.000000000000200000e+13 0.000000000000000000e+00 1.107939692833157963e+00 9.307458365779268383e-02 1.149886609914289315e-01 1.149886609914289315e-01 0.000000000000000000e+00 1.080537467837855425e+00 1.157171374890199195e-01 1.397967887449121237e+09 1.397967887449121237e+09
1.230000000000000000e+02 4.000000000029900000e+13 0.000000000000000000e+00 1.142610916304551250e+00 1.462058349757027198e-01 -1.000000000000000000e+00 -1.000000000000000000e+00 0.000000000000000000e+00 1.066209891442972513e+00 1.537160743967232179e-01 -1.000000000000000000e+00 -1.000000000000000000e+00
1.240000000000000000e+02 4.000000000000300000e+13 0.000000000000000000e+00 9.599613954142538486e-01 7.625114807292214525e-02 4.200964016968548181e-02 4.200964016968548181e-02 0.000000000000000000e+00 9.236173126217317453e-01 7.943600890810913195e-02 5.272341094293760061e+08 5.272341094293760061e+08
1.250000000000000000e+02 4.000000000000700000e+13 0.000000000000000000e+00 1.150365926790206883e+00 1.441574183727835634e-01 1.319371462506438164e-01 1.319371462506438164e-01 0.000000000000000000e+00 1.172983169057403741e+00 1.782815087924211617e-01 -1.000000000000000000e+00 -1.000000000000000000e+00
1.260000000000000000e+02 4.000000000007100000e+13 0.000000000000000000e+00 6.376665333182536255e-01 1.656741526545446042e-01 3.023261098014712323e-01 2.047328807975233589e-01 0.000000000000000000e+00 6.184656019553611550e-01 1.891470350044249793e-01 2.015387388311376572e+09 2.015387388311376572e+09
1.270000000000000000e+02 4.000000000001300000e+13 0.000000000000000000e+00 8.386343363836334941e-01 2.940316792334104687e-02 1.601060232154282170e-01 1.601060232154282170e-01 0.000000000000000000e+00 8.959389572437339577e-01 4.615870710622457102e-02 -1.000000000000000000e+00 -1.000000000000000000e+00
1.280000000000000000e+02 4.000000000008000000e+13 0.000000000000000000e+00 1.075256987908064454e+00 9.776591639388314270e-02 1.000000000000000000e+00 1.000000000000000000e+00 0.000000000000000000e+00 1.097415751834882824e+00 1.167206325572196085e-01 1.070867284489850616e+10 1.070867284489850616e+10
1.290000000000000000e+02 4.000000000000100000e+13 0.000000000000000000e+00 1.092663435226077118e+00 9.652289028544185079e-02 1.429298574408733868e-01 5.213597799222404600e-02 0.000000000000000000e+00 1.191314710045159098e+00 9.272410872210659627e-02 1.537308951995865345e+09 7.982056270442920923e+08
1.300000000000000000e+02 4.000000000005500000e+13 0.000000000000000000e+00 9.785646486829224777e-01 1.170494615510716957e-01 -1.000000000000000000e+00 -1.000000000000000000e+00 0.000000000000000000e+00 8.312907674954351789e-01 1.335403815218038082e-01 -1.000000000000000000e+00 -1.000000000000000000e+00
1.310000000000000000e+02 4.000000000000100000e+13 0.000000000000000000e+00 1.057528158246025196e+00 4.509127353974694968e-02 -1.000000000000000000e+00 -1.000000000000000000e+00 1.000000000000000000e+00 1.080315329140564273e+00 3.300449011953771050e-02 -1.000000000000000000e+00 -1.000000000000000000e+00
1.320000000000000000e+02 4.000000000006000000e+13 0.000000000000000000e+00 7.376240595136708267e-01 1.946018143653295007e-01 -1.000000000000000000e+00 -1.000000000000000000e+00 0.000000000000000000e+00 5.983333900055941568e-01 1.919090309739240330e-01 -1.000000000000000000e+00 -1.000000000000000000e+00
1.330000000000000000e+02 4.000000000000100000e+13 0.000000000000000000e+00 1.001686053195520509e+00 1.205513908842536785e-01 9.618274806487381312e-02 4.838330088227960069e-02 0.000000000000000000e+00 1.291563110372452972e+00 1.341897745809561837e-01 9.446525740665693283e+08 9.446525740665693283e+08
1.340000000000000000e+02 4.000000000004900000e+13 0.000000000000000000e+00 1.019449925242585486e+00 1.355258429607445747e-01 -1.000000000000000000e+00 -1.000000000000000000e+00 0.000000000000000000e+00 8.671058679300115424e-01 1.668924450458814379e-01 -1.000000000000000000e+00 -1.000000000000000000e+00
1.350000000000000000e+02 4.000000000000100000e+13 0.000000000000000000e+00 1.468030118700891951e+00 8.160145729606713139e-02 1.682908763817541620e-01 1.302879108368880101e-01 0.000000000000000000e+00 1.590815822157604531e+00 1.099685897395613760e-01 2.250552823645572186e+09 1.742339406182040930e+09
1.360000000000000000e+02 4.000000000035000000e+13 0.000000000000000000e+00 6.279441851286966525e-01 1.555814292163517076e-01 -1.000000000000000000e+00 -1.000000000000000000e+00 0.000000000000000000e+00 8.409308940822082246e-01 1.527455803985971194e-01 -1.000000000000000000e+00 -1.000000000000000000e+00
1.370000000000000000e+02 4.000000000000100000e+13 0.000000000000000000e+00 1.192772133886149888e+00 2.516673619615188151e-02 5.491508276856137821e-03 5.491508276856137821e-03 0.000000000000000000e+00 1.239856086898909027e+00 3.392550474832868590e-02 6.945211247846402228e+07 6.945211247846402228e+07
1.380000000000000000e+02 4.000000000000200000e+13 0.000000000000000000e+00 9.830672160845953522e-01 9.963847497132469200e-02 7.318733394360221745e-02 7.318733394360221745e-02 0.000000000000000000e+00 8.973288277531755730e-01 1.327622573051400190e-01 9.328210211948155165e+08 9.328210211948155165e+08
1.390000000000000000e+02 4.000000000000400000e+13 0.000000000000000000e+00 1.063470065061037140e+00 1.480510746638141750e-01 6.902534232655518909e-02 6.902534232655518909e-02 0.000000000000000000e+00 1.040060436568319924e+00 1.918803558092181671e-01 8.558427924003230333e+08 8.558427924003230333e+08
1.400000000000000000e+02 4.000000000000300000e+13 0.000000000000000000e+00 8.191212805518383044e-01 2.020926875493200825e-01 2.867199815890915104e-01 2.867199815890915104e-01 1.000000000000000000e+00 1.080276630901844337e+00 2.361543223577550546e-02 -1.000000000000000000e+00 -1.000000000000000000e+00
1.410000000000000000e+02 4.000000000000300000e+13 0.000000000000000000e+00 9.171168258440488552e-01 9.787482054013997568e-02 1.114957115877350247e-01 1.114957115877350247e-01 0.000000000000000000e+00 9.733155880138354421e-01 6.113013846482810709e-02 -1.000000000000000000e+00 -1.000000000000000000e+00
1.420000000000000000e+02 4.000000000012300000e+13 0.000000000000000000e+00 1.029184583797090768e+00 1.243048590285485561e-01 -1.000000000000000000e+00 -1.000000000000000000e+00 0.000000000000000000e+00 9.447852651768042787e-01 9.334230868672437065e-02 -1.000000000000000000e+00 -1.000000000000000000e+00
1.430000000000000000e+02 4.000000000000100000e+13 1.000000000000000000e+00 1.023380192946599321e+00 2.914073405702424097e-02 -1.000000000000000000e+00 -1.000000000000000000e+00 1.000000000000000000e+00 1.027562818464906380e+00 2.491276054809653251e-02 -1.000000000000000000e+00 -1.000000000000000000e+00
1.440000000000000000e+02 4.000000000004400000e+13 0.000000000000000000e+00 1.103633158948133630e+00 7.957231169172809815e-02 -1.000000000000000000e+00 -1.000000000000000000e+00 0.000000000000000000e+00 1.080163811958716469e+00 1.264434927705656575e-01 -1.000000000000000000e+00 -1.000000000000000000e+00
1.450000000000000000e+02 4.000000000000100000e+13 0.000000000000000000e+00 1.025569688721875705e+00 2.648286637237064478e-01 3.598439214456171653e-01 2.998772972175068330e-01 0.000000000000000000e+00 1.434905196022967955e+00 7.723694579388246106e-02 5.037328444536161423e+08 5.037328444536161423e+08
1.460000000000000000e+02 4.000000000001700000e+13 0.000000000000000000e+00 1.058075870232549232e+00 8.049458554885721706e-02 -1.000000000000000000e+00 -1.000000000000000000e+00 0.000000000000000000e+00 8.394419268269307510e-01 1.000183771391452980e-01 -1.000000000000000000e+00 -1.000000000000000000e+00
1.470000000000000000e+02 4.000000000000700000e+13 0.000000000000000000e+00 7.347856932516296791e-01 1.715196491544213053e-01 2.473469754463105963e-01 2.473469754463105963e-01 0.000000000000000000e+00 8.647426723112466851e-01 5.889260682099955319e-02 -1.000000000000000000e+00 -1.000000000000000000e+00
1.480000000000000000e+02 4.000000000000100000e+13 1.000000000000000000e+00 9.357447848613299479e-01 3.474978250708837119e-02 -1.000000000000000000e+00 -1.000000000000000000e+00 0.000000000000000000e+00 1.008255592339833751e+00 6.196845058992910688e-02 -1.000000000000000000e+00 -1.000000000000000000e+00
1.490000000000000000e+02 4.000000000013900000e+13 0.000000000000000000e+00 1.207801580341413494e+00 2.165022208501422019e-01 1.387110141596103186e-01 1.387110141596103186e-01 0.000000000000000000e+00 9.411338959622076450e-01 2.384837570002433793e-01 1.864240565650119543e+09 1.864240565650119543e+09
1.500000000000000000e+02 4.000000000002100000e+13 0.000000000000000000e+00 8.560998953195794181e-01 1.325907243116987988e-01 8.470185496671484016e-02 8.470185496671484016e-02 0.000000000000000000e+00 7.410256076202818010e-01 1.039629981534780784e-01 1.188477711950711250e+09 1.188477711950711250e+09
1.510000000000000000e+02 4.000000000006500000e+13 0.000000000000000000e+00 9.280941501837585150e-01 1.285350203071309316e-01 1.109134916963940565e-01 1.109134916963940565e-01 0.000000000000000000e+00 8.911450311404087721e-01 1.096204156982337613e-01 -1.000000000000000000e+00 -1.000000000000000000e+00
1.520000000000000000e+02 4.000000000000100000e+13 0.000000000000000000e+00 1.062037646688852810e+00 9.117393187492940643e-02 -1.000000000000000000e+00 -1.000000000000000000e+00 0.000000000000000000e+00 9.682246030723659080e-01 1.351093166706483772e-01 -1.000000000000000000e+00 -1.000000000000000000e+00
1.530000000000000000e+02 4.000000000000500000e+13 0.000000000000000000e+00 9.665784019660108584e-01 4.861486871713699420e-02 -1.000000000000000000e+00 -1.000000000000000000e+00 1.000000000000000000e+00 1.079214811684797493e+00 3.937079165745676484e-02 -1.000000000000000000e+00 -1.000000000000000000e+00
1.540000000000000000e+02 4.000000000001400000e+13 0.000000000000000000e+00 8.442200154118150168e-01 1.180879122645472623e-01 -1.000000000000000000e+00 -1.000000000000000000e+00 0.000000000000000000e+00 7.473479262455078320e-01 6.444890435503987380e-02 -1.000000000000000000e+00 -1.000000000000000000e+00
1.550000000000000000e+02 4.000000000002900000e+13 0.000000000000000000e+00 1.002021469553221467e+00 4.055273664048058418e-02 -1.000000000000000000e+00 -1.000000000000000000e+00 1.000000000000000000e+00 9.908688159347969204e-01 3.289819105368200353e-02 -1.000000000000000000e+00 -1.000000000000000000e+00
1.560000000000000000e+02 4.000000000000400000e+13 0.000000000000000000e+00 9.718370951904570232e-01 6.306693095974783003e-02 -1.000000000000000000e+00 -1.000000000000000000e+00 0.000000000000000000e+00 1.042290827487948768e+00 7.963722864613904939e-02 -1.000000000000000000e+00 -1.000000000000000000e+00
1.570000000000000000e+02 4.000000000000200000e+13 0.000000000000000000e+00 1.061063206020536720e+00 9.664523246339232210e-02 1.162015215905376070e-01 6.900427947338702572e-02 0.000000000000000000e+00 9.779992411769133920e-01 8.039046723874569700e-02 1.470829970432732582e+09 8.734271371695923805e+08
1.580000000000000000e+02 -1.000000000000000000e+00 -1.000000000000000000e+00 -1.000000000000000000e+00 -1.000000000000000000e+00 -1.000000000000000000e+00 -1.000000000000000000e+00 -1.000000000000000000e+00 -1.000000000000000000e+00 -1.000000000000000000e+00 -1.000000000000000000e+00 -1.000000000000000000e+00
1.590000000000000000e+02 -1.000000000000000000e+00 -1.000000000000000000e+00 -1.000000000000000000e+00 -1.000000000000000000e+00 -1.000000000000000000e+00 -1.000000000000000000e+00 -1.000000000000000000e+00 -1.000000000000000000e+00 -1.000000000000000000e+00 -1.000000000000000000e+00 -1.000000000000000000e+00
1.600000000000000000e+02 4.000000000000100000e+13 1.000000000000000000e+00 1.105944986479082015e+00 2.521996854526038778e-02 3.501283607465647402e-02 3.501283607465647402e-02 0.000000000000000000e+00 1.187598825991100115e+00 7.420090779967301875e-02 4.719464730477426648e+08 4.719464730477426648e+08
1.610000000000000000e+02 4.000000000008800000e+13 1.000000000000000000e+00 9.444963685740543902e-01 2.107049248846004294e-02 -1.000000000000000000e+00 -1.000000000000000000e+00 0.000000000000000000e+00 8.755906209913101312e-01 1.081989930844751840e-01 -1.000000000000000000e+00 -1.000000000000000000e+00
1.620000000000000000e+02 4.000000000005400000e+13 0.000000000000000000e+00 1.060003440577089506e+00 4.406107256342464695e-02 -1.000000000000000000e+00 -1.000000000000000000e+00 0.000000000000000000e+00 1.030192428757355838e+00 4.056988097862614107e-02 -1.000000000000000000e+00 -1.000000000000000000e+00
1.630000000000000000e+02 4.000000000000700000e+13 0.000000000000000000e+00 8.741217047373934790e-01 1.036150584240426165e-01 3.543553250805473592e-02 3.543553250805473592e-02 0.000000000000000000e+00 1.014333830606384268e+00 1.052642587847200523e-01 5.105293440479250550e+08 5.105293440479250550e+08
1.640000000000000000e+02 4.000000000034800000e+13 0.000000000000000000e+00 5.969580335482236322e-01 1.360555516500365492e-01 -1.000000000000000000e+00 -1.000000000000000000e+00 0.000000000000000000e+00 4.442666109111583772e-01 1.888394776833484667e-01 -1.000000000000000000e+00 -1.000000000000000000e+00
1.650000000000000000e+02 4.000000000021400000e+13 0.000000000000000000e+00 7.548948253503495742e-01 1.204502170561559532e-01 -1.000000000000000000e+00 -1.000000000000000000e+00 0.000000000000000000e+00 5.825506500310364544e-01 1.707616250556279192e-01 -1.000000000000000000e+00 -1.000000000000000000e+00
1.660000000000000000e+02 4.000000000001400000e+13 0.000000000000000000e+00 1.129621839488387458e+00 1.395909341012374349e-01 -1.000000000000000000e+00 -1.000000000000000000e+00 0.000000000000000000e+00 1.102695163215446916e+00 1.131109229113697184e-01 -1.000000000000000000e+00 -1.000000000000000000e+00
1.670000000000000000e+02 4.000000000016000000e+13 0.000000000000000000e+00 1.283628311161258306e+00 4.824131363967613245e-02 -1.000000000000000000e+00 -1.000000000000000000e+00 0.000000000000000000e+00 9.930275473708874978e-01 1.166506661639570286e-01 -1.000000000000000000e+00 -1.000000000000000000e+00
1.680000000000000000e+02 4.000000000020200000e+13 0.000000000000000000e+00 8.738860755465324148e-01 1.164707441147121991e-01 -1.000000000000000000e+00 -1.000000000000000000e+00 0.000000000000000000e+00 8.181525504330813825e-02 1.669111622399538919e-01 -1.000000000000000000e+00 -1.000000000000000000e+00
1.690000000000000000e+02 4.000000000007500000e+13 0.000000000000000000e+00 1.026591681014759727e+00 9.969995708581862182e-02 -1.000000000000000000e+00 -1.000000000000000000e+00 0.000000000000000000e+00 9.599517120694152084e-01 9.338078105317733357e-02 -1.000000000000000000e+00 -1.000000000000000000e+00
1.700000000000000000e+02 4.000000000001100000e+13 0.000000000000000000e+00 9.437534763625620160e-01 6.513088419597466705e-02 4.699489877433638690e-02 4.699489877433638690e-02 0.000000000000000000e+00 8.018898750919325469e-01 8.740756674513749935e-02 -1.000000000000000000e+00 -1.000000000000000000e+00
1.710000000000000000e+02 4.000000000009700000e+13 0.000000000000000000e+00 9.979491587743727354e-01 2.254048990341496472e-01 1.104961761866082304e+00 1.000000000000000000e+00 0.000000000000000000e+00 9.093923266303451935e-01 2.654462415912863804e-01 1.156219450022439957e+10 1.046388653368233109e+10
1.720000000000000000e+02 4.000000000000400000e+13 0.000000000000000000e+00 1.110007101543480701e+00 5.319881297075693127e-02 1.271461115329764954e-02 1.271461115329764954e-02 0.000000000000000000e+00 9.038534940379682192e-01 6.482806130738100192e-02 1.534401286987548470e+08 1.534401286987548470e+08
1.730000000000000000e+02 4.000000000000600000e+13 0.000000000000000000e+00 1.255343677167017002e+00 4.058881756299573262e-02 -1.000000000000000000e+00 -1.000000000000000000e+00 0.000000000000000000e+00 1.233906712993547705e+00 2.627206626062997957e-02 -1.000000000000000000e+00 -1.000000000000000000e+00
1.740000000000000000e+02 4.000000000000100000e+13 0.000000000000000000e+00 9.422430711141492887e-01 5.844110628694312165e-02 1.288257455050172418e-01 1.055398582283500752e-01 0.000000000000000000e+00 1.155924473364730476e+00 2.285948624294556822e-02 -1.000000000000000000e+00 -1.000000000000000000e+00
1.750000000000000000e+02 4.000000000001300000e+13 0.000000000000000000e+00 1.420084959936786406e+00 1.453428940859540774e-01 6.834261564174161363e-02 6.834261564174161363e-02 0.000000000000000000e+00 1.297774368923729105e+00 1.628981661110774359e-01 7.872018672052334547e+08 7.872018672052334547e+08
1.760000000000000000e+02 4.000000000000100000e+13 0.000000000000000000e+00 1.174684532675967175e+00 5.891465039101328321e-02 9.184599684904039274e-02 5.234307863076482353e-02 0.000000000000000000e+00 1.219012432223292031e+00 9.162850175083522841e-02 7.055019329819802046e+08 7.055019329819802046e+08
1.770000000000000000e+02 4.000000000025200000e+13 0.000000000000000000e+00 6.954157317234982427e-01 1.143454570070475962e-01 -1.000000000000000000e+00 -1.000000000000000000e+00 0.000000000000000000e+00 2.601458538993988712e-01 1.530075574613239675e-01 -1.000000000000000000e+00 -1.000000000000000000e+00
1.780000000000000000e+02 4.000000000000100000e+13 0.000000000000000000e+00 1.302248772053326231e+00 4.460868942988533564e-02 6.639061094948425779e-02 4.032417727736426621e-02 0.000000000000000000e+00 1.423416815236658195e+00 4.617748999686236561e-02 8.551601330000238419e+08 5.194052036946233511e+08
1.790000000000000000e+02 4.000000000001000000e+13 1.000000000000000000e+00 9.789597577777289228e-01 2.966891961574350325e-02 -1.000000000000000000e+00 -1.000000000000000000e+00 0.000000000000000000e+00 9.470734226897323804e-01 5.039088039106900258e-02 -1.000000000000000000e+00 -1.000000000000000000e+00
1.800000000000000000e+02 4.000000000000200000e+13 0.000000000000000000e+00 1.158785339009905435e+00 6.110064280166667416e-02 1.768808764056447602e-01 7.379187072334181252e-02 0.000000000000000000e+00 9.999328881910589661e-01 9.429187805976486925e-02 9.179767147300772667e+08 9.179767147300772667e+08
1.810000000000000000e+02 4.000000000001200000e+13 0.000000000000000000e+00 9.723562702072642283e-01 1.052746574804942076e-01 -1.000000000000000000e+00 -1.000000000000000000e+00 0.000000000000000000e+00 7.403157942768986421e-01 1.074865596597768258e-01 -1.000000000000000000e+00 -1.000000000000000000e+00
1.820000000000000000e+02 4.000000000000100000e+13 0.000000000000000000e+00 1.167572345170887482e+00 4.286758707695732806e-02 1.352737740572313233e-02 7.834271103172555858e-03 0.000000000000000000e+00 1.269149196308985594e+00 2.711054709080353703e-02 7.467712064640159905e+07 7.467712064640159905e+07
1.830000000000000000e+02 4.000000000005400000e+13 0.000000000000000000e+00 1.057230430672882804e+00 8.787790386555902056e-02 1.159645457579765893e+00 1.000000000000000000e+00 0.000000000000000000e+00 5.765233973683905333e-01 1.327766758309023853e-01 1.336416893403393173e+10 1.152435759281597710e+10
1.840000000000000000e+02 4.000000000007600000e+13 0.000000000000000000e+00 9.568198584767817483e-01 2.618064512772912966e-01 3.072573984577517403e-01 3.072573984577517403e-01 0.000000000000000000e+00 1.387285527096793203e+00 1.592377094309954944e-01 -1.000000000000000000e+00 -1.000000000000000000e+00
1.850000000000000000e+02 4.000000000000100000e+13 0.000000000000000000e+00 1.082328601660665024e+00 7.444897904759731344e-02 1.515537307816363921e-01 7.155995771064042887e-02 0.000000000000000000e+00 1.082021653249444881e+00 8.535380784766438689e-02 4.676700500798469186e+08 4.676700500798469186e+08
1.860000000000000000e+02 4.000000000000200000e+13 1.000000000000000000e+00 9.616849876997772828e-01 3.269066221091109642e-02 -1.000000000000000000e+00 -1.000000000000000000e+00 1.000000000000000000e+00 9.733861253438825800e-01 2.615497898572031327e-02 -1.000000000000000000e+00 -1.000000000000000000e+00
1.870000000000000000e+02 4.000000000000100000e+13 1.000000000000000000e+00 1.078455829695311730e+00 2.380424610661418042e-02 1.899296757616977371e-03 1.899296757616977371e-03 0.000000000000000000e+00 1.153360853770583283e+00 4.335015156450913731e-02 2.529919926678422093e+07 2.529919926678422093e+07
1.880000000000000000e+02 4.000000000000400000e+13 0.000000000000000000e+00 1.056818077529007915e+00 4.350323545099962080e-02 -1.000000000000000000e+00 -1.000000000000000000e+00 1.000000000000000000e+00 1.051817784120484101e+00 1.012797220209823122e-02 -1.000000000000000000e+00 -1.000000000000000000e+00
1.890000000000000000e+02 4.000000000002600000e+13 0.000000000000000000e+00 8.828738130474237389e-01 1.171918128056425035e-01 -1.000000000000000000e+00 -1.000000000000000000e+00 0.000000000000000000e+00 8.103039710894459624e-01 9.260177805069144674e-02 -1.000000000000000000e+00 -1.000000000000000000e+00
1.900000000000000000e+02 4.000000000000100000e+13 0.000000000000000000e+00 1.468977671715835154e+00 3.869231562029161742e-01 5.049510192241177808e-01 4.392894998159037057e-01 0.000000000000000000e+00 1.307702646855889439e+00 2.840916121228104219e-01 2.321940912080900192e+09 1.922455709692297935e+09
1.910000000000000000e+02 4.000000000000200000e+13 0.000000000000000000e+00 8.548006868859558960e-01 1.252000121588827120e-01 1.538715038503886412e-01 1.538715038503886412e-01 0.000000000000000000e+00 1.070946932353934455e+00 4.759416387829003281e-02 -1.000000000000000000e+00 -1.000000000000000000e+00
1.920000000000000000e+02 -1.000000000000000000e+00 -1.000000000000000000e+00 -1.000000000000000000e+00 -1.000000000000000000e+00 -1.000000000000000000e+00 -1.000000000000000000e+00 -1.000000000000000000e+00 -1.000000000000000000e+00 -1.000000000000000000e+00 -1.000000000000000000e+00 -1.000000000000000000e+00
1.930000000000000000e+02 4.000000000011500000e+13 0.000000000000000000e+00 9.212543605182937911e-01 2.095072845568735909e-01 -1.000000000000000000e+00 -1.000000000000000000e+00 0.000000000000000000e+00 5.451081435297234767e-01 2.479921450943624039e-01 -1.000000000000000000e+00 -1.000000000000000000e+00
1.940000000000000000e+02 4.000000000000900000e+13 0.000000000000000000e+00 1.084209212533768119e+00 8.720512144487359285e-02 1.749017113133706502e-02 1.749017113133706502e-02 0.000000000000000000e+00 1.022291333997054963e+00 8.752335152379538130e-02 2.027956988778621554e+08 2.027956988778621554e+08
1.950000000000000000e+02 4.000000000008500000e+13 0.000000000000000000e+00 8.854082062416321897e-01 5.454925699034487985e-02 5.598174273858921163e-02 5.598174273858921163e-02 0.000000000000000000e+00 8.416892055718981913e-01 8.747307018015569591e-02 7.330168435934906006e+08 7.330168435934906006e+08
1.960000000000000000e+02 4.000000000000900000e+13 0.000000000000000000e+00 1.192169674255910916e+00 1.266669140049385689e-01 2.016569152283416988e-01 1.520633145914493667e-01 0.000000000000000000e+00 1.324015849725485250e+00 1.577265178906140097e-01 7.513820353179455996e+08 7.513820353179455996e+08
1.970000000000000000e+02 4.000000000000700000e+13 0.000000000000000000e+00 1.200768936924547114e+00 6.799338562452357515e-02 8.049455392799380327e-02 8.049455392799380327e-02 0.000000000000000000e+00 1.170012101343233857e+00 1.011883986910184635e-01 9.466879987234797478e+08 9.466879987234797478e+08
1.980000000000000000e+02 4.000000000002000000e+13 0.000000000000000000e+00 7.992895754079107906e-01 8.892762874632781367e-02 -1.000000000000000000e+00 -1.000000000000000000e+00 0.000000000000000000e+00 7.994933061659241780e-01 8.365719334052856837e-02 -1.000000000000000000e+00 -1.000000000000000000e+00
1.990000000000000000e+02 4.000000000000100000e+13 0.000000000000000000e+00 1.233217893453032232e+00 1.071071159366620007e-01 1.474245919081951794e-01 1.028522318543782510e-01 0.000000000000000000e+00 1.153787945923179015e+00 1.594579188243161194e-01 1.636541789906953335e+09 1.141749645945822001e+09
2.000000000000000000e+02 4.000000000000100000e+13 0.000000000000000000e+00 1.243485787867665726e+00 3.426781416978374323e-02 6.795148806195212832e-02 5.690463059734589962e-02 0.000000000000000000e+00 1.310939072469491595e+00 4.523821036582413579e-02 7.587786425048037767e+08 7.232678255445282459e+08
2.010000000000000000e+02 4.000000000000100000e+13 0.000000000000000000e+00 1.065861641953154582e+00 2.716477775967165997e-02 1.297869738501213344e-01 1.049644850811995850e-01 0.000000000000000000e+00 1.056138639914210753e+00 4.545330310090667930e-02 -1.000000000000000000e+00 -1.000000000000000000e+00
2.020000000000000000e+02 4.000000000001300000e+13 0.000000000000000000e+00 8.992111930179363943e-01 1.295668750434955108e-01 1.708493561404851591e-01 1.708493561404851591e-01 1.000000000000000000e+00 1.121286753260338109e+00 1.712505371825297565e-02 -1.000000000000000000e+00 -1.000000000000000000e+00
2.030000000000000000e+02 4.000000000001900000e+13 0.000000000000000000e+00 9.719244697479625383e-01 4.471049167181056355e-02 -1.000000000000000000e+00 -1.000000000000000000e+00 0.000000000000000000e+00 8.994375907632033984e-01 5.020068142755693824e-02 -1.000000000000000000e+00 -1.000000000000000000e+00
2.040000000000000000e+02 4.000000000011900000e+13 0.000000000000000000e+00 7.636062282766933329e-01 1.223180330495113460e-01 -1.000000000000000000e+00 -1.000000000000000000e+00 0.000000000000000000e+00 6.463186174594445221e-01 1.004887055415957658e-01 -1.000000000000000000e+00 -1.000000000000000000e+00
2.050000000000000000e+02 4.000000000000500000e+13 0.000000000000000000e+00 1.161560154126452638e+00 1.075871948714324372e-01 8.958089520415363216e-02 8.958089520415363216e-02 0.000000000000000000e+00 1.143588815571026984e+00 1.392319803212788420e-01 1.061675452073835850e+09 1.061675452073835850e+09
2.060000000000000000e+02 -1.000000000000000000e+00 -1.000000000000000000e+00 -1.000000000000000000e+00 -1.000000000000000000e+00 -1.000000000000000000e+00 -1.000000000000000000e+00 -1.000000000000000000e+00 -1.000000000000000000e+00 -1.000000000000000000e+00 -1.000000000000000000e+00 -1.000000000000000000e+00
2.070000000000000000e+02 4.000000000000600000e+13 1.000000000000000000e+00 1.140216384232597635e+00 3.797070502729996827e-02 7.677612489593127476e-02 7.677612489593127476e-02 0.000000000000000000e+00 1.075757030809425530e+00 4.694377467409718840e-02 -1.000000000000000000e+00 -1.000000000000000000e+00
2.080000000000000000e+02 4.000000000009600000e+13 0.000000000000000000e+00 1.222451859020578846e+00 2.072674987104710376e-01 -1.000000000000000000e+00 -1.000000000000000000e+00 0.000000000000000000e+00 9.010001179958703199e-01 1.690839792813210729e-01 -1.000000000000000000e+00 -1.000000000000000000e+00
2.090000000000000000e+02 4.000000000012100000e+13 0.000000000000000000e+00 4.098185081069513624e-01 2.554638844493120065e-01 -1.000000000000000000e+00 -1.000000000000000000e+00 0.000000000000000000e+00 6.070071251980888594e-01 7.487420373150710518e-02 -1.000000000000000000e+00 -1.000000000000000000e+00
2.100000000000000000e+02 4.000000000033500000e+13 0.000000000000000000e+00 1.100410124375880150e+00 9.568339138931307442e-02 -1.000000000000000000e+00 -1.000000000000000000e+00 0.000000000000000000e+00 9.559335163101629895e-01 6.169170074186398900e-02 -1.000000000000000000e+00 -1.000000000000000000e+00
2.110000000000000000e+02 4.000000000000100000e+13 0.000000000000000000e+00 1.042592025545023837e+00 4.845616024193656612e-02 -1.000000000000000000e+00 -1.000000000000000000e+00 0.000000000000000000e+00 1.054695270583061895e+00 6.503836032175794313e-02 -1.000000000000000000e+00 -1.000000000000000000e+00
2.120000000000000000e+02 4.000000000001300000e+13 0.000000000000000000e+00 8.679475393527003035e-01 7.331035754177112063e-02 -1.000000000000000000e+00 -1.000000000000000000e+00 0.000000000000000000e+00 8.783156180850569816e-01 1.175915013134466724e-01 -1.000000000000000000e+00 -1.000000000000000000e+00
2.130000000000000000e+02 4.000000000000500000e+13 1.000000000000000000e+00 1.046332897129646833e+00 3.506706856010254059e-02 -1.000000000000000000e+00 -1.000000000000000000e+00 0.000000000000000000e+00 1.044613548188517704e+00 6.774800827596989816e-02 -1.000000000000000000e+00 -1.000000000000000000e+00
2.140000000000000000e+02 4.000000000005600000e+13 0.000000000000000000e+00 9.158185854251666980e-01 2.575070166003783356e-01 2.609758461389358741e-01 2.609758461389358741e-01 0.000000000000000000e+00 8.178300500429795949e-01 1.444223789272754965e-01 -1.000000000000000000e+00 -1.000000000000000000e+00
2.150000000000000000e+02 4.000000000000300000e+13 0.000000000000000000e+00 1.280157095783939436e+00 1.046082054829541447e-01 1.048857787810383718e-01 7.255539503386004840e-02 0.000000000000000000e+00 1.264207486922998669e+00 1.182834168099607119e-01 8.319953225073840618e+08 8.319953225073840618e+08
2.160000000000000000e+02 4.000000000012900000e+13 0.000000000000000000e+00 1.144953112322524946e+00 7.238413418050942960e-02 -1.000000000000000000e+00 -1.000000000000000000e+00 0.000000000000000000e+00 1.164028396753494787e+00 1.434954957899751971e-01 -1.000000000000000000e+00 -1.000000000000000000e+00
2.170000000000000000e+02 4.000000000005800000e+13 0.000000000000000000e+00 8.174824244560863207e-01 1.056001824513898985e-01 -1.000000000000000000e+00 -1.000000000000000000e+00 0.000000000000000000e+00 7.945166368767945242e-01 1.301041089958864250e-01 -1.000000000000000000e+00 -1.000000000000000000e+00
2.180000000000000000e+02 -1.000000000000000000e+00 -1.000000000000000000e+00 -1.000000000000000000e+00 -1.000000000000000000e+00 -1.000000000000000000e+00 -1.000000000000000000e+00 -1.000000000000000000e+00 -1.000000000000000000e+00 -1.000000000000000000e+00 -1.000000000000000000e+00 -1.000000000000000000e+00
2.190000000000000000e+02 4.000000000001500000e+13 0.000000000000000000e+00 9.684174432970285018e-01 1.262773687213242235e-01 3.031724150983868271e-01 2.454424725721892353e-01 0.000000000000000000e+00 7.300334403441099962e-01 1.030445261206945629e-01 8.303429653502643108e+08 8.303429653502643108e+08
2.200000000000000000e+02 4.000000000001800000e+13 0.000000000000000000e+00 9.812615691139078278e-01 8.621451690189045614e-02 -1.000000000000000000e+00 -1.000000000000000000e+00 0.000000000000000000e+00 9.220962122078216749e-01 5.311097406911770291e-02 -1.000000000000000000e+00 -1.000000000000000000e+00
2.210000000000000000e+02 4.000000000017500000e+13 0.000000000000000000e+00 9.569630801639038564e-01 6.089209552054265090e-02 -1.000000000000000000e+00 -1.000000000000000000e+00 0.000000000000000000e+00 1.022221428094523876e+00 5.693134873255661921e-02 -1.000000000000000000e+00 -1.000000000000000000e+00
2.220000000000000000e+02 4.000000000005000000e+13 0.000000000000000000e+00 1.579579980219985691e+00 2.093085813283786234e-01 2.750982224499844420e-01 2.750982224499844420e-01 0.000000000000000000e+00 1.008284942140102114e+00 2.640884360202607750e-01 3.418762464552866936e+09 3.418762464552866936e+09
2.230000000000000000e+02 4.000000000008400000e+13 0.000000000000000000e+00 1.046949480005922473e+00 6.895191132258630951e-02 -1.000000000000000000e+00 -1.000000000000000000e+00 0.000000000000000000e+00 9.746969862548511276e-01 7.734068951485476018e-02 -1.000000000000000000e+00 -1.000000000000000000e+00
2.240000000000000000e+02 4.000000000005300000e+13 0.000000000000000000e+00 8.679754033939307556e-01 1.322527534156011653e-01 -1.000000000000000000e+00 -1.000000000000000000e+00 0.000000000000000000e+00 9.655087755532935079e-01 1.384507536493919388e-01 -1.000000000000000000e+00 -1.000000000000000000e+00
2.250000000000000000e+02 4.000000000001000000e+13 0.000000000000000000e+00 1.090141102985867416e+00 9.165183860332262733e-02 5.874296584716736519e-02 5.874296584716736519e-02 0.000000000000000000e+00 9.806980752885516850e-01 1.454361309502774369e-01 8.976870207456548214e+08 8.976870207456548214e+08
2.260000000000000000e+02 4.000000000000800000e+13 0.000000000000000000e+00 1.022522520657052070e+00 4.556219004099584108e-02 -1.000000000000000000e+00 -1.000000000000000000e+00 0.000000000000000000e+00 1.023394640599028849e+00 6.897934629418275843e-02 -1.000000000000000000e+00 -1.000000000000000000e+00
2.270000000000000000e+02 4.000000000000100000e+13 0.000000000000000000e+00 1.118078286714020653e+00 7.110751706904680502e-02 1.059633613655460715e-01 9.099936805994403299e-02 0.000000000000000000e+00 1.163739118369847780e+00 7.349637376323649163e-02 1.077932890252857208e+09 1.077932890252857208e+09
2.280000000000000000e+02 4.000000000000100000e+13 0.000000000000000000e+00 1.058902584680540437e+00 1.011771096552272348e-01 1.275858922676222362e-01 1.275858922676222362e-01 0.000000000000000000e+00 1.101351235734323142e+00 5.830488580184309960e-02 -1.000000000000000000e+00 -1.000000000000000000e+00
2.290000000000000000e+02 4.000000000000100000e+13 1.000000000000000000e+00 9.830555473466616734e-01 2.236907051076838723e-02 -1.000000000000000000e+00 -1.000000000000000000e+00 1.000000000000000000e+00 1.059957161854697238e+00 3.162457140177896836e-02 -1.000000000000000000e+00 -1.000000000000000000e+00
2.300000000000000000e+02 4.000000000000200000e+13 0.000000000000000000e+00 1.010937028083108480e+00 8.493632132032818971e-02 4.443495069775861839e-01 2.126600580979184640e-01 0.000000000000000000e+00 8.433282878443922881e-01 9.661657345564803046e-02 1.383329495289599180e+09 1.383329495289599180e+09
2.310000000000000000e+02 4.000000000000200000e+13 1.000000000000000000e+00 9.511929788064057423e-01 3.999330226434039820e-02 -1.000000000000000000e+00 -1.000000000000000000e+00 1.000000000000000000e+00 1.140084557704730273e+00 2.949541929604876031e-02 -1.000000000000000000e+00 -1.000000000000000000e+00
2.320000000000000000e+02 4.000000000020400000e+13 0.000000000000000000e+00 1.184596264338842797e+00 1.015117323081311251e-01 -1.000000000000000000e+00 -1.000000000000000000e+00 0.000000000000000000e+00 1.176503754854363759e+00 1.337599497715148689e-01 -1.000000000000000000e+00 -1.000000000000000000e+00
2.330000000000000000e+02 4.000000000000200000e+13 0.000000000000000000e+00 1.131590224635461661e+00 7.344751615795051813e-02 -1.000000000000000000e+00 -1.000000000000000000e+00 0.000000000000000000e+00 1.206400240083058462e+00 9.973515861852702558e-02 -1.000000000000000000e+00 -1.000000000000000000e+00
2.340000000000000000e+02 4.000000000000100000e+13 0.000000000000000000e+00 1.352786028047259226e+00 1.609440086403870485e-01 3.470951844657259033e-01 1.109326460117459473e-01 0.000000000000000000e+00 1.475624367213788535e+00 1.360507598659011774e-01 1.812598647937260151e+09 8.984286317069860697e+08
2.350000000000000000e+02 4.000000000001100000e+13 0.000000000000000000e+00 1.022317522624211161e+00 9.902818357912904212e-02 -1.000000000000000000e+00 -1.000000000000000000e+00 0.000000000000000000e+00 9.985817991589842624e-01 1.026650784844145986e-01 -1.000000000000000000e+00 -1.000000000000000000e+00
2.360000000000000000e+02 4.000000000001000000e+13 1.000000000000000000e+00 9.545026015573464528e-01 2.882124997089197463e-02 -1.000000000000000000e+00 -1.000000000000000000e+00 1.000000000000000000e+00 9.151816767296754307e-01 2.284998081725497093e-02 -1.000000000000000000e+00 -1.000000000000000000e+00
2.370000000000000000e+02 -1.000000000000000000e+00 -1.000000000000000000e+00 -1.000000000000000000e+00 -1.000000000000000000e+00 -1.000000000000000000e+00 -1.000000000000000000e+00 -1.000000000000000000e+00 -1.000000000000000000e+00 -1.000000000000000000e+00 -1.000000000000000000e+00 -1.000000000000000000e+00
2.380000000000000000e+02 4.000000000000600000e+13 0.000000000000000000e+00 1.020803708928719633e+00 5.313006336934148616e-02 5.632488078892946420e-02 5.632488078892946420e-02 0.000000000000000000e+00 9.753979871683848835e-01 6.934849277374989518e-02 6.466842022449201345e+08 6.466842022449201345e+08
2.390000000000000000e+02 4.000000000088000000e+13 0.000000000000000000e+00 2.843833036357266142e-01 1.958406468019357749e-01 -1.000000000000000000e+00 -1.000000000000000000e+00 0.000000000000000000e+00 -2.502195870691797386e-01 7.568608527182134338e-02 -1.000000000000000000e+00 -1.000000000000000000e+00
2.400000000000000000e+02 4.000000000000200000e+13 1.000000000000000000e+00 1.077370330498687911e+00 1.752746477493999713e-02 -1.000000000000000000e+00 -1.000000000000000000e+00 1.000000000000000000e+00 1.026643419299309912e+00 2.872296616932797433e-02 -1.000000000000000000e+00 -1.000000000000000000e+00
2.410000000000000000e+02 4.000000000002100000e+13 0.000000000000000000e+00 1.141394256869896706e+00 7.265047188571048531e-02 1.309929803520406277e-01 1.309929803520406277e-01 0.000000000000000000e+00 7.766460222331365015e-01 7.371428924850358111e-02 1.662763427631699085e+09 1.662763427631699085e+09
2.420000000000000000e+02 4.000000000017700000e+13 0.000000000000000000e+00 1.153792755325229624e+00 1.114206460881738830e-01 -1.000000000000000000e+00 -1.000000000000000000e+00 0.000000000000000000e+00 1.136699463172961000e+00 1.923597756179384610e-01 -1.000000000000000000e+00 -1.000000000000000000e+00
2.430000000000000000e+02 4.000000000000600000e+13 0.000000000000000000e+00 1.162805557072181140e+00 5.140266814051658306e-02 -1.000000000000000000e+00 -1.000000000000000000e+00 0.000000000000000000e+00 1.065920009964621329e+00 9.990659674789204026e-02 -1.000000000000000000e+00 -1.000000000000000000e+00
2.440000000000000000e+02 4.000000000149200000e+13 0.000000000000000000e+00 9.693845328046956089e-01 1.974189233576538749e-01 -1.000000000000000000e+00 -1.000000000000000000e+00 0.000000000000000000e+00 1.405247087912430359e+00 3.102113647590993770e-02 -1.000000000000000000e+00 -1.000000000000000000e+00
2.450000000000000000e+02 4.000000000026000000e+13 0.000000000000000000e+00 1.114828843243369727e+00 1.826354569369619540e-01 -1.000000000000000000e+00 -1.000000000000000000e+00 0.000000000000000000e+00 1.232023293340329673e+00 1.760703724505527368e-01 -1.000000000000000000e+00 -1.000000000000000000e+00
2.460000000000000000e+02 4.000000000000100000e+13 0.000000000000000000e+00 6.782973979827139344e-01 6.457091999496851475e-02 1.308770878884995270e-01 7.379918331486307048e-02 0.000000000000000000e+00 1.215974594978098899e+00 6.911455002501117051e-02 1.505839607242849112e+09 8.491152654036220312e+08
2.470000000000000000e+02 4.000000000003900000e+13 0.000000000000000000e+00 9.986887258273042800e-01 6.065089460807006339e-02 -1.000000000000000000e+00 -1.000000000000000000e+00 1.000000000000000000e+00 1.002303309353324012e+00 3.062248887877697112e-02 -1.000000000000000000e+00 -1.000000000000000000e+00
2.480000000000000000e+02 4.000000000000200000e+13 1.000000000000000000e+00 8.920618801898444472e-01 1.196178275407393243e-02 -1.000000000000000000e+00 -1.000000000000000000e+00 1.000000000000000000e+00 1.033383329082524060e+00 2.952484651172232813e-02 -1.000000000000000000e+00 -1.000000000000000000e+00
2.490000000000000000e+02 4.000000000000800000e+13 0.000000000000000000e+00 9.938558143986131466e-01 1.240017438603559646e-01 1.423869952387592785e-01 1.124443027803786466e-01 0.000000000000000000e+00 8.880747057120337296e-01 1.708481994297206819e-01 2.475380229320284843e+09 1.954830239485841513e+09
2.500000000000000000e+02 4.000000000000400000e+13 0.000000000000000000e+00 9.096582131936284954e-01 4.093045848511140533e-02 -1.000000000000000000e+00 -1.000000000000000000e+00 0.000000000000000000e+00 9.461151198752493219e-01 4.431891928602750552e-02 -1.000000000000000000e+00 -1.000000000000000000e+00
2.510000000000000000e+02 4.000000000000500000e+13 0.000000000000000000e+00 8.725659923161407372e-01 5.173381982625370468e-02 -1.000000000000000000e+00 -1.000000000000000000e+00 1.000000000000000000e+00 9.362621119182381602e-01 2.056123338910608236e-02 -1.000000000000000000e+00 -1.000000000000000000e+00
2.520000000000000000e+02 4.000000000008100000e+13 0.000000000000000000e+00 1.062462976379327406e+00 9.828356483310531078e-02 -1.000000000000000000e+00 -1.000000000000000000e+00 0.000000000000000000e+00 9.942583580734809523e-01 1.371229526035153135e-01 -1.000000000000000000e+00 -1.000000000000000000e+00
2.530000000000000000e+02 4.000000000005000000e+13 0.000000000000000000e+00 6.507207919925246387e-01 2.253697020420760977e-01 -1.000000000000000000e+00 -1.000000000000000000e+00 0.000000000000000000e+00 7.635936186238972967e-01 1.146276943759616390e-01 -1.000000000000000000e+00 -1.000000000000000000e+00
2.540000000000000000e+02 4.000000000000100000e+13 0.000000000000000000e+00 1.294028040582273498e+00 9.171969833340984368e-02 1.584506882800622851e-01 6.064465895595839290e-02 0.000000000000000000e+00 1.277759554704865907e+00 1.145968240410309841e-01 1.664685471757690430e+09 7.010411730118082762e+08
2.550000000000000000e+02 4.000000000000200000e+13 1.000000000000000000e+00 1.029865300098650849e+00 3.443735323844757806e-02 -1.000000000000000000e+00 -1.000000000000000000e+00 1.000000000000000000e+00 1.093181838859206501e+00 3.713074146283908139e-02 -1.000000000000000000e+00 -1.000000000000000000e+00
2.560000000000000000e+02 4.000000000003100000e+13 0.000000000000000000e+00 8.550365015504644006e-01 1.134058645990812381e-01 -1.000000000000000000e+00 -1.000000000000000000e+00 0.000000000000000000e+00 7.534249344049256392e-01 1.395371696230688074e-01 -1.000000000000000000e+00 -1.000000000000000000e+00
2.570000000000000000e+02 4.000000000000200000e+13 1.000000000000000000e+00 9.911976537134034038e-01 3.712400317632386787e-02 2.381816871983286413e-02 2.381816871983286413e-02 0.000000000000000000e+00 1.025482174715633965e+00 4.977004388805675306e-02 -1.000000000000000000e+00 -1.000000000000000000e+00
2.580000000000000000e+02 4.000000000000100000e+13 0.000000000000000000e+00 1.218837160698705846e+00 1.025087304738513116e-01 1.358920491754480042e-01 8.156962552836816149e-02 0.000000000000000000e+00 1.130408286893506142e+00 1.431579358355648812e-01 1.596226033747361422e+09 9.581396455601382256e+08
2.590000000000000000e+02 4.000000000003300000e+13 0.000000000000000000e+00 7.909586540389770271e-01 1.081038987212787628e-01 -1.000000000000000000e+00 -1.000000000000000000e+00 0.000000000000000000e+00 6.933164023056102021e-01 1.177562890778061921e-01 -1.000000000000000000e+00 -1.000000000000000000e+00
2.600000000000000000e+02 4.000000000002600000e+13 0.000000000000000000e+00 1.037732642547765538e+00 4.122434428251109395e-02 -1.000000000000000000e+00 -1.000000000000000000e+00 0.000000000000000000e+00 1.059685642048996401e+00 1.027520915347645419e-01 -1.000000000000000000e+00 -1.000000000000000000e+00
2.610000000000000000e+02 4.000000000001000000e+13 0.000000000000000000e+00 1.074685392543482942e+00 5.069622443037211795e-02 -1.000000000000000000e+00 -1.000000000000000000e+00 0.000000000000000000e+00 1.119373891044908254e+00 8.809407261659676913e-02 -1.000000000000000000e+00 -1.000000000000000000e+00
2.620000000000000000e+02 4.000000000000600000e+13 1.000000000000000000e+00 1.091258438789153074e+00 3.330224415944668670e-02 5.956288576343215374e-02 5.956288576343215374e-02 0.000000000000000000e+00 1.011951232825265334e+00 3.619400812744772572e-02 6.623331417902439833e+08 6.623331417902439833e+08
2.630000000000000000e+02 4.000000000058800000e+13 0.000000000000000000e+00 1.115936955408755704e+00 1.300959228373392285e-01 -1.000000000000000000e+00 -1.000000000000000000e+00 0.000000000000000000e+00 nan 9.329126399535928038e-02 -1.000000000000000000e+00 -1.000000000000000000e+00
2.640000000000000000e+02 -1.000000000000000000e+00 -1.000000000000000000e+00 -1.000000000000000000e+00 -1.000000000000000000e+00 -1.000000000000000000e+00 -1.000000000000000000e+00 -1.000000000000000000e+00 -1.000000000000000000e+00 -1.000000000000000000e+00 -1.000000000000000000e+00 -1.000000000000000000e+00
2.650000000000000000e+02 -1.000000000000000000e+00 -1.000000000000000000e+00 -1.000000000000000000e+00 -1.000000000000000000e+00 -1.000000000000000000e+00 -1.000000000000000000e+00 -1.000000000000000000e+00 -1.000000000000000000e+00 -1.000000000000000000e+00 -1.000000000000000000e+00 -1.000000000000000000e+00
2.660000000000000000e+02 4.000000000013500000e+13 0.000000000000000000e+00 9.097401186613948143e-01 5.995261872037833256e-02 -1.000000000000000000e+00 -1.000000000000000000e+00 0.000000000000000000e+00 9.276183444618726348e-01 1.053915218716575536e-01 -1.000000000000000000e+00 -1.000000000000000000e+00
2.670000000000000000e+02 4.000000000005300000e+13 0.000000000000000000e+00 1.094551027950887878e+00 1.595674561894629140e-01 -1.000000000000000000e+00 -1.000000000000000000e+00 0.000000000000000000e+00 1.060944645843987066e+00 2.195093368475844464e-01 -1.000000000000000000e+00 -1.000000000000000000e+00
2.680000000000000000e+02 4.000000000000100000e+13 0.000000000000000000e+00 1.682300520137314681e+00 1.063299910866339765e-01 1.504058171085828621e-01 1.052125481982196381e-01 0.000000000000000000e+00 1.680217608141911345e+00 1.300364034469643215e-01 1.579177096560957193e+09 1.291724312074383497e+09
2.690000000000000000e+02 4.000000000023400000e+13 0.000000000000000000e+00 9.942856493917120453e-01 1.151334777658429287e-01 -1.000000000000000000e+00 -1.000000000000000000e+00 0.000000000000000000e+00 1.019467954215102168e+00 1.091027088282228857e-01 -1.000000000000000000e+00 -1.000000000000000000e+00
2.700000000000000000e+02 4.000000000002000000e+13 0.000000000000000000e+00 9.703797424343709732e-01 9.535003264457372896e-02 9.537319771826922865e-02 9.537319771826922865e-02 0.000000000000000000e+00 8.657864289182337636e-01 1.544980004013210284e-01 1.114394808340462923e+09 1.114394808340462923e+09
2.710000000000000000e+02 4.000000000001200000e+13 1.000000000000000000e+00 1.012081624397100699e+00 1.668547677942185808e-02 -1.000000000000000000e+00 -1.000000000000000000e+00 0.000000000000000000e+00 8.617618779032722998e-01 5.225858694761669615e-02 -1.000000000000000000e+00 -1.000000000000000000e+00
2.720000000000000000e+02 4.000000000000100000e+13 0.000000000000000000e+00 9.398805453881429184e-01 8.562214459305719783e-02 1.127262190256444613e-01 1.127262190256444613e-01 0.000000000000000000e+00 9.283370923688847309e-01 7.478083184298402186e-02 -1.000000000000000000e+00 -1.000000000000000000e+00
2.730000000000000000e+02 4.000000000004200000e+13 1.000000000000000000e+00 8.934465738962688031e-01 9.670307114836407258e-03 -1.000000000000000000e+00 -1.000000000000000000e+00 0.000000000000000000e+00 9.228000310288415609e-01 1.039789817819154888e-01 -1.000000000000000000e+00 -1.000000000000000000e+00
2.740000000000000000e+02 4.000000000001400000e+13 0.000000000000000000e+00 1.230363991473788277e+00 4.988230455659183743e-02 -1.000000000000000000e+00 -1.000000000000000000e+00 0.000000000000000000e+00 1.143222906032479225e+00 8.040409974963209916e-02 -1.000000000000000000e+00 -1.000000000000000000e+00
2.750000000000000000e+02 4.000000000000300000e+13 0.000000000000000000e+00 9.793666758667600725e-01 1.310762325489515101e-01 1.870831133355733145e-01 1.870831133355733145e-01 0.000000000000000000e+00 1.007291583794741818e+00 7.151953077504849543e-02 -1.000000000000000000e+00 -1.000000000000000000e+00
2.760000000000000000e+02 4.000000000000100000e+13 0.000000000000000000e+00 1.116570624769080755e+00 7.736731394544303642e-02 1.501710767211302533e-01 8.409539189609313570e-02 0.000000000000000000e+00 1.201648238844911454e+00 6.451528486033659970e-02 8.134505990377177000e+08 8.134505990377177000e+08
2.770000000000000000e+02 -1.000000000000000000e+00 -1.000000000000000000e+00 -1.000000000000000000e+00 -1.000000000000000000e+00 -1.000000000000000000e+00 -1.000000000000000000e+00 -1.000000000000000000e+00 -1.000000000000000000e+00 -1.000000000000000000e+00 -1.000000000000000000e+00 -1.000000000000000000e+00
2.780000000000000000e+02 4.000000000004100000e+13 0.000000000000000000e+00 9.732249348080495022e-01 6.722344194162205300e-02 -1.000000000000000000e+00 -1.000000000000000000e+00 0.000000000000000000e+00 9.363476110997824842e-01 7.210538601076615928e-02 -1.000000000000000000e+00 -1.000000000000000000e+00
2.790000000000000000e+02 -1.000000000000000000e+00 -1.000000000000000000e+00 -1.000000000000000000e+00 -1.000000000000000000e+00 -1.000000000000000000e+00 -1.000000000000000000e+00 -1.000000000000000000e+00 -1.000000000000000000e+00 -1.000000000000000000e+00 -1.000000000000000000e+00 -1.000000000000000000e+00
2.800000000000000000e+02 4.000000000002600000e+13 0.000000000000000000e+00 8.319206001262174910e-01 3.838806392146699303e-02 -1.000000000000000000e+00 -1.000000000000000000e+00 0.000000000000000000e+00 9.080288846410552450e-01 4.789900226329165539e-02 -1.000000000000000000e+00 -1.000000000000000000e+00
2.810000000000000000e+02 4.000000000002700000e+13 0.000000000000000000e+00 1.084009568027328507e+00 1.313359854644358948e-01 2.687063082631912514e-01 2.237646845868404288e-01 0.000000000000000000e+00 1.096171057164202045e+00 8.660917954818124487e-02 3.720282523683384418e+09 3.098058437357434273e+09
2.820000000000000000e+02 4.000000000000100000e+13 1.000000000000000000e+00 9.250066579162300462e-01 3.495925432077128664e-02 -1.000000000000000000e+00 -1.000000000000000000e+00 0.000000000000000000e+00 8.811098163449119225e-01 4.805840980625490644e-02 -1.000000000000000000e+00 -1.000000000000000000e+00
2.830000000000000000e+02 4.000000000001900000e+13 0.000000000000000000e+00 1.289558743239720195e+00 2.673306975595489410e-02 -1.000000000000000000e+00 -1.000000000000000000e+00 0.000000000000000000e+00 1.274579280973722195e+00 2.755927580820343240e-02 -1.000000000000000000e+00 -1.000000000000000000e+00
2.840000000000000000e+02 4.000000000000300000e+13 1.000000000000000000e+00 1.102776669786306396e+00 2.510304979426096483e-02 2.467270029673590548e-02 2.467270029673590548e-02 0.000000000000000000e+00 1.152229336399433812e+00 4.834350039091009354e-02 3.095928628764562607e+08 3.095928628764562607e+08
2.850000000000000000e+02 4.000000000000300000e+13 0.000000000000000000e+00 1.071565527816454644e+00 5.851143691913664180e-02 3.864046051928744785e-02 3.864046051928744785e-02 0.000000000000000000e+00 1.086222601275105726e+00 9.414760724527031222e-02 4.515441509458175898e+08 4.515441509458175898e+08
2.860000000000000000e+02 4.000000000018900000e+13 0.000000000000000000e+00 3.309388929511567490e-01 1.713283639211000964e-01 -1.000000000000000000e+00 -1.000000000000000000e+00 0.000000000000000000e+00 3.617243690080578777e-01 8.047090714827145885e-02 -1.000000000000000000e+00 -1.000000000000000000e+00
2.870000000000000000e+02 -1.000000000000000000e+00 -1.000000000000000000e+00 -1.000000000000000000e+00 -1.000000000000000000e+00 -1.000000000000000000e+00 -1.000000000000000000e+00 -1.000000000000000000e+00 -1.000000000000000000e+00 -1.000000000000000000e+00 -1.000000000000000000e+00 -1.000000000000000000e+00
2.880000000000000000e+02 4.000000000000200000e+13 1.000000000000000000e+00 1.018682941788792817e+00 3.901930804731091468e-02 -1.000000000000000000e+00 -1.000000000000000000e+00 1.000000000000000000e+00 1.076276806500824357e+00 3.815410310032860824e-02 -1.000000000000000000e+00 -1.000000000000000000e+00
2.890000000000000000e+02 4.000000000002100000e+13 0.000000000000000000e+00 7.387852270157647672e-01 1.308891031842417119e-01 -1.000000000000000000e+00 -1.000000000000000000e+00 0.000000000000000000e+00 6.552902347593810850e-01 1.898129051600929706e-01 -1.000000000000000000e+00 -1.000000000000000000e+00
2.900000000000000000e+02 4.000000000016300000e+13 0.000000000000000000e+00 7.490571266361782943e-01 1.005374324428048860e-01 -1.000000000000000000e+00 -1.000000000000000000e+00 0.000000000000000000e+00 7.768828660110015383e-01 1.265220957884713449e-01 -1.000000000000000000e+00 -1.000000000000000000e+00
2.910000000000000000e+02 4.000000000008300000e+13 0.000000000000000000e+00 9.276958034233311334e-01 1.529215974425493230e-01 -1.000000000000000000e+00 -1.000000000000000000e+00 0.000000000000000000e+00 8.672807156705260034e-01 1.537694319448003333e-01 -1.000000000000000000e+00 -1.000000000000000000e+00
2.920000000000000000e+02 4.000000000002400000e+13 0.000000000000000000e+00 1.002087311242707335e+00 1.193138680566403764e-01 -1.000000000000000000e+00 -1.000000000000000000e+00 0.000000000000000000e+00 1.015399011673316698e+00 8.499762065261558253e-02 -1.000000000000000000e+00 -1.000000000000000000e+00
2.930000000000000000e+02 4.000000000003900000e+13 0.000000000000000000e+00 1.056676902320040190e+00 1.025748385104259808e-01 -1.000000000000000000e+00 -1.000000000000000000e+00 0.000000000000000000e+00 1.026747303338932493e+00 1.026021572637714901e-01 -1.000000000000000000e+00 -1.000000000000000000e+00
2.940000000000000000e+02 4.000000000000200000e+13 1.000000000000000000e+00 1.021917462433412860e+00 3.861502215512294806e-02 -1.000000000000000000e+00 -1.000000000000000000e+00 0.000000000000000000e+00 9.839383285109578603e-01 9.108354588156183929e-02 -1.000000000000000000e+00 -1.000000000000000000e+00
2.950000000000000000e+02 -1.000000000000000000e+00 -1.000000000000000000e+00 -1.000000000000000000e+00 -1.000000000000000000e+00 -1.000000000000000000e+00 -1.000000000000000000e+00 -1.000000000000000000e+00 -1.000000000000000000e+00 -1.000000000000000000e+00 -1.000000000000000000e+00 -1.000000000000000000e+00
2.960000000000000000e+02 4.000000000000300000e+13 0.000000000000000000e+00 1.122250326994686409e+00 2.328224288327593317e-01 2.636456081141679286e-01 2.200627244717884845e-01 0.000000000000000000e+00 7.307608688211234549e-01 2.625879763966797453e-01 2.855051493378868580e+09 2.855051493378868580e+09
2.970000000000000000e+02 4.000000000000200000e+13 0.000000000000000000e+00 1.126496427756999763e+00 7.090384627897232395e-02 -1.000000000000000000e+00 -1.000000000000000000e+00 0.000000000000000000e+00 1.045782286196840216e+00 6.947482092760241812e-02 -1.000000000000000000e+00 -1.000000000000000000e+00
2.980000000000000000e+02 4.000000000001400000e+13 0.000000000000000000e+00 1.006284433904167663e+00 1.399834224885120049e-01 2.492013005705333017e-01 1.594916637959104821e-01 0.000000000000000000e+00 1.112509513432486496e+00 1.147374587193332324e-01 -1.000000000000000000e+00 -1.000000000000000000e+00
2.990000000000000000e+02 4.000000000001900000e+13 0.000000000000000000e+00 9.893581528731527630e-01 1.130948191765572819e-01 1.879155897291704957e-01 1.879155897291704957e-01 0.000000000000000000e+00 1.161045759752813877e+00 1.203784222780787949e-01 -1.000000000000000000e+00 -1.000000000000000000e+00
3.000000000000000000e+02 4.000000000000200000e+13 0.000000000000000000e+00 9.518209111453828086e-01 6.593566798830312325e-02 1.067494753995034545e-01 1.067494753995034545e-01 0.000000000000000000e+00 9.048365882798692361e-01 7.540971188509597301e-02 1.361357438680026293e+09 1.361357438680026293e+09
3.010000000000000000e+02 4.000000000004000000e+13 0.000000000000000000e+00 1.246653639273523906e+00 1.092547967308779427e-01 1.000000000000000000e+00 1.000000000000000000e+00 0.000000000000000000e+00 1.074204902691448416e+00 1.271539846793616479e-01 1.531617329722399139e+10 1.531617329722399139e+10
3.020000000000000000e+02 4.000000000001600000e+13 0.000000000000000000e+00 1.406175684802188020e+00 2.104009417740359267e-01 1.987925311203319612e-01 1.987925311203319612e-01 0.000000000000000000e+00 1.113021497100706636e+00 2.562838330920376717e-01 2.535448783101287842e+09 2.535448783101287842e+09
3.030000000000000000e+02 4.000000000000600000e+13 0.000000000000000000e+00 1.157400855318573729e+00 1.494765100414912340e-01 1.141005647658954320e-01 1.141005647658954320e-01 0.000000000000000000e+00 1.130822343634815041e+00 2.117093056405650875e-01 1.317083047672987223e+09 1.317083047672987223e+09
3.040000000000000000e+02 4.000000000000400000e+13 1.000000000000000000e+00 1.025707528943090141e+00 3.910695975502008481e-02 9.831014222618419951e-02 9.831014222618419951e-02 0.000000000000000000e+00 1.042361544211258151e+00 6.256469849334471423e-02 1.157349433532459021e+09 1.157349433532459021e+09
3.050000000000000000e+02 4.000000000001000000e+13 1.000000000000000000e+00 8.937331437281974544e-01 3.591633492574573122e-02 7.798452846000492045e-02 5.135953762004347861e-02 0.000000000000000000e+00 9.798615024005725704e-01 6.687805943176687584e-02 3.446863600009687543e+08 3.446863600009687543e+08
3.060000000000000000e+02 4.000000000005000000e+13 0.000000000000000000e+00 9.541345325124764853e-01 1.993991276381253397e-01 -1.000000000000000000e+00 -1.000000000000000000e+00 0.000000000000000000e+00 7.501920409364362108e-01 1.918246876196618711e-01 -1.000000000000000000e+00 -1.000000000000000000e+00
3.070000000000000000e+02 4.000000000001200000e+13 0.000000000000000000e+00 8.889362994220850744e-01 1.035936680013838096e-01 -1.000000000000000000e+00 -1.000000000000000000e+00 0.000000000000000000e+00 7.218647290288723317e-01 1.438250811168575449e-01 -1.000000000000000000e+00 -1.000000000000000000e+00
3.080000000000000000e+02 4.000000000001500000e+13 1.000000000000000000e+00 8.611631781607980152e-01 3.611560460297731645e-02 -1.000000000000000000e+00 -1.000000000000000000e+00 1.000000000000000000e+00 1.004932549167427469e+00 2.828862323530343531e-02 -1.000000000000000000e+00 -1.000000000000000000e+00
3.090000000000000000e+02 4.000000000000300000e+13 1.000000000000000000e+00 9.243521929353391009e-01 2.088482258275507070e-02 -1.000000000000000000e+00 -1.000000000000000000e+00 0.000000000000000000e+00 1.099065993009600950e+00 5.541921689955569413e-02 -1.000000000000000000e+00 -1.000000000000000000e+00
3.100000000000000000e+02 4.000000000001700000e+13 0.000000000000000000e+00 1.129753254290489339e+00 2.428584866929576203e-01 1.995817008097316991e-01 1.995817008097316991e-01 0.000000000000000000e+00 1.176594388078096687e+00 1.667620107426572296e-01 -1.000000000000000000e+00 -1.000000000000000000e+00
3.110000000000000000e+02 -1.000000000000000000e+00 -1.000000000000000000e+00 -1.000000000000000000e+00 -1.000000000000000000e+00 -1.000000000000000000e+00 -1.000000000000000000e+00 -1.000000000000000000e+00 -1.000000000000000000e+00 -1.000000000000000000e+00 -1.000000000000000000e+00 -1.000000000000000000e+00
3.120000000000000000e+02 4.000000000056400000e+13 0.000000000000000000e+00 1.171784493425242157e+00 9.885706238244475197e-02 -1.000000000000000000e+00 -1.000000000000000000e+00 0.000000000000000000e+00 1.195431443604599853e+00 6.578380837739446207e-02 -1.000000000000000000e+00 -1.000000000000000000e+00
3.130000000000000000e+02 4.000000000000800000e+13 0.000000000000000000e+00 1.095170938697985097e+00 4.062951330646541459e-02 -1.000000000000000000e+00 -1.000000000000000000e+00 1.000000000000000000e+00 1.109945109835276167e+00 1.332793189423269950e-02 -1.000000000000000000e+00 -1.000000000000000000e+00
3.140000000000000000e+02 4.000000000020400000e+13 0.000000000000000000e+00 1.014122762190056593e+00 9.654840245680788857e-02 -1.000000000000000000e+00 -1.000000000000000000e+00 0.000000000000000000e+00 8.794027001776535402e-01 8.337710238229201209e-02 -1.000000000000000000e+00 -1.000000000000000000e+00
3.150000000000000000e+02 4.000000000095300000e+13 0.000000000000000000e+00 8.996025718149542882e-01 1.482464890610516728e-01 -1.000000000000000000e+00 -1.000000000000000000e+00 0.000000000000000000e+00 7.969402996344222556e-01 1.007062432950829450e-01 -1.000000000000000000e+00 -1.000000000000000000e+00
3.160000000000000000e+02 4.000000000000200000e+13 0.000000000000000000e+00 9.595424338597546843e-01 1.135222410947234611e-01 1.317788058661067407e-01 8.997002958902716729e-02 0.000000000000000000e+00 1.077458356260887040e+00 6.817128875849713665e-02 -1.000000000000000000e+00 -1.000000000000000000e+00
3.170000000000000000e+02 4.000000000000300000e+13 1.000000000000000000e+00 9.140062127229338085e-01 2.950471830672761475e-02 3.609288717413274006e-02 3.609288717413274006e-02 0.000000000000000000e+00 9.609972309720292705e-01 2.854318821794746275e-02 4.639759583481111526e+08 4.639759583481111526e+08
3.180000000000000000e+02 4.000000000055400000e+13 0.000000000000000000e+00 9.826353395933191681e-01 4.153482379956828507e-02 -1.000000000000000000e+00 -1.000000000000000000e+00 0.000000000000000000e+00 2.669651870677510197e-01 8.563701616932675731e-02 -1.000000000000000000e+00 -1.000000000000000000e+00
3.190000000000000000e+02 4.000000000000200000e+13 0.000000000000000000e+00 1.077522631688756283e+00 1.257783772673117806e-01 1.149167300117476392e-01 1.149167300117476392e-01 0.000000000000000000e+00 1.120587344073929570e+00 6.974824230508061551e-02 -1.000000000000000000e+00 -1.000000000000000000e+00
3.200000000000000000e+02 4.000000000043200000e+13 0.000000000000000000e+00 9.543419254625673531e-01 2.043245097045546244e-01 1.000000000000000000e+00 1.000000000000000000e+00 0.000000000000000000e+00 9.989511990474314596e-01 2.080235880453671915e-01 1.087934298320383644e+10 1.087934298320383644e+10
3.210000000000000000e+02 -1.000000000000000000e+00 -1.000000000000000000e+00 -1.000000000000000000e+00 -1.000000000000000000e+00 -1.000000000000000000e+00 -1.000000000000000000e+00 -1.000000000000000000e+00 -1.000000000000000000e+00 -1.000000000000000000e+00 -1.000000000000000000e+00 -1.000000000000000000e+00
3.220000000000000000e+02 4.000000000000700000e+13 0.000000000000000000e+00 1.004849164141963902e+00 5.144816932030291806e-02 -1.000000000000000000e+00 -1.000000000000000000e+00 0.000000000000000000e+00 1.004749560969949052e+00 1.017182936032272611e-01 -1.000000000000000000e+00 -1.000000000000000000e+00
3.230000000000000000e+02 4.000000000073300000e+13 0.000000000000000000e+00 1.123057375967362104e+00 7.986076527891863841e-02 -1.000000000000000000e+00 -1.000000000000000000e+00 0.000000000000000000e+00 1.099223463138316426e+00 1.041587696352188064e-01 -1.000000000000000000e+00 -1.000000000000000000e+00
3.240000000000000000e+02 4.000000000001200000e+13 0.000000000000000000e+00 1.185759992752505765e+00 9.429486996571667667e-02 -1.000000000000000000e+00 -1.000000000000000000e+00 0.000000000000000000e+00 1.162369005433266045e+00 9.335973024073787596e-02 -1.000000000000000000e+00 -1.000000000000000000e+00
