# rID[0] Hid[1]   R200: DS[2], eta[3], detla[4], fm[5], fm2[6];   R500: DS[7], eta[8], detla[9], fm[10], fm2[11]
1.000000000000000000e+00 1.040000000000010000e+14 0.000000000000000000e+00 1.227570995898642714e+00 7.230634798227077165e-02 1.244424088801947964e-01 2.168250960255117127e-02 0.000000000000000000e+00 1.218251646008507549e+00 1.142884266153129380e-01 1.091131008317789793e+09 3.182173765090982914e+08
2.000000000000000000e+00 1.040000000000010000e+14 0.000000000000000000e+00 1.075403528775108253e+00 3.668161517449033265e-02 1.945497294618487027e-01 4.767360573593514700e-02 0.000000000000000000e+00 1.109865041322654067e+00 3.081907490423061932e-02 1.361846803052428007e+09 1.654694296139774323e+08
3.000000000000000000e+00 1.040000000000010000e+14 0.000000000000000000e+00 1.266640911624905330e+00 1.304827328919858365e-01 1.510652976973938799e-01 6.549153405561836117e-02 0.000000000000000000e+00 1.316588793142455360e+00 1.859451362559558230e-01 1.674036222066132307e+09 8.402373586546250582e+08
4.000000000000000000e+00 1.040000000000010000e+14 0.000000000000000000e+00 1.113768601485695564e+00 1.502110082545157210e-01 2.895940632586236352e-01 1.445340790863852976e-01 0.000000000000000000e+00 1.485518587495444853e+00 8.046298689377955060e-02 1.412263434040549755e+09 5.631879189716894627e+08
5.000000000000000000e+00 1.040000000000020000e+14 0.000000000000000000e+00 1.550745289035144081e+00 1.253999334110124375e-01 2.175601863841997996e-01 5.502478353933575733e-02 0.000000000000000000e+00 1.572555526684942029e+00 1.533043097725157733e-01 1.998982518297042131e+09 7.949268827479879856e+08
6.000000000000000000e+00 1.040000000000010000e+14 0.000000000000000000e+00 1.111059446806199613e+00 4.939378145141289783e-02 1.639673754129494510e-01 2.198387302701926282e-02 0.000000000000000000e+00 1.241400772087011051e+00 8.238667598599667963e-03 1.149290147722508192e+09 1.774313224616600871e+08
7.000000000000000000e+00 1.040000000000010000e+14 0.000000000000000000e+00 1.181937389576438013e+00 1.299145199378435589e-01 2.121012167920587332e-01 9.542288031225622247e-02 0.000000000000000000e+00 1.137637227838016241e+00 1.081902338935792907e-01 2.454323549164848328e+09 1.418157861625674009e+09
8.000000000000000000e+00 1.040000000000010000e+14 0.000000000000000000e+00 1.297371298661490924e+00 8.800393599364103592e-02 1.941864534571813017e-01 5.315551890273015334e-02 0.000000000000000000e+00 1.216124313386921729e+00 1.224166949576781793e-01 2.037191520159052134e+09 6.681385117074337006e+08
9.000000000000000000e+00 1.040000000000010000e+14 0.000000000000000000e+00 1.083153155197985829e+00 6.232572245587190973e-02 1.685467615646979445e-01 4.514018691588785048e-02 0.000000000000000000e+00 1.086583747052423998e+00 9.162346849649780078e-02 1.870863576405795813e+09 6.553017024717530012e+08
1.000000000000000000e+01 1.040000000000010000e+14 0.000000000000000000e+00 9.662783135284795932e-01 1.745975180684316425e-02 1.096021643715352212e-01 1.744740707202332292e-02 0.000000000000000000e+00 9.701280522526044559e-01 5.921947861082574489e-03 1.071400197895490885e+09 2.794056918009322286e+08
1.100000000000000000e+01 1.040000000000010000e+14 0.000000000000000000e+00 1.173003211171623761e+00 1.373541651988668955e-01 4.374760512060902884e-01 2.271570544010885484e-01 0.000000000000000000e+00 1.040449881641402952e+00 8.265373942598606971e-02 1.991640359343665123e+09 9.842074552082209587e+08
1.200000000000000000e+01 1.040000000000020000e+14 0.000000000000000000e+00 8.396312604661722023e-01 6.815349831295799965e-02 1.703521916267209946e-01 7.117037166659374858e-02 0.000000000000000000e+00 1.055664156043535806e+00 5.544692881016800856e-02 8.673726155862581730e+08 2.453188483149230480e+08
1.300000000000000000e+01 1.040000000000020000e+14 0.000000000000000000e+00 9.586171664803763148e-01 6.052940566064392292e-02 1.954689725278663803e-01 7.588043439303250592e-02 0.000000000000000000e+00 1.322062979335735466e+00 3.724803265746209208e-02 1.126464932902013540e+09 3.093058631669853330e+08
1.400000000000000000e+01 1.040000000000010000e+14 0.000000000000000000e+00 1.240576179220374442e+00 1.559306069563962116e-01 1.672833689403282476e-01 7.868260443348196187e-02 0.000000000000000000e+00 1.356339151771801088e+00 2.071134308323885342e-01 1.834270957901007175e+09 1.126733150165412664e+09
1.500000000000000000e+01 1.040000000000010000e+14 0.000000000000000000e+00 1.170161758664890472e+00 1.653386738853664106e-01 2.173608886369046422e-01 5.955098457293365316e-02 0.000000000000000000e+00 1.302006763519971466e+00 1.705201319744754918e-01 1.652948546605745077e+09 7.739406793387982845e+08
1.600000000000000000e+01 1.040000000000020000e+14 0.000000000000000000e+00 1.468017026436972516e+00 2.117998112550978709e-02 7.934678749883253279e-02 9.199900376700601706e-03 0.000000000000000000e+00 1.597633364787309107e+00 2.505493026536381382e-02 7.988024369613518715e+08 1.146006489507216066e+08
1.700000000000000000e+01 1.040000000000010000e+14 0.000000000000000000e+00 1.326998176812950847e+00 4.623036959055004669e-02 1.517320522099810942e-01 3.120639994997596520e-02 0.000000000000000000e+00 1.370772287559365532e+00 6.213217170831984021e-02 1.427183680830924273e+09 4.085548363989869356e+08
1.800000000000000000e+01 1.040000000000010000e+14 0.000000000000000000e+00 1.114522536576859846e+00 1.530289747599662686e-01 2.028154900901391611e-01 8.419801337504950745e-02 0.000000000000000000e+00 1.239127964306496521e+00 5.229501874388859523e-02 5.534042335886055231e+08 7.244595840140375495e+07
1.900000000000000000e+01 1.040000000000010000e+14 0.000000000000000000e+00 1.139348437303188133e+00 2.236518829713312617e-01 2.272264970176846588e-01 1.036619261049536861e-01 0.000000000000000000e+00 1.045481899879873167e+00 2.181982141912162110e-01 2.628852820710867405e+09 1.527952447385709047e+09
2.000000000000000000e+01 1.040000000000020000e+14 0.000000000000000000e+00 1.055362008956507891e+00 5.628947102363748151e-02 1.439258709887192011e-01 3.146207967918785570e-02 0.000000000000000000e+00 1.279929730323568826e+00 7.738908609633410318e-02 6.325091500691161156e+08 1.157091684991265237e+08
2.100000000000000000e+01 1.040000000000010000e+14 0.000000000000000000e+00 1.567940504956968129e+00 2.011097240578707812e-01 4.190900194721712824e-01 1.116880696837938974e-01 0.000000000000000000e+00 1.358891337172978053e+00 2.213684205020653439e-01 4.870943978085828781e+09 2.200118734364150524e+09
2.200000000000000000e+01 1.040000000000010000e+14 0.000000000000000000e+00 1.258802426796461926e+00 4.604138926652847491e-02 1.072644753243894855e-01 1.288321478235641276e-02 0.000000000000000000e+00 1.341443670354664830e+00 1.807185903050573597e-02 8.326306744608676434e+08 1.680236973271063864e+08
2.300000000000000000e+01 1.040000000000010000e+14 0.000000000000000000e+00 1.076891363520841916e+00 9.142385200272716561e-02 2.708684533477155321e-01 1.057729152220253238e-01 0.000000000000000000e+00 9.912721230727189470e-01 3.914990439601537947e-02 1.289434076326314449e+09 4.678079123851686120e+08
2.400000000000000000e+01 1.040000000000030000e+14 0.000000000000000000e+00 1.237910432717871601e+00 4.280295178766074099e-02 1.751642212283006650e-01 7.115030889218125487e-02 0.000000000000000000e+00 1.183248027544392400e+00 5.506300691696414118e-02 1.232010726610900402e+09 6.112167339537082911e+08
2.500000000000000000e+01 1.040000000000010000e+14 0.000000000000000000e+00 1.263525725040435255e+00 3.004735020147855998e-02 1.604014731567734164e-01 2.603720772679865569e-02 0.000000000000000000e+00 1.289626469093603900e+00 1.863600274647817315e-02 1.482553680848164558e+09 3.590318088585650325e+08
2.600000000000000000e+01 1.040000000000010000e+14 0.000000000000000000e+00 1.228242695847701738e+00 5.076052125556084621e-02 1.208225158493792945e-01 2.545315151336441026e-02 0.000000000000000000e+00 1.302327341161369167e+00 6.345208552042490291e-02 9.210867623174757957e+08 1.624991217661563456e+08
2.700000000000000000e+01 1.040000000000010000e+14 0.000000000000000000e+00 1.171694914067164639e+00 5.080490150856611931e-02 1.411040289812789950e-01 1.789891862120113197e-02 0.000000000000000000e+00 1.329436402037119214e+00 4.135113396956293513e-02 1.030244634380206347e+09 8.976642176841439307e+07
2.800000000000000000e+01 1.040000000000010000e+14 0.000000000000000000e+00 7.768676653801097620e-01 5.300568564168053887e-02 9.134171318327974354e-02 1.123135048231511252e-02 0.000000000000000000e+00 1.271529018829098856e+00 2.647332254866940904e-02 5.299766053810275793e+08 1.015290399659559727e+08
2.900000000000000000e+01 1.040000000000010000e+14 0.000000000000000000e+00 1.182811650285282790e+00 5.929819093560877163e-02 1.421325245062702025e-01 3.570626553714278256e-02 0.000000000000000000e+00 1.396816596291404089e+00 3.192757772293341317e-02 8.564702204880583286e+08 1.044658217215293795e+08
3.000000000000000000e+01 1.040000000000010000e+14 0.000000000000000000e+00 1.047961553174093785e+00 1.039463265426559674e-01 1.813002870915254305e-01 5.379159752160873886e-02 0.000000000000000000e+00 1.120191481015284429e+00 8.390265651248818290e-02 1.056691582407498121e+09 9.444031680858352780e+07
3.100000000000000000e+01 1.040000000000010000e+14 0.000000000000000000e+00 7.549292962811844365e-01 1.883890508374086170e-01 3.423144791566213874e-01 1.233730515385179222e-01 0.000000000000000000e+00 9.724773909045579812e-01 5.367253410410621067e-02 1.021914497096472621e+09 4.154093055351837277e+08
3.200000000000000000e+01 1.040000000000010000e+14 0.000000000000000000e+00 1.072422676715790724e+00 2.807262980924428442e-02 1.402409815796438197e-01 5.676599287235764568e-02 0.000000000000000000e+00 1.266672996380079352e+00 5.006169134957252215e-02 6.402940794062170982e+08 1.458067626899310946e+08
3.300000000000000000e+01 1.040000000000010000e+14 0.000000000000000000e+00 1.139786982215517774e+00 6.221957421989027931e-02 1.072683483434658108e-01 1.349253082039034331e-02 0.000000000000000000e+00 1.153697704828920090e+00 2.965754080778943563e-02 5.779009799207655191e+08 4.098190955517569929e+07
3.400000000000000000e+01 1.040000000000010000e+14 0.000000000000000000e+00 1.208092156234903403e+00 4.474519423282927871e-02 1.174236549876804675e-01 4.293346726499179533e-02 0.000000000000000000e+00 1.337286564360569363e+00 6.619817392105580012e-02 1.233222188157807350e+09 6.833599496931000948e+08
3.500000000000000000e+01 1.040000000000010000e+14 0.000000000000000000e+00 1.148962701025157518e+00 5.133698750515649362e-02 1.309466292117489050e-01 3.722275386253839219e-02 0.000000000000000000e+00 1.286277053648005042e+00 3.191008174265595049e-02 8.984265511437435150e+08 1.079368039739612341e+08
3.600000000000000000e+01 1.040000000000010000e+14 0.000000000000000000e+00 1.338772681196477521e+00 1.724970605473919172e-01 1.824191266301728453e-01 3.687499550421165229e-02 0.000000000000000000e+00 1.177806581761987825e+00 2.035235284167071501e-01 2.072223156177525997e+09 4.581392919335873127e+08
3.700000000000000000e+01 1.040000000000010000e+14 1.000000000000000000e+00 9.356228460362442378e-01 3.871598511545406435e-02 6.568931091942756262e-02 8.629470411964041202e-03 0.000000000000000000e+00 1.108019452495119017e+00 2.549621038971147322e-02 6.155554322310428619e+08 1.324989696011878997e+08
3.800000000000000000e+01 1.040000000000010000e+14 0.000000000000000000e+00 1.261086461622954458e+00 4.247471245055185751e-02 1.571441955089598053e-01 2.435998448947264070e-02 0.000000000000000000e+00 1.276787653412836399e+00 4.041290537009681327e-02 1.709026929490307331e+09 3.508453451103035212e+08
3.900000000000000000e+01 1.040000000000010000e+14 0.000000000000000000e+00 1.165588860241775437e+00 9.902927592386054356e-02 2.342370663722037616e-01 1.381296686144503350e-01 0.000000000000000000e+00 1.181188201551218731e+00 7.833796958991572079e-02 8.838476235463956594e+08 2.426981884176689982e+08
4.000000000000000000e+01 1.040000000000010000e+14 0.000000000000000000e+00 1.252447106209400030e+00 7.516216504987026370e-02 2.480524155653212048e-01 1.283833235207057222e-01 0.000000000000000000e+00 1.644055166349941199e+00 5.192726435824390058e-02 1.443334736713167667e+09 2.057060142256088555e+08
4.100000000000000000e+01 1.040000000000010000e+14 1.000000000000000000e+00 1.056630103835326295e+00 1.032165387860474806e-02 9.099403341854643557e-02 4.452057697656860817e-03 0.000000000000000000e+00 1.202631223069848376e+00 2.158241645600166014e-02 6.158279655042328835e+08 5.764959700814224035e+07
4.200000000000000000e+01 1.040000000000010000e+14 0.000000000000000000e+00 1.663312897036258065e+00 1.197329056195180902e-01 1.723796001056036864e-01 5.315713635915428337e-02 0.000000000000000000e+00 1.732750875053612027e+00 1.105648729309165607e-01 1.841477534930475950e+09 7.647528310249534845e+08
4.300000000000000000e+01 1.040000000000010000e+14 0.000000000000000000e+00 1.324241759032229293e+00 1.664757843014507410e-01 2.766138047913530573e-01 1.059625324168948640e-01 0.000000000000000000e+00 1.035290010747046408e+00 1.351257281825638534e-01 3.583281787744077682e+09 1.602957768847792625e+09
4.400000000000000000e+01 1.040000000000010000e+14 0.000000000000000000e+00 1.288143253294497192e+00 1.328155418398565546e-01 1.648157378206054069e-01 3.835565276602768969e-02 0.000000000000000000e+00 1.440466181297612502e+00 1.181681631055079840e-01 1.659125008507293940e+09 5.510494722328019142e+08
4.500000000000000000e+01 1.040000000000010000e+14 0.000000000000000000e+00 1.094148340776087913e+00 1.032073642771453720e-01 2.060889705430461183e-01 5.867259248971372354e-02 0.000000000000000000e+00 1.251737511432535532e+00 8.422984747934007810e-02 1.427264839644908667e+09 5.020523465048889518e+08
4.600000000000000000e+01 1.040000000000010000e+14 0.000000000000000000e+00 1.056324285215759051e+00 6.079209313076418958e-02 1.048938008405422145e-01 9.788426900733148903e-03 0.000000000000000000e+00 1.281346870610948319e+00 6.707055054584337705e-02 1.001320839584413767e+09 1.543302418274177909e+08
4.700000000000000000e+01 1.040000000000030000e+14 0.000000000000000000e+00 1.232617118290968428e+00 1.331589586345188481e-01 3.118223441077117575e-01 1.342165228481927985e-01 0.000000000000000000e+00 1.640329676841703277e+00 4.280398086118006318e-02 1.098919423419973612e+09 2.366529147963598073e+08
4.800000000000000000e+01 1.040000000000010000e+14 0.000000000000000000e+00 1.021386510348789356e+00 5.387605708815312866e-02 1.062784340058688937e-01 8.131922822582867902e-03 0.000000000000000000e+00 1.105654140690109921e+00 1.542665802160253334e-02 6.247728905329241753e+08 5.103674454252856970e+07
4.900000000000000000e+01 1.040000000000020000e+14 0.000000000000000000e+00 1.251295567052076452e+00 7.119327505080697005e-02 1.653686274495972108e-01 3.419743506539313360e-02 0.000000000000000000e+00 1.280541585067489940e+00 7.718143094967891416e-02 1.310320488217259884e+09 3.952169758115655780e+08
5.000000000000000000e+01 1.040000000000010000e+14 0.000000000000000000e+00 1.169333468466142278e+00 4.952892906337616474e-02 6.069766402135231415e-02 6.841601423487544617e-03 0.000000000000000000e+00 1.200576040159640367e+00 1.980226961069397190e-02 2.800644054718152285e+08 6.229641879919336736e+07
5.100000000000000000e+01 1.040000000000010000e+14 0.000000000000000000e+00 1.308090700689238606e+00 1.373605263532471088e-01 1.622396169350627526e-01 6.128259219806309055e-02 0.000000000000000000e+00 1.346937802057366573e+00 1.895625726468495864e-01 1.691812090794308901e+09 7.574705493994241953e+08
5.200000000000000000e+01 1.040000000000010000e+14 0.000000000000000000e+00 9.488313147562233985e-01 8.524957943533924276e-02 1.793684399260226936e-01 3.713956880358738888e-02 0.000000000000000000e+00 1.076705791278169011e+00 8.486360084339956977e-02 1.810071690058379173e+09 6.197116310830496550e+08
5.300000000000000000e+01 1.040000000000010000e+14 0.000000000000000000e+00 1.271407056404974201e+00 3.624979012686371793e-02 1.528186801701647279e-01 2.012331181436862945e-02 0.000000000000000000e+00 1.322056829685813284e+00 1.987494210981617659e-02 1.094502465579235792e+09 2.108140791995871961e+08
5.400000000000000000e+01 1.040000000000010000e+14 0.000000000000000000e+00 1.226569974303144628e+00 2.947412140485829168e-02 1.273006732370503546e-01 1.200933903593049377e-02 0.000000000000000000e+00 1.056290422904861526e+00 3.207526570790136811e-02 1.020939774100433230e+09 1.691415443635894358e+08
5.500000000000000000e+01 1.040000000000010000e+14 0.000000000000000000e+00 1.098474115026158549e+00 9.583242489423272892e-02 1.687307037468322723e-01 2.411192311810686495e-02 0.000000000000000000e+00 1.069228257138313820e+00 7.446311558085369486e-02 1.389721454564374208e+09 3.617216736607115269e+08
5.600000000000000000e+01 1.040000000000010000e+14 0.000000000000000000e+00 1.219150961188970150e+00 4.169054521279006581e-02 1.299818980585005224e-01 8.615605059975052840e-03 0.000000000000000000e+00 1.357035828380215525e+00 2.571948019225841695e-02 9.648639821347002983e+08 1.192325386833182424e+08
5.700000000000000000e+01 1.040000000000040000e+14 0.000000000000000000e+00 9.649764684737405229e-01 5.323152187438018323e-02 1.219112329565318759e-01 4.195100086954182961e-02 0.000000000000000000e+00 1.024750969288566793e+00 4.232458885093477036e-02 1.737508280639442682e+09 6.446126431708639860e+08
5.800000000000000000e+01 1.040000000000010000e+14 1.000000000000000000e+00 1.091410641112814384e+00 4.238164670299555438e-03 8.112435920130532663e-02 1.397532545281667850e-02 0.000000000000000000e+00 1.295389181758162200e+00 1.397543964736563255e-02 4.308440977180059552e+08 7.171868548392908275e+07
5.900000000000000000e+01 1.040000000000010000e+14 0.000000000000000000e+00 1.115427713555684930e+00 6.316741424647372150e-02 1.320196249958706103e-01 1.266415721799902389e-02 0.000000000000000000e+00 1.276440293152956595e+00 7.058745164313295906e-02 1.266032122318313599e+09 1.945945321912533343e+08
6.000000000000000000e+01 1.040000000000010000e+14 0.000000000000000000e+00 1.070628409236261236e+00 4.067113483310163397e-02 1.223623444264186622e-01 1.422653491458960445e-02 0.000000000000000000e+00 1.276382649172772332e+00 2.878065686237251189e-02 1.205756251844786882e+09 2.113712702953314483e+08
6.100000000000000000e+01 1.040000000000010000e+14 0.000000000000000000e+00 1.044466083997383388e+00 1.220419169219355837e-01 1.484670019995001367e-01 6.615488984896633617e-02 0.000000000000000000e+00 1.033809162207493637e+00 8.956478593275488120e-02 1.584506759476788044e+09 9.951487430319238901e+08
6.200000000000000000e+01 1.040000000000020000e+14 0.000000000000000000e+00 9.254694111975457771e-01 5.006667954258487568e-02 1.438740588434576362e-01 2.158601099731581943e-02 0.000000000000000000e+00 1.119124154564074436e+00 3.595673208337927390e-02 1.007860058278188348e+09 1.866847918177372515e+08
6.300000000000000000e+01 1.040000000000010000e+14 0.000000000000000000e+00 1.228869543336239323e+00 1.463820610047166307e-02 1.028965592380366167e-01 1.152298898942706075e-02 0.000000000000000000e+00 1.219442188176611985e+00 2.318741816225070376e-02 6.687271610121952295e+08 6.373625927382691205e+07
6.400000000000000000e+01 1.040000000000020000e+14 0.000000000000000000e+00 1.140835020993528959e+00 1.008460066388901649e-01 1.417775305222841453e-01 7.165762768090956636e-02 0.000000000000000000e+00 9.455702591745930308e-01 8.864257510746020863e-02 1.682190851575514793e+09 1.084502481399255753e+09
6.500000000000000000e+01 1.040000000000010000e+14 0.000000000000000000e+00 1.249344817367458393e+00 8.654801131264702740e-02 1.007894237678962079e-01 1.113975030205396725e-02 0.000000000000000000e+00 1.045475981551784006e+00 3.345428171667624850e-02 6.313056203415237665e+08 1.322678657607685328e+08
6.600000000000000000e+01 1.040000000000010000e+14 0.000000000000000000e+00 1.394325232671121073e+00 1.202190192828786891e-01 1.633349845648769672e-01 3.590423571419582016e-02 0.000000000000000000e+00 1.303076242868843382e+00 1.474793895988371073e-01 1.792236219005322933e+09 4.446315871502956748e+08
6.700000000000000000e+01 1.040000000000010000e+14 0.000000000000000000e+00 1.564024545343864148e+00 8.167361518291102462e-02 1.255840062527514289e-01 3.123734340140724153e-02 0.000000000000000000e+00 1.534357162535924468e+00 1.008610977501493838e-01 1.124491140368859768e+09 4.239786242700870633e+08
6.800000000000000000e+01 1.040000000000010000e+14 0.000000000000000000e+00 1.003237186509702061e+00 5.031237600857469544e-02 9.253593336225238164e-02 2.151438427512047252e-02 0.000000000000000000e+00 9.987024967934705622e-01 4.078068483057536997e-02 6.735358602006130219e+08 6.818500870075374842e+07
6.900000000000000000e+01 1.040000000000010000e+14 0.000000000000000000e+00 1.112438012970979884e+00 3.326332401418515688e-02 1.323300460590272898e-01 1.331302205736614036e-02 0.000000000000000000e+00 9.999462707344378698e-01 1.128066651592436742e-02 7.370136822869739532e+08 6.466031788093202561e+07
7.000000000000000000e+01 1.040000000000010000e+14 0.000000000000000000e+00 1.231296909719909349e+00 1.376881052404243799e-01 2.308555094850066602e-01 3.290560547392494539e-02 0.000000000000000000e+00 1.169251376073259685e+00 8.914294553546098232e-02 1.909891739476763725e+09 3.874064485956689119e+08
7.100000000000000000e+01 1.040000000000010000e+14 0.000000000000000000e+00 1.226751789259321823e+00 2.837542854143891916e-02 1.905118923504374451e-01 3.497664932608181287e-02 0.000000000000000000e+00 1.263119942507835436e+00 4.290453972922547710e-02 1.297211478941598415e+09 2.465653216635466814e+08
7.200000000000000000e+01 1.040000000000010000e+14 0.000000000000000000e+00 1.129365575152271095e+00 1.517724502363358013e-02 1.929866040669239724e-01 2.084645210839678603e-02 0.000000000000000000e+00 1.184641741132722581e+00 4.494254782600473619e-02 1.279588023487734318e+09 1.628439698582739532e+08
7.300000000000000000e+01 1.040000000000020000e+14 1.000000000000000000e+00 1.088520903211974478e+00 1.824744855369954746e-02 7.922446031109456333e-02 2.143981494743476060e-02 0.000000000000000000e+00 1.172306767294148733e+00 2.527565278396641177e-02 7.354062468237348795e+08 3.150950099257965088e+08
7.400000000000000000e+01 1.040000000000010000e+14 0.000000000000000000e+00 1.039490501364398023e+00 7.104617790990393200e-02 1.560123293313210868e-01 4.195114959488057543e-02 0.000000000000000000e+00 1.075588605065449954e+00 3.578547175184380175e-02 6.008861492268980742e+08 7.769693914126603305e+07
7.500000000000000000e+01 1.040000000000010000e+14 1.000000000000000000e+00 1.090873624198025471e+00 1.816075724229827132e-02 6.181087484294998241e-02 3.350843607933169134e-03 0.000000000000000000e+00 1.179653362852072673e+00 1.175995114591837920e-02 3.993760218338388801e+08 4.246785816999574751e+07
7.600000000000000000e+01 1.040000000000010000e+14 0.000000000000000000e+00 6.442749403917674700e-01 7.368206008181538147e-02 1.170803995114460677e-01 3.764378841536240167e-02 0.000000000000000000e+00 1.210768482795268497e+00 2.654101962874204010e-02 4.620599032717586160e+08 6.533712958946294338e+07
7.700000000000000000e+01 1.040000000000020000e+14 0.000000000000000000e+00 1.016228059606040679e+00 6.404048029872012882e-02 1.363879777709695040e-01 4.386582584422658165e-02 0.000000000000000000e+00 1.295641316403810972e+00 2.357960578391320866e-02 6.905189509261798859e+08 1.926215294985103309e+08
7.800000000000000000e+01 1.040000000000050000e+14 0.000000000000000000e+00 1.089740022364659833e+00 7.219152924726869591e-02 1.313255181146364414e-01 7.246106213752105674e-02 0.000000000000000000e+00 8.164914537640477477e-01 7.114593479473733939e-02 1.850744896792632580e+09 1.075829861954308510e+09
7.900000000000000000e+01 1.040000000000010000e+14 0.000000000000000000e+00 1.342173591629732154e+00 9.778803663610105557e-02 1.452041668202381508e-01 7.104077867674887803e-02 0.000000000000000000e+00 1.334022375998896726e+00 1.099451691385924662e-01 1.835979428382252693e+09 1.004756635278940320e+09
8.000000000000000000e+01 1.040000000000020000e+14 0.000000000000000000e+00 1.161995685347922524e+00 6.924821690692273268e-02 1.749837176566486630e-01 6.064282668463421427e-02 0.000000000000000000e+00 1.249435582493888752e+00 3.636311453889557593e-02 1.278743994439417362e+09 4.529659599747100472e+08
8.100000000000000000e+01 1.040000000000010000e+14 0.000000000000000000e+00 1.272830972561543206e+00 9.996187941065094729e-02 1.334889097648787604e-01 3.193648052902278017e-02 0.000000000000000000e+00 1.310820465299769921e+00 1.323104097636072229e-01 1.507899091904964685e+09 4.323016932706732154e+08
8.200000000000000000e+01 1.040000000000010000e+14 0.000000000000000000e+00 1.249838275482562766e+00 4.001269993002744274e-02 4.664229371463134849e-02 1.717353247372614689e-02 0.000000000000000000e+00 1.189226215792636321e+00 4.675370913162691516e-02 3.526100821111685634e+08 5.363674343566196412e+07
8.300000000000000000e+01 1.040000000000010000e+14 0.000000000000000000e+00 1.327828570581130796e+00 7.854925871442834662e-02 1.722469080397707741e-01 7.664973256448730232e-02 0.000000000000000000e+00 1.213939327799928414e+00 8.932002000415961707e-02 1.879985380627586603e+09 1.061207475605708003e+09
8.400000000000000000e+01 1.040000000000010000e+14 0.000000000000000000e+00 1.096112328703644723e+00 1.411731143643878972e-01 1.623294272723548870e-01 6.690663444339764454e-02 0.000000000000000000e+00 1.049369927406764713e+00 1.421716522263236360e-01 1.930098387176521301e+09 9.574522178263390064e+08
8.500000000000000000e+01 1.040000000000010000e+14 0.000000000000000000e+00 1.203421101452944120e+00 8.834030592565432494e-02 2.078159207592051028e-01 1.275075573616135660e-01 0.000000000000000000e+00 1.202783482943353022e+00 3.187747950743210351e-02 4.411246398642128110e+08 6.272668675307727605e+07
8.600000000000000000e+01 1.040000000000020000e+14 0.000000000000000000e+00 1.330003934098382246e+00 4.749270723532666993e-02 7.303114889499061346e-02 1.361195186891028634e-02 0.000000000000000000e+00 1.373133199330004883e+00 2.024982886285461858e-02 5.878207963164837360e+08 2.308044091444741786e+08
8.700000000000000000e+01 1.040000000000010000e+14 0.000000000000000000e+00 1.148228967342566298e+00 1.717591466386960697e-01 2.116254927708964839e-01 1.133014976176067168e-01 0.000000000000000000e+00 1.229393264897827409e+00 9.227992393649983582e-02 7.951653858698447943e+08 6.421280413785823435e+07
8.800000000000000000e+01 1.040000000000020000e+14 0.000000000000000000e+00 7.375071799080059609e-01 5.646233211906515059e-02 1.034008598200151230e+00 1.000000000000000000e+00 0.000000000000000000e+00 1.390597518925820175e+00 4.811116467894489129e-02 1.052954106863207626e+10 1.026129177432357788e+10
8.900000000000000000e+01 1.040000000000010000e+14 0.000000000000000000e+00 9.684515496933360224e-01 7.964626421237382126e-02 1.829371022563516247e-01 5.588024092501135687e-02 0.000000000000000000e+00 1.194287114878415990e+00 3.765634177025496687e-02 8.592672542548389435e+08 2.043457143246903718e+08
9.000000000000000000e+01 1.040000000000070000e+14 0.000000000000000000e+00 1.278978490793001521e+00 2.297738267606783125e-02 1.263838213535787847e-01 1.828011105623501137e-02 0.000000000000000000e+00 1.319604079867961355e+00 2.478616713032929034e-02 8.595212601557275057e+08 2.427530801642346680e+08
9.100000000000000000e+01 1.040000000000010000e+14 0.000000000000000000e+00 1.063022566005139780e+00 1.082133889592604703e-01 2.238686645956880217e-01 1.153134108955673892e-01 0.000000000000000000e+00 1.237409496339976878e+00 7.326767692716093516e-02 7.434610013542985916e+08 1.380065623442298472e+08
9.200000000000000000e+01 1.040000000000010000e+14 0.000000000000000000e+00 1.150483656297381030e+00 4.932653600099355662e-02 1.681027714623547775e-01 4.913535723787283011e-02 0.000000000000000000e+00 1.221567762906456966e+00 5.908893910284978429e-02 7.190856197694035769e+08 1.141125838134602904e+08
9.300000000000000000e+01 1.040000000000010000e+14 0.000000000000000000e+00 1.103882749665130669e+00 9.460299508217111242e-02 1.117505100835897019e-01 2.885907056959075359e-02 0.000000000000000000e+00 9.703107302060999251e-01 7.495543059005915776e-02 1.022637061052109957e+09 4.873059078552667499e+08
9.400000000000000000e+01 1.040000000000010000e+14 0.000000000000000000e+00 9.935412397776077764e-01 8.770841517621820460e-02 1.488709193426655808e-01 3.127985191795990688e-02 0.000000000000000000e+00 1.118418980578000488e+00 8.140895273558801382e-02 1.291019441280462027e+09 4.626913224399952292e+08
9.500000000000000000e+01 1.040000000000010000e+14 0.000000000000000000e+00 1.127231408838940574e+00 3.880287426635713882e-02 1.807655058360116418e-01 3.981987065067509046e-02 0.000000000000000000e+00 1.049348212267722902e+00 3.996618459314296712e-02 2.120051560466359854e+09 5.508936065805715322e+08
9.600000000000000000e+01 1.040000000000010000e+14 0.000000000000000000e+00 1.340331205276409587e+00 5.243280130704799230e-02 1.518014153472238004e-01 1.863265548456207593e-02 0.000000000000000000e+00 1.486089028508287280e+00 7.645426007030209359e-02 1.032786213860486031e+09 2.665318800212886333e+08
9.700000000000000000e+01 1.040000000000010000e+14 0.000000000000000000e+00 1.196812773106884720e+00 4.999965130562736282e-02 1.433291649246796196e-01 2.663301247117403486e-02 0.000000000000000000e+00 1.338691332869470507e+00 3.247072620064285486e-02 9.548626514837157726e+08 1.082254533871214539e+08
9.800000000000000000e+01 1.040000000000010000e+14 0.000000000000000000e+00 1.224680871532370485e+00 1.709243287469980332e-02 7.904019574023131434e-02 1.026111727312260802e-02 0.000000000000000000e+00 1.255063225815931993e+00 2.232958792865848488e-02 7.491473201914814711e+08 1.342242239055770040e+08
9.900000000000000000e+01 1.040000000000010000e+14 0.000000000000000000e+00 1.101236673241735575e+00 4.634297629060800394e-02 2.052925309063041992e-01 4.733233119431391051e-02 0.000000000000000000e+00 1.176432073576712201e+00 8.451788201089632802e-02 1.287629153834396839e+09 2.086414696147323251e+08
1.000000000000000000e+02 1.040000000000010000e+14 0.000000000000000000e+00 1.070279144072427968e+00 4.006754029179006998e-02 1.721894614926754996e-01 3.811453545407449128e-02 0.000000000000000000e+00 1.286389783951570109e+00 7.514647042391646437e-02 8.995182028134250641e+08 1.583630933200075328e+08
1.010000000000000000e+02 1.040000000000030000e+14 0.000000000000000000e+00 1.097480479249797858e+00 5.176227594943983573e-02 1.659291294412187645e-01 4.246183348425931064e-02 0.000000000000000000e+00 1.076735196371774617e+00 1.980966247088857685e-02 1.116516549049172640e+09 5.707946790023831129e+08
1.020000000000000000e+02 1.040000000000010000e+14 0.000000000000000000e+00 1.374693520643875511e+00 1.768662933450903807e-01 2.247461666343442688e-01 1.403493801560425358e-01 0.000000000000000000e+00 1.126380905583641789e+00 1.956026497428374478e-01 2.738638451068214417e+09 2.026250294246762753e+09
1.030000000000000000e+02 1.040000000000010000e+14 0.000000000000000000e+00 1.118956945033530159e+00 9.869325166870920873e-02 4.207462325370933676e-01 2.095210219379989580e-01 0.000000000000000000e+00 1.273969731699654773e+00 1.140106462579628804e-01 2.467122366960150719e+09 1.030377302981980562e+09
1.040000000000000000e+02 1.040000000000010000e+14 0.000000000000000000e+00 1.408791291727121919e+00 1.232885213395836094e-01 1.796104904272731728e-01 7.332311948548660141e-02 0.000000000000000000e+00 1.430163207665145153e+00 1.296234516654203306e-01 1.714245441664510965e+09 1.057347858348736763e+09
1.050000000000000000e+02 1.040000000000020000e+14 1.000000000000000000e+00 1.056072758297564196e+00 1.751758845007267418e-02 9.383129272238865948e-02 1.819611850406806230e-02 0.000000000000000000e+00 1.008967540130885077e+00 3.822511098071643826e-02 8.000293288285061121e+08 2.781159777316100001e+08
1.060000000000000000e+02 1.040000000000010000e+14 0.000000000000000000e+00 1.156386975366691994e+00 7.886563695748689817e-02 1.559814870536243847e-01 1.801114456044607820e-02 0.000000000000000000e+00 1.069926014889124088e+00 8.396610162615124329e-02 1.249731117634024382e+09 2.226755018318131864e+08
1.070000000000000000e+02 1.040000000000010000e+14 0.000000000000000000e+00 1.122945426487541809e+00 4.488047738667867020e-02 9.077238509446899917e-02 1.137760932500380892e-02 0.000000000000000000e+00 1.258465151757936829e+00 5.322259012154220703e-02 8.105342699636294842e+08 1.621674425095443726e+08
1.080000000000000000e+02 1.040000000000010000e+14 1.000000000000000000e+00 1.070873655219380716e+00 3.823412561260833981e-02 7.728073109540370411e-02 2.255083415333999225e-02 0.000000000000000000e+00 1.244051518752655960e+00 1.639004402349223191e-02 4.638029440345758200e+08 5.875183967460804433e+07
1.090000000000000000e+02 1.040000000000010000e+14 0.000000000000000000e+00 1.249543396629681169e+00 6.500396664892237053e-02 1.284354576757845701e-01 5.409869021969521824e-02 0.000000000000000000e+00 1.319552489780458249e+00 9.563956987734048565e-02 1.220851061987948418e+09 6.912860512554936409e+08
1.100000000000000000e+02 1.040000000000120000e+14 1.000000000000000000e+00 9.795079270037050367e-01 1.566783860609173226e-02 8.822858563509295912e-03 3.071459786449928092e-03 0.000000000000000000e+00 1.113484833196586754e+00 2.276257200161525829e-02 1.078483596600763500e+08 4.439079527936831117e+07
1.110000000000000000e+02 1.040000000000010000e+14 1.000000000000000000e+00 1.087707156414988052e+00 2.310195002573650971e-02 9.111738853522953485e-02 2.094355141579269317e-02 0.000000000000000000e+00 1.310010084483860471e+00 2.025003374118057586e-02 8.747971982569336891e+08 3.200750649536421299e+08
1.120000000000000000e+02 1.040000000000010000e+14 0.000000000000000000e+00 1.081079085676433849e+00 7.904717265927019287e-02 2.418663537986469603e-01 8.926478561157862035e-02 0.000000000000000000e+00 1.008464660043857153e+00 3.745406476379882499e-02 1.840999479057074070e+09 4.531492911797187328e+08
1.130000000000000000e+02 1.040000000000020000e+14 0.000000000000000000e+00 1.426763320356747133e+00 1.949509472874193516e-01 5.250237929791125024e-01 4.125694319245198916e-01 0.000000000000000000e+00 1.576621507103504127e+00 7.566382186243057750e-02 5.282411050510796905e+08 1.445985230446692705e+08
1.140000000000000000e+02 1.040000000000030000e+14 0.000000000000000000e+00 1.106620302398984457e+00 1.730091175296582795e-01 1.154693639058556043e-01 2.526861461111935825e-02 0.000000000000000000e+00 1.234272921666581091e+00 2.388130317115324391e-02 4.787472351506918669e+08 1.158818860775398165e+08
1.150000000000000000e+02 1.040000000000020000e+14 0.000000000000000000e+00 2.534270175055095553e+00 6.863074949676552239e-02 1.735084118218569171e-01 5.835213186518661138e-02 0.000000000000000000e+00 2.589608549635971091e+00 1.121040582426310744e-01 1.742893249667012453e+09 8.067400259756003618e+08
1.160000000000000000e+02 1.040000000000010000e+14 0.000000000000000000e+00 1.575350956446321948e+00 1.555227851730866806e-01 1.580532364375405729e-01 5.300427555847901651e-02 0.000000000000000000e+00 1.482075625983446221e+00 1.502610530897161845e-01 1.806412315470814943e+09 7.443127124339128733e+08
1.170000000000000000e+02 1.040000000000010000e+14 0.000000000000000000e+00 1.194167110690848688e+00 1.814549856176939924e-01 2.544867392360370406e-01 6.104505817397692241e-02 0.000000000000000000e+00 8.962924901342482764e-01 2.427345159729155377e-01 2.468745515285336018e+09 8.606715628007457256e+08
1.180000000000000000e+02 1.040000000000010000e+14 0.000000000000000000e+00 1.153721206436784330e+00 3.599090494913861904e-02 2.043593188200877597e-01 4.145332483216442043e-02 0.000000000000000000e+00 1.125450500428062606e+00 2.917447489130443883e-02 1.256550206410528660e+09 3.657646719488072395e+08
1.190000000000000000e+02 1.040000000000010000e+14 1.000000000000000000e+00 1.001277180366029862e+00 6.953450960090012609e-03 8.181869711587969052e-02 1.028373850431311097e-02 0.000000000000000000e+00 9.461229255370353641e-01 1.079730025977292639e-02 4.458323063903038502e+08 5.879019542365405709e+07
1.200000000000000000e+02 1.040000000000010000e+14 0.000000000000000000e+00 1.187814397394216570e+00 7.973162588892812597e-02 1.322216734315727338e-01 3.006013148459353232e-02 0.000000000000000000e+00 1.203098635014740792e+00 8.509292481417095322e-02 1.382380475759837151e+09 4.224421617120683193e+08
1.210000000000000000e+02 1.040000000000020000e+14 0.000000000000000000e+00 1.305061404077471288e+00 8.961859417840006836e-02 1.451502985023709648e-02 2.566085582051194636e-03 0.000000000000000000e+00 1.293172549742695576e+00 9.966763703380622508e-02 1.155235791887063235e+08 2.827228665973713621e+07
1.220000000000000000e+02 1.040000000000010000e+14 0.000000000000000000e+00 1.346598725983531253e+00 3.783173311741369615e-02 1.998009113545816673e-01 8.034885773362247796e-02 0.000000000000000000e+00 1.218396909025330377e+00 1.009360467286297969e-01 2.355428407559414387e+09 1.149335040748209715e+09
1.230000000000000000e+02 1.040000000000010000e+14 0.000000000000000000e+00 1.178572593829072757e+00 4.010596892542565850e-02 1.564595869267673411e-01 2.293915670924323580e-02 0.000000000000000000e+00 1.303886074543521456e+00 2.299864274484942142e-02 1.026357734965710402e+09 3.638222363778817058e+08
1.240000000000000000e+02 1.040000000000010000e+14 0.000000000000000000e+00 1.128935133633058197e+00 9.283745779429906919e-02 1.630952396525825465e-01 5.731868118420529318e-02 0.000000000000000000e+00 1.198903453301167543e+00 7.033587916531212902e-02 1.013039032909830451e+09 2.586659567616932690e+08
1.250000000000000000e+02 1.040000000000010000e+14 0.000000000000000000e+00 1.309795483806829086e+00 1.886512908618547674e-02 1.086213761934099881e-01 3.432699096538605055e-02 0.000000000000000000e+00 1.279651291112776423e+00 8.482044305335934703e-03 4.338282022227340937e+08 6.841364926123461127e+07
1.260000000000000000e+02 1.040000000000010000e+14 0.000000000000000000e+00 1.157106456134617378e+00 6.744015575831810438e-02 1.768897597175144165e-01 3.583148592972836693e-02 0.000000000000000000e+00 1.264138947058048412e+00 7.343518023393144634e-02 1.620899667354514360e+09 5.008731563082146645e+08
1.270000000000000000e+02 1.040000000000010000e+14 0.000000000000000000e+00 1.250885554357950014e+00 2.956459501714456609e-02 8.624910195333086727e-02 1.841818377992555239e-02 0.000000000000000000e+00 1.366683121597140005e+00 2.595927973789752610e-02 6.863283220726871490e+08 2.492326286956844032e+08
1.280000000000000000e+02 1.040000000000010000e+14 0.000000000000000000e+00 1.248194577080324663e+00 8.622762617922395678e-02 1.682677664137822160e-01 2.761849568867112692e-02 0.000000000000000000e+00 1.151934466089397979e+00 1.063868689539933937e-01 1.712964107783934116e+09 3.681115940966252089e+08
1.290000000000000000e+02 1.040000000000010000e+14 0.000000000000000000e+00 9.528580010901603892e-01 5.363324705599306630e-02 1.084571301803985699e-01 5.635344499115792910e-02 0.000000000000000000e+00 9.903164761836404928e-01 4.559568586191468237e-02 1.250713771406498194e+09 8.925958101644661427e+08
1.300000000000000000e+02 1.040000000000010000e+14 0.000000000000000000e+00 1.228071604187370047e+00 8.457658531060437135e-02 1.345798133176468181e-01 3.172506161976110239e-02 0.000000000000000000e+00 1.357153515314272196e+00 1.133661858614969792e-01 1.142921540572044373e+09 4.493879628627731800e+08
1.310000000000000000e+02 1.040000000000010000e+14 0.000000000000000000e+00 1.191666107703478028e+00 7.625592494779952213e-02 1.682397907247845936e-01 3.721424227065382728e-02 0.000000000000000000e+00 1.299190020036065096e+00 9.834504704537168351e-02 1.566947524740905762e+09 5.864841692446528673e+08
1.320000000000000000e+02 1.040000000000040000e+14 0.000000000000000000e+00 1.075548740219053112e+00 9.453735241010553791e-02 1.373677088272328706e-01 6.544787460379487831e-02 0.000000000000000000e+00 1.364544444939566281e+00 7.649309085760586102e-02 9.729578703343448639e+08 5.624796627868746519e+08
1.330000000000000000e+02 1.040000000000010000e+14 0.000000000000000000e+00 1.215052315482077150e+00 5.020815363120471886e-02 1.111163134370355410e-01 4.622877014761691411e-02 0.000000000000000000e+00 1.242175028450847263e+00 8.366387198663940983e-02 1.314860559038969517e+09 6.199261021980183125e+08
1.340000000000000000e+02 1.040000000000020000e+14 0.000000000000000000e+00 9.222181848190603715e-01 6.412742152291657505e-02 8.295964760211389788e-02 4.169895540080011814e-02 0.000000000000000000e+00 1.062235454133268142e+00 6.466410513547940497e-02 1.192745273826639175e+09 6.686552813162635565e+08
1.350000000000000000e+02 1.040000000000010000e+14 0.000000000000000000e+00 1.072886941050480658e+00 1.109119028707827581e-01 2.265825563497546324e-01 9.814405236169082558e-02 0.000000000000000000e+00 1.088660917286038643e+00 5.975205703082570735e-02 6.059932992216262817e+08 1.027870570203180462e+08
1.360000000000000000e+02 1.040000000000060000e+14 1.000000000000000000e+00 1.102132439565263411e+00 3.735192697643927723e-02 7.507501710963572494e-02 1.297252580556398222e-02 0.000000000000000000e+00 1.179976190924736601e+00 5.057816137275698842e-02 5.885732096571886539e+08 1.983244826571884453e+08
1.370000000000000000e+02 1.040000000000010000e+14 0.000000000000000000e+00 1.215252934638023419e+00 3.802196756426083624e-02 1.041685919865597137e-01 1.776345683006271686e-02 0.000000000000000000e+00 1.352162066027433607e+00 4.455473937118083899e-02 1.048596188941362143e+09 2.401506616783913672e+08
1.380000000000000000e+02 1.040000000000010000e+14 0.000000000000000000e+00 1.059575095173778347e+00 4.475036652310772356e-02 1.028432069625484502e-01 1.545591166863361302e-02 0.000000000000000000e+00 1.137896125380920775e+00 3.419163920600173934e-02 6.695111357420216799e+08 1.490934947375095785e+08
1.390000000000000000e+02 1.040000000000010000e+14 0.000000000000000000e+00 1.084728709044542549e+00 2.924571000950403066e-02 1.780659244610761360e-01 4.043695342791756020e-02 0.000000000000000000e+00 1.284163616020738363e+00 6.378803972942799494e-02 1.532564436605244875e+09 5.871023352975640297e+08
1.400000000000000000e+02 1.040000000000010000e+14 0.000000000000000000e+00 1.167618098814741323e+00 1.135356378433040742e-01 1.388641662960254375e-01 2.682168922851897730e-02 0.000000000000000000e+00 9.882355825207342903e-01 1.079183692375705883e-01 1.575607651256823778e+09 3.883801801473245025e+08
1.410000000000000000e+02 1.040000000000010000e+14 0.000000000000000000e+00 1.327225976668318097e+00 8.258867589059545877e-02 1.794976003933312358e-01 2.174981509586742037e-02 0.000000000000000000e+00 1.338195511857047881e+00 1.145587644196830596e-01 1.900676722677276373e+09 2.591880285186883807e+08
1.420000000000000000e+02 1.040000000000020000e+14 0.000000000000000000e+00 1.111445462882178603e+00 7.669523026498516194e-02 1.112677328066013771e-01 2.397781080108176907e-02 0.000000000000000000e+00 1.056238356661989064e+00 5.348790627882488158e-02 8.120316453181731701e+08 1.822810979058699608e+08
1.430000000000000000e+02 1.040000000000010000e+14 1.000000000000000000e+00 9.430752592390148070e-01 3.391139182225268861e-02 4.692016378277926586e-02 7.471311170761924143e-03 0.000000000000000000e+00 1.136836187408901910e+00 2.377254244905697630e-02 3.054987495344592333e+08 1.081115654506253749e+08
1.440000000000000000e+02 1.040000000000020000e+14 0.000000000000000000e+00 1.751499415978930108e+00 6.962344471634476784e-02 1.007947942910817768e-01 2.489855450607942472e-02 0.000000000000000000e+00 1.550898812134655635e+00 1.129269401717261506e-01 1.092048589527249813e+09 3.589129051976175904e+08
1.450000000000000000e+02 1.040000000000010000e+14 1.000000000000000000e+00 1.007874458677226581e+00 3.182739656799813549e-02 8.250243864981500475e-02 7.262438361259129782e-03 0.000000000000000000e+00 1.164600791865986640e+00 1.335728367057100255e-02 4.070697579961312413e+08 1.039574758740124106e+08
1.460000000000000000e+02 1.040000000000010000e+14 0.000000000000000000e+00 1.239642416807033465e+00 7.851160088808595283e-02 1.325136948309395546e-01 3.664507993502607447e-02 0.000000000000000000e+00 1.291419617808953868e+00 1.244544400157363423e-01 1.418542532375205755e+09 4.633519625169547796e+08
1.470000000000000000e+02 1.040000000000010000e+14 0.000000000000000000e+00 1.037489559186556276e+00 9.217721519530203134e-02 1.545166281593768065e-01 5.883320174746039383e-02 0.000000000000000000e+00 1.126092407876468693e+00 1.023144297088280225e-01 1.740807693543050528e+09 8.695626721654256582e+08
1.480000000000000000e+02 1.040000000000010000e+14 0.000000000000000000e+00 1.254790131946400322e+00 1.137133034467699699e-01 1.750894147907194609e-01 6.658349659310736079e-02 0.000000000000000000e+00 1.395563660648365900e+00 1.933333700840613456e-01 1.526690608673810482e+09 9.481018490200281143e+08
1.490000000000000000e+02 1.040000000000010000e+14 0.000000000000000000e+00 9.643197318348768476e-01 6.306325325528319703e-02 1.681085746106008860e-01 8.755875942703177095e-02 0.000000000000000000e+00 1.199904829810408469e+00 4.900462125716757017e-02 4.858345618913731575e+08 1.236722897604235858e+08
1.500000000000000000e+02 1.040000000000010000e+14 0.000000000000000000e+00 1.085022632366013262e+00 1.468722999393856088e-01 3.196256705181705904e-01 1.160662234990668257e-01 0.000000000000000000e+00 1.222441620338076351e+00 1.493612853663076889e-01 1.694053404407511234e+09 5.689417226049814224e+08
1.510000000000000000e+02 1.040000000000010000e+14 0.000000000000000000e+00 1.054594368465210819e+00 6.108333015574286817e-02 1.257553282982204479e-01 3.108702526569539007e-02 0.000000000000000000e+00 1.443961380700699015e+00 3.205087830418541089e-02 6.119226485225844383e+08 1.077796258012970388e+08
1.520000000000000000e+02 1.040000000000010000e+14 0.000000000000000000e+00 1.069139981275351481e+00 7.526201958454487029e-02 1.499170305157253857e-01 4.024411777689489156e-02 0.000000000000000000e+00 1.264553313978037830e+00 5.285038934153964141e-02 9.969662184312593937e+08 1.830298796221214533e+08
1.530000000000000000e+02 1.040000000000010000e+14 0.000000000000000000e+00 1.214975474935524602e+00 1.206331134210119893e-01 2.039625631936459182e-01 5.990881555323079172e-02 0.000000000000000000e+00 1.244733608769398092e+00 1.459190981711415980e-01 2.295806408499577522e+09 8.197134126735044718e+08
1.540000000000000000e+02 1.040000000000010000e+14 0.000000000000000000e+00 1.135128859993554507e+00 6.151309292648992483e-02 1.047283111101209307e-01 1.800826547548763090e-02 0.000000000000000000e+00 1.266046118951991151e+00 4.974048637119127259e-02 9.373968170649011135e+08 2.563691822792902291e+08
1.550000000000000000e+02 1.040000000000010000e+14 0.000000000000000000e+00 1.038325738938603138e+00 5.914658534235470166e-02 1.064655120457879134e-01 2.739564157137023767e-02 0.000000000000000000e+00 1.200845048920598179e+00 4.549539983891574130e-02 1.114566602281536341e+09 3.993424320454229116e+08
1.560000000000000000e+02 1.040000000000010000e+14 0.000000000000000000e+00 1.220186655901754680e+00 3.101494224230073524e-02 1.260876415089299540e-01 2.157542601823210157e-02 0.000000000000000000e+00 1.370250162121417592e+00 4.708223234033924454e-02 1.322537898219967842e+09 3.000850656724019647e+08
1.570000000000000000e+02 1.040000000000010000e+14 0.000000000000000000e+00 1.121516697600799528e+00 4.218034919698712693e-02 9.025572732017314581e-02 1.170567648052067700e-02 0.000000000000000000e+00 1.226441876868845648e+00 3.717901254487208235e-02 7.270265433264919519e+08 1.710750061758595705e+08
1.580000000000000000e+02 1.040000000000010000e+14 0.000000000000000000e+00 2.507275407884483887e+00 2.449370186454186832e-02 1.428232821730278101e-01 3.266407696228203900e-02 0.000000000000000000e+00 2.383433188454896268e+00 1.632762905029047293e-02 1.537476817538281441e+09 4.063347625452128053e+08
1.590000000000000000e+02 1.040000000000010000e+14 0.000000000000000000e+00 1.590939490520676847e+00 1.130372045060252101e-01 1.753517815791038603e-01 3.712200874008473456e-02 0.000000000000000000e+00 1.529089082019390755e+00 1.433208581601702336e-01 1.806865303696987152e+09 4.572896838430229425e+08
1.600000000000000000e+02 1.040000000000010000e+14 0.000000000000000000e+00 1.194305480610181380e+00 8.252502530966246419e-02 1.355152520014407946e-01 6.106340703902955053e-02 0.000000000000000000e+00 1.233510565421004124e+00 1.044623330943370565e-01 1.544408430003906965e+09 7.925949047601701021e+08
1.610000000000000000e+02 1.040000000000010000e+14 0.000000000000000000e+00 1.065108226400182101e+00 1.197428548046819141e-01 2.588491918654945434e-01 1.189743911927740594e-01 0.000000000000000000e+00 1.266007551285870392e+00 2.777927671062360715e-02 9.867000529887557030e+08 2.322581271327999532e+08
1.620000000000000000e+02 1.040000000000010000e+14 0.000000000000000000e+00 1.366827134164829927e+00 4.565671637237466579e-02 1.201471539833131458e-01 2.172345579329834631e-02 0.000000000000000000e+00 1.627676476984289966e+00 4.521900718754570669e-02 1.009400949757225871e+09 3.206749759592580795e+08
1.630000000000000000e+02 1.040000000000010000e+14 0.000000000000000000e+00 1.238576834914074221e+00 8.063967486720388655e-02 2.133348869220373645e-01 5.684447103017233743e-02 0.000000000000000000e+00 1.183365378648279620e+00 9.032524181099040039e-02 1.584806806718924046e+09 4.660316572904252410e+08
1.640000000000000000e+02 1.040000000000010000e+14 0.000000000000000000e+00 1.146904329084565077e+00 1.002333788231438427e-01 9.865947499772165230e-02 4.828997455256682503e-02 0.000000000000000000e+00 1.335262980922802489e+00 9.212148068506277598e-02 1.144743230819692612e+09 7.047324081958559752e+08
1.650000000000000000e+02 1.040000000000010000e+14 0.000000000000000000e+00 1.248964800987968804e+00 3.954409212762177023e-02 1.354412590931163840e-01 2.961795689153649130e-02 0.000000000000000000e+00 1.413567109695513802e+00 6.128196333773436311e-02 1.177660001975578785e+09 4.115567443244845271e+08
1.660000000000000000e+02 1.040000000000010000e+14 1.000000000000000000e+00 1.124791103160254657e+00 8.536715781807060338e-03 7.635983150046479762e-02 9.501078219956871768e-03 0.000000000000000000e+00 1.231803239401994210e+00 2.566518993443681063e-02 4.462430467878718376e+08 3.183356253308867291e+07
1.670000000000000000e+02 1.040000000000020000e+14 0.000000000000000000e+00 1.383049836916845354e+00 9.643481104268299131e-02 1.746469556615802277e-01 6.534446592357998074e-02 0.000000000000000000e+00 1.452584946240270680e+00 1.415879043114653124e-01 1.731848975073093891e+09 8.418898623240238428e+08
1.680000000000000000e+02 1.040000000000020000e+14 0.000000000000000000e+00 1.436210788187697540e+00 8.598159492708766505e-02 1.298175399309864364e-01 2.139996637390615200e-02 0.000000000000000000e+00 1.578772356352336814e+00 1.046230906922057252e-01 1.197682463471331358e+09 3.112338063352026343e+08
1.690000000000000000e+02 1.040000000000010000e+14 0.000000000000000000e+00 1.288987423231455542e+00 2.212744777898751347e-01 2.818156591595436522e-01 1.284502485438945296e-01 0.000000000000000000e+00 1.326684719893831188e+00 2.226291870397818784e-01 1.865118348172713995e+09 9.338169962699004412e+08
1.700000000000000000e+02 1.040000000000010000e+14 0.000000000000000000e+00 1.244578429208905046e+00 9.245486450210960161e-02 1.899970862075438804e-01 5.000153594626235987e-02 0.000000000000000000e+00 1.053178000776941570e+00 9.767695134596449114e-02 2.125644702593217850e+09 6.187186897356034517e+08
1.710000000000000000e+02 1.040000000000090000e+14 0.000000000000000000e+00 1.172737119727925714e+00 1.252939845384160034e-02 1.271048974016021627e-02 4.616618512930110996e-03 0.000000000000000000e+00 1.155369984476317224e+00 2.445826995464111739e-02 1.635014750540418625e+08 5.938590503251182288e+07
1.720000000000000000e+02 1.040000000000010000e+14 0.000000000000000000e+00 1.375987447617075476e+00 8.242563624935823896e-02 1.228835420182881888e-01 3.120125818259421313e-02 0.000000000000000000e+00 1.640107092350923113e+00 8.114817847095004422e-02 9.610241870834106207e+08 2.112957361490889490e+08
1.730000000000000000e+02 1.040000000000010000e+14 0.000000000000000000e+00 1.148099008051720826e+00 1.010323830772967696e-01 1.127586338797814253e-01 4.252767527675276743e-02 0.000000000000000000e+00 1.125694448472783993e+00 1.298453183350250506e-01 1.258330278109266758e+09 5.832624822928662300e+08
1.740000000000000000e+02 1.040000000000030000e+14 1.000000000000000000e+00 1.108251527439378714e+00 3.277589516627172489e-02 7.252838951590800942e-02 1.967037895208909384e-02 0.000000000000000000e+00 1.166259565409442311e+00 2.347268550426350603e-02 4.478820370925323963e+08 9.210325551489171386e+07
1.750000000000000000e+02 1.040000000000020000e+14 0.000000000000000000e+00 1.417057509111012914e+00 1.021256436696184738e-01 2.130400199476651379e-01 9.413165458996219925e-02 0.000000000000000000e+00 1.353154814650600501e+00 1.252089142046833303e-01 2.541423480940266609e+09 1.264968941477560282e+09
1.760000000000000000e+02 1.040000000000010000e+14 0.000000000000000000e+00 1.146838428973324220e+00 8.339420380131007393e-02 1.093359984693598602e-01 1.468182066662359654e-02 0.000000000000000000e+00 1.192585441301973415e+00 6.768344937059192490e-02 1.035828321058580518e+09 2.219628234861199558e+08
1.770000000000000000e+02 1.040000000000010000e+14 0.000000000000000000e+00 1.013608870337060708e+00 8.391165680496846802e-02 1.025467629137963577e-01 2.598593982286061255e-02 0.000000000000000000e+00 1.101669229509675496e+00 5.779846183567467766e-02 8.708370421916497946e+08 4.460774101810830832e+08
1.780000000000000000e+02 1.040000000000010000e+14 0.000000000000000000e+00 1.042680613187001004e+00 6.526000059875013137e-02 5.566678443243590346e-02 8.094322351675351315e-03 0.000000000000000000e+00 9.974148917818458360e-01 6.020189766572981577e-02 5.169729648981727362e+08 1.113934934651060104e+08
1.790000000000000000e+02 1.040000000000010000e+14 0.000000000000000000e+00 1.158885977653257626e+00 6.431941745677044464e-02 1.866945707816677347e-01 2.290931655230694919e-02 0.000000000000000000e+00 1.327692861540956448e+00 6.552400431031099592e-02 1.411722359798073053e+09 3.345850170995015502e+08
1.800000000000000000e+02 1.040000000000010000e+14 0.000000000000000000e+00 1.076807945475654282e+00 1.799883263867494143e-01 1.922400286088404575e-01 1.013584095701091509e-01 0.000000000000000000e+00 1.029218499949558829e+00 1.374760862680891593e-01 2.424299848614220619e+09 1.551400042091321468e+09
1.810000000000000000e+02 1.040000000000010000e+14 0.000000000000000000e+00 1.145451690735630024e+00 9.717382300466143041e-02 1.360775721328665033e-01 4.981410062736595090e-02 0.000000000000000000e+00 1.101252403766771470e+00 1.294358141763827796e-01 1.424299714879839182e+09 6.525032134567337036e+08
1.820000000000000000e+02 1.040000000000060000e+14 1.000000000000000000e+00 1.087853184624636649e+00 1.868391690674910122e-02 4.598285741335488702e-02 1.322777887017252511e-02 0.000000000000000000e+00 1.135082692129646187e+00 1.711022699892038312e-02 3.514353673856058717e+08 7.764238839500686526e+07
1.830000000000000000e+02 1.040000000000010000e+14 0.000000000000000000e+00 1.059690106928418807e+00 7.483065035733416082e-02 1.252699337783689804e-01 4.463411830393799323e-02 0.000000000000000000e+00 1.270470997816710357e+00 1.207996463767025026e-02 5.196750248951728940e+08 3.696458376561953127e+07
1.840000000000000000e+02 1.040000000000020000e+14 0.000000000000000000e+00 1.011843043664524711e+00 4.299868293331984143e-02 6.480464177111699975e-02 7.746413593934724055e-03 0.000000000000000000e+00 1.156020835952030090e+00 2.957906551664455860e-02 3.855012860083612800e+08 1.190886636798923910e+08
1.850000000000000000e+02 1.040000000000030000e+14 0.000000000000000000e+00 1.089177876237646281e+00 7.982055109659264014e-02 6.565960985892654866e-02 1.989711366953137578e-02 0.000000000000000000e+00 1.095340037200976280e+00 8.767889250899364717e-02 8.525763791306374073e+08 2.730730907551439404e+08
1.860000000000000000e+02 1.040000000000010000e+14 0.000000000000000000e+00 1.079269142041350715e+00 2.987792396651968788e-02 1.066536358288411868e-01 2.509134275155295787e-02 0.000000000000000000e+00 1.308576543253399782e+00 1.812102103533999586e-02 7.795024316390002966e+08 3.569515599986276627e+08
1.870000000000000000e+02 1.040000000000010000e+14 0.000000000000000000e+00 9.647218436441843403e-01 2.001017923886762029e-01 2.161287985992833005e-01 1.180607976454878666e-01 0.000000000000000000e+00 8.971705413404408302e-01 1.774059898029258786e-01 2.943114487114871502e+09 1.954115320362089634e+09
1.880000000000000000e+02 1.040000000000010000e+14 0.000000000000000000e+00 1.102775532881405951e+00 5.407748085367670987e-02 6.388686673713125930e-02 1.022767223789148791e-02 0.000000000000000000e+00 1.089928417419536499e+00 2.391764831640060332e-02 3.697354817539108396e+08 5.973956554067569971e+07
1.890000000000000000e+02 1.040000000000010000e+14 0.000000000000000000e+00 8.341662510540809317e-01 5.918319313389536207e-02 2.448250235353052751e-01 1.086924804757386648e-01 0.000000000000000000e+00 1.127981351303862567e+00 6.294673734764265338e-02 9.071716671618086100e+08 1.060228707248632461e+08
1.900000000000000000e+02 1.040000000000010000e+14 1.000000000000000000e+00 1.078054812731506384e+00 2.893252267476011802e-02 3.810775739110054683e-02 3.161449090969967006e-03 0.000000000000000000e+00 1.177244148825624448e+00 3.113748909745466323e-02 3.122122456648865342e+08 4.374226626194875687e+07
1.910000000000000000e+02 1.040000000000010000e+14 0.000000000000000000e+00 9.484131263272754797e-01 1.932780501092131592e-02 1.075566550227862461e-01 2.543485750419746672e-02 0.000000000000000000e+00 1.100389255101589914e+00 2.645728517419712947e-02 5.416122288021137714e+08 1.048387976873901188e+08
1.920000000000000000e+02 1.040000000000030000e+14 0.000000000000000000e+00 1.238456128602316797e+00 8.903208971303093466e-02 1.793006615952249805e-01 3.174904534195679279e-02 0.000000000000000000e+00 1.169385647032020525e+00 1.397606394064512536e-01 1.772110441125381708e+09 3.939199781996273994e+08
1.930000000000000000e+02 1.040000000000010000e+14 0.000000000000000000e+00 1.188233243849156295e+00 9.351073549112628308e-03 1.337028807784269580e-01 3.152008337121254417e-02 0.000000000000000000e+00 1.279470043068086538e+00 3.797885696545434675e-02 1.471316056631124735e+09 4.187064846053149700e+08
1.940000000000000000e+02 1.040000000000010000e+14 0.000000000000000000e+00 1.150382680743576858e+00 7.331742938602113513e-02 2.647242787293144217e-01 1.148125176477402393e-01 0.000000000000000000e+00 1.344982749840634373e+00 7.440921786277483740e-02 1.071296652709768891e+09 2.824362757089958787e+08
1.950000000000000000e+02 1.040000000000010000e+14 0.000000000000000000e+00 1.351652520193218576e+00 1.424703451373845464e-01 1.998630327786215799e-01 8.115373872630603225e-02 0.000000000000000000e+00 1.347096320905470046e+00 1.651791420422398515e-01 2.077715339144121885e+09 1.031366688877002954e+09
1.960000000000000000e+02 1.040000000000010000e+14 0.000000000000000000e+00 1.089695358352136711e+00 3.122939381201298228e-02 1.016464751638821162e-01 2.089188856015779250e-02 0.000000000000000000e+00 1.314601593415538616e+00 3.628302368428105995e-02 8.640083210579004288e+08 2.250710713881844878e+08
1.970000000000000000e+02 1.040000000000010000e+14 0.000000000000000000e+00 1.177090282123066212e+00 6.432914362740103920e-02 1.157465227522573720e-01 5.156050825746115451e-02 0.000000000000000000e+00 1.286679294010985686e+00 8.568117234326368126e-02 1.146771520242443323e+09 6.472731036959186792e+08
1.980000000000000000e+02 1.040000000000030000e+14 0.000000000000000000e+00 1.114744343855383457e+00 1.489773930190320950e-01 2.586543559687032867e-01 1.586472189234799102e-01 0.000000000000000000e+00 1.013233158337810025e+00 1.352354843060906420e-01 1.397516817933481693e+09 8.028513263568142653e+08
1.990000000000000000e+02 1.040000000000020000e+14 0.000000000000000000e+00 9.036701154806489056e-01 1.360209112141681220e-01 1.964605904206727371e-01 1.162536970541149239e-01 0.000000000000000000e+00 1.149794615437562006e+00 3.572552109014531102e-02 2.563876408086103201e+08 7.248002890493994951e+07
2.000000000000000000e+02 1.040000000000010000e+14 0.000000000000000000e+00 1.350834027602930698e+00 9.310333642316235420e-03 1.195256077208713130e-01 4.051067897090449704e-02 0.000000000000000000e+00 1.394106232469645601e+00 1.071837615933148719e-02 1.340780935536221504e+09 5.225880769503493905e+08
2.010000000000000000e+02 1.040000000000010000e+14 0.000000000000000000e+00 1.186571512762490288e+00 6.169608850817624723e-02 2.065960145276158899e-01 8.321752778150214025e-02 0.000000000000000000e+00 1.168881749737885389e+00 9.885698872747401833e-02 1.717773752425924778e+09 1.227045615732609749e+09
2.020000000000000000e+02 1.040000000000010000e+14 0.000000000000000000e+00 1.031379019657350016e+00 3.889399594178306191e-02 1.200996680921386367e-01 1.905367989214733909e-02 0.000000000000000000e+00 1.073997068971234370e+00 4.434356385702549475e-02 9.977123434753841162e+08 2.880844715800201893e+08
2.030000000000000000e+02 1.040000000000010000e+14 0.000000000000000000e+00 1.081896131095836378e+00 1.688293739461814158e-01 2.452349128406579870e-01 1.031292126243230911e-01 0.000000000000000000e+00 1.154788920755931425e+00 1.338588944686114890e-01 1.550697872195990801e+09 4.759882069328386188e+08
2.040000000000000000e+02 1.040000000000010000e+14 0.000000000000000000e+00 9.605256220701916536e-01 7.937697456355488623e-02 2.038979584240700471e-01 7.993478067641437979e-02 0.000000000000000000e+00 8.820852858661635265e-01 5.860182249860874937e-02 1.452080987139776707e+09 7.591471033082903624e+08
2.050000000000000000e+02 1.040000000000020000e+14 0.000000000000000000e+00 1.146918554762511810e+00 3.306771651007540946e-02 1.141801526485112517e-01 1.338620205737889313e-02 0.000000000000000000e+00 1.142051191163013124e+00 5.995100496921983158e-02 1.015130897067497611e+09 1.428617374061181545e+08
2.060000000000000000e+02 1.040000000000010000e+14 0.000000000000000000e+00 1.394387305299293445e+00 8.133280483871742350e-02 1.826688773533004517e-01 6.524118124259858931e-02 0.000000000000000000e+00 1.407058240944006666e+00 1.584951845693416683e-01 1.583339984960581064e+09 8.302853957340968847e+08
2.070000000000000000e+02 1.040000000000020000e+14 0.000000000000000000e+00 1.140745302501796843e+00 1.166162695431468971e-01 1.065312247949585567e+00 1.000000000000000000e+00 0.000000000000000000e+00 1.140745302501796843e+00 1.166164670203122256e-01 9.942255190122894287e+09 9.332714618891151428e+09
2.080000000000000000e+02 1.040000000000030000e+14 0.000000000000000000e+00 1.143039010212248296e+00 5.399769711658607141e-02 1.090614530968942453e-01 5.290253418112082079e-02 0.000000000000000000e+00 1.250227625742959203e+00 4.991648800905541805e-02 1.502439052072288036e+09 7.788845623450871706e+08
2.090000000000000000e+02 1.040000000000010000e+14 1.000000000000000000e+00 1.125228505298694115e+00 2.779108527482986035e-02 7.029302168639728343e-02 9.089212779632201838e-03 0.000000000000000000e+00 1.221868788868370803e+00 5.980085179005794477e-02 6.243693202363996506e+08 1.198158410503643602e+08
2.100000000000000000e+02 1.040000000000010000e+14 0.000000000000000000e+00 1.273258203506429931e+00 5.408654583906196550e-02 1.005199017876506479e-01 2.422367320382935382e-02 0.000000000000000000e+00 1.336105675537924142e+00 4.395301775445824288e-02 5.913694424037617445e+08 7.162094747027663887e+07
2.110000000000000000e+02 1.040000000000010000e+14 0.000000000000000000e+00 1.117630396444081242e+00 8.237681552568211496e-02 2.480648061669361304e-01 1.128032130090556029e-01 0.000000000000000000e+00 1.031475803552745152e+00 5.118249578023226914e-02 1.546392913095355272e+09 6.534048119052621126e+08
2.120000000000000000e+02 1.040000000000010000e+14 0.000000000000000000e+00 1.212950504103880389e+00 1.402527804085148544e-01 2.249413027590154435e-01 1.399597023468803769e-01 0.000000000000000000e+00 1.478792872042911544e+00 8.708379584821876462e-02 8.225602085338051319e+08 1.737332812793931365e+08
2.130000000000000000e+02 1.040000000000010000e+14 0.000000000000000000e+00 9.739089312308806257e-01 1.438012491858511877e-01 1.283654140960006906e-01 6.804060558326770203e-02 0.000000000000000000e+00 1.212252756526771780e+00 1.209400547701581508e-01 1.696872021419309139e+09 1.229590970963507891e+09
2.140000000000000000e+02 1.040000000000010000e+14 0.000000000000000000e+00 1.337216750078235705e+00 1.897884833120462023e-01 2.126248879570777350e-01 1.270824986735677176e-01 0.000000000000000000e+00 1.362491334424879463e+00 2.391453057440074692e-01 2.531017931368185520e+09 1.704336774470497131e+09
2.150000000000000000e+02 1.040000000000010000e+14 0.000000000000000000e+00 1.149950418492237780e+00 1.563265796201168678e-01 2.367912436009680377e-01 1.234004809548751164e-01 0.000000000000000000e+00 8.807686757815884615e-01 1.132978458627386664e-01 2.440904386977971077e+09 1.913444598207090378e+09
2.160000000000000000e+02 1.040000000000010000e+14 0.000000000000000000e+00 9.871474723503249615e-01 1.476564411195261106e-01 1.875125861948011841e-01 8.263125648916368193e-02 0.000000000000000000e+00 8.701253630150367346e-01 1.150322942483332223e-01 1.324894319441599846e+09 2.139509967743242979e+08
2.170000000000000000e+02 1.040000000000020000e+14 0.000000000000000000e+00 1.423583142110653510e+00 6.109474837350895027e-02 1.186313583149644912e-01 5.804555473916238328e-02 0.000000000000000000e+00 1.419089731048769787e+00 1.115138867772200587e-01 1.254541895794311285e+09 8.130679444827044010e+08
2.180000000000000000e+02 1.040000000000010000e+14 0.000000000000000000e+00 1.298147170385989702e+00 1.794614301575419291e-01 3.607576130790874358e-01 2.140954300119987663e-01 0.000000000000000000e+00 7.230129601252053284e-01 1.254400227576595306e-01 1.399576011533336878e+09 8.971814016133562326e+08
2.190000000000000000e+02 1.040000000000010000e+14 0.000000000000000000e+00 9.315311449796561671e-01 1.119210337263804589e-01 3.407753607802671003e-01 1.300633704694778292e-01 0.000000000000000000e+00 1.010341038636688005e+00 8.236511788400294187e-02 2.109991921763403177e+09 1.042375863656580687e+09
2.200000000000000000e+02 1.040000000000010000e+14 0.000000000000000000e+00 1.430591324779044937e+00 1.058837157365361686e-01 1.978218453078454397e-01 4.846613770806567495e-02 0.000000000000000000e+00 1.360625403348821205e+00 1.237648863419161110e-01 2.065317198930843592e+09 6.710709384689086676e+08
2.210000000000000000e+02 1.040000000000010000e+14 0.000000000000000000e+00 1.280640900723740039e+00 9.051977648981787694e-03 9.471447895684020901e-02 1.290282996032372440e-02 0.000000000000000000e+00 1.199590194358888251e+00 3.748657622570200632e-02 8.714083121448719501e+08 1.673610194094461501e+08
2.220000000000000000e+02 1.040000000000010000e+14 0.000000000000000000e+00 8.866569886103675691e-01 5.856001852978136302e-02 1.549334082896373088e-01 4.441737926436840900e-02 0.000000000000000000e+00 1.151318635459080530e+00 6.519686607716583537e-02 1.270590125252879381e+09 7.476796485742717981e+08
2.230000000000000000e+02 1.040000000000010000e+14 0.000000000000000000e+00 1.102442047157322857e+00 4.150337169631231060e-02 1.291033060207767702e-01 3.266493660443248181e-02 0.000000000000000000e+00 1.113794784238092639e+00 4.397108218324582984e-02 9.667063425863918066e+08 3.188099793938907385e+08
2.240000000000000000e+02 1.040000000000010000e+14 0.000000000000000000e+00 9.744271510461456343e-01 7.537640234008294304e-02 2.149312150724889958e-01 5.222945419188181060e-02 0.000000000000000000e+00 1.138733250349772463e+00 5.253710396378542813e-02 9.866975042375559807e+08 1.597151062288565040e+08
2.250000000000000000e+02 1.040000000000010000e+14 0.000000000000000000e+00 1.230012078483153415e+00 6.448764870629707102e-02 1.059143487718316318e-01 3.271341890018190229e-02 0.000000000000000000e+00 1.251591132483583779e+00 9.150124193127502636e-02 9.513929446528252363e+08 4.422110282737429738e+08
2.260000000000000000e+02 1.040000000000010000e+14 0.000000000000000000e+00 1.107767605838586356e+00 1.578051100205248025e-01 2.781219542813399004e-01 1.595232605327233932e-01 0.000000000000000000e+00 1.272343820031436090e+00 8.235753911991092191e-02 7.096817487130769491e+08 1.031484210462890565e+08
2.270000000000000000e+02 1.040000000000010000e+14 0.000000000000000000e+00 1.228541710505177242e+00 3.791572177130819038e-02 9.583544154201523169e-02 2.921307216353878286e-02 0.000000000000000000e+00 1.253400632386042712e+00 6.652429843973368950e-02 9.864691777130198479e+08 4.033745620327331424e+08
2.280000000000000000e+02 1.040000000000040000e+14 0.000000000000000000e+00 8.668559607915879983e-01 1.416871215094462066e-01 1.902885608851276888e-01 1.115050952216405100e-01 0.000000000000000000e+00 1.018571318719208696e+00 9.876362595243111386e-02 4.109354393057668805e+08 1.034171585183628649e+08
2.290000000000000000e+02 1.040000000000010000e+14 0.000000000000000000e+00 1.171737575219438554e+00 4.915671914087969829e-02 1.093313802451008065e-01 2.987421170535193085e-02 0.000000000000000000e+00 1.192471183189250272e+00 6.198281866860547856e-02 1.140745286295969009e+09 3.846701891760432124e+08
2.300000000000000000e+02 1.040000000000010000e+14 0.000000000000000000e+00 1.312340085099856779e+00 3.661271698232872879e-02 1.971606276391875412e-01 3.920537475070471484e-02 0.000000000000000000e+00 1.339901493087652717e+00 5.373457663441044696e-02 2.048791542933628321e+09 4.572363102295145988e+08
2.310000000000000000e+02 1.040000000000010000e+14 0.000000000000000000e+00 1.191386781047187871e+00 2.371526436306245211e-01 2.212351073458254935e-01 9.655318735697215882e-02 0.000000000000000000e+00 1.045121561305809355e+00 2.846702775396000584e-01 2.428558287595145226e+09 1.176087739148323298e+09
2.320000000000000000e+02 1.040000000000010000e+14 0.000000000000000000e+00 9.397860124635579737e-01 5.796088013691990531e-02 2.512875065615890469e-01 5.314800662556236344e-02 0.000000000000000000e+00 1.231434918011424351e+00 1.165520809270367830e-02 4.486069033997927308e+08 5.452638780246405303e+07
2.330000000000000000e+02 1.040000000000010000e+14 0.000000000000000000e+00 1.208449141722109710e+00 4.657957879777058219e-02 5.569446450599977588e-02 5.063810698665470282e-03 0.000000000000000000e+00 1.180232797408142575e+00 1.760129941002632620e-02 4.364291974914380312e+08 4.844759821079061925e+07
2.340000000000000000e+02 1.040000000000010000e+14 0.000000000000000000e+00 1.129372598276310979e+00 3.802223927535966497e-02 1.340780943240026946e-01 2.217607492109483977e-02 0.000000000000000000e+00 1.296576948650978611e+00 6.666546303880825641e-02 1.178430289007338047e+09 3.042847808844491839e+08
2.350000000000000000e+02 1.040000000000010000e+14 0.000000000000000000e+00 9.572535679763201077e-01 9.184078047152684221e-02 1.613907406485666773e-01 4.780531424172796556e-02 0.000000000000000000e+00 1.039523378613088189e+00 4.418934841351360859e-02 6.887053473958913088e+08 2.285527019019018710e+08
2.360000000000000000e+02 1.040000000000040000e+14 0.000000000000000000e+00 1.260679012576787494e+00 2.958494420887195289e-02 5.182471474937450084e-02 1.145067274994771359e-02 0.000000000000000000e+00 1.358470430700277065e+00 3.925336942155637637e-02 7.174396652708929777e+08 1.585183220897164047e+08
2.370000000000000000e+02 1.040000000000010000e+14 0.000000000000000000e+00 1.148648988701871598e+00 5.992332547049094432e-02 1.465377399387257362e-01 2.864936120547716819e-02 0.000000000000000000e+00 1.306856581497666481e+00 7.015409506404238216e-02 1.178356660257650375e+09 4.302066686165724397e+08
2.380000000000000000e+02 1.040000000000010000e+14 1.000000000000000000e+00 1.092319754678500621e+00 3.528692654962455738e-02 9.988709062836478858e-02 2.266139812689189903e-02 0.000000000000000000e+00 1.101252957293778811e+00 2.163872501894545386e-02 8.096093010846642256e+08 3.265867068021391630e+08
2.390000000000000000e+02 1.040000000000010000e+14 0.000000000000000000e+00 1.172863273298859532e+00 1.490338357390011761e-02 9.560360806112548626e-02 1.334746927554980589e-02 0.000000000000000000e+00 1.290750265348310055e+00 2.639839845438120974e-02 6.983651510657644272e+08 1.238868893831627518e+08
2.400000000000000000e+02 1.040000000000010000e+14 0.000000000000000000e+00 1.222305598163959894e+00 6.581807140365321385e-02 1.488703027404784107e-01 7.059193954659949422e-02 0.000000000000000000e+00 1.150441140842689558e+00 1.075927117464373500e-01 1.739098760555367947e+09 9.714787171392037868e+08
2.410000000000000000e+02 1.040000000000010000e+14 0.000000000000000000e+00 9.394844209777355459e-01 4.938852328603932085e-02 1.087748392067973829e-01 2.003082143733997400e-02 0.000000000000000000e+00 1.151276888195786219e+00 3.396543629405127107e-02 5.447171170194201469e+08 1.201513309688460529e+08
2.420000000000000000e+02 1.040000000000010000e+14 0.000000000000000000e+00 1.157234742653132642e+00 5.270962462901220696e-02 1.522110600423943749e-01 4.260236650967312577e-02 0.000000000000000000e+00 1.153076236354562578e+00 4.722695451722094123e-02 1.579112285981570959e+09 5.914299873588471413e+08
2.430000000000000000e+02 1.040000000000010000e+14 0.000000000000000000e+00 9.121080052344446853e-01 9.623552073986736677e-02 4.010490012629003287e-01 2.547698448718635489e-01 0.000000000000000000e+00 1.367129055781686420e+00 4.119030500458215754e-02 1.755736660251778841e+09 3.188418249234157205e+08
2.440000000000000000e+02 1.040000000000020000e+14 0.000000000000000000e+00 1.110330524256065710e+00 7.140780073369984438e-02 1.321949799121359959e-01 6.109005242442553524e-02 0.000000000000000000e+00 1.206369865158351207e+00 7.096604017847461809e-02 1.481123501079112530e+09 8.763724612026253939e+08
2.450000000000000000e+02 1.040000000000010000e+14 0.000000000000000000e+00 1.366515658128856447e+00 5.332687768205338769e-02 1.197156289349062819e-01 2.353622208546060288e-02 0.000000000000000000e+00 1.525876434893834954e+00 3.394051734534651865e-02 1.112447734519675970e+09 3.198016675792634487e+08
2.460000000000000000e+02 1.040000000000010000e+14 0.000000000000000000e+00 1.168654325123608118e+00 2.174559275999779495e-01 3.215033032747836028e-01 2.735409487158863562e-01 0.000000000000000000e+00 8.370749605088613210e-01 1.229840196355009851e-01 2.954164087348194122e+08 3.668389450288951397e+07
2.470000000000000000e+02 1.040000000000010000e+14 0.000000000000000000e+00 1.167843203963808030e+00 3.327472400967942945e-02 1.391771111841327846e-01 2.910303934310018784e-02 0.000000000000000000e+00 1.084153929980535613e+00 4.182093234262228981e-02 8.798981479670054913e+08 1.448467466844679415e+08
2.480000000000000000e+02 1.040000000000030000e+14 0.000000000000000000e+00 1.121362046708743510e+00 1.372709002119373856e-01 2.979075096674400625e-01 1.869366519018491046e-01 0.000000000000000000e+00 1.299865394243652883e+00 5.839159684859180494e-02 3.301048826561067700e+08 5.752073662198454887e+07
2.490000000000000000e+02 1.040000000000010000e+14 0.000000000000000000e+00 1.046281546172798560e+00 4.537675851754220668e-02 9.414855022686488550e-02 1.775337363054846004e-02 0.000000000000000000e+00 1.192224384177311691e+00 2.538747642003275420e-02 6.464405204107097387e+08 9.949755118155077100e+07
2.500000000000000000e+02 1.040000000000010000e+14 0.000000000000000000e+00 1.273023720028201300e+00 1.208822204939452027e-01 2.918418059031390177e-01 8.509062165109179676e-02 0.000000000000000000e+00 1.198416292193479116e+00 1.430696717550264674e-01 3.472483582113891125e+09 1.204398662946871996e+09
2.510000000000000000e+02 1.040000000000010000e+14 0.000000000000000000e+00 1.148212923916837713e+00 6.267855881180578459e-02 9.652820002485089368e-02 9.802360834990059280e-03 0.000000000000000000e+00 1.192852299762605428e+00 9.769589297390320060e-02 8.381737963502249718e+08 1.381869425559311509e+08
2.520000000000000000e+02 1.040000000000020000e+14 0.000000000000000000e+00 1.481241490472192002e+00 7.937586227057309707e-02 2.117013958334003354e-01 8.509326456525304061e-02 0.000000000000000000e+00 1.467101986501478716e+00 1.250822793390729548e-01 1.615440482192720652e+09 6.119335880931069851e+08
2.530000000000000000e+02 1.040000000000010000e+14 0.000000000000000000e+00 1.164610338835156522e+00 2.619335076887677541e-02 1.891332218647597541e-01 5.395681090401510671e-02 0.000000000000000000e+00 1.039907715688466849e+00 4.934863775078762727e-02 1.350574816484699249e+09 2.476300835312580466e+08
2.540000000000000000e+02 1.040000000000010000e+14 0.000000000000000000e+00 1.156249929506604213e+00 1.334611822023982868e-02 7.101040562869639916e-02 7.882100039570922451e-03 0.000000000000000000e+00 1.212259167531119397e+00 2.262456798395011404e-02 5.198638065931748748e+08 4.980800441420532763e+07
2.550000000000000000e+02 1.040000000000010000e+14 0.000000000000000000e+00 1.007816523777978812e+00 5.165763437654071616e-02 1.216448506236690041e-01 2.067822736030828362e-02 0.000000000000000000e+00 1.181720893841439191e+00 3.985148745332166981e-02 7.186398413593014479e+08 2.896421250317381620e+08
2.560000000000000000e+02 1.040000000000010000e+14 0.000000000000000000e+00 1.072028865604397918e+00 3.346615447008802202e-02 1.164064321745282293e-01 1.875763807768875135e-02 0.000000000000000000e+00 1.332593375800087410e+00 2.939145079457297638e-02 8.023527776054840088e+08 2.920830592562014461e+08
2.570000000000000000e+02 1.040000000000010000e+14 0.000000000000000000e+00 1.258595021410201298e+00 5.002798373177395896e-02 1.078771074198712210e-01 2.638443451775028536e-02 0.000000000000000000e+00 1.371662895483662714e+00 3.942307129568786012e-02 1.121340527800139189e+09 3.860753056199014187e+08
2.580000000000000000e+02 1.040000000000010000e+14 0.000000000000000000e+00 1.080767049204450547e+00 1.542835777788221716e-02 1.587175831138128990e-01 4.231138129010469234e-02 0.000000000000000000e+00 1.206294059414924513e+00 8.928805157438638243e-03 8.343077532555254698e+08 1.221234377023685277e+08
2.590000000000000000e+02 1.040000000000020000e+14 0.000000000000000000e+00 9.604974879650408637e-01 9.354869403899927771e-02 8.058653293008032070e-02 2.936400909054109540e-02 0.000000000000000000e+00 1.068329747718607781e+00 8.742297700040872754e-02 1.126559577130599260e+09 4.384817698624596596e+08
2.600000000000000000e+02 1.040000000000010000e+14 0.000000000000000000e+00 1.236991602525199241e+00 3.117993241923972675e-02 1.184579606668536012e-01 1.555137780723444413e-02 0.000000000000000000e+00 1.201692697052906489e+00 4.582939108239049431e-02 1.134926284371944904e+09 1.996158673104921877e+08
2.610000000000000000e+02 1.040000000000010000e+14 0.000000000000000000e+00 1.182065761405987958e+00 1.436924454858748978e-01 2.971116973919713522e-01 1.522331245205829631e-01 0.000000000000000000e+00 9.678154321877360244e-01 1.205346397919091761e-01 3.870257873012191772e+09 2.297315719798326969e+09
2.620000000000000000e+02 1.040000000000010000e+14 0.000000000000000000e+00 1.332931593396012193e+00 5.530554348856507596e-02 1.228420826893353995e-01 2.696763910355486765e-02 0.000000000000000000e+00 1.427692951636815089e+00 6.165224178290622248e-02 1.040844105153337121e+09 3.795206542853071094e+08
2.630000000000000000e+02 1.040000000000010000e+14 0.000000000000000000e+00 1.177673399768536910e+00 2.016645027856787259e-02 8.186666219279030432e-02 8.582023880370234434e-03 0.000000000000000000e+00 1.311951789846805827e+00 2.579877500117066375e-02 5.567383558007849455e+08 9.603182903698344529e+07
2.640000000000000000e+02 1.040000000000050000e+14 0.000000000000000000e+00 1.105850009801209621e+00 5.173841540726415583e-02 1.150489101567981343e-01 1.903730517168798417e-02 0.000000000000000000e+00 1.175840976646040037e+00 4.986550803863969844e-02 8.989473840473002195e+08 2.176472186228620410e+08
2.650000000000000000e+02 1.040000000000010000e+14 0.000000000000000000e+00 1.464734591542507625e+00 1.051552675154028144e-01 1.229337667778805376e-01 2.016043409173355616e-02 0.000000000000000000e+00 1.709152891326876533e+00 1.322836941945165490e-01 1.363502208934156656e+09 3.221408795939400792e+08
2.660000000000000000e+02 1.040000000000010000e+14 0.000000000000000000e+00 1.725376131199906293e+00 6.959631591865371447e-02 1.856232436253374418e-01 6.155030428645146684e-02 0.000000000000000000e+00 1.549321811538566518e+00 8.024244735085837854e-02 2.040007354389253855e+09 7.476548519141668081e+08
2.670000000000000000e+02 1.040000000000010000e+14 0.000000000000000000e+00 1.114745459795442484e+00 6.130198352669966912e-03 1.042493523422117901e-01 1.587992956144853793e-02 0.000000000000000000e+00 1.296328123022253198e+00 5.295913547851140157e-02 8.304492176287693977e+08 2.230948732587633729e+08
2.680000000000000000e+02 1.040000000000010000e+14 0.000000000000000000e+00 1.040447282157212383e+00 7.352591396178588534e-02 1.225597959921581326e-01 4.166039162871236490e-02 0.000000000000000000e+00 1.006465925977392040e+00 1.031134037648123725e-01 1.232338901446250200e+09 5.484330762072248459e+08
2.690000000000000000e+02 1.040000000000010000e+14 0.000000000000000000e+00 1.075466150828221945e+00 2.044998958510527709e-01 1.549403752216669261e-01 2.856480735128163681e-02 0.000000000000000000e+00 1.317419605878791478e+00 2.103972784443910449e-01 1.475273653847121239e+09 4.563724627109691501e+08
2.700000000000000000e+02 1.040000000000020000e+14 0.000000000000000000e+00 1.080794478322391061e+00 1.079078903723083432e-01 1.179950186019010222e-01 4.897909702152285216e-02 0.000000000000000000e+00 1.132584740892865094e+00 9.202139102913356461e-02 1.262806577307209730e+09 7.141323921829433441e+08
2.710000000000000000e+02 1.040000000000010000e+14 0.000000000000000000e+00 8.300569541784289518e-01 1.512208524985415338e-02 1.305255468026340071e-01 3.713049665695471180e-02 0.000000000000000000e+00 1.259451009196605797e+00 2.516647824503092171e-02 1.063353855768194914e+09 3.966398937207327485e+08
2.720000000000000000e+02 1.040000000000050000e+14 0.000000000000000000e+00 1.232987057238234874e+00 3.962257412889105129e-02 1.949270959229307265e-02 4.453871715213506347e-03 0.000000000000000000e+00 1.386382004159441461e+00 2.641270766313562682e-02 2.797436734730491638e+08 6.877919328515756130e+07
2.730000000000000000e+02 1.040000000000010000e+14 0.000000000000000000e+00 1.089336474597341953e+00 7.353001142201176510e-02 1.552176645898731000e-01 3.565535849918468475e-02 0.000000000000000000e+00 1.093453821408547411e+00 1.001986948333611072e-01 1.312161991051165104e+09 5.481172409954681396e+08
2.740000000000000000e+02 1.040000000000010000e+14 1.000000000000000000e+00 1.092832650580844112e+00 2.480562382018000611e-02 9.863683239840280448e-02 1.173742347156756481e-02 0.000000000000000000e+00 1.248395712605436803e+00 2.641009447333935931e-02 6.650991730659247637e+08 8.741541887070479989e+07
2.750000000000000000e+02 1.040000000000040000e+14 0.000000000000000000e+00 1.097734763620563880e+00 1.617191602565261621e-01 2.488283512571758116e-01 8.364710502786761037e-02 0.000000000000000000e+00 1.040763067274163678e+00 1.709024469496518150e-01 2.621383247384072304e+09 1.263703868718409538e+09
2.760000000000000000e+02 1.040000000000010000e+14 0.000000000000000000e+00 1.149689932054051456e+00 4.806689757659921014e-02 1.186388470639404974e-01 2.084410713145629784e-02 0.000000000000000000e+00 1.266901845586470676e+00 3.263488530104146496e-02 1.105623783772079706e+09 3.080371851211142540e+08
2.770000000000000000e+02 1.040000000000070000e+14 1.000000000000000000e+00 1.016711620435054586e+00 1.833406681541631736e-02 3.786633498851327273e-02 1.729069840245435474e-02 0.000000000000000000e+00 1.176987324882998287e+00 3.442179780492000268e-02 2.004146884715524018e+08 6.855341365210257471e+07
2.780000000000000000e+02 1.040000000000010000e+14 0.000000000000000000e+00 1.136045660348578457e+00 1.816952655401763428e-01 2.800994735334207397e-01 2.295659949818983636e-01 0.000000000000000000e+00 1.356180346062937581e+00 6.479936902790636721e-02 4.147428516653299928e+08 7.716275783969022334e+07
2.790000000000000000e+02 1.040000000000040000e+14 0.000000000000000000e+00 9.572234799211201128e-01 5.425181300660637806e-02 2.313685466804175361e-01 8.965207524824089780e-02 0.000000000000000000e+00 1.319920214938707481e+00 4.423791841322778640e-02 1.441445171389192820e+09 4.213808427382729053e+08
2.800000000000000000e+02 1.040000000000020000e+14 0.000000000000000000e+00 1.130860002992544855e+00 5.338286704275631983e-02 1.068608357486808547e-01 2.037784492059464825e-02 0.000000000000000000e+00 1.205476380082435517e+00 1.038618777313865364e-02 4.197874944480656385e+08 8.835755277578802407e+07
2.810000000000000000e+02 1.040000000000020000e+14 0.000000000000000000e+00 1.130958333303577978e+00 4.553900579530559267e-02 1.391233764313955790e-01 2.151857012512112602e-02 0.000000000000000000e+00 1.316272942492928699e+00 2.870038272495220935e-02 1.151616300354332209e+09 3.451668183998316526e+08
2.820000000000000000e+02 1.040000000000010000e+14 1.000000000000000000e+00 1.137142622148021198e+00 3.099691448073657596e-02 7.372636926139165825e-02 6.543876753752935621e-03 0.000000000000000000e+00 1.182591496826561173e+00 4.154467060471242479e-02 5.934006642840811014e+08 4.394435842756311595e+07
2.830000000000000000e+02 1.040000000000020000e+14 0.000000000000000000e+00 1.089654805300924956e+00 4.942947385518264847e-02 5.935017876124284303e-02 1.425327064595257633e-02 0.000000000000000000e+00 1.267872318355016459e+00 4.246608538167371411e-02 4.860816085471462607e+08 1.910820071192320287e+08
2.840000000000000000e+02 1.040000000000020000e+14 1.000000000000000000e+00 1.089179312986915837e+00 1.701306255613930715e-02 7.353832007160673867e-02 7.687326001540071424e-03 0.000000000000000000e+00 1.199535262868058227e+00 1.716038669812339906e-02 6.252178609550231695e+08 6.412112947593633085e+07
2.850000000000000000e+02 1.040000000000010000e+14 1.000000000000000000e+00 1.038257905229287514e+00 2.956195873754778256e-02 7.509035049596397837e-02 1.025269689922266199e-02 0.000000000000000000e+00 1.203044026406454359e+00 3.772809762162867425e-02 6.400920036035727262e+08 1.437216390698881447e+08
2.860000000000000000e+02 1.040000000000010000e+14 0.000000000000000000e+00 1.063217264254963990e+00 7.321404479327983661e-02 1.467092213918507193e-01 6.757092536176693975e-02 0.000000000000000000e+00 1.175285013994483707e+00 7.649808653762962818e-02 1.627274924798941612e+09 1.010942136864827514e+09
2.870000000000000000e+02 1.040000000000010000e+14 0.000000000000000000e+00 1.248363366893644244e+00 1.252449556977524858e-01 1.786953201132636115e-01 7.299354253891753019e-02 0.000000000000000000e+00 1.240026064804445882e+00 1.396552638956114201e-01 2.141149534291484118e+09 9.527787883405613899e+08
2.880000000000000000e+02 1.040000000000010000e+14 0.000000000000000000e+00 1.131303584008067631e+00 1.128357457712390044e-01 1.788951213970206566e-01 4.554616416755628838e-02 0.000000000000000000e+00 1.072395170557477684e+00 1.071374610357072321e-01 1.817900632695577621e+09 6.719848726095924377e+08
2.890000000000000000e+02 1.040000000000060000e+14 0.000000000000000000e+00 1.374690358810327195e+00 8.261945551545782362e-02 1.536057364756656940e-01 8.509405282158465089e-02 0.000000000000000000e+00 1.411926544132961814e+00 1.384718843346818828e-01 2.095651092519345999e+09 1.203321515580527544e+09
2.900000000000000000e+02 1.040000000000010000e+14 0.000000000000000000e+00 1.172363793727641879e+00 5.514885924560806313e-02 2.109957373915883061e-01 3.852652944924139788e-02 0.000000000000000000e+00 1.200868278631423980e+00 4.314615518813805228e-02 1.890100852212663412e+09 3.860226165107941031e+08
2.910000000000000000e+02 1.040000000000010000e+14 0.000000000000000000e+00 1.363787253398881738e+00 1.167103761861360556e-01 1.695416250869559160e-01 8.264768867731507596e-02 0.000000000000000000e+00 8.860903439793672565e-01 1.084409854179159555e-01 2.042193754637945652e+09 1.258055938608288765e+09
2.920000000000000000e+02 1.040000000000020000e+14 1.000000000000000000e+00 1.043009877058963086e+00 2.668820739369111295e-02 7.820759483650570332e-02 1.008006359598266101e-02 0.000000000000000000e+00 1.230644505663289090e+00 2.645492905147494439e-02 6.146861555403798819e+08 1.552735905914588869e+08
2.930000000000000000e+02 1.040000000000010000e+14 0.000000000000000000e+00 1.149964778395923926e+00 3.035471967913138530e-02 1.485487300519611753e-01 1.563778712423170847e-02 0.000000000000000000e+00 1.380620948064023024e+00 1.976301801144160139e-02 1.491369217031795740e+09 2.329631432927707732e+08
2.940000000000000000e+02 1.040000000000010000e+14 0.000000000000000000e+00 1.062231001014031229e+00 4.039826453936828932e-02 1.066791524304074729e-01 2.687630133206231342e-02 0.000000000000000000e+00 1.022122718062466129e+00 6.842145140004948778e-02 1.135637070355730534e+09 3.943725385032374263e+08
2.950000000000000000e+02 1.040000000000010000e+14 0.000000000000000000e+00 1.133779089293290188e+00 6.283728408051929282e-02 1.247357010274671441e-01 3.406723843249279821e-02 0.000000000000000000e+00 1.345872114242068207e+00 7.199851890437022894e-02 1.166338777583950758e+09 4.798515935053205490e+08
2.960000000000000000e+02 1.040000000000020000e+14 0.000000000000000000e+00 1.016372714357347551e+00 1.313674767842802904e-01 1.676366582710751285e-01 7.839236415496735055e-02 0.000000000000000000e+00 1.061065541493002140e+00 1.353297503832058823e-01 1.791922342557848692e+09 1.134263799266057968e+09
2.970000000000000000e+02 1.040000000000010000e+14 0.000000000000000000e+00 1.653750017457365606e+00 9.938471009984634064e-02 1.617194561850951173e-01 3.970998945275530656e-02 0.000000000000000000e+00 1.793905540722356307e+00 1.032542279473501329e-01 1.039241327553602934e+09 1.597693206108251512e+08
2.980000000000000000e+02 1.040000000000010000e+14 0.000000000000000000e+00 1.426882385143939391e+00 3.889356582228498116e-02 1.298545347472022382e-01 1.556389263589128685e-02 0.000000000000000000e+00 1.603268648475619562e+00 2.892171562819766117e-02 1.279414732705393314e+09 2.002466930431755185e+08
2.990000000000000000e+02 1.040000000000010000e+14 0.000000000000000000e+00 1.107611128737697515e+00 6.953410895955337845e-02 8.142688800794739556e-02 1.111021334973272094e-02 0.000000000000000000e+00 1.238305501510657658e+00 5.026252850878556305e-02 6.253023915623198748e+08 1.602444856454981565e+08
3.000000000000000000e+02 1.040000000000010000e+14 0.000000000000000000e+00 1.005112457708680962e+00 2.988750692918911919e-02 1.037289806839585687e-01 1.316482891225867133e-02 0.000000000000000000e+00 1.088197762223681808e+00 8.191249305077133100e-03 6.164071351608822346e+08 1.535476201495412588e+08
3.010000000000000000e+02 1.040000000000010000e+14 0.000000000000000000e+00 1.119305181262541637e+00 4.091311068066456197e-02 9.842074061687815234e-02 1.619222341130306317e-02 0.000000000000000000e+00 1.159233869625248214e+00 3.524361048183884820e-02 8.768182910708554983e+08 2.394768932736271024e+08
3.020000000000000000e+02 1.040000000000010000e+14 0.000000000000000000e+00 1.169322608872360503e+00 6.325400614555468093e-02 1.347224393879911386e-01 2.754395365369720003e-02 0.000000000000000000e+00 1.243068988276722964e+00 7.788412809706179996e-02 1.205332499521083593e+09 3.967505835615602136e+08
3.030000000000000000e+02 1.040000000000010000e+14 1.000000000000000000e+00 1.139184993679994484e+00 1.698060050420978004e-02 8.435361783214682940e-02 2.677405304737015893e-02 0.000000000000000000e+00 1.293592032948397863e+00 2.954465198267382242e-02 9.088146471745741367e+08 3.633477641060305238e+08
3.040000000000000000e+02 1.040000000000120000e+14 0.000000000000000000e+00 1.093197850289175488e+00 4.792888135558346502e-02 7.875067872919511158e-02 1.699861230050053393e-02 0.000000000000000000e+00 1.349423454834130842e+00 5.918722145796720402e-02 6.047673033080524206e+08 2.607044485090715587e+08
3.050000000000000000e+02 1.040000000000010000e+14 0.000000000000000000e+00 1.077907705455794840e+00 1.637664540418327375e-01 3.843871994918844903e-01 2.233920189325224459e-01 0.000000000000000000e+00 1.238488477822317302e+00 1.213093522000680269e-01 9.762902582139103413e+08 4.349090809176687598e+08
3.060000000000000000e+02 1.040000000000010000e+14 0.000000000000000000e+00 1.065467611080021637e+00 4.276420683988425842e-02 1.556941143468071054e-01 6.509457543142384284e-02 0.000000000000000000e+00 1.076112049351768851e+00 2.628413720569647283e-02 9.370560982483563423e+08 2.156527339270414412e+08
3.070000000000000000e+02 1.040000000000020000e+14 0.000000000000000000e+00 1.031721514187475375e+00 4.581656801440057991e-02 1.364155719335298778e-01 5.321961641317473485e-02 0.000000000000000000e+00 1.282164997257768224e+00 2.095229124108281826e-02 5.720172770044881105e+08 8.672719967618989944e+07
3.080000000000000000e+02 1.040000000000010000e+14 0.000000000000000000e+00 9.345021975753636800e-01 2.453322089362157052e-02 1.340539758324670594e-01 3.544228244584022441e-02 0.000000000000000000e+00 1.095517299484600304e+00 8.698448461725774919e-03 4.959812688422363997e+08 7.605188125286658108e+07
3.090000000000000000e+02 1.040000000000010000e+14 0.000000000000000000e+00 1.133825630010396823e+00 8.451387053712874908e-02 2.495130612118226232e-01 8.184477280750415695e-02 0.000000000000000000e+00 1.186726378876000298e+00 1.202963273563799063e-01 2.562897466046822071e+09 1.099557755164154530e+09
3.100000000000000000e+02 1.040000000000010000e+14 0.000000000000000000e+00 1.230839478675259668e+00 7.052100866358727849e-02 1.216853998874657117e-01 2.855979556271051253e-02 0.000000000000000000e+00 1.297428008199116745e+00 9.408063745702793801e-02 7.929197554791616201e+08 1.775180623463102281e+08
3.110000000000000000e+02 1.040000000000010000e+14 0.000000000000000000e+00 1.101845363590615356e+00 7.295063648929972500e-02 2.749633863025063851e-01 1.634526087596515354e-01 0.000000000000000000e+00 1.180341406243408109e+00 2.364467964742261730e-02 1.064506677981999636e+09 2.417908003364822567e+08
3.120000000000000000e+02 1.040000000000010000e+14 0.000000000000000000e+00 1.430532547569734358e+00 1.995498074100205688e-01 1.966639868588782314e-01 7.682494751049789850e-02 0.000000000000000000e+00 1.472743582561774511e+00 2.484569456235159457e-01 2.382711067917063236e+09 1.027815753811779380e+09
3.130000000000000000e+02 1.040000000000020000e+14 0.000000000000000000e+00 1.091575215834731827e+00 1.414883712517133185e-01 2.403996272218322239e-01 1.411082466624584697e-01 0.000000000000000000e+00 1.114360805015726319e+00 6.253589973196466145e-02 1.394445069110443354e+09 6.017167401719465256e+08
3.140000000000000000e+02 1.040000000000010000e+14 0.000000000000000000e+00 1.178586945916691775e+00 1.031873835303358383e-01 1.265504012761583252e-01 2.682361212456924396e-02 0.000000000000000000e+00 1.297377102569254870e+00 7.314975645235162471e-02 9.784204123438587189e+08 4.381490448071037531e+08
3.150000000000000000e+02 1.040000000000020000e+14 0.000000000000000000e+00 1.463802331699297854e+00 1.280154694341975596e-01 2.117771433942670922e-01 9.640126761319893489e-02 0.000000000000000000e+00 1.367723441967207965e+00 2.070425745535301454e-01 2.133203222398797274e+09 1.189513939918526173e+09
3.160000000000000000e+02 1.040000000000020000e+14 0.000000000000000000e+00 1.244919409142324351e+00 2.874342535543008420e-02 7.980622589265290445e-02 4.242861896146567918e-02 0.000000000000000000e+00 1.214068753491789332e+00 1.997997542131447687e-02 1.067008689997425228e+08 1.505243745823476277e+07
3.170000000000000000e+02 1.040000000000010000e+14 0.000000000000000000e+00 1.521174192594376917e+00 1.445156426062147448e-01 2.415353171590815529e-01 1.358489013249938315e-01 0.000000000000000000e+00 1.407516098996391074e+00 1.515185679996809143e-01 3.020177467746284962e+09 1.928838161508573532e+09
3.180000000000000000e+02 1.040000000000020000e+14 0.000000000000000000e+00 1.136032587506088376e+00 5.390699278065299443e-02 1.141353166835466365e-01 1.200280821287174303e-02 0.000000000000000000e+00 1.333378933527136878e+00 3.926221210412130652e-02 1.119509435412641287e+09 1.693199541880055964e+08
3.190000000000000000e+02 1.040000000000010000e+14 1.000000000000000000e+00 1.075321167117174959e+00 3.500924988293413476e-02 4.391749893847827352e-02 5.457891032613437429e-03 0.000000000000000000e+00 1.254486247992706582e+00 1.897333700430617331e-02 2.152611872874656916e+08 4.435104407282660156e+07
3.200000000000000000e+02 1.040000000000010000e+14 0.000000000000000000e+00 1.008490626055408290e+00 6.607183591728470196e-02 9.852563814786741148e-02 3.070807964724388966e-02 0.000000000000000000e+00 1.065281278392790743e+00 1.803228311808111051e-02 5.389767561203801632e+08 9.415156503693802655e+07
3.210000000000000000e+02 1.040000000000010000e+14 0.000000000000000000e+00 9.593812360189145627e-01 9.134504050076151793e-02 1.427841915959710828e-01 3.647054107632208275e-02 0.000000000000000000e+00 1.021591133732286494e+00 1.947263840513172722e-02 6.293232165166338682e+08 1.154016499545668811e+08
3.220000000000000000e+02 1.040000000000010000e+14 0.000000000000000000e+00 9.908098732568673128e-01 1.253612807344981483e-01 3.451784637491976948e-01 1.709697891950756887e-01 0.000000000000000000e+00 9.668481318377110112e-01 6.406964233755106652e-02 1.754426012857339382e+09 3.219104438881932497e+08
3.230000000000000000e+02 1.040000000000010000e+14 0.000000000000000000e+00 1.311625210296536448e+00 1.217710645809721159e-01 2.133405014993862703e-01 5.956709493537332839e-02 0.000000000000000000e+00 1.218516433121257680e+00 1.592728884026083647e-01 2.496914718633860588e+09 7.657075497004604340e+08
3.240000000000000000e+02 1.040000000000010000e+14 0.000000000000000000e+00 1.201346248101051284e+00 3.436553188902923689e-02 1.468003820970879558e-01 5.108515312728400398e-02 0.000000000000000000e+00 1.145048902559809179e+00 4.376248508420756828e-02 1.510177676234818697e+09 6.486946989407348633e+08
