# rID[0] Hid[1]   R200: DS[2], eta[3], detla[4], fm[5], fm2[6];   R500: DS[7], eta[8], detla[9], fm[10], fm2[11]
1.000000000000000000e+00 9.700000000000100000e+13 0.000000000000000000e+00 2.851349137583291338e+00 1.472005487314535233e-01 1.656503809864519339e-01 2.359305146906720899e-02 0.000000000000000000e+00 2.460980782515967302e+00 1.857647769079512068e-01 1.461296179071490288e+09 2.928226727232161164e+08
2.000000000000000000e+00 9.700000000000100000e+13 0.000000000000000000e+00 1.132861870734366061e+00 1.464742165931753604e-01 3.260377895065186826e-01 1.705404100989942329e-01 0.000000000000000000e+00 1.338099358020985230e+00 4.810758841043637213e-02 1.346436950286766052e+09 2.074051709947389662e+08
3.000000000000000000e+00 9.700000000000200000e+13 0.000000000000000000e+00 1.137302855963626902e+00 9.725587902787456718e-02 1.494653237116982392e-01 3.470200090828947509e-02 0.000000000000000000e+00 1.101350357354829557e+00 6.531926719889812050e-02 1.584044367006254196e+09 4.982520876294476390e+08
4.000000000000000000e+00 9.700000000000100000e+13 0.000000000000000000e+00 1.160890873118305633e+00 1.260683242995273290e-01 3.917926541506398519e-01 1.262825908601749592e-01 0.000000000000000000e+00 1.219294710895648448e+00 8.591431358513594574e-02 1.033092060587113738e+09 1.532816538478324711e+08
5.000000000000000000e+00 9.700000000000200000e+13 0.000000000000000000e+00 1.719482102646909150e+00 1.604676469178542286e-01 2.504069717716888577e-01 1.228573400510732244e-01 0.000000000000000000e+00 1.677841558073556394e+00 1.688726455815156013e-01 3.209232402315703392e+09 1.669436009095980406e+09
6.000000000000000000e+00 9.700000000000100000e+13 0.000000000000000000e+00 1.211565048446656023e+00 6.782616532878453508e-02 1.612019219752062471e-01 1.972729831005524612e-02 0.000000000000000000e+00 1.224700369184141824e+00 1.048359958135016007e-01 1.157925639288077831e+09 1.966892675201708674e+08
7.000000000000000000e+00 9.700000000000100000e+13 0.000000000000000000e+00 1.017228668006015857e+00 2.462503928524048535e-02 1.125646715124037495e-01 1.573195122192311626e-02 0.000000000000000000e+00 1.318037052155782041e+00 5.020360130768439233e-02 7.803705635596324205e+08 8.658277819711951911e+07
8.000000000000000000e+00 9.700000000000300000e+13 0.000000000000000000e+00 1.764791047319353545e+00 5.483326605744493626e-02 1.890654049750070120e-01 3.373096035034429951e-02 0.000000000000000000e+00 1.613076539403925702e+00 8.991990851479517155e-02 1.885777377837182283e+09 4.597637659871636033e+08
9.000000000000000000e+00 9.700000000000100000e+13 0.000000000000000000e+00 1.101481122909535593e+00 4.611900106045168507e-02 2.289447355169081655e-01 9.054557253660623639e-02 0.000000000000000000e+00 1.263850405704985080e+00 6.288734838087166323e-02 1.570147082461567879e+09 4.797340968729693890e+08
1.000000000000000000e+01 9.700000000000100000e+13 0.000000000000000000e+00 1.216810597072617295e+00 6.233831273640224463e-02 1.172202513581560163e-01 1.707349756688896630e-02 0.000000000000000000e+00 1.308052588824591744e+00 6.671244308581403271e-02 9.628744318080459833e+08 2.287359778948427141e+08
1.100000000000000000e+01 9.700000000000100000e+13 0.000000000000000000e+00 1.055366436917933415e+00 5.132163393585886108e-02 1.731730807457710353e-01 3.495352374514111571e-02 0.000000000000000000e+00 1.075798988056743788e+00 4.824041168505632804e-02 7.384648722597302198e+08 1.809439229023813307e+08
1.200000000000000000e+01 9.700000000000300000e+13 0.000000000000000000e+00 1.300531922108081551e+00 1.102395195715187848e-01 2.248656623542183430e-01 7.794416723933590696e-02 0.000000000000000000e+00 1.352331655753344464e+00 1.205008397458838809e-01 3.037020749179849625e+09 1.211521925816731930e+09
1.300000000000000000e+01 9.700000000000200000e+13 0.000000000000000000e+00 1.141777191597616259e+00 1.290091756732000272e-01 1.972607655915709080e-01 6.436966317662873305e-02 0.000000000000000000e+00 1.145700421693253368e+00 1.332181903827940606e-01 2.134047290200543165e+09 9.586124190088862181e+08
1.400000000000000000e+01 9.700000000000100000e+13 0.000000000000000000e+00 1.061451215808751680e+00 4.530638915931013005e-02 2.124880701738977584e-01 8.830493588617600864e-02 0.000000000000000000e+00 1.269229499260295269e+00 8.562459617749701435e-02 2.273345354870359421e+09 1.376422305283180952e+09
1.500000000000000000e+01 9.700000000000300000e+13 0.000000000000000000e+00 1.203293703068947007e+00 4.438532610251103711e-02 7.861830432160803878e-03 1.433037185929648266e-03 0.000000000000000000e+00 1.310486677444835379e+00 6.333940075561503291e-02 4.619061566401528567e+07 2.273767146952180192e+07
1.600000000000000000e+01 9.700000000000200000e+13 1.000000000000000000e+00 1.087964554930612948e+00 1.830081007607396032e-02 8.599606883049835948e-02 8.906328570758100319e-03 0.000000000000000000e+00 1.282194384330872072e+00 3.320081419368828279e-02 6.110531883977910280e+08 1.291118948782594949e+08
1.700000000000000000e+01 9.700000000000100000e+13 0.000000000000000000e+00 1.388482572298193718e+00 4.793448095750067750e-02 1.423042129391685617e-01 2.372564754026822847e-02 0.000000000000000000e+00 1.357788361318648773e+00 6.576447282511196923e-02 1.465344040264866352e+09 2.732663677458733916e+08
1.800000000000000000e+01 9.700000000000100000e+13 0.000000000000000000e+00 1.230826442687727784e+00 1.051547844964776518e-01 2.339188331602110316e-01 7.620049555977906341e-02 0.000000000000000000e+00 1.152859925643139771e+00 1.215714072992641198e-01 1.940856244717724323e+09 1.023423530037292838e+09
1.900000000000000000e+01 9.700000000000100000e+13 0.000000000000000000e+00 2.008143851248871847e+00 1.037518545208630377e-01 1.869573519435001052e-01 3.956760131171214306e-02 0.000000000000000000e+00 2.022890128495459461e+00 1.450748255234733108e-01 2.150087646903841496e+09 5.050930215506660938e+08
2.000000000000000000e+01 9.700000000000100000e+13 0.000000000000000000e+00 1.291537051368563560e+00 6.828531883490378263e-02 1.627660093276731834e-01 7.024324097992101779e-02 0.000000000000000000e+00 1.234216969486840343e+00 9.159263790350204160e-02 1.728969630701931477e+09 1.090104136361737013e+09
2.100000000000000000e+01 9.700000000000200000e+13 0.000000000000000000e+00 9.319483460941551112e-01 1.326362056312515580e-01 2.138374567358610479e-01 4.119143190002118315e-02 0.000000000000000000e+00 9.664651689292994563e-01 1.272397419570677757e-01 2.134480477818688154e+09 6.870040717405949831e+08
2.200000000000000000e+01 9.700000000000100000e+13 0.000000000000000000e+00 9.462658567753645666e-01 5.814773162699439502e-02 1.005935250334338005e-01 1.458894949644607558e-02 0.000000000000000000e+00 1.189467408395035397e+00 2.669332362302568804e-02 5.833435990556365252e+08 1.341643248121646941e+08
2.300000000000000000e+01 9.700000000000300000e+13 0.000000000000000000e+00 1.682843639027782778e+00 9.601352038838227576e-02 1.358587569348904123e-01 3.872122860342345346e-02 0.000000000000000000e+00 1.667865634161476152e+00 9.948528159541743243e-02 1.528953657361304760e+09 5.161854185913418531e+08
2.400000000000000000e+01 9.700000000000100000e+13 0.000000000000000000e+00 1.929668767509453486e+00 1.333432416986585212e-01 2.069218634668631707e-01 6.767595569846374115e-02 0.000000000000000000e+00 1.814072945864749986e+00 1.768522118661312592e-01 2.200335467603861332e+09 1.041968700038341045e+09
2.500000000000000000e+01 9.700000000000100000e+13 0.000000000000000000e+00 1.118132912302273851e+00 1.152697939606994321e-01 3.037197718239769140e-01 1.035564081956203419e-01 0.000000000000000000e+00 1.283787420082067143e+00 6.077438583377527820e-02 9.128129757917429209e+08 1.505312311978136301e+08
2.600000000000000000e+01 9.700000000000100000e+13 0.000000000000000000e+00 1.122465144016828953e+00 7.639731457305694307e-02 8.150083746276888530e-02 1.417116381687810213e-02 0.000000000000000000e+00 1.116327032235731487e+00 4.587299522646565847e-02 6.708657784939333200e+08 2.166085854437620938e+08
2.700000000000000000e+01 9.700000000000100000e+13 0.000000000000000000e+00 1.186728004389970170e+00 6.962833150554600947e-02 1.666188347169285655e-01 3.051422998094279262e-02 0.000000000000000000e+00 1.176761521743770800e+00 9.091632272634529721e-02 1.788503721287664890e+09 3.998965973177657127e+08
2.800000000000000000e+01 9.700000000000100000e+13 0.000000000000000000e+00 1.250700750156378938e+00 3.133833641907889100e-02 1.093405591399227300e-01 2.544903542436842761e-02 0.000000000000000000e+00 1.406212857169945485e+00 4.211764419458302600e-02 1.122854102002133608e+09 3.331992668515757918e+08
2.900000000000000000e+01 9.700000000000100000e+13 0.000000000000000000e+00 1.256144998686770764e+00 8.495868660817761098e-02 1.585128043804820419e-01 2.619226675856134098e-02 0.000000000000000000e+00 1.263134637157525608e+00 1.007372897250502358e-01 1.504396747730017424e+09 3.591671764103344679e+08
3.000000000000000000e+01 9.700000000000100000e+13 0.000000000000000000e+00 1.014526695252217170e+00 1.478810957053476594e-01 2.660071174348242473e-01 1.263410537361176755e-01 0.000000000000000000e+00 1.261745236541684134e+00 1.003711570467520076e-01 1.427146004731657505e+09 2.224196055997070670e+08
3.100000000000000000e+01 9.700000000000100000e+13 0.000000000000000000e+00 1.486337447028208469e+00 1.395882014860741205e-01 1.627661247772595188e-01 2.466686544700729192e-02 0.000000000000000000e+00 1.562802266411544849e+00 1.339069357398904314e-01 1.638078007535300255e+09 3.140758249199503660e+08
3.200000000000000000e+01 9.700000000000100000e+13 0.000000000000000000e+00 1.283500494487987531e+00 4.958114012677333760e-02 1.470590764949597506e-01 2.709199933898345097e-02 0.000000000000000000e+00 1.448696202098548103e+00 7.418475284394596136e-02 1.246838308988124847e+09 3.820114493022167087e+08
3.300000000000000000e+01 9.700000000000100000e+13 0.000000000000000000e+00 1.102131354929873019e+00 5.717215968704872364e-02 1.137724321834133051e-01 1.304825763409475300e-02 0.000000000000000000e+00 1.143861050562502646e+00 3.115045493869483470e-02 8.106561436880805492e+08 8.978214792140553892e+07
3.400000000000000000e+01 9.700000000000100000e+13 0.000000000000000000e+00 1.198880785289795581e+00 1.984255109571009257e-02 9.781782412605849464e-02 1.306293619529141740e-02 0.000000000000000000e+00 1.372892129744225143e+00 2.882872844465266329e-02 9.348236254602978230e+08 1.762293497862943113e+08
3.500000000000000000e+01 9.700000000000100000e+13 0.000000000000000000e+00 1.236410527846356411e+00 1.173153453901671917e-01 2.044610931722364300e-01 9.113892658405620129e-02 0.000000000000000000e+00 1.318158015355097135e+00 1.233189804749169199e-01 1.268216191271611452e+09 7.575723797841354609e+08
3.600000000000000000e+01 9.700000000000100000e+13 0.000000000000000000e+00 1.004345783078608223e+00 2.816349325245303126e-01 3.521050472908312523e-01 1.166513042406166906e-01 0.000000000000000000e+00 1.263780071050603526e+00 1.581440219709518979e-01 1.389942138312831163e+09 5.065915149734131098e+08
3.700000000000000000e+01 9.700000000000100000e+13 0.000000000000000000e+00 1.077916446672843920e+00 4.520241632468479515e-02 1.329911471642228893e-01 2.511847463902258312e-02 0.000000000000000000e+00 1.116522751732053509e+00 4.980370730438767046e-02 1.336955972360394239e+09 3.548116881289765835e+08
3.800000000000000000e+01 9.700000000000100000e+13 0.000000000000000000e+00 1.162327670125441248e+00 3.759414011602885825e-02 1.358232324381877798e-01 5.540052025553728055e-02 0.000000000000000000e+00 1.221558655852425179e+00 1.712756895349784245e-02 8.307574380947921276e+08 2.088627991412875354e+08
3.900000000000000000e+01 9.700000000000100000e+13 0.000000000000000000e+00 1.260618067939125231e+00 1.058454144836988298e-01 1.848938990385530778e-01 5.418124702522607999e-02 0.000000000000000000e+00 1.297829798500631071e+00 1.146310918935448536e-01 1.877593588262268066e+09 7.664118176823192835e+08
4.000000000000000000e+01 9.700000000000100000e+13 0.000000000000000000e+00 1.330821167148603656e+00 2.328487046631853019e-01 2.855203887632857818e-01 1.315909149970115044e-01 0.000000000000000000e+00 1.983217230063242242e+00 1.776761944575004359e-01 3.538530433507414818e+09 2.424768431921229362e+09
4.100000000000000000e+01 9.700000000000100000e+13 0.000000000000000000e+00 1.509507884575496561e+00 8.980291047201394150e-02 1.267924276094891389e-01 3.875681080004167445e-02 0.000000000000000000e+00 1.592551057108336776e+00 9.927936083023868041e-02 1.270278991800891638e+09 5.050384239580761194e+08
4.200000000000000000e+01 9.700000000000100000e+13 0.000000000000000000e+00 1.178176733363720086e+00 1.030410267421765363e-01 2.689373475369806199e-01 1.123605028958892527e-01 0.000000000000000000e+00 1.321597107085021872e+00 8.329741345588308199e-02 1.590635468360972404e+09 5.299215836116973758e+08
4.300000000000000000e+01 9.700000000000100000e+13 0.000000000000000000e+00 1.059888914386243330e+00 1.071546225042886019e-01 2.003959555035984275e-01 8.848664742629598623e-02 0.000000000000000000e+00 1.198055505289393308e+00 7.105258603568670450e-02 5.477834738358021975e+08 9.113763213358640671e+07
4.400000000000000000e+01 9.700000000000200000e+13 0.000000000000000000e+00 1.148684485226984409e+00 6.193165144300624703e-02 1.097336857276270117e-01 3.018237819004687336e-02 0.000000000000000000e+00 1.230742859967763003e+00 7.866147797644862383e-02 1.199290626893678427e+09 4.500032398619646430e+08
4.500000000000000000e+01 9.700000000000100000e+13 0.000000000000000000e+00 1.258867285394963842e+00 7.378017610314686892e-02 1.912195963866495096e-01 3.671851521172705274e-02 0.000000000000000000e+00 1.160631231389124274e+00 1.126262929101093380e-01 1.954230462322428226e+09 4.533883071984881759e+08
4.600000000000000000e+01 9.700000000000100000e+13 0.000000000000000000e+00 1.190209261411421027e+00 1.011767007103647475e-01 2.242401915209779051e-01 1.169844038712511830e-01 0.000000000000000000e+00 1.154109898007281698e+00 1.114605888567448272e-01 2.498840743551228046e+09 1.590131209998980522e+09
4.700000000000000000e+01 9.700000000000500000e+13 0.000000000000000000e+00 1.351002815971128923e+00 8.113340263277027398e-02 1.246138808625523453e-01 3.376871690145719779e-02 0.000000000000000000e+00 1.437355995751415261e+00 9.084362671856359428e-02 1.209547400548207521e+09 4.481637700090357065e+08
4.800000000000000000e+01 9.700000000000100000e+13 0.000000000000000000e+00 1.117903993943426988e+00 3.474754451454957482e-02 1.705925971713655731e-01 2.932106576045696161e-02 0.000000000000000000e+00 1.021991675422194934e+00 2.249811360425960777e-02 1.353078350974888086e+09 4.095970564506498575e+08
4.900000000000000000e+01 9.700000000000200000e+13 0.000000000000000000e+00 1.119896723758050161e+00 4.630880834033655052e-02 8.599616929920025910e-02 2.117004218752432249e-02 0.000000000000000000e+00 1.126320991412971040e+00 5.817499958287928458e-02 1.062073184954318166e+09 3.017787790282463431e+08
5.000000000000000000e+01 9.700000000000100000e+13 1.000000000000000000e+00 1.123365970881550213e+00 2.825634859543757829e-02 9.853523401596814280e-02 2.352934200216014876e-02 0.000000000000000000e+00 1.043765240826927787e+00 2.018945250305122577e-02 6.541979045510536432e+08 1.248531538130071312e+08
5.100000000000000000e+01 9.700000000000400000e+13 0.000000000000000000e+00 1.108973442497731554e+00 7.375913547696338890e-02 1.282607326361934197e-01 6.545887940088589152e-02 0.000000000000000000e+00 1.131987186368142106e+00 8.404558994965223573e-02 8.682378909321458340e+08 3.524760834354048967e+08
5.200000000000000000e+01 9.700000000000100000e+13 0.000000000000000000e+00 3.238361422659912781e-01 1.589524685425303951e-01 4.606693056831551170e-01 2.299236132738156912e-01 0.000000000000000000e+00 1.003700758991111774e+00 1.030010329543768477e-01 2.191859482285249710e+09 1.155840338403895855e+09
5.300000000000000000e+01 9.700000000000100000e+13 0.000000000000000000e+00 1.140687373024578566e+00 2.302841466021042505e-01 2.511894777779128396e-01 1.233328877167823301e-01 0.000000000000000000e+00 1.434148027179724227e+00 1.883990832923707337e-01 1.335683516472840309e+09 4.396480005343445539e+08
5.400000000000000000e+01 9.700000000000100000e+13 0.000000000000000000e+00 9.456997158095467038e-01 9.921954437515306813e-02 1.673569402601510214e-01 4.074571027557031405e-02 0.000000000000000000e+00 1.129269351493702445e+00 5.664932515127658885e-02 8.247529532529499531e+08 9.711806601854272187e+07
5.500000000000000000e+01 9.700000000000100000e+13 0.000000000000000000e+00 1.069023524576309114e+00 3.706685771550038283e-02 1.652978441697614820e-01 1.453211512049714001e-02 0.000000000000000000e+00 1.024240785651116203e+00 1.706321385759998477e-02 1.650715703633221388e+09 2.054547901932148337e+08
5.600000000000000000e+01 9.700000000000100000e+13 0.000000000000000000e+00 1.214769486135045096e+00 3.520569366209255757e-02 1.173605009511285574e-01 2.091649643389531174e-02 0.000000000000000000e+00 1.347001900768794558e+00 4.205638065041636398e-02 1.022080059691159606e+09 9.619362156773628294e+07
5.700000000000000000e+01 9.700000000000300000e+13 0.000000000000000000e+00 1.066498885133653651e+00 7.921202923097669935e-02 2.430062903139169894e-01 6.591966088190399919e-02 0.000000000000000000e+00 8.730080055011121276e-01 1.038290361258564498e-01 2.327838580142659664e+09 7.612937950680406094e+08
5.800000000000000000e+01 9.700000000000100000e+13 1.000000000000000000e+00 1.028571452870770120e+00 2.280571652668797814e-02 7.039933977709864066e-02 9.120757061366903048e-03 0.000000000000000000e+00 1.252020864111662357e+00 2.493918282202451167e-02 6.083611564896917343e+08 1.378780830758062601e+08
5.900000000000000000e+01 9.700000000000100000e+13 0.000000000000000000e+00 1.170505468690000495e+00 9.658615990048451116e-02 1.950264179042781043e-01 3.289202639115028359e-02 0.000000000000000000e+00 1.167924941597615396e+00 7.129611193609887432e-02 1.815722281524239063e+09 4.860334778609837294e+08
6.000000000000000000e+01 9.700000000000100000e+13 0.000000000000000000e+00 2.285651533179854589e+00 8.726333938070854335e-02 1.192658173759615220e-01 1.802076220746496801e-02 0.000000000000000000e+00 2.575950736855138867e+00 1.120152183914285560e-01 1.240457145793860674e+09 2.495976325422137380e+08
6.100000000000000000e+01 9.700000000000100000e+13 1.000000000000000000e+00 1.121386959397580929e+00 1.828020112533339930e-02 9.073687754891801571e-02 1.258264099720641550e-02 0.000000000000000000e+00 1.253330830942415819e+00 2.891276958453763493e-02 8.411156918009083271e+08 9.803055464203886688e+07
6.200000000000000000e+01 9.700000000000200000e+13 0.000000000000000000e+00 1.229794431042003255e+00 8.338670593567376610e-02 1.978731111701271250e-01 2.719623300441840336e-02 0.000000000000000000e+00 1.057217319608564576e+00 1.094367642188295991e-01 2.172445819439586639e+09 3.771309845536283255e+08
6.300000000000000000e+01 9.700000000000100000e+13 1.000000000000000000e+00 1.104477844156174671e+00 2.868715988536312336e-02 7.086179088232855139e-02 1.133181994084639377e-02 0.000000000000000000e+00 1.093784218670276864e+00 3.185657587514937467e-02 4.679779852181072235e+08 3.730808191612584889e+07
6.400000000000000000e+01 9.700000000000400000e+13 0.000000000000000000e+00 1.104004117329504764e+00 1.040318145205583467e-01 6.442891434212580370e-02 8.395104887417247780e-03 0.000000000000000000e+00 9.830544057133345781e-01 3.455815880819968627e-02 5.862020674130711555e+08 7.698111997023078799e+07
6.500000000000000000e+01 9.700000000000100000e+13 0.000000000000000000e+00 1.163773595137655770e+00 9.000525840578628423e-02 1.735393995936263534e-01 5.418757352154849466e-02 0.000000000000000000e+00 1.074043923814174573e+00 1.115989259386169219e-01 1.885361976922770977e+09 7.128366290179241896e+08
6.600000000000000000e+01 9.700000000000100000e+13 0.000000000000000000e+00 1.330693277315389444e+00 1.395766444505254500e-01 1.783700908444310895e-01 8.695390700444681487e-02 0.000000000000000000e+00 1.288197100678695417e+00 1.774728357289559466e-01 1.931617813773016453e+09 1.121838504313711882e+09
6.700000000000000000e+01 9.700000000000100000e+13 1.000000000000000000e+00 1.140223482024250501e+00 3.011858579579903758e-02 8.702728652144664512e-02 2.418061098592143993e-02 0.000000000000000000e+00 1.067249715767372598e+00 4.706652023185679129e-02 8.229645950872632265e+08 3.208903668844618201e+08
6.800000000000000000e+01 9.700000000000100000e+13 0.000000000000000000e+00 1.251287563039808814e+00 7.416297228539285580e-02 1.388963216369092646e-01 3.549273173224906652e-02 0.000000000000000000e+00 1.163697821527689857e+00 9.746895272446658154e-02 1.535124893082602501e+09 4.548623273052035570e+08
6.900000000000000000e+01 9.700000000000100000e+13 0.000000000000000000e+00 1.156137119983690287e+00 7.462735462654690455e-02 1.890509743564405265e-01 3.855674687484559465e-02 0.000000000000000000e+00 1.361926487493278382e+00 9.164911040673209830e-02 1.822601867258468628e+09 5.586755801545835733e+08
7.000000000000000000e+01 9.700000000000100000e+13 0.000000000000000000e+00 1.210137804132063843e+00 1.211091592806522732e-01 2.533917203013014707e-01 1.144884575558849232e-01 0.000000000000000000e+00 1.205365868954361375e+00 1.061330357780041200e-01 1.410228291634024620e+09 4.931932144454183578e+08
7.100000000000000000e+01 9.700000000000100000e+13 0.000000000000000000e+00 1.164043538377329101e+00 1.941033674037794671e-02 1.361932245427381616e-01 1.705514449106481853e-02 0.000000000000000000e+00 1.128974902449548567e+00 3.799612765421064159e-02 1.528668272185570240e+09 2.434009883421413600e+08
7.200000000000000000e+01 9.700000000000100000e+13 0.000000000000000000e+00 1.369964130562138616e+00 1.075996748246059453e-01 1.226122047633843720e-01 2.641882664084573354e-02 0.000000000000000000e+00 1.500459557759323825e+00 1.157269292394382809e-01 1.240337668003467321e+09 3.846547070725502372e+08
7.300000000000000000e+01 9.700000000000100000e+13 0.000000000000000000e+00 1.135893399078410804e+00 5.482726408868395657e-02 9.973303121036146413e-02 3.558240070410989553e-02 0.000000000000000000e+00 1.120575744058481815e+00 8.084828099357314890e-02 9.323715731336710453e+08 5.073638247580644488e+08
7.400000000000000000e+01 9.700000000000100000e+13 0.000000000000000000e+00 1.119236335675879213e+00 1.082222719240611697e-01 9.384993035932297223e-02 3.437085523336791404e-02 0.000000000000000000e+00 1.210183794195845985e+00 1.413084464052478395e-01 1.074491983171644449e+09 4.299727122510018945e+08
7.500000000000000000e+01 9.700000000000100000e+13 0.000000000000000000e+00 1.204930053153102865e+00 1.572677705789212593e-02 1.071928451639514862e-01 1.684234079106861764e-02 0.000000000000000000e+00 1.245442684570218228e+00 5.333427442701340476e-02 7.409567283048137426e+08 1.400959731087749302e+08
7.600000000000000000e+01 9.700000000000100000e+13 0.000000000000000000e+00 1.108849411003727470e+00 1.361058103851510610e-02 1.439739222397268814e-01 1.504172098533714322e-02 0.000000000000000000e+00 1.222617394256534595e+00 2.786941998679842714e-02 1.438770719823174953e+09 2.088495908665301502e+08
7.700000000000000000e+01 9.700000000000200000e+13 0.000000000000000000e+00 1.193221267990507650e+00 5.916511742393808226e-02 1.276906028676420557e-01 4.480422640920920380e-02 0.000000000000000000e+00 1.062228177307421362e+00 9.463693982614891642e-02 1.479086981436865807e+09 6.126667233743566275e+08
7.800000000000000000e+01 9.700000000000600000e+13 0.000000000000000000e+00 1.243834380567576892e+00 3.351822858326999888e-02 5.072850892469475681e-02 1.222316587701845376e-02 0.000000000000000000e+00 1.313587520988935609e+00 1.791699062763785211e-02 7.306020621922131777e+08 1.791564810446297526e+08
7.900000000000000000e+01 9.700000000000100000e+13 0.000000000000000000e+00 1.316626207292136197e+00 1.870395652531777475e-01 2.796610477286552987e-01 1.764631800470216894e-01 0.000000000000000000e+00 7.973896334995731472e-01 1.458122852635423128e-01 9.363017891080156565e+08 1.676286540072450638e+08
8.000000000000000000e+01 9.700000000000300000e+13 0.000000000000000000e+00 1.217292550251491523e+00 2.091533699488531961e-02 1.190168948906944885e-01 2.227714564113847384e-02 0.000000000000000000e+00 1.180935689199536842e+00 2.766085483607392051e-02 1.129469594970034599e+09 2.987786010331231356e+08
8.100000000000000000e+01 9.700000000000100000e+13 0.000000000000000000e+00 1.318931021804584436e+00 1.179454942175820892e-01 1.657717787812169608e-01 2.285034501856487987e-02 0.000000000000000000e+00 1.478895702737887952e+00 1.527027862481764586e-01 1.527605227392440081e+09 3.213058195534978509e+08
8.200000000000000000e+01 9.700000000000100000e+13 0.000000000000000000e+00 1.047718913189374046e+00 2.165805314875909535e-02 1.084649355683666994e-01 2.650342983793602114e-02 0.000000000000000000e+00 1.256733065678917960e+00 3.066220225698340629e-02 9.982329836825443506e+08 3.813586703845900893e+08
8.300000000000000000e+01 9.700000000000100000e+13 0.000000000000000000e+00 1.141749312087366075e+00 9.785922604900494648e-02 1.036359831694172867e-01 4.096476972363100044e-02 0.000000000000000000e+00 1.077316145191241414e+00 9.327814996255553992e-02 1.104697580932862043e+09 5.843131247312201262e+08
8.400000000000000000e+01 9.700000000000100000e+13 0.000000000000000000e+00 1.604384186687308311e+00 1.655851639159601485e-01 1.927784108065452584e-01 7.107410330092461814e-02 0.000000000000000000e+00 1.679626752814294299e+00 1.929856820543914553e-01 2.178847295892493248e+09 9.320483013877239227e+08
8.500000000000000000e+01 9.700000000000100000e+13 0.000000000000000000e+00 1.092995290361269856e+00 6.540520429450473461e-02 1.169774039617650641e-01 1.746227606107971647e-02 0.000000000000000000e+00 1.250376023434488726e+00 8.683889809059086584e-02 1.231363174713622093e+09 2.495039835016626418e+08
8.600000000000000000e+01 9.700000000000200000e+13 0.000000000000000000e+00 1.016379394876678610e+00 1.078508141825946370e-01 1.750517324467070202e-01 7.381552264487187265e-02 0.000000000000000000e+00 1.337539424339306837e+00 8.960344072363207735e-02 1.630269567021230936e+09 1.347047139493926764e+09
8.700000000000000000e+01 9.700000000000100000e+13 0.000000000000000000e+00 8.542794451132480482e-01 1.279026272715969859e-01 1.429198788694378830e-01 2.832678948958018694e-02 0.000000000000000000e+00 1.220746404479167158e+00 6.295358708853411589e-02 1.288859500799511909e+09 4.187735515877059102e+08
8.800000000000000000e+01 9.700000000000100000e+13 0.000000000000000000e+00 1.087135201454914935e+00 1.007346661115369607e-01 1.486089468593997931e-01 3.718620058607549628e-02 0.000000000000000000e+00 1.066590640999069528e+00 8.058389896155357390e-02 1.564361976205666304e+09 5.722891632120000124e+08
8.900000000000000000e+01 9.700000000000100000e+13 0.000000000000000000e+00 1.191704398652848607e+00 5.770061945524951330e-02 2.487984101882584065e-01 1.107632512137624314e-01 0.000000000000000000e+00 1.276487419710737425e+00 8.094670248300674109e-02 1.410315713556727409e+09 4.662699301820428371e+08
9.000000000000000000e+01 9.700000000000700000e+13 0.000000000000000000e+00 1.113064397639897063e+00 4.093328773630106748e-02 9.189942242563257924e-02 2.296815341583197459e-02 0.000000000000000000e+00 1.194950544115358504e+00 2.974532243428795047e-02 7.081721861539622545e+08 3.460097364798129201e+08
9.100000000000000000e+01 9.700000000000100000e+13 0.000000000000000000e+00 1.225947239553731416e+00 1.310265257056637822e-01 1.979766071317329568e-01 3.925677829772108302e-02 0.000000000000000000e+00 1.294033775320445168e+00 1.298841467504087410e-01 1.249716325845452785e+09 3.000226935661925077e+08
9.200000000000000000e+01 9.700000000000100000e+13 0.000000000000000000e+00 1.096817847348786179e+00 1.324953804470115071e-01 1.818354329080550114e-01 1.015304602215781338e-01 0.000000000000000000e+00 9.659757234293706585e-01 6.555265216729982969e-02 4.398310625469899178e+08 5.004901572671017051e+07
9.300000000000000000e+01 9.700000000000100000e+13 0.000000000000000000e+00 1.298255308587660917e+00 4.868512065763553644e-03 1.253219526024647867e-01 1.901932383866646384e-02 0.000000000000000000e+00 1.380169999340291387e+00 3.292432855874137532e-02 1.187516800201610088e+09 2.588278561207568944e+08
9.400000000000000000e+01 9.700000000000100000e+13 0.000000000000000000e+00 1.409883366654520298e+00 1.186644767455155153e-01 1.304303716912474931e-01 2.125128807883042495e-02 0.000000000000000000e+00 1.584404527729764034e+00 1.620865050081983227e-01 1.496809323675875902e+09 3.524986734536460042e+08
9.500000000000000000e+01 9.700000000000100000e+13 1.000000000000000000e+00 1.118954235246573337e+00 3.688526590616884870e-02 6.286006414031460043e-02 4.902510452446365644e-03 0.000000000000000000e+00 1.136165862416199879e+00 5.176763873751353412e-02 6.387473559637724161e+08 6.633170208548330516e+07
9.600000000000000000e+01 9.700000000000100000e+13 0.000000000000000000e+00 1.128811058726818084e+00 6.481747987690696100e-02 1.511140967655498213e-01 5.120088872017596049e-02 0.000000000000000000e+00 1.099239745426876746e+00 5.805609440781729635e-02 1.103787386806498289e+09 2.058284260771206617e+08
9.700000000000000000e+01 9.700000000000100000e+13 0.000000000000000000e+00 3.009524146556202595e+00 6.490934537827100503e-02 1.258716650217101551e-01 1.066961130166547804e-02 0.000000000000000000e+00 3.192161569209802874e+00 7.236767669112871559e-02 1.233192828147689819e+09 1.267640393929306716e+08
9.800000000000000000e+01 9.700000000000100000e+13 0.000000000000000000e+00 1.260816825019065224e+00 2.685893549732866481e-02 9.999417304017813035e-02 1.456766274167144853e-02 0.000000000000000000e+00 1.272251832480124856e+00 2.199805366403134038e-02 7.444012796507650614e+08 6.484981086884016544e+07
9.900000000000000000e+01 9.700000000000100000e+13 0.000000000000000000e+00 1.129040944541531033e+00 4.167696018557633109e-02 1.609764158153226266e-01 4.123128748406189314e-02 0.000000000000000000e+00 1.248691742891647305e+00 5.041910685713413276e-02 1.229735368714613438e+09 2.730680408296216130e+08
1.000000000000000000e+02 9.700000000000100000e+13 0.000000000000000000e+00 1.263697675556655353e+00 7.129145077030722699e-02 1.879521124366308471e-01 2.400149993023580411e-02 0.000000000000000000e+00 1.154873893611113367e+00 6.121821841763048361e-02 2.099571560629126072e+09 2.899585542528308034e+08
1.010000000000000000e+02 9.700000000000300000e+13 0.000000000000000000e+00 9.975593113806499046e-01 5.891612068469922331e-02 1.017564747833518968e-01 3.307314544320912736e-02 0.000000000000000000e+00 1.140435524313000437e+00 3.518671143092836490e-02 6.982632726788460016e+08 1.480159028289924562e+08
1.020000000000000000e+02 9.700000000000100000e+13 1.000000000000000000e+00 1.063256321194808507e+00 1.461645801005436070e-02 6.663583214096496787e-02 3.968946763305569898e-03 0.000000000000000000e+00 1.302355336748940662e+00 1.960572029327572324e-02 3.893744642168025374e+08 5.099664548049178720e+07
1.030000000000000000e+02 9.700000000000400000e+13 0.000000000000000000e+00 1.356668763198507488e+00 4.409259230636793092e-02 8.605560346937034255e-02 1.940523481730993885e-02 0.000000000000000000e+00 1.394567759382088434e+00 1.671430716054343041e-02 3.604375389908007979e+08 5.463326140362267196e+07
1.040000000000000000e+02 9.700000000000100000e+13 0.000000000000000000e+00 1.102759364955567145e+00 1.131582454558191370e-01 1.442425175198493448e-01 6.649389474501582464e-02 0.000000000000000000e+00 1.043891834403252616e+00 1.055709311495916375e-01 1.703408000017839670e+09 9.777045356477450132e+08
1.050000000000000000e+02 9.700000000000200000e+13 0.000000000000000000e+00 1.171526362338832783e+00 8.224985993157060693e-02 1.536680155591823027e-01 2.751478831900194127e-02 0.000000000000000000e+00 1.182529884597758318e+00 1.023892761048788985e-01 1.324439129443131447e+09 2.763302809905976057e+08
1.060000000000000000e+02 9.700000000000100000e+13 0.000000000000000000e+00 1.030674798174854523e+00 8.748344209164723995e-02 1.165517820280466271e-01 2.218878134680394437e-02 0.000000000000000000e+00 1.241412769446413655e+00 5.767577973347414594e-02 8.371103527820118666e+08 1.727746215404996872e+08
1.070000000000000000e+02 9.700000000000100000e+13 0.000000000000000000e+00 1.436602358281110270e+00 1.653294458429198366e-01 1.752227085607360180e-01 7.773912109879266286e-02 0.000000000000000000e+00 1.274164723289718637e+00 2.033720338977685060e-01 1.996245351264611244e+09 1.083931944885434628e+09
1.080000000000000000e+02 9.700000000000100000e+13 0.000000000000000000e+00 1.114778122027473728e+00 8.299850565357184962e-02 1.061737235970752341e-01 3.089864990318559254e-02 0.000000000000000000e+00 1.352479347331834392e+00 8.210440841707386528e-02 6.125652953281593323e+08 9.751297593827544153e+07
1.090000000000000000e+02 9.700000000000100000e+13 0.000000000000000000e+00 1.268253032864256946e+00 3.106916761910529304e-02 1.198801706253994487e-01 1.819992037132110371e-02 0.000000000000000000e+00 1.411521061316370007e+00 3.232885631469377408e-02 1.030031413250214696e+09 2.150282751820870936e+08
1.100000000000000000e+02 9.700000000000700000e+13 0.000000000000000000e+00 1.170293582029002799e+00 4.921192321283964638e-02 7.555976953813749175e-02 8.981902035786278396e-03 0.000000000000000000e+00 1.246017354698384372e+00 5.195371024871771326e-02 6.660972832640794516e+08 1.303513819296965152e+08
1.110000000000000000e+02 9.700000000000100000e+13 0.000000000000000000e+00 1.108339650392622167e+00 3.868971894749784202e-02 1.118690933727636283e-01 1.780833836513271914e-02 0.000000000000000000e+00 1.089985000695731898e+00 2.217388561834678432e-02 7.595739132278965712e+08 9.409029674823699892e+07
1.120000000000000000e+02 9.700000000000100000e+13 0.000000000000000000e+00 1.026111353802359627e+00 8.092812184405771825e-02 1.883853231053591037e-01 5.496859140220430873e-02 0.000000000000000000e+00 1.178856361208614922e+00 3.872789823483108185e-02 1.355104528350337029e+09 3.790809475205867290e+08
1.130000000000000000e+02 9.700000000000400000e+13 1.000000000000000000e+00 8.957435974327129236e-01 3.221110989236395522e-02 9.336564523463626586e-02 4.403761102011742590e-02 0.000000000000000000e+00 1.173067816711897526e+00 3.559465293942207231e-02 3.511344914810524583e+08 8.712812027408811450e+07
1.140000000000000000e+02 9.700000000000400000e+13 1.000000000000000000e+00 1.030393251430285595e+00 2.761992939500447150e-02 8.341589448319698674e-02 1.050872112489169979e-02 0.000000000000000000e+00 1.219655151948694893e+00 2.897931249310782900e-02 6.278922054714488983e+08 1.568187177487561107e+08
1.150000000000000000e+02 9.700000000000100000e+13 0.000000000000000000e+00 1.142702170165722064e+00 1.084997270220222215e-01 1.800537111088895692e-01 8.290012996101168985e-02 0.000000000000000000e+00 1.265883265432904192e+00 1.229894583541942948e-01 2.242912906801877975e+09 1.250323609135135889e+09
1.160000000000000000e+02 9.700000000000100000e+13 0.000000000000000000e+00 1.077338842831567112e+00 1.904119472399847246e-01 3.470917125780115797e-01 1.514659577276241120e-01 0.000000000000000000e+00 2.508439203413079244e-01 2.314981236100466799e-01 3.752440729398097992e+09 2.807378717988121033e+09
1.170000000000000000e+02 9.700000000000200000e+13 0.000000000000000000e+00 1.259555992939862312e+00 8.692155520343457231e-02 5.895156161001841033e-02 1.455040194955113490e-02 0.000000000000000000e+00 1.329914825400833722e+00 8.718722103527039302e-02 7.183473843572524786e+08 2.318513769638982713e+08
1.180000000000000000e+02 9.700000000000100000e+13 0.000000000000000000e+00 1.263561063651402749e+00 7.519962339851332667e-02 1.872886912066510368e-01 2.725571703802982110e-02 0.000000000000000000e+00 1.349353101329217930e+00 8.106630928852631701e-02 1.347154026020968914e+09 1.811906064573301971e+08
1.190000000000000000e+02 9.700000000000100000e+13 0.000000000000000000e+00 9.395789286266735818e-01 6.567246350355235296e-02 1.128293462909296802e-01 8.273416941474301747e-03 0.000000000000000000e+00 1.288005278515466534e+00 3.816774674409028484e-02 8.195445119389067888e+08 1.293668455391941071e+08
1.200000000000000000e+02 9.700000000000100000e+13 0.000000000000000000e+00 1.242055163010392871e+00 4.708355643293157117e-02 1.347926271252730679e-01 2.736533185828346829e-02 0.000000000000000000e+00 1.640433047719303206e+00 4.019772612255355371e-02 8.644715467626222372e+08 1.682751867640231252e+08
1.210000000000000000e+02 9.700000000000200000e+13 1.000000000000000000e+00 1.104160930656702400e+00 3.132914006014208413e-02 7.604775958007255199e-02 2.670985701954713826e-02 0.000000000000000000e+00 1.253581268847241859e+00 5.320640467304239840e-02 1.022780679812717199e+09 3.603585347562928200e+08
1.220000000000000000e+02 9.700000000000100000e+13 0.000000000000000000e+00 1.157070450557249108e+00 5.722209084204149532e-02 1.443217364926389912e-01 4.576684058356319390e-02 0.000000000000000000e+00 1.124652771346888791e+00 5.295104097534191617e-02 1.586125720279082060e+09 6.333483636316602230e+08
1.230000000000000000e+02 9.700000000000100000e+13 0.000000000000000000e+00 1.146460440835004757e+00 1.131995275739504786e-01 1.952823331344118174e-01 2.557222195340935408e-02 0.000000000000000000e+00 1.355522164938716134e+00 9.821839822534597642e-02 1.493174548676985264e+09 3.826403998174737692e+08
1.240000000000000000e+02 9.700000000000100000e+13 0.000000000000000000e+00 1.092603750044241595e+00 6.616020743774789215e-02 1.016061506430529227e-01 1.208177601441358558e-02 0.000000000000000000e+00 1.281996591397221552e+00 2.775729001289032119e-02 6.902813433650305271e+08 1.313867531379473209e+08
1.250000000000000000e+02 9.700000000000100000e+13 0.000000000000000000e+00 1.282107867208975849e+00 3.039676496494421801e-02 9.752961233904840210e-02 9.692900915788749475e-03 0.000000000000000000e+00 1.258055047795160197e+00 3.176827794751588274e-02 5.951301985756510496e+08 1.388235666122992933e+08
1.260000000000000000e+02 9.700000000000100000e+13 0.000000000000000000e+00 1.068840965599279214e+00 1.665214328573624003e-01 2.750865717590035842e-01 1.109361558262453029e-01 0.000000000000000000e+00 1.069487430000193751e+00 2.233769842402365813e-01 2.478499499145518303e+09 1.660370147814303160e+09
1.270000000000000000e+02 9.700000000000100000e+13 0.000000000000000000e+00 1.021338781121442274e+00 9.633553032485746292e-02 1.392395895462831545e-01 6.907904132259175267e-02 0.000000000000000000e+00 1.069039218093061239e+00 7.251514823569045476e-02 1.658257254699407578e+09 1.017449288367670059e+09
1.280000000000000000e+02 9.700000000000100000e+13 0.000000000000000000e+00 1.159095935784372644e+00 5.808745271490033807e-02 1.194732488894409278e-01 1.630797556770026760e-02 0.000000000000000000e+00 1.256654866233212431e+00 4.002965771592593286e-02 5.973367219977951050e+08 2.449046310431261361e+08
1.290000000000000000e+02 9.700000000000100000e+13 0.000000000000000000e+00 1.006565205204122959e+00 1.122243352452938214e-01 1.851826701562393762e-01 1.087714688652979544e-01 0.000000000000000000e+00 1.224120094912576784e+00 5.208905134848735435e-02 7.074984532945636511e+08 3.189029015200098157e+08
1.300000000000000000e+02 9.700000000000100000e+13 0.000000000000000000e+00 1.207025738466974030e+00 1.497431522328676878e-01 2.457983251082483944e-01 1.192988059059247458e-01 0.000000000000000000e+00 1.240116011602506951e+00 8.779819458080206918e-02 1.360070318975119352e+09 3.614585479095637202e+08
1.310000000000000000e+02 9.700000000000100000e+13 0.000000000000000000e+00 1.006652877635836552e+00 9.496871820278678100e-02 1.532114039057582422e-01 3.543866079182834278e-02 0.000000000000000000e+00 1.204381647736017635e+00 4.944436771198109509e-02 8.676057046794648170e+08 1.643223654416879714e+08
1.320000000000000000e+02 9.700000000000400000e+13 0.000000000000000000e+00 1.073986308754821817e+00 1.290166942579644704e-01 2.690048452911087407e-01 1.111431392900631421e-01 0.000000000000000000e+00 9.986789299697761413e-01 1.109082377705788436e-01 8.860117419608885050e+08 2.864492270395543575e+08
1.330000000000000000e+02 9.700000000000100000e+13 1.000000000000000000e+00 1.140776077417477552e+00 1.202577282637746874e-02 5.266114978173080247e-02 1.313370403452050056e-02 0.000000000000000000e+00 1.136750378243014614e+00 2.104075918371266229e-02 4.237331718775229454e+08 1.728748125879451036e+08
1.340000000000000000e+02 9.700000000000100000e+13 0.000000000000000000e+00 1.061453537670538960e+00 7.178931764255189196e-02 2.030463694476155878e-01 7.606831508484250548e-02 0.000000000000000000e+00 1.226618971258362167e+00 3.426734483544618265e-02 1.012853689794277072e+09 2.239019014543565512e+08
1.350000000000000000e+02 9.700000000000100000e+13 0.000000000000000000e+00 1.156450553280313986e+00 1.843996672861136429e-02 2.037449085215178590e-01 5.534656129963545779e-02 0.000000000000000000e+00 1.190710911053542542e+00 4.091681294031090932e-02 2.293100776094676018e+09 7.670522978631618023e+08
1.360000000000000000e+02 9.700000000000400000e+13 0.000000000000000000e+00 1.205548161082957703e+00 9.816955655957740334e-02 1.124664231864747899e-01 2.790153837787128638e-02 0.000000000000000000e+00 1.199601486569709108e+00 9.563448990563423735e-02 1.211878400727838755e+09 4.258125773428401947e+08
1.370000000000000000e+02 9.700000000000100000e+13 0.000000000000000000e+00 1.179347813403488043e+00 7.672898464031260857e-02 1.541805826519234424e-01 3.404432261661401171e-02 0.000000000000000000e+00 1.081309416702538551e+00 1.172200906785602903e-01 1.665062059086643457e+09 4.285365222929587364e+08
1.380000000000000000e+02 9.700000000000100000e+13 0.000000000000000000e+00 1.189344214912565922e+00 3.504242788600130804e-02 1.262538414819313615e-01 3.618985956488606631e-02 0.000000000000000000e+00 9.948528939638905388e-01 5.327240362107124594e-02 1.488111103862407446e+09 5.082222365408219099e+08
1.390000000000000000e+02 9.700000000000100000e+13 0.000000000000000000e+00 1.045859997360373717e+00 1.508257538266259967e-01 2.721470251481800662e-01 1.342112044853139841e-01 0.000000000000000000e+00 1.201109496134864729e+00 8.435654523636569591e-02 1.545739435887221813e+09 3.507026364358836412e+08
1.400000000000000000e+02 9.700000000000100000e+13 0.000000000000000000e+00 1.084899036374848746e+00 8.976763199572081187e-02 3.049344515061697125e-01 1.462815580921149328e-01 0.000000000000000000e+00 1.221557165227677100e+00 1.503115543169680490e-01 1.625048151277985811e+09 2.438372254336421192e+08
1.410000000000000000e+02 9.700000000000100000e+13 0.000000000000000000e+00 1.357149669249984703e+00 1.174976499171374311e-01 3.879791963432902002e-01 1.628368468576618100e-01 0.000000000000000000e+00 1.455651815443520070e+00 1.325459084984879354e-01 2.616699303923011303e+09 8.544597742551771402e+08
1.420000000000000000e+02 9.700000000000100000e+13 0.000000000000000000e+00 1.160814159763690068e+00 1.078339468424242970e-01 1.691994696190354253e-01 5.258445335394505010e-02 0.000000000000000000e+00 1.286793735569007557e+00 1.031188012292199169e-01 1.782178868389877558e+09 7.457718058779304028e+08
1.430000000000000000e+02 9.700000000000100000e+13 0.000000000000000000e+00 1.019679407814575223e+00 5.606301140099157615e-02 1.517932867352337345e-01 7.174971530025735234e-02 0.000000000000000000e+00 1.252755399514670520e+00 2.585818651727271600e-02 3.378920956662034988e+08 4.539091687289173156e+07
1.440000000000000000e+02 9.700000000000200000e+13 0.000000000000000000e+00 1.625861286930157412e+00 7.613378860436806339e-02 1.503729025769786343e-01 2.574940266472279526e-02 0.000000000000000000e+00 1.623023800599750821e+00 7.420419335613816225e-02 1.579485749265022278e+09 3.267484015920971632e+08
1.450000000000000000e+02 9.700000000000100000e+13 0.000000000000000000e+00 1.127456880625965718e+00 4.962734613575248838e-02 7.569689412699515119e-02 1.240547879685559296e-02 0.000000000000000000e+00 1.072873520983218087e+00 2.914408967223964045e-02 3.881322345497593284e+08 6.569088312255088985e+07
1.460000000000000000e+02 9.700000000000100000e+13 0.000000000000000000e+00 1.082857385414595308e+00 5.260820574663858940e-02 5.937402925023877592e-02 1.057700573065902504e-02 0.000000000000000000e+00 1.256624211510726230e+00 4.847691339182568643e-02 5.675376015611277819e+08 1.425939476435922682e+08
1.470000000000000000e+02 9.700000000000100000e+13 0.000000000000000000e+00 1.099841962532668527e+00 1.553995151305549438e-01 4.528907348034237890e-01 2.317773544679858078e-01 0.000000000000000000e+00 1.346496313817628021e+00 1.508451406550972707e-01 2.029404192373040915e+09 1.089346377149638891e+09
1.480000000000000000e+02 9.700000000000300000e+13 0.000000000000000000e+00 1.314325515721303850e+00 9.718032755449919347e-02 1.446375538352616952e-01 5.424841524053149872e-02 0.000000000000000000e+00 1.517703813855964201e+00 1.055837139885649062e-01 1.555682498844495058e+09 9.064150166809431314e+08
1.490000000000000000e+02 9.700000000000200000e+13 0.000000000000000000e+00 1.208441825020785565e+00 1.731011662938604367e-02 3.160054002323641614e-02 3.090093243565300227e-03 0.000000000000000000e+00 1.044576481978200411e+00 1.629903635540151663e-02 3.571938948469241261e+08 4.111040248571922630e+07
1.500000000000000000e+02 9.700000000000100000e+13 0.000000000000000000e+00 9.578771766253671993e-01 2.338718935311946134e-01 1.526418426174472320e-01 4.613880226610038437e-02 0.000000000000000000e+00 9.947218219129955186e-01 1.595754835487490642e-01 1.320666707345617294e+09 4.970396763826885223e+08
1.510000000000000000e+02 9.700000000000100000e+13 0.000000000000000000e+00 1.447325304739089935e+00 1.220025509214075765e-01 1.595353826615059367e-01 9.725879147462504482e-02 0.000000000000000000e+00 1.526681196387264183e+00 1.361096246378910024e-01 1.830057446912291050e+09 1.242813733968586683e+09
1.520000000000000000e+02 9.700000000000100000e+13 0.000000000000000000e+00 2.349544401857243336e+00 6.240800124277155053e-02 2.031444387056125789e-01 3.824357556087924076e-02 0.000000000000000000e+00 2.319946037757861124e+00 4.675199529533832776e-02 1.611887705223185301e+09 4.811316462624939680e+08
1.530000000000000000e+02 9.700000000000100000e+13 0.000000000000000000e+00 1.186463965951095823e+00 5.628684081813487006e-02 1.269367889493216439e-01 2.927417219773431264e-02 0.000000000000000000e+00 1.339851782854724505e+00 3.729949237977921855e-02 1.165272614073714018e+09 4.466063922358986139e+08
1.540000000000000000e+02 9.700000000000100000e+13 0.000000000000000000e+00 1.187666442594920380e+00 5.787315522414701596e-02 1.203156564678101725e-01 1.432468968907459755e-02 0.000000000000000000e+00 1.377901463513804936e+00 4.832031049883239726e-02 9.437649624573000669e+08 2.130342548922379017e+08
1.550000000000000000e+02 9.700000000000100000e+13 0.000000000000000000e+00 1.131769719551348308e+00 6.298594030789483877e-02 1.377687569347356145e-01 3.357735172136003948e-02 0.000000000000000000e+00 1.106474359640521099e+00 8.892843309060716184e-02 1.450502550959387541e+09 4.633241294685810804e+08
1.560000000000000000e+02 9.700000000000100000e+13 0.000000000000000000e+00 1.215508952783572294e+00 1.175839083070339963e-01 1.934994691613125539e-01 5.729318008157642528e-02 0.000000000000000000e+00 1.285835315045637639e+00 1.378071211774620497e-01 1.977257444076542854e+09 8.560676953082979918e+08
1.570000000000000000e+02 9.700000000000100000e+13 0.000000000000000000e+00 1.051197289603660545e+00 3.428343377374416107e-02 1.164645082274263360e-01 2.001734995248478921e-02 0.000000000000000000e+00 1.259254357593290186e+00 5.144255410051260663e-02 1.217000653803375721e+09 3.062675132006296515e+08
1.580000000000000000e+02 9.700000000000300000e+13 0.000000000000000000e+00 1.199659885769764234e+00 3.747147656823387324e-02 1.168433728141405753e-01 4.488763832760508943e-02 0.000000000000000000e+00 1.368478118145874722e+00 3.108488710818958084e-02 1.029006017887812734e+09 1.188059964664929062e+08
1.590000000000000000e+02 9.700000000000200000e+13 0.000000000000000000e+00 8.174209549765384386e-01 1.786061408683173035e-01 2.351161421852857591e-01 1.024570773651910238e-01 0.000000000000000000e+00 1.373250402975232820e+00 3.151797530293172500e-02 8.511898801026018858e+08 3.808803721717904210e+08
1.600000000000000000e+02 9.700000000000100000e+13 0.000000000000000000e+00 1.360874192841295738e+00 7.302286559673908106e-02 1.287981415552454934e-01 4.156293602575229784e-02 0.000000000000000000e+00 1.356847276583670547e+00 1.096296986784944943e-01 1.366047978808417559e+09 5.060031583608394861e+08
1.610000000000000000e+02 9.700000000000100000e+13 0.000000000000000000e+00 1.212414483997438897e+00 4.271915568890425480e-02 1.920786465818445643e-01 3.147445447953062247e-02 0.000000000000000000e+00 1.170713113226484081e+00 4.881382318244917307e-02 2.126073745413563967e+09 4.131527418221619725e+08
1.620000000000000000e+02 9.700000000000100000e+13 0.000000000000000000e+00 1.204278884801609717e+00 4.611654853578713714e-02 1.337533139675389227e-01 2.252815451390567311e-02 0.000000000000000000e+00 1.352691828482271319e+00 5.988465530229142991e-02 1.275284842191531658e+09 3.591872204434373379e+08
1.630000000000000000e+02 9.700000000000100000e+13 0.000000000000000000e+00 1.592876002395710255e+00 1.065405899457601280e-01 1.604004949554850012e-01 4.610217710646775241e-02 0.000000000000000000e+00 1.309566088632904357e+00 1.205476045123208134e-01 1.818928807870329618e+09 6.514872937713693380e+08
1.640000000000000000e+02 9.700000000000100000e+13 0.000000000000000000e+00 1.296770828068267267e+00 7.324479653336836427e-02 1.483772807453284104e-01 7.991490456261157727e-02 0.000000000000000000e+00 1.357256560406217005e+00 1.139693731369968849e-01 1.674266188377774477e+09 1.061140643210767627e+09
1.650000000000000000e+02 9.700000000000100000e+13 0.000000000000000000e+00 1.046517971858486495e+00 2.294777195793562818e-01 3.282378177899651361e-01 1.863653878897043592e-01 0.000000000000000000e+00 1.148029601468314675e+00 4.764294995028230811e-02 9.400959637736117840e+08 1.467121032016963363e+08
1.660000000000000000e+02 9.700000000000100000e+13 0.000000000000000000e+00 1.142679965412483956e+00 1.090675847841684060e-01 1.224539701435024830e-01 2.374885173933536861e-02 0.000000000000000000e+00 1.131205587975439464e+00 6.785954474653481394e-02 8.884055468460009098e+08 3.427907515839029551e+08
1.670000000000000000e+02 9.700000000000300000e+13 0.000000000000000000e+00 1.178146791677105343e+00 8.928418271396172667e-02 8.071198718831296137e-02 1.280893339806810256e-02 0.000000000000000000e+00 1.068739545086185849e+00 1.045398589437757791e-01 8.913976070428066254e+08 1.822215461504395604e+08
1.680000000000000000e+02 9.700000000000200000e+13 0.000000000000000000e+00 1.341844763714462374e+00 3.069003368407610122e-01 1.296787247056219727e-01 2.643602653803399372e-02 0.000000000000000000e+00 1.151814126163367868e+00 3.292202305163675069e-01 1.562452989199781895e+09 3.937597074365344048e+08
1.690000000000000000e+02 9.700000000000200000e+13 0.000000000000000000e+00 1.654622893584781984e+00 4.657118225146773816e-02 1.059555714311470054e-01 2.833393430209497563e-02 0.000000000000000000e+00 1.703022931556978037e+00 6.917689171107431478e-02 1.146685192987107277e+09 3.809411232795321345e+08
1.700000000000000000e+02 9.700000000000100000e+13 0.000000000000000000e+00 1.480614514272057258e+00 9.738516947287140235e-02 2.162253255649815298e-01 7.609709517153571967e-02 0.000000000000000000e+00 1.578246522493705450e+00 1.772236896426918340e-01 2.058772650719185829e+09 1.178721228906431437e+09
1.710000000000000000e+02 9.700000000000600000e+13 0.000000000000000000e+00 1.943825036587933042e+00 1.858093298402210478e-02 5.106038324094898384e-02 1.053024601901583757e-02 0.000000000000000000e+00 1.645936570218708539e+00 2.981247032355898927e-02 6.001475756855762005e+08 1.414132384020962417e+08
1.720000000000000000e+02 9.700000000000100000e+13 0.000000000000000000e+00 1.465631482208038294e+00 2.387105392041208862e-01 3.885352501509254375e-01 1.556808986166236253e-01 0.000000000000000000e+00 7.645293439918279255e-01 2.619092053763736327e-01 4.006841577106431961e+09 2.551056209272311211e+09
1.730000000000000000e+02 9.700000000000100000e+13 0.000000000000000000e+00 1.124830036363691832e+00 4.113200953358744916e-02 7.290496345096722508e-02 1.388024002349880388e-02 0.000000000000000000e+00 1.327444910358606789e+00 4.378125055147009254e-02 6.737393417592546940e+08 2.027212097627820075e+08
1.740000000000000000e+02 9.700000000000300000e+13 1.000000000000000000e+00 1.012518713316256314e+00 3.592842181727527034e-02 9.535921551029101495e-02 3.499741393735643358e-02 0.000000000000000000e+00 1.190345484691121891e+00 4.237739158549772706e-02 8.336088746719367504e+08 5.408666139461917877e+08
1.750000000000000000e+02 9.700000000000200000e+13 0.000000000000000000e+00 1.380454481636097741e+00 6.163812445289430092e-02 1.600532750050365771e-01 7.209287027024804950e-02 0.000000000000000000e+00 1.372665373356423579e+00 6.169490691868348420e-02 1.812238836162116766e+09 9.381915492979824543e+08
1.760000000000000000e+02 9.700000000000100000e+13 0.000000000000000000e+00 1.139069211503575429e+00 5.100718091297400808e-02 1.655343841381583525e-01 3.319173357191627927e-02 0.000000000000000000e+00 1.223586033389864713e+00 3.430121602450432461e-02 1.339950129964201212e+09 5.197115602787409425e+08
1.770000000000000000e+02 9.700000000000100000e+13 0.000000000000000000e+00 1.006278778937910845e+00 8.382951076593628259e-02 2.863325656683339271e-01 1.356935767899349887e-01 0.000000000000000000e+00 1.270929375910641035e+00 4.530220187338139526e-02 1.107501687274958611e+09 4.367547223537089229e+08
1.780000000000000000e+02 9.700000000000100000e+13 0.000000000000000000e+00 1.160485581774545638e+00 1.182936112665428363e-01 1.325173108829723334e-01 5.770156438026474016e-02 0.000000000000000000e+00 1.052723469382986998e+00 8.781993357419648483e-02 7.388897579254916906e+08 1.066749894433892071e+08
1.790000000000000000e+02 9.700000000000100000e+13 0.000000000000000000e+00 1.202955963898186598e+00 1.743350028014439140e-02 1.022686121739488224e-01 8.507210153871472280e-03 0.000000000000000000e+00 1.372048015721424985e+00 9.499292859365866121e-03 7.460090802929022312e+08 1.190146687026152015e+08
1.800000000000000000e+02 9.700000000000100000e+13 0.000000000000000000e+00 1.356447800679610127e+00 6.472434114715032438e-02 1.162320648497435632e-01 3.139168397406010003e-02 0.000000000000000000e+00 1.231587089899153664e+00 2.485768978543081639e-02 6.030253276171209812e+08 2.808112452045762539e+08
1.810000000000000000e+02 9.700000000000100000e+13 0.000000000000000000e+00 1.142858047657891341e+00 4.139184181497351789e-02 1.252599292970420497e-01 6.052951675642177787e-02 0.000000000000000000e+00 1.434749692811875255e+00 5.679655522474436058e-02 5.277640634590387940e+08 6.027805814840849489e+07
1.820000000000000000e+02 9.700000000000500000e+13 1.000000000000000000e+00 1.144628471528009506e+00 2.192969487633089631e-02 4.757447867480027459e-02 2.354577707445315235e-02 0.000000000000000000e+00 1.203243986506913332e+00 3.726087582562336714e-02 4.324498928379076123e+08 3.245405257086526155e+08
1.830000000000000000e+02 9.700000000000100000e+13 1.000000000000000000e+00 1.039946918675122900e+00 3.396185892181918797e-02 9.960911390053606151e-02 1.819080728199140226e-02 0.000000000000000000e+00 1.287489034942311150e+00 7.062818080528725229e-02 1.092719104232642412e+09 2.724560698147413731e+08
1.840000000000000000e+02 9.700000000000100000e+13 0.000000000000000000e+00 1.366845849405856628e+00 9.396555681707129126e-02 1.672839253834233764e-01 8.336434501328651714e-02 0.000000000000000000e+00 1.498597826090369844e+00 1.233738177601111652e-01 1.811775241214473248e+09 1.071438483564853191e+09
1.850000000000000000e+02 9.700000000000200000e+13 0.000000000000000000e+00 2.654092244007083323e+00 3.061702322823875444e-02 7.753332961805624313e-02 3.846943852875027436e-02 0.000000000000000000e+00 2.654888397285349200e+00 4.435507159076108180e-02 8.457579185470346212e+08 5.395063979930505753e+08
1.860000000000000000e+02 9.700000000000100000e+13 0.000000000000000000e+00 1.457068699763743203e+00 3.652548605560579364e-02 1.160908288282774675e-01 1.837508585106455150e-02 0.000000000000000000e+00 1.630243692253985799e+00 6.060882964933906464e-02 1.037938667832357764e+09 2.416233657024508417e+08
1.870000000000000000e+02 9.700000000000100000e+13 0.000000000000000000e+00 1.278602988124185380e+00 1.072993127193966056e-01 1.961331108030705261e-01 6.225731995972223765e-02 0.000000000000000000e+00 1.251499736427060583e+00 1.519989384210147509e-01 2.106984082793957233e+09 8.927311952402447462e+08
1.880000000000000000e+02 9.700000000000100000e+13 0.000000000000000000e+00 1.183680151538500036e+00 3.436222439105103554e-02 6.260983016927652856e-02 8.374538938527189072e-03 0.000000000000000000e+00 1.333106012111646033e+00 1.641334009680634615e-02 4.252125758787985444e+08 5.950332529863267392e+07
1.890000000000000000e+02 9.700000000000100000e+13 0.000000000000000000e+00 1.519493353459734797e+00 1.791469915502544585e-01 2.736790997747656218e-01 6.380205153254366046e-02 0.000000000000000000e+00 1.495527080151020094e+00 2.502279537195716275e-01 2.333983050512778282e+09 5.446698852037221193e+08
1.900000000000000000e+02 9.700000000000100000e+13 0.000000000000000000e+00 1.038337417159760134e+00 4.836340279339557818e-02 8.450757994952427798e-02 1.282278990959394294e-02 0.000000000000000000e+00 1.227889820969176649e+00 3.323120602972409743e-02 4.391979278795089722e+08 5.449710750949195772e+07
1.910000000000000000e+02 9.700000000000100000e+13 0.000000000000000000e+00 1.120358410757206657e+00 3.671520657795308840e-02 1.236977420004926193e-01 3.138924964732752593e-02 0.000000000000000000e+00 1.114397665345295385e+00 1.746062015865657360e-02 1.008557467794094086e+09 4.575214395086295605e+08
1.920000000000000000e+02 9.700000000001000000e+13 0.000000000000000000e+00 1.568922031201790190e+00 7.360389079209209151e-02 8.392718675849296373e-02 2.310195420259660015e-02 0.000000000000000000e+00 1.578086043968270902e+00 6.331786964028916775e-02 1.255218362477680683e+09 3.513990358480774164e+08
1.930000000000000000e+02 9.700000000000100000e+13 0.000000000000000000e+00 1.173835483940125490e+00 8.099459492473351854e-03 1.393300585068883990e-01 4.328047069055258878e-02 0.000000000000000000e+00 1.287320923090611524e+00 2.168118131152566019e-02 1.734112811783613682e+09 6.234236217416194677e+08
1.940000000000000000e+02 9.700000000000100000e+13 0.000000000000000000e+00 1.175286446763347259e+00 1.419704475089368645e-01 1.849354362001941754e-01 4.165903471913778161e-02 0.000000000000000000e+00 1.135997321798019488e+00 1.191596957350294916e-01 1.218281844445538044e+09 3.262004364869329929e+08
1.950000000000000000e+02 9.700000000000200000e+13 0.000000000000000000e+00 1.059013276976666917e+00 1.133860229018872762e-01 1.826934419984978242e-01 7.665467779657186842e-02 0.000000000000000000e+00 9.867089243336997217e-01 1.253441232941224226e-01 2.312265889426116943e+09 1.091996929541541338e+09
1.960000000000000000e+02 9.700000000000100000e+13 0.000000000000000000e+00 1.978344908689827930e+00 1.130493399895714096e-01 1.741119096294760638e-01 3.472930304504174420e-02 0.000000000000000000e+00 1.991640037570389321e+00 1.539833950893756964e-01 1.901940144616825581e+09 4.021955816004229784e+08
1.970000000000000000e+02 9.700000000000100000e+13 0.000000000000000000e+00 1.137795345699665894e+00 4.362407261319398155e-02 9.598450389110500802e-02 1.188110170582015387e-02 0.000000000000000000e+00 1.288186586892260621e+00 4.438863109369520915e-02 9.143291837693675756e+08 1.646437775294425786e+08
1.980000000000000000e+02 9.700000000000400000e+13 0.000000000000000000e+00 1.144767016613393196e+00 8.620390832446726825e-02 1.510185523495165272e-01 5.615906141685550468e-02 0.000000000000000000e+00 1.392705290419606445e+00 7.273129300855428470e-02 8.624942225042145252e+08 1.431198009282371998e+08
1.990000000000000000e+02 9.700000000000300000e+13 1.000000000000000000e+00 1.126829495757395216e+00 2.123402106649307022e-02 2.689649254612030971e-02 5.348443320097135897e-03 0.000000000000000000e+00 1.170912343674518574e+00 2.793923554859677194e-02 4.053769253511566520e+08 8.061034370180927217e+07
2.000000000000000000e+02 9.700000000000100000e+13 0.000000000000000000e+00 1.094153305381067032e+00 5.209962391342788657e-02 8.821961641545157662e-02 2.143975345676887509e-02 0.000000000000000000e+00 1.172772428870557659e+00 1.809955142085075894e-02 5.732334058170834780e+08 1.289582987236285061e+08
2.010000000000000000e+02 9.700000000000100000e+13 0.000000000000000000e+00 1.117990852924060974e+00 4.268112764619693550e-02 1.050613204711540322e-01 2.767015460915631803e-02 0.000000000000000000e+00 1.012348135393800863e+00 4.563574842988451369e-02 8.755962076368792057e+08 3.257426343427121639e+08
2.020000000000000000e+02 9.700000000000100000e+13 0.000000000000000000e+00 1.151203852032571140e+00 9.417980748459413298e-02 1.603524620758411401e-01 4.254678209477633088e-02 0.000000000000000000e+00 9.860710749112410189e-01 1.006460607354262432e-01 1.593648579929450274e+09 5.729674776234099865e+08
2.030000000000000000e+02 9.700000000000100000e+13 0.000000000000000000e+00 9.148397543888856509e-01 8.148621860234374348e-02 1.629590280706200434e-01 5.550184568533401974e-02 0.000000000000000000e+00 1.319101361272257300e+00 2.062559425947417535e-02 8.855034781450531483e+08 3.007941742885552645e+08
2.040000000000000000e+02 9.700000000000100000e+13 0.000000000000000000e+00 1.011610488477766578e+00 6.830991348335573032e-02 1.224519841959177541e-01 1.692273559789278861e-02 0.000000000000000000e+00 1.181065180912638235e+00 1.195970928879155487e-01 1.184381760737267494e+09 2.767270070554081202e+08
2.050000000000000000e+02 9.700000000000200000e+13 0.000000000000000000e+00 1.311875437172165704e+00 1.050605915699322074e-01 1.620913539020963634e-01 4.244808682956392049e-02 0.000000000000000000e+00 1.301809252272703388e+00 1.250558311063795502e-01 1.754306051436557770e+09 5.467876346116766930e+08
2.060000000000000000e+02 9.700000000000100000e+13 1.000000000000000000e+00 1.012328722214577814e+00 3.426943580101704523e-02 6.481441190601186508e-02 1.202476972271273800e-02 0.000000000000000000e+00 1.137280004569710234e+00 3.865586533597498847e-02 4.723987946778576374e+08 8.322335396649858356e+07
2.070000000000000000e+02 9.700000000000200000e+13 0.000000000000000000e+00 1.285027946994429682e+00 3.788530180783639817e-02 8.565352075725583825e-02 2.792557205341186788e-02 0.000000000000000000e+00 1.338186736948915767e+00 2.940254933737364643e-02 7.766053614860625267e+08 1.699726456894083023e+08
2.080000000000000000e+02 9.700000000000200000e+13 0.000000000000000000e+00 1.232274719092606219e+00 9.743096739646374405e-02 2.293049976922008348e-01 1.079664629728934455e-01 0.000000000000000000e+00 1.183059285042301179e+00 8.674357930339825218e-02 1.656807213900071621e+09 6.592935888149290085e+08
2.090000000000000000e+02 9.700000000000100000e+13 1.000000000000000000e+00 1.106485070798036707e+00 2.531370065725989729e-02 8.588003389232976015e-02 1.003914043282828732e-02 0.000000000000000000e+00 1.092947626863813859e+00 3.154337216242890374e-02 5.386694481137690544e+08 1.552212013313401043e+08
2.100000000000000000e+02 9.700000000000100000e+13 0.000000000000000000e+00 1.231715186015659658e+00 4.556676354548282182e-02 8.944186985365706888e-02 9.697599622201688932e-03 0.000000000000000000e+00 1.348748859261645006e+00 7.256494607310409739e-02 9.470063399558367729e+08 1.365440917059865594e+08
2.110000000000000000e+02 9.700000000000100000e+13 0.000000000000000000e+00 1.012539992785773002e+00 1.672896708739493310e-01 2.789912005847572374e-01 1.585783395501115800e-01 0.000000000000000000e+00 1.146945708707217237e+00 1.090588819706550389e-01 1.208409106786770582e+09 3.776468791586419940e+08
2.120000000000000000e+02 9.700000000000100000e+13 0.000000000000000000e+00 1.125431005978001497e+00 4.810880193928389337e-02 1.195118001302576394e-01 4.308846916983475467e-02 0.000000000000000000e+00 1.091107281555512953e+00 1.892150618049994598e-02 1.252028968862608194e+09 5.933339470813430548e+08
2.130000000000000000e+02 9.700000000000200000e+13 0.000000000000000000e+00 9.523199704757517869e-01 1.498977333369772569e-01 2.039225818549984526e-01 1.622009948496720422e-01 0.000000000000000000e+00 1.249823200121472855e+00 4.847695778267959582e-02 5.032167219535341859e+08 2.067612751488007903e+08
2.140000000000000000e+02 9.700000000000100000e+13 0.000000000000000000e+00 1.292725424103700949e+00 1.237454716116092313e-01 1.848527137706981738e-01 8.228292591571423342e-02 0.000000000000000000e+00 1.321114171445549879e+00 1.713815658221872762e-01 1.901405330011620522e+09 1.167207429894334793e+09
2.150000000000000000e+02 9.700000000000100000e+13 1.000000000000000000e+00 1.071139642402520575e+00 2.950106891659229347e-02 5.738975279942582636e-02 1.234040255838620911e-02 0.000000000000000000e+00 1.183567249868755278e+00 6.010905720280305259e-02 5.526407983880152702e+08 1.734997339346126318e+08
2.160000000000000000e+02 9.700000000000100000e+13 0.000000000000000000e+00 1.002509058331289227e+00 1.028227477497784398e-01 2.404108544759257227e-01 7.883614158606468136e-02 0.000000000000000000e+00 1.219819039178698272e+00 1.006439385932055702e-01 2.886482121237674713e+09 1.486438239670881271e+09
2.170000000000000000e+02 9.700000000000200000e+13 0.000000000000000000e+00 1.098859499414396090e+00 4.101177967983200140e-02 9.865875417225834776e-02 1.501307594370462212e-02 0.000000000000000000e+00 1.256875137691041866e+00 2.462876574404099933e-02 6.388895494302293062e+08 2.122766462637388408e+08
2.180000000000000000e+02 9.700000000000200000e+13 0.000000000000000000e+00 1.161216157617269040e+00 4.712227400468645827e-02 1.549567444271752192e-01 5.243676296040541973e-02 0.000000000000000000e+00 1.103952648919748425e+00 6.166925792796183053e-02 1.838504394256655455e+09 6.766007077786958218e+08
2.190000000000000000e+02 9.700000000000100000e+13 0.000000000000000000e+00 9.869997408806344685e-01 1.641711317411604365e-01 2.455698189961308120e-01 1.081365611914983788e-01 0.000000000000000000e+00 1.060533261563640028e+00 1.928454805708857411e-01 2.555632555725550652e+09 1.872221317357327461e+09
2.200000000000000000e+02 9.700000000000100000e+13 0.000000000000000000e+00 9.123309361405167461e-01 5.577174766909726716e-02 1.251222753144858313e-01 5.014472244489127234e-02 0.000000000000000000e+00 1.148765147901500416e+00 3.246915234290365104e-02 8.363025968703194857e+08 2.772432070280408859e+08
2.210000000000000000e+02 9.700000000000100000e+13 0.000000000000000000e+00 1.079328024151323007e+00 3.146077723074462013e-02 1.142703429240232854e-01 3.083673353810971116e-02 0.000000000000000000e+00 1.105062538690618990e+00 2.186214879052026175e-02 1.087801717848575115e+09 4.416354856001331210e+08
2.220000000000000000e+02 9.700000000000100000e+13 0.000000000000000000e+00 1.047880742593413350e+00 4.721309638425805894e-02 1.035826557002253873e-01 2.453439916981499033e-02 0.000000000000000000e+00 1.270754430825381753e+00 5.050744907055897820e-02 8.455986743934201002e+08 3.574235876208468080e+08
2.230000000000000000e+02 9.700000000000100000e+13 0.000000000000000000e+00 2.055395891712688439e+00 4.810811513895570102e-02 2.149030088688426987e-01 6.008500973653379401e-02 0.000000000000000000e+00 1.833681786603933661e+00 4.698624773723130560e-02 2.584100993977512836e+09 8.599295256562064886e+08
2.240000000000000000e+02 9.700000000000100000e+13 0.000000000000000000e+00 1.191295690488947789e+00 7.265011027918023834e-02 2.744188252105229653e-01 7.674959472177464437e-02 0.000000000000000000e+00 1.127209480828027521e+00 5.650515673290321811e-02 1.956949426510128021e+09 5.476889523576409817e+08
2.250000000000000000e+02 9.700000000000100000e+13 0.000000000000000000e+00 1.144980968986323289e+00 4.240817880577590904e-02 8.831483347021040764e-02 1.638536933499259302e-02 0.000000000000000000e+00 1.162570829464951272e+00 1.135280878435674171e-02 7.257061073136241436e+08 2.194800819424034953e+08
2.260000000000000000e+02 9.700000000000100000e+13 0.000000000000000000e+00 1.357449581189068777e+00 3.991270354832502504e-02 1.444117658285440642e-01 3.123591155810983427e-02 0.000000000000000000e+00 1.436810864259872700e+00 3.046587422239372192e-02 1.259335001600245953e+09 4.667998911967829466e+08
2.270000000000000000e+02 9.700000000000100000e+13 0.000000000000000000e+00 1.105368510301407481e+00 1.986376473134524312e-01 2.307364707850386720e-01 1.531035225803524802e-01 0.000000000000000000e+00 1.049956483997100287e+00 1.942128459051714606e-01 2.837541275966897488e+09 2.279978044249282360e+09
2.280000000000000000e+02 9.700000000000300000e+13 0.000000000000000000e+00 1.134293256147081319e+00 9.124671717507423785e-02 1.214710459213788202e-01 6.451186400661078346e-02 0.000000000000000000e+00 1.072956968207541939e+00 1.297851045568996498e-01 1.229380994956447124e+09 8.486865462010470629e+08
2.290000000000000000e+02 9.700000000000100000e+13 0.000000000000000000e+00 1.117844800476763156e+00 5.667645266587004182e-02 1.459507219555844781e-01 2.067622043258584424e-02 0.000000000000000000e+00 1.266250375998956512e+00 4.632587226570111100e-02 1.443301077028392076e+09 2.849913913543587327e+08
2.300000000000000000e+02 9.700000000000100000e+13 0.000000000000000000e+00 1.195695949645273481e+00 4.018671092724172139e-02 1.124624113306939704e-01 1.458250171776330831e-02 0.000000000000000000e+00 1.248723387336603929e+00 1.877148075390471654e-02 8.622182408641921282e+08 1.810187637086266875e+08
2.310000000000000000e+02 9.700000000000200000e+13 0.000000000000000000e+00 9.747591828868803487e-01 3.747090339009209736e-02 1.129168779888725521e-01 3.006940697046947553e-02 0.000000000000000000e+00 1.131496146460078789e+00 2.205841267372435008e-02 4.598539824324836135e+08 1.263894444021873623e+08
2.320000000000000000e+02 9.700000000000100000e+13 0.000000000000000000e+00 1.101700813677588542e+00 4.269654521572141537e-02 1.010611020082530925e-01 9.594167812929849104e-03 0.000000000000000000e+00 1.286321996165232795e+00 3.720601443098845579e-02 7.740573282685191631e+08 1.288692364174305052e+08
2.330000000000000000e+02 9.700000000000100000e+13 1.000000000000000000e+00 1.085689241003171546e+00 3.363997976571997395e-02 8.754386865761865089e-02 1.965874965874965866e-02 0.000000000000000000e+00 1.155238683683597722e+00 1.067287709110843925e-02 4.633577687877184749e+08 5.969993572364240885e+07
2.340000000000000000e+02 9.700000000000100000e+13 0.000000000000000000e+00 1.158449057154521400e+00 2.023255769344173630e-02 4.370585147147586225e-02 3.640668154299197233e-03 0.000000000000000000e+00 1.142270530955916241e+00 1.729171127728709040e-02 4.095309426421846747e+08 5.100269234825842083e+07
2.350000000000000000e+02 9.700000000000100000e+13 0.000000000000000000e+00 1.189962216388115168e+00 7.649465590654670744e-02 1.979323754386816958e-01 4.938013819232777574e-02 0.000000000000000000e+00 1.108424313643259440e+00 8.855295969214428686e-02 1.761062120086442709e+09 6.221362380767257214e+08
2.360000000000000000e+02 9.700000000000300000e+13 0.000000000000000000e+00 1.074508195202409366e+00 3.211335151822212325e-02 1.422698096406221635e-01 4.906339236891670008e-02 0.000000000000000000e+00 1.092090565838043981e+00 4.619577340035348201e-02 1.553464940069134235e+09 7.746186948470528126e+08
2.370000000000000000e+02 9.700000000000100000e+13 0.000000000000000000e+00 1.464600425821414031e+00 1.070496465356060162e-01 1.605288764187165207e-01 3.664528922830260355e-02 0.000000000000000000e+00 1.602127081233575501e+00 6.618519364503287761e-02 1.273491324239561796e+09 2.345694546200258136e+08
2.380000000000000000e+02 9.700000000000100000e+13 0.000000000000000000e+00 9.902088812983739219e-01 3.284015475316456878e-02 1.108202026268860080e-01 3.727402969523313514e-02 0.000000000000000000e+00 1.112030499165323816e+00 2.416801480632018578e-02 4.303903398703193069e+08 6.860452685942657292e+07
2.390000000000000000e+02 9.700000000000100000e+13 0.000000000000000000e+00 1.171439459987662079e+00 1.773054303943156218e-01 1.928199551979561110e-01 1.062437966400764655e-01 0.000000000000000000e+00 1.089135606512149135e+00 2.085010226710453662e-01 2.358790838235651493e+09 1.537763347907680988e+09
2.400000000000000000e+02 9.700000000000100000e+13 0.000000000000000000e+00 1.052352979766056018e+00 1.746547582570237914e-02 1.131424915549789773e-01 2.137074695263206647e-02 0.000000000000000000e+00 9.473465366710053237e-01 2.082383260451500795e-02 1.309947092423384190e+09 3.271062302195677161e+08
2.410000000000000000e+02 9.700000000000100000e+13 0.000000000000000000e+00 1.166684109789140944e+00 3.257459265229323275e-02 9.197028060893486234e-02 2.785308717102781551e-02 0.000000000000000000e+00 1.142033946671222377e+00 4.377458182506455131e-02 1.053692078174866796e+09 3.496203734179708362e+08
2.420000000000000000e+02 9.700000000000100000e+13 0.000000000000000000e+00 1.115720059511199791e+00 1.742378097862778141e-01 2.451622810934166730e-01 6.083147293744108758e-02 0.000000000000000000e+00 1.165427280428270596e+00 1.494729706013611381e-01 1.774249570144698620e+09 1.041903068900032401e+09
2.430000000000000000e+02 9.700000000000100000e+13 0.000000000000000000e+00 1.316948224627297215e+00 5.631465720657421320e-02 2.187920587677425477e-01 6.989799681766931116e-02 0.000000000000000000e+00 1.304070586372261698e+00 9.296086816193596669e-02 2.396583241232414722e+09 1.026450358637020707e+09
2.440000000000000000e+02 9.700000000000300000e+13 0.000000000000000000e+00 1.062646687951238400e+00 8.116796893009411984e-02 1.357967783896073533e-01 2.884645719929816374e-02 0.000000000000000000e+00 1.243050555412378078e+00 5.801421623085081108e-02 1.181678649888821602e+09 4.767655647657809854e+08
2.450000000000000000e+02 9.700000000000100000e+13 1.000000000000000000e+00 1.069545437980734981e+00 2.292934011503827349e-02 7.291212836410237985e-02 1.547677600360223074e-02 0.000000000000000000e+00 1.018963578282116256e+00 2.278074916303903311e-02 5.588478443845770359e+08 7.880270939278735220e+07
2.460000000000000000e+02 9.700000000000200000e+13 1.000000000000000000e+00 1.057135281881147915e+00 9.119066247176106296e-03 3.633437536743092111e-02 5.768746325690770303e-03 0.000000000000000000e+00 1.042805365044698895e+00 1.401214602435348934e-02 4.068088101788104773e+08 7.691819270041422546e+07
2.470000000000000000e+02 9.700000000000100000e+13 0.000000000000000000e+00 1.490337967057345336e+00 8.149993402090290051e-02 1.294398650574365151e-01 1.483529675908743135e-02 0.000000000000000000e+00 1.811231174671590782e+00 1.073332485348340998e-01 1.173778699625117779e+09 1.709589260961167216e+08
2.480000000000000000e+02 9.700000000000500000e+13 0.000000000000000000e+00 1.162918144076173332e+00 7.160814550085600923e-03 9.363444305427416625e-02 1.698564990276182907e-02 0.000000000000000000e+00 1.141215473567577465e+00 2.599985202952065713e-02 9.281117713719383478e+08 2.337639058349477649e+08
2.490000000000000000e+02 9.700000000000100000e+13 0.000000000000000000e+00 1.338659619921089172e+00 7.293147089555525320e-02 1.063701294668531749e-01 2.226964933045901332e-02 0.000000000000000000e+00 1.260704866502590393e+00 5.479749266827582677e-02 1.030547071088665605e+09 3.145909339767237902e+08
2.500000000000000000e+02 9.700000000000600000e+13 1.000000000000000000e+00 1.069540200595402668e+00 3.092281498504277637e-02 6.612502249166078705e-02 1.980113911611233388e-02 0.000000000000000000e+00 1.026841307491694000e+00 4.394301325292825078e-02 7.396582504028084278e+08 3.339607700210393071e+08
2.510000000000000000e+02 9.700000000000100000e+13 0.000000000000000000e+00 1.390458860672123098e+00 4.697483642599780546e-02 1.617227949419021149e-01 3.775986577143796569e-02 0.000000000000000000e+00 1.300136049894810908e+00 5.077037768948287899e-02 1.728954610967087984e+09 5.139134579202585816e+08
2.520000000000000000e+02 9.700000000000500000e+13 0.000000000000000000e+00 1.205667211578612674e+00 6.888391200206467335e-02 1.135378847814239450e-01 3.178706362862583623e-02 0.000000000000000000e+00 1.331875340165702415e+00 9.980184212528707410e-02 1.029488609527760386e+09 3.750114072159029841e+08
2.530000000000000000e+02 9.700000000000200000e+13 0.000000000000000000e+00 1.097833308312993195e+00 1.060197133710782530e-01 1.425648856805659948e-01 3.163245338861269546e-02 0.000000000000000000e+00 1.091700949192399683e+00 1.072662901986784489e-01 1.226955106716046810e+09 3.614817746980933547e+08
2.540000000000000000e+02 9.700000000000100000e+13 0.000000000000000000e+00 1.121774676762195444e+00 3.794872970877646162e-02 1.197543772317114924e-01 1.827495577457670037e-02 0.000000000000000000e+00 1.136207566589848117e+00 3.332480577118083348e-02 8.546684592047393322e+08 1.890139764243114293e+08
2.550000000000000000e+02 9.700000000000100000e+13 0.000000000000000000e+00 1.283786399286381830e+00 1.607974610717677055e-01 1.774810994706579048e-01 4.419574552095158204e-02 0.000000000000000000e+00 1.124269348918232492e+00 1.962859931729216967e-01 1.919921460645637274e+09 5.442116615559449196e+08
2.560000000000000000e+02 9.700000000000100000e+13 0.000000000000000000e+00 1.345402188181559211e+00 5.388362437941424110e-02 1.133651046218367153e-01 1.432099017752398382e-02 0.000000000000000000e+00 1.429164188735421170e+00 5.445076098016355531e-02 8.777986488956953287e+08 1.971231175962375104e+08
2.570000000000000000e+02 9.700000000000100000e+13 0.000000000000000000e+00 1.453691416346364784e+00 6.126047861497693064e-02 2.085292934106405260e-01 9.971942965211764986e-02 0.000000000000000000e+00 1.367649871831733144e+00 7.833561646067556394e-02 9.941851812778592110e+08 2.509098784237747788e+08
2.580000000000000000e+02 9.700000000000100000e+13 0.000000000000000000e+00 1.106356917684114816e+00 7.224447724845138585e-02 1.416886862199747132e-01 4.468612803126077726e-02 0.000000000000000000e+00 1.210238079316652948e+00 7.150200457785309271e-02 9.803809780222859383e+08 3.930513393188400269e+08
2.590000000000000000e+02 9.700000000000200000e+13 0.000000000000000000e+00 1.212313833271650099e+00 1.366925351975304126e-01 2.738232073729279792e-01 2.129968377750622588e-01 0.000000000000000000e+00 1.268652493248154434e+00 2.450016662692948086e-02 3.055062223653559685e+08 4.132544967989867926e+07
2.600000000000000000e+02 9.700000000000100000e+13 0.000000000000000000e+00 1.041030403957329264e+00 2.104743302127753610e-02 1.307133748443774224e-01 3.794455452489084446e-02 0.000000000000000000e+00 1.175142423315781004e+00 4.903639945544550904e-02 1.396152351200302124e+09 5.877052735212116241e+08
2.610000000000000000e+02 9.700000000000100000e+13 0.000000000000000000e+00 9.783595264221840448e-01 4.726845172690131991e-02 1.070580256763287164e-01 1.655703773946185647e-02 0.000000000000000000e+00 1.199046441135334762e+00 5.280410375519978272e-02 7.568947032826796770e+08 2.573659446718219817e+08
2.620000000000000000e+02 9.700000000000100000e+13 0.000000000000000000e+00 1.138371981118187160e+00 2.097010377950471113e-02 1.256548719383513424e-01 1.970662531176056720e-02 0.000000000000000000e+00 1.270213504547174299e+00 2.180921007402296039e-02 1.139498286359179735e+09 2.623809012530933321e+08
2.630000000000000000e+02 9.700000000000100000e+13 0.000000000000000000e+00 1.151956096722198231e+00 1.741156395915210986e-02 8.826646495075658738e-02 1.768657872423689062e-02 0.000000000000000000e+00 1.175394821712463678e+00 1.007022100219403388e-02 7.348842205467981100e+08 2.387527416054773033e+08
2.640000000000000000e+02 9.700000000000400000e+13 0.000000000000000000e+00 1.014217583616630947e+00 4.606478158677583534e-02 1.745497367676958067e-01 2.552253744271948399e-02 0.000000000000000000e+00 1.293841817621824042e+00 3.149683666752635391e-02 1.156753422188873053e+09 2.142369233912853301e+08
2.650000000000000000e+02 9.700000000000100000e+13 0.000000000000000000e+00 1.447613108458241760e+00 2.250547260685878681e-01 3.985242757562982296e-01 2.088735117533326580e-01 0.000000000000000000e+00 1.614885048026128533e+00 1.404005395478213902e-01 1.537710841219948292e+09 3.202759246361015439e+08
2.660000000000000000e+02 9.700000000000100000e+13 0.000000000000000000e+00 1.224245459563991334e+00 1.382671699510625574e-01 1.471266265717675048e-01 3.503606168446025959e-02 0.000000000000000000e+00 1.400801076616967178e+00 7.770357928314527984e-02 1.186435979920948267e+09 3.218305522947343588e+08
2.670000000000000000e+02 9.700000000000100000e+13 0.000000000000000000e+00 1.415301405775668542e+00 6.623488948301889390e-02 1.474557915788425599e-01 2.604393142250178289e-02 0.000000000000000000e+00 1.397126870116726316e+00 6.161824686298232601e-02 1.378400480443584681e+09 3.325967679566278458e+08
2.680000000000000000e+02 9.700000000000100000e+13 1.000000000000000000e+00 9.858757832214125605e-01 1.802217935413133812e-02 6.216247167984004229e-02 2.065706520041238337e-02 0.000000000000000000e+00 1.059697807820418669e+00 1.342895208123519833e-02 3.640564168649786115e+08 8.113975204993636906e+07
2.690000000000000000e+02 9.700000000000100000e+13 0.000000000000000000e+00 1.489766913787359481e+00 1.247793515615980842e-01 1.927219685118560510e-01 9.816822019757805162e-02 0.000000000000000000e+00 1.450388253119994530e+00 1.495247882422591212e-01 2.375876012657695293e+09 1.503908753196208954e+09
2.700000000000000000e+02 9.700000000000400000e+13 0.000000000000000000e+00 1.186062917425708907e+00 2.840993581219728933e-02 6.732006487836872388e-02 1.525897038488371535e-02 0.000000000000000000e+00 1.241280976223823052e+00 1.947271123401486323e-02 4.733275776204072833e+08 1.561938670302698612e+08
2.710000000000000000e+02 9.700000000000100000e+13 0.000000000000000000e+00 1.176168994803221679e+00 6.656398350861644775e-02 1.000765173281256970e-01 1.595605780919364183e-02 0.000000000000000000e+00 1.289091429352576146e+00 4.980519379951499348e-02 1.020274140073973060e+09 2.127662312545340955e+08
2.720000000000000000e+02 9.700000000000400000e+13 0.000000000000000000e+00 1.339102335682266443e+00 7.432857350269884977e-02 1.238025845411332010e-01 2.957358568651509423e-02 0.000000000000000000e+00 1.275903074835568196e+00 1.111918648292856276e-01 1.277530288838251114e+09 3.797032694841597676e+08
2.730000000000000000e+02 9.700000000000100000e+13 0.000000000000000000e+00 1.281157201875542384e+00 5.480886121449881493e-02 1.589285991008189125e-01 3.677775267066129422e-02 0.000000000000000000e+00 1.238899497946477801e+00 8.437738004375799905e-02 1.683149083699384928e+09 4.454646608946343064e+08
2.740000000000000000e+02 9.700000000000100000e+13 0.000000000000000000e+00 1.248450093319886767e+00 3.120779263189598501e-02 1.584699229747745797e-01 4.372145998887267543e-02 0.000000000000000000e+00 1.328960328214000564e+00 2.817975647595447400e-02 1.678322844915320396e+09 5.579002722454572916e+08
2.750000000000000000e+02 9.700000000000600000e+13 0.000000000000000000e+00 1.494026126517796982e+00 4.199731983391573331e-02 1.740761368465234271e-01 3.146255178149188342e-02 0.000000000000000000e+00 1.536801361058924842e+00 6.941593722926701904e-02 2.225804636030025959e+09 4.993761507631278038e+08
2.760000000000000000e+02 9.700000000000100000e+13 0.000000000000000000e+00 1.019090136173374184e+00 4.225704966506032417e-02 2.396124583561477228e-01 7.662444485003346017e-02 0.000000000000000000e+00 1.069846891798373223e+00 3.442729417065753389e-02 7.648291022656607628e+08 9.804599112101572752e+07
2.770000000000000000e+02 9.700000000000200000e+13 0.000000000000000000e+00 9.494557201670565938e-01 7.640271690070253585e-02 7.093626626482969766e-02 8.900473593570608355e-03 0.000000000000000000e+00 1.252800636936805878e+00 7.227418105588977182e-02 4.224605255417079926e+08 1.412079067410786748e+08
2.780000000000000000e+02 9.700000000000200000e+13 0.000000000000000000e+00 1.298281018959360766e+00 8.080503537158525984e-02 1.222597527969631892e-01 7.507565082811669399e-02 0.000000000000000000e+00 1.351861602181079425e+00 1.302471702738081660e-01 1.486366891612063169e+09 1.021609768638189673e+09
2.790000000000000000e+02 9.700000000000400000e+13 0.000000000000000000e+00 1.371497435931129827e+00 1.818733009775948817e-01 2.069868248600746363e-01 1.038638837064676662e-01 0.000000000000000000e+00 1.464489951110699906e+00 2.014129320111339438e-01 2.237071041864764214e+09 1.431089083214314222e+09
2.800000000000000000e+02 9.700000000000200000e+13 0.000000000000000000e+00 1.173005259092109176e+00 8.183078242092621524e-02 9.807160176410166519e-02 2.989988974364612279e-02 0.000000000000000000e+00 1.350474560448335248e+00 5.758802877634278811e-02 7.231009768931639194e+08 2.031975974855979681e+08
2.810000000000000000e+02 9.700000000000200000e+13 0.000000000000000000e+00 1.187468401846371924e+00 5.198644863181661052e-02 1.233197173040152944e-01 1.413690248565965639e-02 0.000000000000000000e+00 1.206919898647546896e+00 7.184339299287992309e-02 1.201533324856585979e+09 2.128147928845637143e+08
2.820000000000000000e+02 9.700000000000100000e+13 0.000000000000000000e+00 1.054330936686590059e+00 5.712764673403205457e-02 8.998443164201171129e-02 9.967345375833982710e-03 0.000000000000000000e+00 1.251551987964771628e+00 5.313582576986374678e-02 6.321132273251943588e+08 1.166867818656359762e+08
2.830000000000000000e+02 9.700000000000100000e+13 0.000000000000000000e+00 1.040382205770305379e+00 7.103463978595758732e-02 9.242868815709970320e-02 4.460779456193353365e-02 0.000000000000000000e+00 1.260421720240727073e+00 4.018745642575071580e-02 2.605896811876761615e+08 3.410717494727975875e+07
2.840000000000000000e+02 9.700000000000100000e+13 0.000000000000000000e+00 1.362877430216884456e+00 5.256971212979739960e-02 1.408279169630463346e-01 3.441993605104866349e-02 0.000000000000000000e+00 1.266399995408490131e+00 7.706109738471389470e-02 1.603723258612183094e+09 4.418433569898894429e+08
2.850000000000000000e+02 9.700000000000100000e+13 0.000000000000000000e+00 1.181425462431264339e+00 1.106725406854205673e-01 1.083997034583444596e-01 1.980672726226171201e-02 0.000000000000000000e+00 1.157563860547435208e+00 9.650640786320242859e-02 1.211950229131097555e+09 2.663086723008317947e+08
2.860000000000000000e+02 9.700000000000200000e+13 0.000000000000000000e+00 1.253193889974858033e+00 7.285304903751319006e-02 1.739770199668984885e-01 4.190553838878788295e-02 0.000000000000000000e+00 1.163952146035350355e+00 9.828776974900033103e-02 1.916764358280101538e+09 5.993460345621765852e+08
2.870000000000000000e+02 9.700000000000100000e+13 0.000000000000000000e+00 1.246771351608717104e+00 3.529198548931400392e-02 1.207892667003792608e-01 4.510644753476612118e-02 0.000000000000000000e+00 1.524693742595759627e+00 5.856690698449514704e-02 1.296378048091622591e+09 6.234127800001024008e+08
2.880000000000000000e+02 9.700000000000100000e+13 0.000000000000000000e+00 1.156497159669191976e+00 1.534149585303816732e-01 2.430093155964097307e-01 6.848613439400219605e-02 0.000000000000000000e+00 1.137623960968830117e+00 1.276437574669669617e-01 3.030497551999118805e+09 9.880994863363517523e+08
2.890000000000000000e+02 9.700000000000600000e+13 0.000000000000000000e+00 1.226053614921520873e+00 2.871094673386161492e-02 1.039805186098533840e-01 4.070753827080637877e-02 0.000000000000000000e+00 1.336991897486467851e+00 2.829791238509908255e-02 1.274744116564843655e+09 6.041594318802359104e+08
2.900000000000000000e+02 9.700000000000100000e+13 0.000000000000000000e+00 1.602255922479060679e+00 1.173629360337498651e-01 1.994285404916238680e-01 3.132790358335437592e-02 0.000000000000000000e+00 1.585343839952322975e+00 1.493453899923388173e-01 2.047684949298153639e+09 3.997531952710155249e+08
2.910000000000000000e+02 9.700000000000100000e+13 0.000000000000000000e+00 1.464819150997008101e+00 5.949931849314150922e-02 1.452115887222107105e-01 5.182891923154996777e-02 0.000000000000000000e+00 1.567770112410616479e+00 4.792380579498540377e-02 1.519180779698089600e+09 6.549311161606760025e+08
2.920000000000000000e+02 9.700000000000100000e+13 0.000000000000000000e+00 1.305049089365265980e+00 5.759834367868250232e-02 1.564552760369107565e-01 6.232780341401398388e-02 0.000000000000000000e+00 1.474894863477056672e+00 8.959559960813417989e-02 1.674545886593099594e+09 8.532273847123562098e+08
2.930000000000000000e+02 9.700000000000100000e+13 0.000000000000000000e+00 1.581810901094832467e+00 6.639040257769475428e-02 1.611495052222606805e-01 4.645098625224148431e-02 0.000000000000000000e+00 1.614238452592937634e+00 1.011705541179418466e-01 1.640592273394889116e+09 6.103398241569892168e+08
2.940000000000000000e+02 9.700000000000100000e+13 0.000000000000000000e+00 1.093546315684516212e+00 4.972820734655600261e-02 1.620506416125152560e-01 3.364950914125357934e-02 0.000000000000000000e+00 1.017277948278364041e+00 6.208942866550132972e-02 1.545425571023584366e+09 4.634852449551388025e+08
2.950000000000000000e+02 9.700000000000100000e+13 0.000000000000000000e+00 1.131671466268191706e+00 4.657611206976621648e-02 1.151849046566282425e-01 1.697011075709300640e-02 0.000000000000000000e+00 1.266089173081207608e+00 3.666459953658916110e-02 1.140609490485272169e+09 2.399174150514385998e+08
2.960000000000000000e+02 9.700000000000200000e+13 0.000000000000000000e+00 9.546754436883446715e-01 4.743871232717681435e-02 7.286770319617945357e-02 7.943047266021038486e-03 0.000000000000000000e+00 1.239036784965792615e+00 1.231283881759236143e-02 6.000916825504772663e+08 1.360885649132445455e+08
2.970000000000000000e+02 9.700000000000100000e+13 0.000000000000000000e+00 8.165026381763541563e-01 1.041517720321950419e-01 2.519051609570418515e-01 3.830173403419732947e-02 0.000000000000000000e+00 1.110628183458314489e+00 7.365330104151834867e-02 1.367796575944564342e+09 3.346055634507941008e+08
2.980000000000000000e+02 9.700000000000100000e+13 0.000000000000000000e+00 1.057101268647886005e+00 2.449586556975610549e-02 1.044385180281280773e-01 1.927556474140575821e-02 0.000000000000000000e+00 1.027315941447844105e+00 4.408306618702754337e-02 7.496761757092651129e+08 2.312211958866714537e+08
2.990000000000000000e+02 9.700000000000100000e+13 0.000000000000000000e+00 1.029797077325391275e+00 1.590362517646689844e-01 2.023301813574820140e-01 1.102138348150841080e-01 0.000000000000000000e+00 1.013945674042921352e+00 1.373698023163006376e-01 2.496392674192279816e+09 1.775745012954697132e+09
3.000000000000000000e+02 9.700000000000100000e+13 0.000000000000000000e+00 1.121132759350805363e+00 1.210136569542871916e-02 1.558630601000825511e-01 2.804883939051855402e-02 0.000000000000000000e+00 1.373063369418915824e+00 3.082754448866545371e-02 7.695674970819990635e+08 1.651849793050636351e+08
3.010000000000000000e+02 9.700000000000100000e+13 0.000000000000000000e+00 2.088566229400078189e+00 7.496526718508239595e-02 1.408346136454643460e-01 2.749449834864897343e-02 0.000000000000000000e+00 2.154442408506886952e+00 8.428363643317325626e-02 1.504947386865720510e+09 3.464292869799465537e+08
3.020000000000000000e+02 9.700000000000100000e+13 0.000000000000000000e+00 1.445310533125407249e+00 1.452315425347428801e-01 1.876336317283642807e-01 8.331470207410147932e-02 0.000000000000000000e+00 1.462077651385864208e+00 1.987440648828186773e-01 1.935036448021587372e+09 1.179948912258221626e+09
3.030000000000000000e+02 9.700000000000100000e+13 0.000000000000000000e+00 1.251079776574815616e+00 3.434770636466248639e-02 1.042245102876428325e-01 2.357009473882578851e-02 0.000000000000000000e+00 1.363183325708873905e+00 6.496398479884017696e-02 1.123899704410017967e+09 2.987087688528406620e+08
3.040000000000000000e+02 9.700000000000800000e+13 0.000000000000000000e+00 1.851362674216443294e+00 5.056155589491857782e-02 1.688943660586991746e-01 3.966980627362296646e-02 0.000000000000000000e+00 1.637825849148356605e+00 5.859702994774750734e-02 1.651646219706438303e+09 5.276231682913568020e+08
3.050000000000000000e+02 9.700000000000100000e+13 0.000000000000000000e+00 1.068665776205065754e+00 2.382795743072466665e-01 3.136914638263575417e-01 1.380799928357941686e-01 0.000000000000000000e+00 1.352049409144055581e+00 2.005246360894258617e-01 1.690513477755825520e+09 6.971769905987528563e+08
3.060000000000000000e+02 9.700000000000100000e+13 0.000000000000000000e+00 1.261698743821875190e+00 7.406095567842681249e-02 2.024107734668526837e-01 6.830275498465768202e-02 0.000000000000000000e+00 1.143185572591489674e+00 6.546153625251255326e-02 2.271913959640127659e+09 8.339290309768329859e+08
3.070000000000000000e+02 9.700000000000100000e+13 0.000000000000000000e+00 1.327579170109851603e+00 6.320740315298491174e-02 1.232841909854808654e-01 3.314070686439925251e-02 0.000000000000000000e+00 1.358084990814748760e+00 8.077361406235132602e-02 1.278411346992502213e+09 4.340685388208536506e+08
3.080000000000000000e+02 9.700000000000100000e+13 0.000000000000000000e+00 1.206903151801972607e+00 5.005453359396840052e-02 1.211711518693576045e-01 5.699450796466628416e-02 0.000000000000000000e+00 1.267701314186524097e+00 8.998072552621193265e-02 1.324622111348753691e+09 7.321773627949211597e+08
3.090000000000000000e+02 9.700000000000600000e+13 0.000000000000000000e+00 1.111564700740951039e+00 8.890814907184430016e-02 4.733880549064618803e-02 1.324504438702520451e-02 0.000000000000000000e+00 1.277032521568497447e+00 3.849722895889935714e-02 3.948968197398929000e+08 1.716779728732033372e+08
3.100000000000000000e+02 9.700000000000100000e+13 0.000000000000000000e+00 1.026311975532903764e+00 3.565845822657371517e-02 1.464381697547288419e-01 2.362048280199312983e-02 0.000000000000000000e+00 1.117658898237047671e+00 3.549250625027498829e-02 1.229040222237394094e+09 3.763502016915002465e+08
3.110000000000000000e+02 9.700000000000200000e+13 0.000000000000000000e+00 1.153156977281433626e+00 1.394961449264542075e-01 1.707454306344944051e-01 4.824225977550265082e-02 0.000000000000000000e+00 1.129848313756493638e+00 1.381272374829718430e-01 1.646382094830924988e+09 7.009679178984062672e+08
3.120000000000000000e+02 9.700000000000100000e+13 0.000000000000000000e+00 1.338114546754215040e+00 8.734978396058344641e-02 2.225032392390186575e-01 8.197223446452181483e-02 0.000000000000000000e+00 1.191399182885883867e+00 1.358346636267054874e-01 2.774911122103292465e+09 1.299151503879367352e+09
3.130000000000000000e+02 9.700000000000300000e+13 0.000000000000000000e+00 1.752480972835390505e+00 8.852889108928255202e-02 1.694577303213311570e-01 4.817119292719081181e-02 0.000000000000000000e+00 1.853322431548763527e+00 1.092927883336382855e-01 1.210945830245838881e+09 4.840224182122215629e+08
3.140000000000000000e+02 9.700000000000100000e+13 0.000000000000000000e+00 1.752844479644252385e+00 1.482943778364359810e-01 2.943272779741685774e-01 7.940200647760486952e-02 0.000000000000000000e+00 1.446050770755484383e+00 1.749751528937597556e-01 3.625203047813276768e+09 1.093854931911947966e+09
3.150000000000000000e+02 9.700000000000600000e+13 0.000000000000000000e+00 9.930137365031990182e-01 3.943911462107521637e-02 1.182179194409821582e-01 3.279644543182449329e-02 0.000000000000000000e+00 1.092939454672407829e+00 1.099761440276130452e-02 4.243828971290065050e+08 8.518023158945746720e+07
3.160000000000000000e+02 9.700000000000200000e+13 0.000000000000000000e+00 1.175823027656242026e+00 1.668340390369669676e-02 4.943325395412326989e-02 9.083157759379605761e-03 0.000000000000000000e+00 1.083701626878922797e+00 2.223291853669136231e-02 4.701413587021870613e+08 1.160394409627700597e+08
3.170000000000000000e+02 9.700000000000100000e+13 0.000000000000000000e+00 1.111367573532432873e+00 7.048571911221827857e-02 1.378040199141115085e-01 6.590606043830025962e-02 0.000000000000000000e+00 1.442453816764882824e+00 4.129688626771529231e-02 7.606708813340780735e+08 2.270573083651908636e+08
3.180000000000000000e+02 9.700000000000100000e+13 0.000000000000000000e+00 1.319405339203271188e+00 1.213012663688275150e-01 1.728462123775829362e-01 4.823799187589374038e-02 0.000000000000000000e+00 1.407023139172033810e+00 1.447532540943570756e-01 1.823380179747662544e+09 6.533393023661497831e+08
3.190000000000000000e+02 9.700000000000100000e+13 0.000000000000000000e+00 1.131583348372950937e+00 4.188605279611164189e-02 6.023456205239025030e-02 2.833755835376581059e-02 0.000000000000000000e+00 1.260015728890110598e+00 6.180747406172575759e-02 5.805881171431730986e+08 3.853743488116116524e+08
3.200000000000000000e+02 9.700000000000100000e+13 0.000000000000000000e+00 1.175355961472245303e+00 1.206733384158489852e-01 1.159070801185640570e-01 4.125743769897902841e-02 0.000000000000000000e+00 1.276861807152195549e+00 1.221134108889460890e-01 1.270461173110029936e+09 6.381590358031738997e+08
3.210000000000000000e+02 9.700000000000100000e+13 0.000000000000000000e+00 1.178115646456924903e+00 1.245941126632947177e-01 1.736858331595182992e-01 3.090341738662685453e-02 0.000000000000000000e+00 1.215244019514238660e+00 1.367524715099137922e-01 1.759649933797158003e+09 4.193766177273420095e+08
3.220000000000000000e+02 9.700000000000300000e+13 0.000000000000000000e+00 1.271305666486929109e+00 9.647454194885861367e-02 1.046002454680248078e-01 3.415799507187078365e-02 0.000000000000000000e+00 1.117788395404993418e+00 2.788427612527304839e-02 4.408358799554308057e+08 7.941833932798744738e+07
3.230000000000000000e+02 9.700000000000300000e+13 0.000000000000000000e+00 1.239030706774285173e+00 3.909419005873156910e-02 8.055485717674501500e-02 9.354162136517286258e-03 0.000000000000000000e+00 1.516624621611018853e+00 2.829435377280671918e-02 1.150647731181278944e+09 1.463661354091874659e+08
3.240000000000000000e+02 9.700000000000100000e+13 0.000000000000000000e+00 1.333954446098198021e+00 1.497776210826383680e-01 1.712758947671060294e-01 2.823030114396195278e-02 0.000000000000000000e+00 1.218944487521721465e+00 2.090624420017101748e-01 1.820001751805727720e+09 3.245324533495684862e+08
