# rID[0] Hid[1]   R200: DS[2], eta[3], detla[4], fm[5], fm2[6];   R500: DS[7], eta[8], detla[9], fm[10], fm2[11]
1.000000000000000000e+00 5.500000000000100000e+13 0.000000000000000000e+00 1.259879362714666273e+00 1.727330914668814832e-01 1.614411969954228088e-01 4.291413217282363107e-02 0.000000000000000000e+00 1.292822312728994394e+00 2.115429191276895216e-01 2.110502927868896961e+09 5.610117075647362471e+08
2.000000000000000000e+00 5.500000000000100000e+13 0.000000000000000000e+00 1.342054279548507312e+00 5.534862954912845440e-02 1.972000167582859675e-01 5.179060080660276288e-02 0.000000000000000000e+00 1.193408257358770097e+00 3.415598186739951525e-02 2.305220563903596878e+09 6.485549691824046373e+08
3.000000000000000000e+00 5.500000000000100000e+13 0.000000000000000000e+00 2.372728052235923979e+00 2.204248252000845232e-01 1.667252994485853290e-01 9.190774651910803283e-02 0.000000000000000000e+00 1.788008087411906644e+00 3.009881849509173368e-01 1.923704916461155415e+09 1.261398062288669348e+09
4.000000000000000000e+00 5.500000000002300000e+13 0.000000000000000000e+00 1.126148392659050979e+00 1.717415991731470748e-01 2.607830865288154887e-01 2.151646278467366502e-01 0.000000000000000000e+00 1.016004653447816652e+00 1.914659060777143817e-01 2.842531436146250248e+09 2.345290972439951897e+09
5.000000000000000000e+00 5.500000000010100000e+13 1.000000000000000000e+00 8.683101194666864586e-01 2.291270998697690631e-02 -1.000000000000000000e+00 -1.000000000000000000e+00 1.000000000000000000e+00 8.753314230610310664e-01 3.340549705089779914e-02 -1.000000000000000000e+00 -1.000000000000000000e+00
6.000000000000000000e+00 5.500000000000100000e+13 0.000000000000000000e+00 1.108329892647835324e+00 1.502377617489139838e-01 2.094494687654662179e-01 1.340742121467274339e-01 0.000000000000000000e+00 1.253649066764439990e+00 1.238830860111882343e-01 2.933868958946950436e+09 2.197306448594207287e+09
7.000000000000000000e+00 5.500000000000400000e+13 0.000000000000000000e+00 1.308014346171242126e+00 2.522024020263711683e-02 5.119756642083416603e-02 1.861045935093718143e-02 0.000000000000000000e+00 1.241554723891683754e+00 3.314002882533315791e-02 3.950437726350471377e+08 1.453292855176810622e+08
8.000000000000000000e+00 5.500000000011600000e+13 0.000000000000000000e+00 8.449674214274681683e-01 8.275640697854261263e-02 1.404510300105101805e-01 1.404510300105101805e-01 1.000000000000000000e+00 1.047710801599515129e+00 3.112443045725153679e-02 -1.000000000000000000e+00 -1.000000000000000000e+00
9.000000000000000000e+00 5.500000000000200000e+13 0.000000000000000000e+00 1.060045715995516558e+00 1.427899607380251623e-01 1.236931654463683528e-01 6.030807353171926261e-02 0.000000000000000000e+00 1.167088357225920303e+00 1.695148193035411199e-01 1.672128725714142799e+09 8.248999171665621996e+08
1.000000000000000000e+01 5.500000000000200000e+13 0.000000000000000000e+00 1.663509274369659563e+00 8.628104204867380334e-02 1.417085012631703334e-01 3.160259984960245988e-02 0.000000000000000000e+00 1.714923883443016495e+00 1.086891947737730901e-01 1.406574072514557123e+09 3.738259779344897270e+08
1.100000000000000000e+01 5.500000000017300000e+13 0.000000000000000000e+00 1.003114751707235408e+00 4.213721336869509504e-02 7.921673526669241461e-02 7.921673526669241461e-02 0.000000000000000000e+00 1.023032105146279624e+00 5.770961050088944250e-02 1.159356666825470686e+09 1.159356666825470686e+09
1.200000000000000000e+01 5.500000000000200000e+13 0.000000000000000000e+00 1.495189814590266897e+00 9.143566431416880191e-02 1.725680226682564655e-01 1.008525379249953918e-01 0.000000000000000000e+00 1.671721305248910383e+00 4.487510592486872174e-02 1.006502850988357544e+09 4.857646628408171535e+08
1.300000000000000000e+01 5.500000000009500000e+13 0.000000000000000000e+00 8.392329222280769940e-01 1.662029476709371567e-01 2.778593641305394102e-01 1.798532270526353449e-01 0.000000000000000000e+00 1.196742775919076518e+00 6.347540098308805667e-02 -1.000000000000000000e+00 -1.000000000000000000e+00
1.400000000000000000e+01 5.500000000006500000e+13 0.000000000000000000e+00 1.060898248772123464e+00 6.356715039768053022e-02 -1.000000000000000000e+00 -1.000000000000000000e+00 0.000000000000000000e+00 1.012705819608407998e+00 7.868955932006323206e-02 -1.000000000000000000e+00 -1.000000000000000000e+00
1.500000000000000000e+01 5.500000000000100000e+13 0.000000000000000000e+00 1.771406613757411597e+00 1.833569562424436639e-01 1.028200669752933061e-01 5.935761824847374940e-02 0.000000000000000000e+00 1.772749832817558158e+00 2.383508162582648193e-01 1.700508561408708096e+09 9.816968709095848799e+08
1.600000000000000000e+01 5.500000000000200000e+13 0.000000000000000000e+00 1.264689093291513355e+00 5.990178450384338327e-02 4.985802428450068768e-02 1.324268755309488191e-02 0.000000000000000000e+00 1.553788729692178627e+00 1.922513118535041157e-02 2.158391969171001017e+08 1.464494543863801360e+08
1.700000000000000000e+01 5.500000000000500000e+13 0.000000000000000000e+00 1.375330723208467942e+00 3.805706677423236622e-02 1.786898529971338023e-01 8.946798426625779399e-02 0.000000000000000000e+00 1.713937546119662869e+00 1.167790664325591421e-01 2.425842529302910328e+09 1.282417382334074497e+09
1.800000000000000000e+01 5.500000000001100000e+13 0.000000000000000000e+00 1.251082879350871702e+00 6.615486705136705559e-02 4.046484728266572239e-02 2.248739638554818690e-02 0.000000000000000000e+00 1.545866768106223255e+00 9.809529790260607118e-02 6.661912450641728640e+08 3.702202677719588876e+08
1.900000000000000000e+01 5.500000000000100000e+13 0.000000000000000000e+00 1.198501500487277438e+00 8.129494481670246353e-02 1.141326095975660343e-01 3.304978564513898209e-02 0.000000000000000000e+00 1.376410412796499561e+00 8.046219356708930737e-02 1.098693005070515156e+09 3.528259989895365834e+08
2.000000000000000000e+01 5.500000000033100000e+13 0.000000000000000000e+00 9.207862102252659664e-01 8.748294977309249709e-02 9.201551836169588605e-02 9.201551836169588605e-02 0.000000000000000000e+00 9.858459206096958916e-01 8.806182108536883546e-02 1.151854579023942471e+09 1.151854579023942471e+09
2.100000000000000000e+01 5.500000000003100000e+13 0.000000000000000000e+00 8.123464688397509237e-01 2.291857633837204866e-01 3.094921275981962761e-01 2.491368446624052935e-01 0.000000000000000000e+00 1.253833035141697305e+00 7.073096455341719435e-02 6.014814259224091768e+08 6.014814259224091768e+08
2.200000000000000000e+01 5.500000000001800000e+13 0.000000000000000000e+00 1.321625682537948210e+00 3.058119383195602170e-01 4.005137248888207546e-01 2.883286166371582526e-01 0.000000000000000000e+00 1.443073334375407191e+00 1.122897368133734669e-01 1.458249988684247255e+09 1.044688209964956403e+09
2.300000000000000000e+01 5.500000000056800000e+13 0.000000000000000000e+00 9.720129158612504927e-01 8.517783202888028204e-02 1.082201748125353330e-01 1.082201748125353330e-01 0.000000000000000000e+00 8.617701485620686830e-01 6.728182395999136867e-02 1.371282311471807241e+09 1.371282311471807241e+09
2.400000000000000000e+01 5.500000000001000000e+13 0.000000000000000000e+00 7.338427581332120919e-01 2.511568916401324403e-01 7.319592556236798053e-02 4.314401862482590555e-02 0.000000000000000000e+00 1.415462991709530272e+00 4.103518987014229125e-02 8.562457301985301971e+08 8.562457301985301971e+08
2.500000000000000000e+01 5.500000000042100000e+13 1.000000000000000000e+00 1.006642002014392467e+00 3.425967792931771533e-02 -1.000000000000000000e+00 -1.000000000000000000e+00 0.000000000000000000e+00 9.222761294045229707e-01 7.327574828161245724e-02 -1.000000000000000000e+00 -1.000000000000000000e+00
2.600000000000000000e+01 5.500000000002900000e+13 0.000000000000000000e+00 1.236781617181972104e+00 6.808283720335230049e-02 2.443382644809261039e-02 1.417350451149646667e-02 0.000000000000000000e+00 1.292799995960798753e+00 1.315869348349969943e-02 3.873851361265962124e+08 2.247132673321250975e+08
2.700000000000000000e+01 5.500000000000600000e+13 0.000000000000000000e+00 9.065412588992011189e-01 1.853831292570132794e-01 2.133278487823516978e-01 1.721356217687287082e-01 0.000000000000000000e+00 1.413083143830547783e+00 7.943926724106008253e-02 -1.000000000000000000e+00 -1.000000000000000000e+00
2.800000000000000000e+01 5.500000000008900000e+13 0.000000000000000000e+00 1.075282589958872492e+00 6.654676989387986463e-02 -1.000000000000000000e+00 -1.000000000000000000e+00 0.000000000000000000e+00 1.023371334206385486e+00 4.923585458180015917e-02 -1.000000000000000000e+00 -1.000000000000000000e+00
2.900000000000000000e+01 5.500000000000100000e+13 0.000000000000000000e+00 1.269080729386146578e+00 1.593461156377614096e-01 1.896240633273061915e-01 5.476491937657630010e-02 0.000000000000000000e+00 1.265716979148073351e+00 1.873564014388899024e-01 1.864340186790924072e+09 6.884898980429984331e+08
3.000000000000000000e+01 5.500000000001800000e+13 0.000000000000000000e+00 1.249140516807967005e+00 4.926990694681306765e-02 4.827532312882978904e-02 4.827532312882978904e-02 0.000000000000000000e+00 1.258559336632153691e+00 5.014185169683354343e-02 5.657928714477248192e+08 5.657928714477248192e+08
3.100000000000000000e+01 5.500000000000500000e+13 0.000000000000000000e+00 1.399195419059417134e+00 1.703468948328334953e-01 2.442399851766152152e-01 1.180221627679959445e-01 0.000000000000000000e+00 1.354994129729198749e+00 2.474899153987590861e-01 3.333169127590297699e+09 1.610661043175440550e+09
3.200000000000000000e+01 5.500000000000100000e+13 0.000000000000000000e+00 1.340080417692388615e+00 6.467983421084121110e-02 1.333711427682603701e-01 4.570461591272352575e-02 0.000000000000000000e+00 1.273175784384757758e+00 5.117991068575043767e-02 8.348863101563304663e+08 4.720146745859944224e+08
3.300000000000000000e+01 5.500000000001000000e+13 0.000000000000000000e+00 1.003900269657006739e+00 1.204368947907129284e-01 1.819144004580787455e-01 1.080387327534140240e-01 0.000000000000000000e+00 1.061155616218193209e+00 1.302035488272568486e-01 2.542176069349021435e+09 1.509795157925477028e+09
3.400000000000000000e+01 5.500000000000100000e+13 1.000000000000000000e+00 1.066934189107590525e+00 1.479911494744771613e-02 2.917454585898468164e-02 8.181375826414684360e-03 0.000000000000000000e+00 1.426592637374830996e+00 4.623693224425515919e-02 2.670041710436038673e+08 1.221334086308556646e+08
3.500000000000000000e+01 5.500000000000700000e+13 0.000000000000000000e+00 1.044971483899431730e+00 4.433755227357574769e-02 1.099405416599553570e-01 7.004417957155019414e-02 0.000000000000000000e+00 1.018793754107666594e+00 6.325998628606598062e-02 1.497757476849620819e+09 9.542357357813419104e+08
3.600000000000000000e+01 5.500000000000100000e+13 0.000000000000000000e+00 1.264658863093022889e+00 4.004897418662641678e-02 2.712367573053326222e-02 1.984922856246716313e-02 0.000000000000000000e+00 1.416555107808382230e+00 5.363169015107249749e-02 4.375950968303271383e+07 4.375950968303271383e+07
3.700000000000000000e+01 5.500000000000200000e+13 0.000000000000000000e+00 1.307854675046218107e+00 4.760123952560613853e-02 5.723618962205430372e-02 1.654246953076372179e-02 0.000000000000000000e+00 1.356757870999937055e+00 2.883712875217750091e-02 5.366351900374534726e+08 2.147868323182555437e+08
3.800000000000000000e+01 5.500000000000100000e+13 0.000000000000000000e+00 1.190618104803391475e+00 1.119672842753386827e-01 1.170078489882626221e-01 8.214711456168236059e-02 0.000000000000000000e+00 1.134035093041372733e+00 1.476141308835653698e-01 1.346021696680869579e+09 1.022677547533729672e+09
3.900000000000000000e+01 5.500000000000100000e+13 0.000000000000000000e+00 1.390485805243114825e+00 1.312272618989603623e-01 2.117624134937587388e-01 1.492987831142467692e-01 0.000000000000000000e+00 1.577146215732736945e+00 1.164397100267109270e-01 2.924695756899560928e+09 2.206318124945209980e+09
4.000000000000000000e+01 5.500000000016900000e+13 0.000000000000000000e+00 1.097250804948738834e+00 1.336405424761731575e-01 2.111622265177155455e-01 9.304795129546712673e-02 0.000000000000000000e+00 9.997892862490771471e-01 1.730935347015797043e-01 2.622254197945299625e+09 1.155487820518308401e+09
4.100000000000000000e+01 5.500000000003600000e+13 0.000000000000000000e+00 1.346346285238428475e+00 7.115601217487441121e-02 -1.000000000000000000e+00 -1.000000000000000000e+00 0.000000000000000000e+00 1.172395815307564870e+00 5.238263338793754803e-02 -1.000000000000000000e+00 -1.000000000000000000e+00
4.200000000000000000e+01 5.500000000000700000e+13 0.000000000000000000e+00 1.334559986408507370e+00 4.632193078982808909e-02 7.622567933667186157e-02 5.224894872707039339e-02 0.000000000000000000e+00 1.447812236159827570e+00 1.923920543874136149e-02 3.648629359842172265e+08 1.473293672447260022e+08
4.300000000000000000e+01 5.500000000000100000e+13 0.000000000000000000e+00 1.559838322743258399e+00 1.379496682285447084e-01 1.203521233071240815e-01 8.786681643378561890e-02 0.000000000000000000e+00 1.593886023643905414e+00 1.711492340143706825e-01 1.476697324662085772e+09 1.078108879086683035e+09
4.400000000000000000e+01 5.500000000001600000e+13 0.000000000000000000e+00 1.446964894599704676e+00 2.341325619936332203e-01 1.049997011356843979e+00 1.000000000000000000e+00 0.000000000000000000e+00 1.317110327684931859e+00 1.527786444565786550e-01 1.841356442294773483e+10 1.841356442294773483e+10
4.500000000000000000e+01 5.500000000001100000e+13 0.000000000000000000e+00 1.254429560470833094e+00 5.043566711843187889e-02 5.136470475111913625e-02 3.577180311755467218e-02 0.000000000000000000e+00 1.393384258297757583e+00 6.527707543396439605e-02 5.557724753298164606e+08 5.557724753298164606e+08
4.600000000000000000e+01 5.500000000000400000e+13 0.000000000000000000e+00 1.453963385025132116e+00 1.134803796427097111e-01 6.135264459833631584e-02 5.543088739720043040e-02 0.000000000000000000e+00 1.471129328725353735e+00 1.190809958854180811e-01 7.100076081499211788e+08 6.414776744535166025e+08
4.700000000000000000e+01 5.500000000002600000e+13 0.000000000000000000e+00 1.003124724344836682e+00 2.135916689210368702e-01 2.262384504763616799e-01 2.064461621427287341e-01 0.000000000000000000e+00 1.222024737272762840e+00 1.319628969399272711e-01 -1.000000000000000000e+00 -1.000000000000000000e+00
4.800000000000000000e+01 5.500000000000100000e+13 0.000000000000000000e+00 1.317728874994879895e+00 8.150178806192996672e-02 2.180921667620881743e-01 1.192647339475008256e-01 0.000000000000000000e+00 1.644384185990958036e+00 1.585543514302226731e-01 1.387276690522079706e+09 5.259137370638482571e+08
4.900000000000000000e+01 5.500000000000200000e+13 0.000000000000000000e+00 1.661875923147039913e+00 1.628694176922472758e-01 2.252947697765514401e-01 9.081415831095562829e-02 0.000000000000000000e+00 1.428995322987809624e+00 1.925272390017383484e-01 2.136658820957694530e+09 1.168333815380958557e+09
5.000000000000000000e+01 5.500000000006900000e+13 0.000000000000000000e+00 8.818434473570363474e-01 6.054943347813660642e-02 1.748300933046936789e-02 1.748300933046936789e-02 0.000000000000000000e+00 1.171244471612443272e+00 7.313879299462548722e-02 2.251962780559991002e+08 2.251962780559991002e+08
5.100000000000000000e+01 5.500000000005200000e+13 0.000000000000000000e+00 1.428590187104463727e+00 9.936153122065490007e-02 9.470998798303952027e-02 9.470998798303952027e-02 0.000000000000000000e+00 1.453825210927252476e+00 1.307484284453119816e-01 1.134548524199168444e+09 1.134548524199168444e+09
5.200000000000000000e+01 5.500000000000100000e+13 0.000000000000000000e+00 1.818549438860303846e+00 2.004232508737237017e-01 2.348608569151056091e-01 1.917407333599043529e-01 0.000000000000000000e+00 1.305891793291051872e+00 1.794704920321318897e-01 3.437572504964020729e+09 2.944177730015351295e+09
5.300000000000000000e+01 5.500000000028400000e+13 0.000000000000000000e+00 1.020038000640089315e+00 1.063710090590905127e-01 3.925137062549154121e-02 3.925137062549154121e-02 0.000000000000000000e+00 7.926844373918864317e-01 1.053420849400533016e-01 4.857183607592904568e+08 4.857183607592904568e+08
5.400000000000000000e+01 5.500000000000600000e+13 0.000000000000000000e+00 1.236625160541605872e+00 1.514760409868250446e-01 2.679322271866384914e-02 1.830461934464830409e-02 0.000000000000000000e+00 1.527746369461586262e+00 4.950976818938535029e-02 -1.000000000000000000e+00 -1.000000000000000000e+00
5.500000000000000000e+01 5.500000000000100000e+13 0.000000000000000000e+00 1.346681348125250421e+00 1.438203861341508516e-01 1.087715560068172743e-01 4.532965877361569418e-02 0.000000000000000000e+00 1.519185928507770234e+00 1.556389162907055312e-01 1.144399418359033108e+09 6.356473928885912895e+08
5.600000000000000000e+01 5.500000000000700000e+13 0.000000000000000000e+00 1.459872161996659257e+00 1.388675189724574710e-01 1.593844785764911565e-01 1.119085038101401280e-01 0.000000000000000000e+00 1.453804177844547185e+00 1.416262082844606529e-01 1.630700347616920471e+09 1.144962405965430737e+09
5.700000000000000000e+01 5.500000000003000000e+13 0.000000000000000000e+00 1.261141044747000395e+00 4.442686892561994311e-02 5.128005030373123524e-02 5.128005030373123524e-02 0.000000000000000000e+00 1.312578154331179414e+00 7.534598537261426310e-02 6.514335259486553669e+08 6.514335259486553669e+08
5.800000000000000000e+01 5.500000000000200000e+13 0.000000000000000000e+00 1.237453762145183545e+00 1.155562273891632408e-01 9.003395555712757903e-02 3.928277728161005955e-02 0.000000000000000000e+00 1.293821430314378018e+00 1.110172158597875214e-01 1.161991720887356997e+09 6.667840110848050117e+08
5.900000000000000000e+01 5.500000000018900000e+13 0.000000000000000000e+00 1.395567467218683966e+00 9.475261331341634785e-02 3.371043555487096000e-01 2.602378379419147958e-01 0.000000000000000000e+00 1.168966887559041767e+00 5.606612283011754017e-02 -1.000000000000000000e+00 -1.000000000000000000e+00
6.000000000000000000e+01 5.500000000000400000e+13 0.000000000000000000e+00 1.184684870562786152e+00 1.018439651514598393e-01 1.049597649540980476e-01 6.182741795334536355e-02 0.000000000000000000e+00 1.308390034892570997e+00 7.420256773334781009e-02 4.510496780778688788e+08 2.675828786905776858e+08
6.100000000000000000e+01 5.500000000002200000e+13 0.000000000000000000e+00 1.679978283232472114e+00 8.146349041126660362e-02 6.806882432717081821e-02 6.806882432717081821e-02 0.000000000000000000e+00 1.544596023914654115e+00 9.833590968505381835e-02 7.219488197889127731e+08 7.219488197889127731e+08
6.200000000000000000e+01 5.500000000001500000e+13 0.000000000000000000e+00 1.081682647214697646e+00 6.100556695480679331e-02 1.491553071536499409e-01 4.831995645745666007e-02 0.000000000000000000e+00 1.141392185673588466e+00 9.307215089414322406e-02 1.149346257216648340e+09 6.534707532320535183e+08
6.300000000000000000e+01 5.500000000000100000e+13 0.000000000000000000e+00 1.639755689153854057e+00 7.540201611878061261e-02 1.791738856402188551e-01 5.655109976550209278e-02 0.000000000000000000e+00 1.539249967888104642e+00 1.003866545251631409e-01 2.078565164219470263e+09 7.212797537162394524e+08
6.400000000000000000e+01 5.500000000000100000e+13 0.000000000000000000e+00 1.566350397662440663e+00 8.305809370650937828e-02 1.383293239040097045e-01 6.217807260803964731e-02 0.000000000000000000e+00 1.739642775083872328e+00 1.006379936187184188e-01 1.398386170109294653e+09 7.435216348273032904e+08
6.500000000000000000e+01 5.500000000000400000e+13 0.000000000000000000e+00 1.328576415905428965e+00 1.623436001538057505e-01 3.062217161644365526e-01 2.555245313123254980e-01 0.000000000000000000e+00 1.629586510020812673e+00 1.002299017304727757e-01 7.339088056482517719e+08 3.801174258452288508e+08
6.600000000000000000e+01 5.500000000000800000e+13 1.000000000000000000e+00 1.080569649057763870e+00 2.067681901048255833e-02 -1.000000000000000000e+00 -1.000000000000000000e+00 0.000000000000000000e+00 1.011933344550522751e+00 4.355870060062493748e-02 -1.000000000000000000e+00 -1.000000000000000000e+00
6.700000000000000000e+01 5.500000000000200000e+13 0.000000000000000000e+00 1.221329447063759455e+00 6.543862840795533486e-02 1.342015738992732021e-01 4.246499180548928692e-02 0.000000000000000000e+00 1.093636142927439936e+00 9.104628423733807097e-02 1.533069320156435490e+09 5.185815809184861779e+08
6.800000000000000000e+01 5.500000000000100000e+13 0.000000000000000000e+00 1.233507361287110804e+00 4.208910849722675290e-02 6.648961684661473803e-02 3.295919515429105578e-02 0.000000000000000000e+00 1.398003943676235705e+00 2.852372737787037954e-02 2.959547640784434602e+07 2.959547640784434602e+07
6.900000000000000000e+01 5.500000000000700000e+13 0.000000000000000000e+00 1.089789168037490041e+00 7.783831212659222953e-02 6.156319186659377218e-02 2.849452849621993480e-02 0.000000000000000000e+00 1.107625342346372888e+00 8.244967431194234753e-02 7.630239652385832071e+08 3.531657060261599422e+08
7.000000000000000000e+01 5.500000000000500000e+13 0.000000000000000000e+00 1.058054563545598681e+00 9.926054426613074855e-02 2.046150548414117087e-01 8.191651442101582914e-02 0.000000000000000000e+00 1.048586356815637055e+00 1.265404589953914305e-01 2.279493589010704517e+09 1.040713098777158737e+09
7.100000000000000000e+01 5.500000000001800000e+13 1.000000000000000000e+00 1.025629711117312937e+00 1.939470074049765361e-02 6.108655677146756363e-02 3.818983483029446402e-02 0.000000000000000000e+00 1.045622217162446077e+00 2.400923187407737885e-02 3.280980831650613546e+08 3.280980831650613546e+08
7.200000000000000000e+01 5.500000000000200000e+13 0.000000000000000000e+00 1.134133509327528433e+00 1.179978432656755699e-01 1.343061625068945053e-01 8.983544764537616800e-02 0.000000000000000000e+00 1.093930658383026611e+00 1.359256198702900320e-01 1.489192223215430975e+09 1.068243651276575923e+09
7.300000000000000000e+01 5.500000000000200000e+13 0.000000000000000000e+00 1.669664851939395955e+00 7.910731388083688809e-02 2.020207254958797383e-01 7.543728518779245495e-02 0.000000000000000000e+00 1.632241229581860242e+00 1.050475439074057132e-01 1.897813803630327702e+09 8.824959604795356989e+08
7.400000000000000000e+01 5.500000000000100000e+13 1.000000000000000000e+00 1.137053079433359981e+00 2.979126546261073177e-02 1.889270032070813551e-02 1.058350773216517986e-02 0.000000000000000000e+00 1.192720355542609356e+00 3.718710932101917943e-02 2.044271240032879710e+08 1.594564609162081480e+08
7.500000000000000000e+01 5.500000000000600000e+13 0.000000000000000000e+00 1.261329352306865381e+00 2.139461817377271979e-01 3.183498671279056391e-01 1.526278447852425779e-01 0.000000000000000000e+00 1.063100701119156888e+00 1.893236034028709658e-01 2.103670139108978271e+09 1.414878305996327877e+09
7.600000000000000000e+01 5.500000000000100000e+13 0.000000000000000000e+00 1.528440834916234392e+00 6.232628441126043806e-02 2.074004296714487272e-01 9.531358869454915894e-02 0.000000000000000000e+00 1.464425783461088537e+00 7.569737421284530865e-02 2.461615107365177631e+09 1.266747838430601597e+09
7.700000000000000000e+01 5.500000000000300000e+13 0.000000000000000000e+00 1.159142911672229603e+00 3.448334754118114603e-02 2.598320161934528083e-02 2.598320161934528083e-02 0.000000000000000000e+00 1.256874326364723515e+00 1.373585363764406528e-02 3.573350901290906072e+08 3.573350901290906072e+08
7.800000000000000000e+01 5.500000000004200000e+13 0.000000000000000000e+00 9.363521440294193532e-01 7.530004778190871328e-02 7.850179439847827789e-02 7.850179439847827789e-02 0.000000000000000000e+00 9.807529543910167291e-01 1.022029598521595334e-01 1.064988522653321505e+09 1.064988522653321505e+09
7.900000000000000000e+01 5.500000000003900000e+13 0.000000000000000000e+00 1.122143156720259771e+00 5.707800666101559700e-02 2.971782507052216429e-02 2.971782507052216429e-02 0.000000000000000000e+00 1.070417781662533763e+00 5.321003837593532571e-02 -1.000000000000000000e+00 -1.000000000000000000e+00
8.000000000000000000e+01 5.500000000000900000e+13 0.000000000000000000e+00 1.392220371519077737e+00 4.201282801805698158e-02 4.751853836411462639e-02 3.402736218006708474e-02 0.000000000000000000e+00 1.429143443924331125e+00 4.637293576236531378e-02 5.929104124796483517e+08 5.085593594453113675e+08
8.100000000000000000e+01 5.500000000000900000e+13 0.000000000000000000e+00 1.308621707007071588e+00 1.019130501922429488e-01 1.146080671672135981e-01 1.146080671672135981e-01 0.000000000000000000e+00 1.171970635115898052e+00 1.532168244073923158e-01 1.620012786867952347e+09 1.620012786867952347e+09
8.200000000000000000e+01 5.500000000005100000e+13 0.000000000000000000e+00 1.169878079844526519e+00 9.750044637648129509e-02 1.819930009949566052e-01 9.456547843688886679e-02 0.000000000000000000e+00 1.408802372663721103e+00 1.646000343692502199e-01 1.294463709296719790e+09 1.294463709296719790e+09
8.300000000000000000e+01 5.500000000001600000e+13 0.000000000000000000e+00 1.257795898908945942e+00 1.862631526576738750e-01 2.849110504112891129e-01 2.253285225680720649e-01 0.000000000000000000e+00 1.150303737373611357e+00 2.441441905678834734e-01 3.533491048760212898e+09 2.794543477254676342e+09
8.400000000000000000e+01 5.500000000007400000e+13 0.000000000000000000e+00 1.002046370535619513e+00 6.997979709864124431e-02 -1.000000000000000000e+00 -1.000000000000000000e+00 0.000000000000000000e+00 1.104254273780902018e+00 9.878225952214879368e-02 -1.000000000000000000e+00 -1.000000000000000000e+00
8.500000000000000000e+01 5.500000000026200000e+13 0.000000000000000000e+00 8.012092120288363262e-01 8.804324491195154867e-02 -1.000000000000000000e+00 -1.000000000000000000e+00 0.000000000000000000e+00 8.704580867561666491e-01 7.650584233513613164e-02 -1.000000000000000000e+00 -1.000000000000000000e+00
8.600000000000000000e+01 5.500000000040900000e+13 0.000000000000000000e+00 6.354728182640526635e-01 1.776091017525557314e-01 3.485622500420553216e-01 3.485622500420553216e-01 0.000000000000000000e+00 1.075418766473125176e+00 5.004086728455393873e-02 -1.000000000000000000e+00 -1.000000000000000000e+00
8.700000000000000000e+01 5.500000000000100000e+13 0.000000000000000000e+00 8.113090701330935017e-01 1.506525450248165365e-01 3.231961291751840326e-01 1.839729324216822504e-01 0.000000000000000000e+00 1.239089015142042616e+00 7.093409183284002384e-02 8.385852703735018969e+08 7.519535830297700167e+08
8.800000000000000000e+01 5.500000000000400000e+13 0.000000000000000000e+00 1.183529384504301341e+00 4.375369776927753862e-02 1.139286231956140524e-02 6.744559486828231171e-03 0.000000000000000000e+00 1.547807763948516158e+00 3.149442358526964580e-02 8.410441960064972937e+07 8.410441960064972937e+07
8.900000000000000000e+01 5.500000000000100000e+13 0.000000000000000000e+00 8.115022559201408026e-01 7.642675584679374523e-02 2.389620782846690328e-01 1.788654086839318313e-01 0.000000000000000000e+00 1.391107171817306476e+00 4.116238615409523877e-02 1.001642315247736931e+09 5.892105579301408529e+08
9.000000000000000000e+01 5.500000000001000000e+13 1.000000000000000000e+00 1.138197609490414930e+00 3.661648398982168123e-02 6.609882343244524727e-02 2.201491829964352664e-02 0.000000000000000000e+00 1.269591209430729561e+00 5.864757563764381315e-02 6.540860709780308008e+08 3.417549868543113470e+08
9.100000000000000000e+01 5.500000000003700000e+13 0.000000000000000000e+00 1.157164117338029596e+00 1.113939527183778061e-01 9.809997117727721483e-02 3.807717502380058433e-02 0.000000000000000000e+00 1.126199267393791281e+00 1.163970308661359948e-01 1.171518103937678576e+09 4.547208256215931773e+08
9.200000000000000000e+01 5.500000000000400000e+13 0.000000000000000000e+00 1.280629672614419290e+00 2.543168201974837367e-02 3.295207762579179661e-02 3.295207762579179661e-02 0.000000000000000000e+00 1.458302761239665513e+00 2.581028251382900401e-02 4.353158690667203069e+08 4.353158690667203069e+08
9.300000000000000000e+01 5.500000000000100000e+13 0.000000000000000000e+00 1.050727348973660824e+00 1.612117006526380125e-01 2.251198328151281791e-01 1.642348646477297391e-01 0.000000000000000000e+00 1.316230040179805494e+00 6.818493251604831884e-02 6.582044229644822888e+06 6.582044229644822888e+06
9.400000000000000000e+01 5.500000000005000000e+13 0.000000000000000000e+00 1.222011391971810967e+00 1.125967704323575652e-01 1.416658509492822460e-01 1.188443483553009578e-01 0.000000000000000000e+00 1.164342025428648508e+00 1.096892182258005222e-01 1.504032941898086309e+09 1.504032941898086309e+09
9.500000000000000000e+01 5.500000000000200000e+13 0.000000000000000000e+00 1.153839724155849344e+00 6.465532010733192336e-02 7.298334587217994440e-02 3.987924614549506058e-02 0.000000000000000000e+00 1.295974138952111554e+00 1.048010236060696876e-01 1.098743615260855913e+09 6.003707634960751534e+08
9.600000000000000000e+01 5.500000000036800000e+13 0.000000000000000000e+00 4.213146016160809748e-01 3.501046775191131721e-01 4.491002750338176641e-01 4.491002750338176641e-01 0.000000000000000000e+00 1.034742182636160912e+00 1.263891739964215777e-01 -1.000000000000000000e+00 -1.000000000000000000e+00
9.700000000000000000e+01 5.500000000001100000e+13 0.000000000000000000e+00 1.080788025629277671e+00 1.959172359938588237e-01 6.069638369094002561e-01 3.361641881139219579e-01 0.000000000000000000e+00 2.327794658858712840e+00 8.692255552617803027e-02 -1.000000000000000000e+00 -1.000000000000000000e+00
9.800000000000000000e+01 5.500000000006400000e+13 0.000000000000000000e+00 1.125326339970834866e+00 2.535187477634618380e-01 2.923073018531824885e-01 2.923073018531824885e-01 0.000000000000000000e+00 1.532896222537179165e+00 1.356173036363426121e-01 -1.000000000000000000e+00 -1.000000000000000000e+00
9.900000000000000000e+01 5.500000000000200000e+13 0.000000000000000000e+00 1.209798409435378641e+00 1.897576650110046823e-02 7.468366902010765973e-02 2.276513944557178454e-02 0.000000000000000000e+00 1.299822788703530074e+00 4.414335479079214974e-02 8.023559007692196369e+08 3.507660501665999889e+08
1.000000000000000000e+02 5.500000000015200000e+13 0.000000000000000000e+00 1.300102148517872092e+00 7.948140134109979438e-02 9.751413096705768835e-02 9.751413096705768835e-02 0.000000000000000000e+00 1.254807293760349163e+00 1.358183413781372251e-01 1.153840879406593561e+09 1.153840879406593561e+09
1.010000000000000000e+02 5.500000000019700000e+13 0.000000000000000000e+00 9.081487105147929562e-01 1.313602633838455158e-01 1.613113358653380791e-01 1.613113358653380791e-01 0.000000000000000000e+00 1.101331346858249516e+00 4.023193026608912204e-02 -1.000000000000000000e+00 -1.000000000000000000e+00
1.020000000000000000e+02 5.500000000000200000e+13 0.000000000000000000e+00 1.263501611457928497e+00 5.215411039980033525e-02 2.701947490156611509e-02 2.156240620089340879e-02 0.000000000000000000e+00 1.397491122678087061e+00 3.917400219105427600e-02 3.310795586877027154e+08 2.937594147078552842e+08
1.030000000000000000e+02 5.500000000000900000e+13 0.000000000000000000e+00 1.298966370250417279e+00 6.739013464361695571e-02 1.065367330547859898e-01 6.674623013545341599e-02 0.000000000000000000e+00 1.295127710343650485e+00 7.243910442071266331e-02 1.256552449284888029e+09 7.872415133483301401e+08
1.040000000000000000e+02 5.500000000000200000e+13 0.000000000000000000e+00 1.210297283321316364e+00 4.313003548237726026e-02 1.172906725976069903e-01 4.890424670253327305e-02 0.000000000000000000e+00 1.279407109042732582e+00 3.536280502434744483e-02 1.103708473961968422e+09 6.772158747226887941e+08
1.050000000000000000e+02 5.500000000000700000e+13 0.000000000000000000e+00 1.821536770592986576e+00 2.189213584655788358e-01 1.325117345459901896e-01 9.287896715087409771e-02 0.000000000000000000e+00 1.831776924481733237e+00 2.323811851031923059e-01 1.544110521788064718e+09 1.392162136701660872e+09
1.060000000000000000e+02 5.500000000001100000e+13 0.000000000000000000e+00 9.970114954641581262e-01 7.121493143290931471e-02 5.316619304797187001e-02 4.547245324565188374e-02 0.000000000000000000e+00 9.414152807438059822e-01 5.995750243922021161e-02 7.442106161613358259e+08 6.365150579387789965e+08
1.070000000000000000e+02 5.500000000000300000e+13 0.000000000000000000e+00 1.245998235361606143e+00 2.301997846687832139e-01 4.070054137545482953e-01 2.461721412571130085e-01 0.000000000000000000e+00 1.518559516143032528e+00 1.206521381543157051e-01 1.381430062549343109e+09 8.246665900721604824e+08
1.080000000000000000e+02 5.500000000000100000e+13 0.000000000000000000e+00 1.098658623258699452e+00 9.816201128840980339e-02 2.007881060505204429e-01 8.679052704761623660e-02 0.000000000000000000e+00 1.226583132357976558e+00 6.178217152009057855e-02 2.363869418598444939e+09 1.212041037736443758e+09
1.090000000000000000e+02 5.500000000003100000e+13 0.000000000000000000e+00 1.023121288424392761e+00 1.330124132178472363e-01 7.719884744919748576e-02 7.719884744919748576e-02 0.000000000000000000e+00 1.025824437444315507e+00 1.652747621107945042e-01 1.067202298349093556e+09 1.067202298349093556e+09
1.100000000000000000e+02 5.500000000002500000e+13 0.000000000000000000e+00 9.787835362344450285e-01 1.610334142966314275e-01 2.113806042635857085e-01 1.700531670160012332e-01 0.000000000000000000e+00 1.309434599691568391e+00 1.232233611154360253e-01 8.831003838375033140e+08 8.831003838375033140e+08
1.110000000000000000e+02 5.500000000000600000e+13 0.000000000000000000e+00 1.216270267822089357e+00 9.307959003716449742e-02 8.511290253906526881e-02 3.578464071303878724e-02 0.000000000000000000e+00 1.190020066510586005e+00 8.709825806755923383e-02 8.350104676892293692e+08 4.902533153972454071e+08
1.120000000000000000e+02 5.500000000002000000e+13 0.000000000000000000e+00 1.154367134151002006e+00 4.570696281913217557e-02 -1.000000000000000000e+00 -1.000000000000000000e+00 0.000000000000000000e+00 1.140076966932601854e+00 6.880400829491233050e-02 -1.000000000000000000e+00 -1.000000000000000000e+00
1.130000000000000000e+02 5.500000000000700000e+13 1.000000000000000000e+00 1.054479550964043888e+00 2.608085304629407380e-02 1.946978125967814208e-02 1.946978125967814208e-02 0.000000000000000000e+00 1.120188238781974155e+00 3.448396281813166653e-02 2.523407400148445666e+08 2.523407400148445666e+08
1.140000000000000000e+02 5.500000000000300000e+13 0.000000000000000000e+00 1.252662179273573484e+00 1.385361083244429359e-01 1.112942252049509695e-01 4.447527436395785211e-02 0.000000000000000000e+00 1.374139047487922705e+00 1.487771210829373636e-01 1.292734193938714266e+09 7.469729169040459394e+08
1.150000000000000000e+02 5.500000000003200000e+13 0.000000000000000000e+00 1.040584880790242250e+00 5.754856232071070554e-02 9.194047468076596563e-02 3.276877603379149684e-02 0.000000000000000000e+00 1.094964948910596592e+00 6.426040889015527391e-02 1.130149623819194555e+09 4.027999641745635271e+08
1.160000000000000000e+02 5.500000000000800000e+13 0.000000000000000000e+00 8.106072032958738793e-01 1.811647870509488778e-01 2.320429238256033477e-01 1.888370245307379180e-01 0.000000000000000000e+00 1.233421550654828058e+00 1.056066295783520126e-01 6.189931270852351189e+08 3.763339130897946954e+08
1.170000000000000000e+02 5.500000000000300000e+13 0.000000000000000000e+00 1.086429360685108314e+00 7.618042654651900614e-02 4.813548490720141737e-02 3.260956930931608461e-02 0.000000000000000000e+00 1.128162265350153293e+00 2.391446481660771534e-02 2.511027396604081392e+08 2.511027396604081392e+08
1.180000000000000000e+02 5.500000000000100000e+13 0.000000000000000000e+00 1.144539894984876627e+00 7.884225853730839062e-02 1.903619334673525287e-01 8.006768060629636252e-02 0.000000000000000000e+00 1.289970942139444965e+00 9.487059941685764552e-02 9.931861930229921341e+08 6.391531104734370708e+08
1.190000000000000000e+02 5.500000000000200000e+13 0.000000000000000000e+00 1.914167233759059394e+00 1.514749582727995258e-01 6.191587074377180588e-01 3.644311261091026100e-01 0.000000000000000000e+00 1.046634408870317445e+00 2.325948302776627286e-01 2.532523509134603977e+09 2.506308749948617935e+09
1.200000000000000000e+02 5.500000000000100000e+13 0.000000000000000000e+00 1.215888485076485281e+00 8.690002622245365793e-02 1.491528876761096800e-01 8.722981057239238833e-02 0.000000000000000000e+00 1.187996732161912039e+00 9.141807707008206552e-02 1.519724338598291397e+09 1.153217557692362309e+09
1.210000000000000000e+02 5.500000000000600000e+13 0.000000000000000000e+00 8.451870272531184503e-01 6.585819933519497515e-02 3.100133703105985572e-01 2.110769889642709896e-01 0.000000000000000000e+00 1.225122170812948719e+00 7.018436772181463335e-02 6.631212230804585218e+08 6.631212230804585218e+08
1.220000000000000000e+02 5.500000000000200000e+13 0.000000000000000000e+00 1.178155792524117063e+00 4.722446944944569402e-02 1.364278184982717634e-01 1.364278184982717634e-01 0.000000000000000000e+00 1.180825329337359841e+00 2.798782085197528205e-02 -1.000000000000000000e+00 -1.000000000000000000e+00
1.230000000000000000e+02 5.500000000013300000e+13 0.000000000000000000e+00 1.011846803393893879e+00 4.570633552294160740e-02 -1.000000000000000000e+00 -1.000000000000000000e+00 0.000000000000000000e+00 1.032025738790276259e+00 4.950491457631197439e-02 -1.000000000000000000e+00 -1.000000000000000000e+00
1.240000000000000000e+02 5.500000000000200000e+13 0.000000000000000000e+00 1.460807699717166619e+00 1.261013185868622710e-01 1.295607017384025894e-01 2.594692548157680537e-02 0.000000000000000000e+00 1.700425980581329988e+00 1.348204680743069761e-01 1.343730579393159389e+09 3.411913831822340488e+08
1.250000000000000000e+02 5.500000000000200000e+13 0.000000000000000000e+00 1.258387334258926682e+00 4.743532012485180555e-02 5.142259061716233925e-02 4.131902814592068596e-02 0.000000000000000000e+00 1.288676439373053206e+00 7.243283369954044149e-02 6.000512088991204500e+08 4.821525421401392221e+08
1.260000000000000000e+02 5.500000000000200000e+13 0.000000000000000000e+00 1.254744270069672263e+00 8.139778080181327147e-02 2.174757838169312785e-01 5.569785605817326873e-02 0.000000000000000000e+00 1.119566536060052853e+00 1.171710601921230055e-01 2.674581354576811790e+09 6.849886671910715103e+08
1.270000000000000000e+02 5.500000000000200000e+13 0.000000000000000000e+00 1.239936758223213475e+00 1.377135984816733882e-01 1.583826317394877448e-01 1.217763823830552844e-01 0.000000000000000000e+00 1.134772599135005944e+00 1.679965444622864013e-01 1.840106307142903328e+09 1.414810998043532848e+09
1.280000000000000000e+02 5.500000000000200000e+13 0.000000000000000000e+00 1.093111757500914827e+00 4.983686785202557507e-02 2.309198589375181451e-02 2.132636183150763559e-02 0.000000000000000000e+00 1.151575992287873218e+00 6.334372885424303934e-02 2.840781407676573992e+08 2.623573930067348480e+08
1.290000000000000000e+02 5.500000000000100000e+13 0.000000000000000000e+00 1.301758194630955989e+00 2.699968689204676128e-02 1.427418696865923597e-01 3.184254083214894254e-02 0.000000000000000000e+00 1.147163156298425246e+00 4.536965403607662317e-02 1.466315324162188530e+09 3.588520712451425195e+08
1.300000000000000000e+02 5.500000000000600000e+13 0.000000000000000000e+00 1.254642718778253174e+00 6.998182834528303420e-02 6.640364026731400415e-02 4.510652907668352696e-02 0.000000000000000000e+00 1.267846590668661122e+00 7.965255417968988838e-02 5.703467295620955229e+08 5.703467295620955229e+08
1.310000000000000000e+02 5.500000000000100000e+13 0.000000000000000000e+00 1.236210445912567568e+00 2.609747232936703021e-02 5.220212587009284005e-02 1.626118404716323657e-02 0.000000000000000000e+00 1.449747337372184086e+00 5.246630447054750901e-02 6.969502776524003744e+08 2.171029732549673021e+08
1.320000000000000000e+02 5.500000000000800000e+13 0.000000000000000000e+00 1.112078639656850498e+00 5.270747652807909051e-02 2.587736038002310876e-02 1.394705353703941386e-02 0.000000000000000000e+00 1.187574163258900306e+00 3.474949933797724655e-02 4.107790827498394251e+07 4.107790827498394251e+07
1.330000000000000000e+02 5.500000000000100000e+13 0.000000000000000000e+00 1.478656634203922016e+00 4.464067327589016365e-02 1.025624322732007071e-01 5.678425266435913055e-02 0.000000000000000000e+00 1.526698120844631967e+00 6.635310656637491422e-02 1.156368071453928232e+09 6.937574041857974529e+08
1.340000000000000000e+02 5.500000000003500000e+13 1.000000000000000000e+00 1.027619615695311905e+00 3.597852399627815556e-02 -1.000000000000000000e+00 -1.000000000000000000e+00 0.000000000000000000e+00 1.135851761495262346e+00 4.651558547592350712e-02 -1.000000000000000000e+00 -1.000000000000000000e+00
1.350000000000000000e+02 5.500000000000100000e+13 0.000000000000000000e+00 1.213280450359870200e+00 9.696053559677525469e-02 8.424599819887600149e-02 3.509319106733695820e-02 0.000000000000000000e+00 9.243744768728626715e-01 1.267145961220801920e-01 1.013785463250833154e+09 4.808533277606337667e+08
1.360000000000000000e+02 5.500000000003100000e+13 0.000000000000000000e+00 1.116117365213737278e+00 5.802782332574778906e-02 1.317427123497018071e-01 8.380556311864882646e-02 0.000000000000000000e+00 1.127381964943531489e+00 7.870222690367893736e-02 1.530543780760321617e+09 9.736256460538469553e+08
1.370000000000000000e+02 5.500000000000100000e+13 0.000000000000000000e+00 1.244862143600440785e+00 3.108266237919280958e-02 1.192961822735324612e-01 3.164728436306226550e-02 0.000000000000000000e+00 1.240868775132762947e+00 4.748007455248273029e-02 1.373815567492370844e+09 3.840137638613867164e+08
1.380000000000000000e+02 5.500000000000200000e+13 0.000000000000000000e+00 1.370529683943230159e+00 1.037570985631790371e-01 2.321434605569466236e-01 1.902354343495755995e-01 0.000000000000000000e+00 1.497240473083428780e+00 1.469583233575926656e-02 6.257614658679524660e+08 5.351875104199899435e+08
1.390000000000000000e+02 5.500000000000600000e+13 0.000000000000000000e+00 1.105223253624054269e+00 6.668779589476472869e-02 1.128545902381823951e-01 7.997629964201291575e-02 0.000000000000000000e+00 9.950588608232001642e-01 1.067824847693179813e-01 4.976611038758236766e+08 4.976611038758236766e+08
1.400000000000000000e+02 5.500000000000200000e+13 0.000000000000000000e+00 1.145119147908650215e+00 9.108631636061571835e-02 2.764989776717396985e-01 1.214813701999587492e-01 0.000000000000000000e+00 1.192276631640438955e+00 8.638171505068178990e-02 1.988069774832198381e+09 7.154445547309315205e+08
1.410000000000000000e+02 5.500000000000300000e+13 1.000000000000000000e+00 1.003112605441697891e+00 3.745819209517069204e-02 2.464082154754317772e-02 2.464082154754317772e-02 0.000000000000000000e+00 1.163790503122421383e+00 3.361942377812220106e-02 3.138282738574435711e+08 3.138282738574435711e+08
1.420000000000000000e+02 5.500000000000200000e+13 0.000000000000000000e+00 1.340937037812363508e+00 6.687232661598151162e-02 1.384063005628465848e-01 5.050296635366680054e-02 0.000000000000000000e+00 1.286077124868905797e+00 1.211812961396892402e-01 1.005830527245472670e+09 5.798803458713088036e+08
1.430000000000000000e+02 5.500000000000100000e+13 0.000000000000000000e+00 1.100558024960055059e+00 7.124584461069606578e-02 1.564524884167887292e-02 1.397406231794894212e-02 0.000000000000000000e+00 1.166229260795004663e+00 4.135096495672018618e-02 2.423048159105606079e+08 2.164224188274383843e+08
1.440000000000000000e+02 5.500000000000400000e+13 0.000000000000000000e+00 1.162689610407972252e+00 2.845566706696866718e-02 2.193543438613236932e-02 2.193543438613236932e-02 0.000000000000000000e+00 1.251099961447706299e+00 4.612285139372600956e-02 3.004666749080415964e+08 3.004666749080415964e+08
1.450000000000000000e+02 5.500000000000100000e+13 0.000000000000000000e+00 1.186953980973371792e+00 3.375113611866682045e-02 8.199302358051505091e-02 5.519725411107663515e-02 0.000000000000000000e+00 1.274253500928864025e+00 1.092684597086253651e-01 8.316444398339446783e+08 7.513984060864096880e+08
1.460000000000000000e+02 5.500000000000300000e+13 0.000000000000000000e+00 1.505391574871377980e+00 2.293583090835695504e-01 2.536846415590721660e-01 1.143977909761957346e-01 0.000000000000000000e+00 1.565887125340823527e+00 2.036999890772181743e-01 2.689271291884077549e+09 1.781813552586908102e+09
1.470000000000000000e+02 5.500000000000300000e+13 0.000000000000000000e+00 1.359915737450413165e+00 4.847428463239642632e-02 1.213407605026102093e-01 7.391433229583518894e-02 0.000000000000000000e+00 1.321882017072276483e+00 7.925795109686535611e-02 1.451148574217388391e+09 8.839624663719176054e+08
1.480000000000000000e+02 5.500000000000400000e+13 0.000000000000000000e+00 1.282020909562053390e+00 1.012943446621495380e-01 5.056610894452132077e-02 5.056610894452132077e-02 0.000000000000000000e+00 1.328915590378690448e+00 1.048668492263507279e-01 6.300882791579909325e+08 6.300882791579909325e+08
1.490000000000000000e+02 5.500000000003500000e+13 0.000000000000000000e+00 1.060331299200481192e+00 7.913249806978873979e-02 1.108137057791846736e-01 8.230277623304957380e-02 0.000000000000000000e+00 1.167707020811974861e+00 9.365651965609389507e-02 1.534581577661429882e+09 1.139753637057350397e+09
1.500000000000000000e+02 5.500000000000700000e+13 0.000000000000000000e+00 1.528085603321049035e+00 6.822003646603679028e-02 1.270390223832770227e-01 7.239870558355553098e-02 0.000000000000000000e+00 1.531503641250679948e+00 1.137755625024519102e-01 1.619377302635173082e+09 9.228725029736168385e+08
1.510000000000000000e+02 5.500000000000800000e+13 0.000000000000000000e+00 1.022053211287367258e+00 2.537986928744961901e-01 2.336705893362655828e-01 7.833516599209226772e-02 0.000000000000000000e+00 1.160159274597736045e+00 2.326855870731082965e-01 2.354695533436996460e+09 1.696198133255745649e+09
1.520000000000000000e+02 5.500000000000100000e+13 0.000000000000000000e+00 1.166177243959000132e+00 3.860673866405702620e-02 4.552099425963408025e-02 2.218118548231052048e-02 0.000000000000000000e+00 1.184180611325337029e+00 4.385134408079825741e-02 4.792032762374317050e+08 2.804164540377261043e+08
1.530000000000000000e+02 5.500000000000300000e+13 0.000000000000000000e+00 1.464624143625943509e+00 1.377820413507455655e-01 1.023987956300153324e-01 5.344944270265044456e-02 0.000000000000000000e+00 1.400716812315426107e+00 1.786710089518144529e-01 1.246631965386321783e+09 7.020967851239730120e+08
1.540000000000000000e+02 5.500000000000300000e+13 0.000000000000000000e+00 1.043683754750626136e+00 7.473170611997809187e-02 1.283529107373868050e-01 8.433117723156532963e-02 0.000000000000000000e+00 1.248970803416310282e+00 8.877932278501148022e-02 1.879422963879900694e+09 1.234829425756555080e+09
1.550000000000000000e+02 5.500000000002900000e+13 0.000000000000000000e+00 1.121994220177506607e+00 1.084241788374398219e-01 3.318233199570451430e-02 3.318233199570451430e-02 0.000000000000000000e+00 1.155608670254157477e+00 1.293161341142670673e-01 4.233868422703225613e+08 4.233868422703225613e+08
1.560000000000000000e+02 5.500000000000300000e+13 0.000000000000000000e+00 9.241461368809074095e-01 1.759116925279114729e-01 4.335633775539847190e-01 3.588856513229515821e-01 0.000000000000000000e+00 1.510983175517009780e+00 3.293418084578613597e-02 5.676245849485523999e+07 5.676245849485523999e+07
1.570000000000000000e+02 5.500000000000200000e+13 0.000000000000000000e+00 1.310326571044444499e+00 6.903950634932064234e-02 1.279194563196045242e-01 5.549062324852788164e-02 0.000000000000000000e+00 1.085684016776302885e+00 8.699466581336164073e-02 1.319808510537947655e+09 8.199646874930270910e+08
1.580000000000000000e+02 5.500000000007400000e+13 0.000000000000000000e+00 1.336619937022377913e+00 8.682436671124392491e-02 3.747343441483767107e-02 3.747343441483767107e-02 0.000000000000000000e+00 1.324100143276324193e+00 1.350867155871354197e-01 4.399607560392941833e+08 4.399607560392941833e+08
1.590000000000000000e+02 5.500000000005700000e+13 0.000000000000000000e+00 1.908534947847841945e+00 7.701416063233404441e-02 1.457569101392579280e-01 7.407151917548043807e-02 0.000000000000000000e+00 1.808131305109667686e+00 9.772219316664923494e-02 1.661708992019863367e+09 8.444560834122399092e+08
1.600000000000000000e+02 5.500000000000100000e+13 0.000000000000000000e+00 1.200218464807879970e+00 6.910994139907335188e-02 8.460459443252489609e-02 3.068583533360853127e-02 0.000000000000000000e+00 1.363117551516925596e+00 4.016230342918910429e-02 5.932779676895080805e+08 5.138932670269069076e+08
1.610000000000000000e+02 5.500000000000100000e+13 0.000000000000000000e+00 1.207636888872115843e+00 4.172975056166180335e-02 6.801548629371617638e-02 3.024508887587287059e-02 0.000000000000000000e+00 1.268109312579414061e+00 4.764042784785939982e-02 6.643596597274271250e+08 3.515836741550879478e+08
1.620000000000000000e+02 5.500000000000400000e+13 0.000000000000000000e+00 1.233653423258792792e+00 1.242171879006472579e-01 2.393154448890251473e-01 1.335159952031854669e-01 0.000000000000000000e+00 1.149459734995780469e+00 2.070502113086043205e-01 2.437569621514258385e+09 1.871854287730060339e+09
1.630000000000000000e+02 5.500000000000100000e+13 0.000000000000000000e+00 1.124554882684587920e+00 1.059151396985484467e-01 1.421894052109657358e-01 4.961488823115826202e-02 0.000000000000000000e+00 1.311169309928286619e+00 1.457263028149447248e-01 1.591808312125938892e+09 6.609547095591500998e+08
1.640000000000000000e+02 5.500000000015400000e+13 0.000000000000000000e+00 1.308386740802522263e+00 8.040121505092470700e-02 -1.000000000000000000e+00 -1.000000000000000000e+00 0.000000000000000000e+00 1.232540201058246909e+00 8.304565408268926863e-02 -1.000000000000000000e+00 -1.000000000000000000e+00
1.650000000000000000e+02 5.500000000002700000e+13 0.000000000000000000e+00 1.113378883304345424e+00 1.082101255009740304e-01 4.682898509302346052e-02 4.682898509302346052e-02 0.000000000000000000e+00 1.342665580601982045e+00 1.159195207004059397e-01 6.629474507832171917e+08 6.629474507832171917e+08
1.660000000000000000e+02 5.500000000000200000e+13 0.000000000000000000e+00 1.330969459399513166e+00 2.339981413867579518e-01 2.554239958692973156e-01 1.597309720192801596e-01 0.000000000000000000e+00 1.430457201824564706e+00 1.746065380195098993e-01 1.529739878759487867e+09 1.479534967575956106e+09
1.670000000000000000e+02 5.500000000032400000e+13 0.000000000000000000e+00 2.588177007563506660e+00 8.039361177885277765e-02 3.818211850452431222e-02 3.818211850452431222e-02 0.000000000000000000e+00 2.588177007563506660e+00 8.074944984697270123e-02 3.377235942795314193e+08 3.377235942795314193e+08
1.680000000000000000e+02 5.500000000002900000e+13 0.000000000000000000e+00 1.424741159080005870e+00 2.355279339420435492e-01 2.463382458256379304e-01 2.463382458256379304e-01 0.000000000000000000e+00 1.184008104542535911e+00 3.035565167121007102e-01 3.065197665161084652e+09 3.065197665161084652e+09
1.690000000000000000e+02 5.500000000001700000e+13 0.000000000000000000e+00 1.076002918692650745e+00 9.356805173988760882e-02 2.336390880120435276e-01 1.817201426651940677e-01 0.000000000000000000e+00 1.467080536900005283e+00 6.556118575836650253e-02 7.319309323803005219e+08 5.606003063146797419e+08
1.700000000000000000e+02 5.500000000001300000e+13 0.000000000000000000e+00 1.117613255562229346e+00 1.361456572821958810e-01 1.750764580648376811e-01 1.585518680176299378e-01 0.000000000000000000e+00 1.339945989100405743e+00 3.930928426146587662e-02 2.899949834413631558e+08 1.841337558809425533e+08
1.710000000000000000e+02 5.500000000001100000e+13 0.000000000000000000e+00 1.032799430513489769e+00 2.546258604896626254e-01 2.394815707555378037e-01 2.394815707555378037e-01 0.000000000000000000e+00 1.359801092360195529e+00 1.065505144057850156e-01 -1.000000000000000000e+00 -1.000000000000000000e+00
1.720000000000000000e+02 5.500000000000200000e+13 0.000000000000000000e+00 1.165396859863547574e+00 4.208210453598248274e-02 8.421709501485245830e-02 5.756267217886898435e-02 0.000000000000000000e+00 1.239696975480495400e+00 5.536527081995173960e-02 3.612434078517590165e+08 2.335625655545950234e+08
1.730000000000000000e+02 5.500000000000600000e+13 0.000000000000000000e+00 1.401665012891398776e+00 8.515215728425044872e-02 1.166982539618532932e-02 1.166982539618532932e-02 0.000000000000000000e+00 1.624855493907036097e+00 3.958391514314883730e-02 1.971230811124299169e+08 1.971230811124299169e+08
1.740000000000000000e+02 5.500000000000100000e+13 0.000000000000000000e+00 1.198375118449701571e+00 9.252087561774430258e-02 9.323713022946335249e-02 3.519681819442005422e-02 0.000000000000000000e+00 1.273846352811266014e+00 5.904994223400049369e-02 9.509357548703449965e+08 5.777261260656546354e+08
1.750000000000000000e+02 5.500000000001400000e+13 0.000000000000000000e+00 1.054134969656792986e+00 4.167297084584806188e-02 1.559479001926808960e-02 1.559479001926808960e-02 0.000000000000000000e+00 1.094209738964484036e+00 4.941418728589008769e-02 1.918345305013830960e+08 1.918345305013830960e+08
1.760000000000000000e+02 5.500000000000100000e+13 0.000000000000000000e+00 1.211575556682416233e+00 4.329113874348126251e-02 6.646690201419253041e-02 2.870116837502688020e-02 0.000000000000000000e+00 1.310401601957697393e+00 4.986436489370717207e-02 8.819051896369494200e+08 3.971266276258425117e+08
1.770000000000000000e+02 5.500000000001900000e+13 0.000000000000000000e+00 1.109262410010170674e+00 5.501873989333214143e-02 5.391233872552229911e-02 5.391233872552229911e-02 0.000000000000000000e+00 1.144481019111806441e+00 6.480037589025705591e-02 6.621693187203800678e+08 6.621693187203800678e+08
1.780000000000000000e+02 5.500000000000100000e+13 0.000000000000000000e+00 1.155037951687539088e+00 2.418021145095309091e-02 5.110408436647351227e-02 2.518015915481733660e-02 0.000000000000000000e+00 1.354410858650300531e+00 3.103017448459508693e-02 5.087333993091125488e+08 3.706727043881053329e+08
1.790000000000000000e+02 5.500000000000400000e+13 0.000000000000000000e+00 1.246826308271415940e+00 3.548619540824292373e-02 6.000907322153676421e-02 3.284953467791661141e-02 0.000000000000000000e+00 1.302423046879322532e+00 6.703558039885249009e-02 6.748767765617367029e+08 4.016222965986796618e+08
1.800000000000000000e+02 5.500000000000200000e+13 0.000000000000000000e+00 1.163053780707149931e+00 1.442278220336279670e-01 2.279498952216105212e-01 6.473936945420162570e-02 0.000000000000000000e+00 9.569100673747286123e-01 1.795102819337114353e-01 2.845317286058850765e+09 8.225443644185357094e+08
1.810000000000000000e+02 5.500000000000600000e+13 0.000000000000000000e+00 1.157034936108926049e+00 7.300134371658366372e-02 4.792279187005633878e-02 3.517982938780884333e-02 0.000000000000000000e+00 1.147526259803994142e+00 6.038214156240531705e-02 4.238347391566028595e+08 4.238347391566028595e+08
1.820000000000000000e+02 5.500000000000100000e+13 0.000000000000000000e+00 1.160610270454181192e+00 5.559182178065541491e-02 7.158031810231745007e-02 1.312673079725987409e-02 0.000000000000000000e+00 1.249467061335814977e+00 5.835977247292155334e-02 4.055691103256483078e+08 1.994578583088375926e+08
1.830000000000000000e+02 5.500000000000100000e+13 0.000000000000000000e+00 8.818606312942404157e-01 1.666394883497572810e-01 5.470915537045654142e-01 1.818435950572315218e-01 0.000000000000000000e+00 1.677107938169951407e+00 9.720572680988202874e-02 6.520180440726265907e+08 6.520180440726265907e+08
1.840000000000000000e+02 5.500000000003400000e+13 0.000000000000000000e+00 1.024479786045731089e+00 1.063123894880340231e-01 5.360470279275757893e-02 5.360470279275757893e-02 0.000000000000000000e+00 1.056107776258574882e+00 1.242563576290271476e-01 6.436279721077116728e+08 6.436279721077116728e+08
1.850000000000000000e+02 5.500000000000200000e+13 1.000000000000000000e+00 9.450867547043397821e-01 2.645711746221324906e-02 1.228679497824207260e-02 5.104692926288861669e-03 0.000000000000000000e+00 1.178887909778387311e+00 3.533852029942917417e-02 4.241697766976489127e+07 4.241697766976489127e+07
1.860000000000000000e+02 5.500000000000100000e+13 0.000000000000000000e+00 1.168005232339969002e+00 1.674332706187303399e-01 1.712640733417891414e-01 1.118037939267328279e-01 0.000000000000000000e+00 1.080188002735965158e+00 2.004084313732805989e-01 2.178131765672562599e+09 1.421917570467507839e+09
1.870000000000000000e+02 5.500000000000300000e+13 0.000000000000000000e+00 1.174765364499570586e+00 6.514585176375141395e-02 1.008737388834915205e-01 7.192287571930348899e-02 0.000000000000000000e+00 1.400427710069714893e+00 9.301779324712819430e-02 1.392502018870051146e+09 1.100418806404190540e+09
1.880000000000000000e+02 5.500000000000100000e+13 0.000000000000000000e+00 1.377137941167318802e+00 4.348131109539319500e-02 1.167593174352883623e-01 3.679655609918239950e-02 0.000000000000000000e+00 1.515024489810828712e+00 1.388052014029289745e-02 7.447482969609220028e+08 2.430343110423091054e+08
1.890000000000000000e+02 5.500000000002600000e+13 0.000000000000000000e+00 1.282795923145491734e+00 3.962817068350416722e-02 1.157344173845649415e-01 4.964922347750916343e-02 0.000000000000000000e+00 1.383342000153579887e+00 7.133549938502647958e-02 4.041048706091607213e+08 4.041048706091607213e+08
1.900000000000000000e+02 5.500000000000100000e+13 0.000000000000000000e+00 1.485609455503464904e+00 9.297619225426241585e-02 8.171667165590042192e-02 3.223617457066330766e-02 0.000000000000000000e+00 1.375217886966758618e+00 1.246669953264887831e-01 8.591792940618314743e+08 4.538815892037286758e+08
1.910000000000000000e+02 5.500000000000100000e+13 0.000000000000000000e+00 1.267326198785065472e+00 1.130233225318791751e-01 1.436671752816434666e-01 2.903520543406229448e-02 0.000000000000000000e+00 1.273372925719675752e+00 1.531313175306548424e-01 1.419646449325134993e+09 3.558436393624389172e+08
1.920000000000000000e+02 5.500000000056600000e+13 0.000000000000000000e+00 1.187911908135731220e+00 6.302276382100782670e-02 -1.000000000000000000e+00 -1.000000000000000000e+00 0.000000000000000000e+00 1.178470278459446074e+00 3.899528938837176079e-02 -1.000000000000000000e+00 -1.000000000000000000e+00
1.930000000000000000e+02 5.500000000004000000e+13 0.000000000000000000e+00 9.765934446279759262e-01 1.400191418541873734e-01 1.626705962424384033e-01 1.302080423398668252e-01 0.000000000000000000e+00 1.015989890032756859e+00 1.725464819498117863e-01 1.646122293371819735e+09 1.646122293371819735e+09
1.940000000000000000e+02 5.500000000000100000e+13 0.000000000000000000e+00 1.203453908634116942e+00 1.606512334289507404e-01 3.629987972504294391e-01 2.509795782624894556e-01 0.000000000000000000e+00 5.640666384543094880e-01 1.813275118787775197e-01 4.683102550224847794e+09 3.400613698355927944e+09
1.950000000000000000e+02 5.500000000000300000e+13 0.000000000000000000e+00 9.926630465783439217e-01 7.359472626704109677e-02 4.904714440184803070e-01 1.698227333792063920e-01 0.000000000000000000e+00 7.048221779378246454e-01 1.909180525427172093e-01 3.021156638094510078e+09 2.539190865637912750e+09
1.960000000000000000e+02 5.500000000000100000e+13 0.000000000000000000e+00 1.100038547557444568e+00 8.800939986882615196e-02 1.585879261450708066e-01 6.873554244271017077e-02 0.000000000000000000e+00 1.077810852556160937e+00 1.218381653564775957e-01 2.023808893804805517e+09 9.643298899892914295e+08
1.970000000000000000e+02 5.500000000000100000e+13 0.000000000000000000e+00 1.075195734629071032e+00 1.073633299619436432e-01 1.772848972632520559e-01 1.300734809992918906e-01 0.000000000000000000e+00 1.421222871997739556e+00 3.722077655555048464e-02 4.349731442681906819e+08 4.297103015792716146e+08
1.980000000000000000e+02 5.500000000000200000e+13 0.000000000000000000e+00 1.157990957409223975e+00 1.623256912706133245e-02 1.209941130544300303e-01 6.201694847640377983e-02 0.000000000000000000e+00 1.105254853760506029e+00 1.514463315297646419e-02 1.523316465934681892e+09 7.807936799258161783e+08
1.990000000000000000e+02 5.500000000000200000e+13 1.000000000000000000e+00 1.145200492977884066e+00 3.446883085163070931e-02 -1.000000000000000000e+00 -1.000000000000000000e+00 0.000000000000000000e+00 1.189414414022412991e+00 4.095578804567915482e-02 -1.000000000000000000e+00 -1.000000000000000000e+00
2.000000000000000000e+02 5.500000000000100000e+13 0.000000000000000000e+00 1.174166629724595179e+00 6.620696383157079201e-02 1.070057535605957316e-01 5.242042588494941202e-02 0.000000000000000000e+00 1.313288058832675853e+00 5.468351446713907993e-02 7.594262632482298613e+08 2.698425902888009548e+08
2.010000000000000000e+02 5.500000000000100000e+13 0.000000000000000000e+00 1.161522455668634768e+00 8.540232030007316455e-02 2.188604934653564094e-01 1.529499426348082114e-01 0.000000000000000000e+00 1.312644430334615420e+00 2.259026063683108529e-02 6.593744775117545128e+08 5.786406631079361439e+08
2.020000000000000000e+02 5.500000000000400000e+13 0.000000000000000000e+00 1.402824607124476097e+00 1.291217893053512034e-01 3.035573215201884389e-01 1.405207051844332700e-01 0.000000000000000000e+00 1.498842702388130776e+00 1.711675115869861485e-01 2.097742085158366919e+09 7.366768856040022373e+08
2.030000000000000000e+02 5.500000000000100000e+13 0.000000000000000000e+00 1.154391521232909890e+00 1.154975461898867795e-01 1.319981303908974168e-01 6.662690401908606674e-02 0.000000000000000000e+00 1.452318180485825394e+00 8.167300218750975227e-02 1.054121278954998493e+09 1.054121278954998493e+09
2.040000000000000000e+02 5.500000000001700000e+13 0.000000000000000000e+00 6.414669387480657070e-01 1.107088512860937013e-01 2.880792492573929775e-01 1.351305159463430938e-01 0.000000000000000000e+00 1.012583563052563695e+00 1.215192519933035176e-01 2.637727514758161068e+09 1.646001327842395544e+09
2.050000000000000000e+02 5.500000000000300000e+13 0.000000000000000000e+00 2.743171540355917593e+00 1.285195832289792173e-01 1.070867496465882779e-01 4.776333482743164160e-02 0.000000000000000000e+00 2.400246145922378282e+00 1.322966640385693227e-01 1.404966439847722292e+09 6.266497275266708136e+08
2.060000000000000000e+02 5.500000000033200000e+13 1.000000000000000000e+00 1.038393880812859438e+00 2.146448336816348876e-02 -1.000000000000000000e+00 -1.000000000000000000e+00 0.000000000000000000e+00 7.639608046078709691e-01 3.172743366500938023e-02 -1.000000000000000000e+00 -1.000000000000000000e+00
2.070000000000000000e+02 5.500000000000600000e+13 0.000000000000000000e+00 1.018198707989222074e+00 1.229193729557365028e-01 1.002681100014905374e-01 9.731206836587667774e-02 0.000000000000000000e+00 1.509569436807098208e+00 6.357704785275487824e-02 4.945392171442287415e+07 4.945392171442287415e+07
2.080000000000000000e+02 5.500000000000700000e+13 0.000000000000000000e+00 1.150069915910744367e+00 6.132470351980342377e-02 7.046457722604755614e-02 3.537418423189195998e-02 0.000000000000000000e+00 1.171748928221399533e+00 8.247385426549724841e-02 8.574155816891298294e+08 4.304343819827010036e+08
2.090000000000000000e+02 5.500000000000300000e+13 0.000000000000000000e+00 1.200778332130546744e+00 5.878510438106625269e-02 1.421640149369655937e-01 7.595704774470134202e-02 0.000000000000000000e+00 1.240198254074474926e+00 7.910148509898774771e-02 8.641478235150396824e+08 4.170234358991921544e+08
2.100000000000000000e+02 5.500000000027800000e+13 0.000000000000000000e+00 8.220014330596209229e-01 6.397601055714753626e-02 -1.000000000000000000e+00 -1.000000000000000000e+00 0.000000000000000000e+00 3.742115653115238860e-01 7.548730341288086010e-02 -1.000000000000000000e+00 -1.000000000000000000e+00
2.110000000000000000e+02 5.500000000000200000e+13 0.000000000000000000e+00 1.161786879370481307e+00 4.798079422802675742e-02 1.472789448326577294e-02 1.472789448326577294e-02 0.000000000000000000e+00 1.343438155155491254e+00 4.870817361576306598e-02 -1.000000000000000000e+00 -1.000000000000000000e+00
2.120000000000000000e+02 5.500000000000100000e+13 0.000000000000000000e+00 9.109267114214637528e-01 1.754104481540464111e-01 3.500594410456062122e-01 1.996406597608453848e-01 0.000000000000000000e+00 1.154414596755033662e+00 6.736809079238333109e-02 5.268799463571745157e+08 4.376484630854038000e+08
2.130000000000000000e+02 5.500000000000400000e+13 0.000000000000000000e+00 1.538751120586780985e+00 7.798709315447822921e-02 1.012454865428895207e-01 3.652575815297474937e-02 0.000000000000000000e+00 1.506825283015716055e+00 7.831643252319840653e-02 1.041632153345673203e+09 4.448748124430916905e+08
2.140000000000000000e+02 5.500000000000200000e+13 0.000000000000000000e+00 1.210484848550914538e+00 7.289255542802974830e-02 8.497232541284373275e-02 2.590299106547972949e-02 0.000000000000000000e+00 1.097334728422786787e+00 7.556590107175784055e-02 9.683187041345092058e+08 2.951825858580287099e+08
2.150000000000000000e+02 5.500000000000300000e+13 0.000000000000000000e+00 1.553172215409439616e+00 1.584121577171934969e-01 2.874721017995820471e-01 1.839861106779361599e-01 0.000000000000000000e+00 1.189823363902545506e+00 2.237279881315114571e-01 3.936576833735924244e+09 2.980547634048128605e+09
2.160000000000000000e+02 5.500000000000400000e+13 0.000000000000000000e+00 1.265425340722143854e+00 2.071114761435303708e-01 4.150569496297202843e-01 1.578490115674153760e-01 0.000000000000000000e+00 1.250774893477581307e+00 1.416507996045656970e-01 3.035475754653809071e+09 1.944194418014027834e+09
2.170000000000000000e+02 5.500000000006500000e+13 0.000000000000000000e+00 1.217871224087539561e+00 7.817916006648395477e-02 -1.000000000000000000e+00 -1.000000000000000000e+00 1.000000000000000000e+00 8.927447587508713367e-01 1.871997406313950785e-02 -1.000000000000000000e+00 -1.000000000000000000e+00
2.180000000000000000e+02 5.500000000001900000e+13 0.000000000000000000e+00 8.927958942835619860e-01 1.369650693911757255e-01 1.239673482053580689e-01 1.239673482053580689e-01 0.000000000000000000e+00 7.363893705228378161e-01 6.379115615804827055e-02 -1.000000000000000000e+00 -1.000000000000000000e+00
2.190000000000000000e+02 5.500000000000400000e+13 0.000000000000000000e+00 1.083630462143645001e+00 1.297317657350928188e-01 2.616866601205046772e-01 9.971233767131812420e-02 0.000000000000000000e+00 1.422680392091768331e+00 1.562163466904626097e-01 1.469243439536829472e+09 1.258925821264763355e+09
2.200000000000000000e+02 5.500000000001000000e+13 0.000000000000000000e+00 1.048337028005021487e+00 5.680321384313610084e-02 9.894119684516636259e-02 7.235840411023156116e-02 0.000000000000000000e+00 1.126354132148122744e+00 4.598854862106203922e-02 9.601058222470557690e+08 9.601058222470557690e+08
2.210000000000000000e+02 5.500000000013800000e+13 0.000000000000000000e+00 7.958629873678604305e-01 3.188247891082084395e-01 3.187894891723935253e-01 2.391529193858297764e-01 0.000000000000000000e+00 1.642352393355370088e+00 1.967550302610111823e-01 -1.000000000000000000e+00 -1.000000000000000000e+00
2.220000000000000000e+02 5.500000000000300000e+13 0.000000000000000000e+00 1.389761376152863548e+00 1.928819362980239635e-02 1.389894118950695812e-01 7.475359546499014962e-02 0.000000000000000000e+00 1.328156838750478297e+00 6.312478167043947264e-02 1.564875840221629143e+09 1.234962007775069475e+09
2.230000000000000000e+02 5.500000000000600000e+13 0.000000000000000000e+00 1.222221218389770048e+00 8.828249156491069227e-02 9.990038772298467928e-02 6.127078186405957722e-02 0.000000000000000000e+00 1.300535440107512652e+00 1.089865139155776208e-01 1.157809705914477825e+09 7.101064124784709215e+08
2.240000000000000000e+02 5.500000000002400000e+13 0.000000000000000000e+00 1.091327291204314598e+00 6.667630190271654766e-02 -1.000000000000000000e+00 -1.000000000000000000e+00 0.000000000000000000e+00 1.169015107716464108e+00 7.503495650188186927e-02 -1.000000000000000000e+00 -1.000000000000000000e+00
2.250000000000000000e+02 5.500000000000100000e+13 0.000000000000000000e+00 1.221210739044073623e+00 4.907713819434153524e-02 5.388621371304871954e-02 2.555852253209843841e-02 0.000000000000000000e+00 1.284746575769234234e+00 5.583227000111713745e-02 6.695414546677281857e+08 3.504049392250571251e+08
2.260000000000000000e+02 5.500000000001500000e+13 0.000000000000000000e+00 1.336725092074360299e+00 3.223395845776978741e-02 1.695749141591879061e-02 1.695749141591879061e-02 0.000000000000000000e+00 1.513218019970386186e+00 4.479372614764701860e-02 2.458392911790292561e+08 2.458392911790292561e+08
2.270000000000000000e+02 5.500000000000100000e+13 0.000000000000000000e+00 1.187640225983618958e+00 6.296501692597343547e-02 4.873583457453169870e-02 4.674791533033996471e-02 0.000000000000000000e+00 1.309549202605586160e+00 9.188656647184000048e-02 6.477917066113005877e+08 6.213684882332291603e+08
2.280000000000000000e+02 5.500000000000100000e+13 0.000000000000000000e+00 1.581737139793685687e+00 2.542573975098151584e-02 9.841138607995385257e-02 3.790821470970280604e-02 0.000000000000000000e+00 1.686029214441164381e+00 4.082524795481116964e-02 1.282952360990908623e+09 4.941951891953914762e+08
2.290000000000000000e+02 5.500000000001100000e+13 0.000000000000000000e+00 1.046329239791895294e+00 1.184068574768716020e-01 1.368272232676764066e-01 8.077580489488242477e-02 0.000000000000000000e+00 1.335601734636164384e+00 1.049747634095628962e-01 8.768727711942551136e+08 5.010020698066783547e+08
2.300000000000000000e+02 5.500000000000100000e+13 1.000000000000000000e+00 1.136954156555438189e+00 1.706831782402186068e-02 5.130929687428743141e-02 1.933851093132918017e-02 0.000000000000000000e+00 1.207829280525503535e+00 1.749043293549946629e-02 1.927071329648778141e+08 1.572140591405007839e+08
2.310000000000000000e+02 5.500000000000100000e+13 0.000000000000000000e+00 1.104709722860530485e+00 2.328297985053342789e-01 3.226207700574327819e-01 1.974128818575807687e-01 0.000000000000000000e+00 1.223998599691896505e+00 1.891827817128143574e-01 2.082447279744041204e+09 1.249992418157501698e+09
2.320000000000000000e+02 5.500000000008100000e+13 0.000000000000000000e+00 1.050861457365300788e+00 4.449361580253623910e-02 -1.000000000000000000e+00 -1.000000000000000000e+00 1.000000000000000000e+00 1.080801171022707008e+00 3.129893000472227377e-02 -1.000000000000000000e+00 -1.000000000000000000e+00
2.330000000000000000e+02 5.500000000000800000e+13 0.000000000000000000e+00 1.170334395130214533e+00 4.745039563428333357e-02 1.106583182959893358e-01 6.713939844578849236e-02 0.000000000000000000e+00 1.410872594056182150e+00 6.221970970231652936e-02 1.260180289259527683e+09 1.260180289259527683e+09
2.340000000000000000e+02 5.500000000000100000e+13 0.000000000000000000e+00 1.198794591332778658e+00 1.350091618050583975e-01 2.123010943732557831e-01 1.039625370757294581e-01 0.000000000000000000e+00 1.127189109590625682e+00 1.399838259016411013e-01 2.812729755787684441e+09 1.641293999482454300e+09
2.350000000000000000e+02 5.500000000001500000e+13 0.000000000000000000e+00 1.278795859322402473e+00 8.682196336324568553e-02 7.787893897702020084e-03 7.787893897702020084e-03 0.000000000000000000e+00 1.388508157832016199e+00 3.147402978561012615e-02 1.032254640286338925e+08 1.032254640286338925e+08
2.360000000000000000e+02 5.500000000001200000e+13 0.000000000000000000e+00 1.273376456780203947e+00 1.493358022124241340e-02 3.040181329263418053e-02 1.535884298121297994e-02 0.000000000000000000e+00 1.151926893735240265e+00 3.686455663234113750e-02 4.399973986579205990e+08 2.222844701097641885e+08
2.370000000000000000e+02 5.500000000000300000e+13 0.000000000000000000e+00 8.661402182034745323e-01 1.674237459035523845e-01 2.218014739773614963e-01 2.011338660611618201e-01 0.000000000000000000e+00 9.441322963861304984e-01 9.856526964357262277e-02 3.286992517963317037e+08 3.286992517963317037e+08
2.380000000000000000e+02 5.500000000000100000e+13 0.000000000000000000e+00 1.307139991385233957e+00 9.774018653824775860e-02 1.097106506637595402e-01 2.070584659195443683e-02 0.000000000000000000e+00 1.246812655813075432e+00 1.294337152794146906e-01 1.058253344112928391e+09 2.357154581776107252e+08
2.390000000000000000e+02 5.500000000000400000e+13 0.000000000000000000e+00 1.188699470117580814e+00 4.445080477790259998e-02 1.127435748417925931e-01 4.851059021051272457e-02 0.000000000000000000e+00 1.220656932772127501e+00 6.712068298988640991e-02 1.263932657408919096e+09 5.438369262575492859e+08
2.400000000000000000e+02 5.500000000000100000e+13 0.000000000000000000e+00 1.297425667835992780e+00 2.251177307947941908e-01 4.311877022311067509e-01 2.423385115790543665e-01 0.000000000000000000e+00 1.629450251338192768e+00 1.299069337469551666e-01 9.701656682768346071e+08 7.127105816640449762e+08
2.410000000000000000e+02 5.500000000000200000e+13 0.000000000000000000e+00 1.195247296037353690e+00 5.168237494707388774e-02 1.163663578958355066e-01 5.333994363845109832e-02 0.000000000000000000e+00 1.165641233036922131e+00 6.842200836902237460e-02 1.614422110520431519e+09 7.400178706367408037e+08
2.420000000000000000e+02 5.500000000006200000e+13 0.000000000000000000e+00 9.432914879662430696e-01 4.971317540437258237e-02 3.036927775869682419e-02 3.036927775869682419e-02 0.000000000000000000e+00 8.558003378031483477e-01 5.195461430676250048e-02 -1.000000000000000000e+00 -1.000000000000000000e+00
2.430000000000000000e+02 5.500000000000300000e+13 0.000000000000000000e+00 1.122198620071973352e+00 1.419819242225002220e-01 1.174260502467553008e-01 4.638231265038023077e-02 0.000000000000000000e+00 1.293560034799751790e+00 1.740205682474174620e-01 1.526823837463191986e+09 6.144839081431008577e+08
2.440000000000000000e+02 5.500000000000200000e+13 0.000000000000000000e+00 1.438532712526149115e+00 1.545880261160932911e-01 1.491426815560629171e-01 6.944202974695032338e-02 0.000000000000000000e+00 1.355291445494400504e+00 1.983555654124930789e-01 1.712015239655622721e+09 7.971280384596593380e+08
2.450000000000000000e+02 5.500000000000600000e+13 0.000000000000000000e+00 1.245985369484152949e+00 1.397449936021227246e-01 1.702994942546553758e-01 1.001371906911853044e-01 0.000000000000000000e+00 1.451439222712070931e+00 8.116376264616140257e-02 5.924001995586438179e+08 5.924001995586438179e+08
2.460000000000000000e+02 5.500000000000100000e+13 0.000000000000000000e+00 1.270447497640473822e+00 7.794704302306222632e-02 1.130293211028132877e-01 4.221618860104816434e-02 0.000000000000000000e+00 1.176486487574251338e+00 1.345053774311006090e-01 1.265121684693472385e+09 4.967205843615176678e+08
2.470000000000000000e+02 5.500000000005600000e+13 0.000000000000000000e+00 8.908060882555017823e-01 5.097804951395608353e-02 -1.000000000000000000e+00 -1.000000000000000000e+00 0.000000000000000000e+00 9.804446278291069072e-01 5.007950246388864074e-02 -1.000000000000000000e+00 -1.000000000000000000e+00
2.480000000000000000e+02 5.500000000000300000e+13 0.000000000000000000e+00 1.209546747335671135e+00 2.696115312261752883e-02 2.759536254902067443e-02 1.944759615123116056e-02 0.000000000000000000e+00 1.352351785561152431e+00 4.056663678032020742e-02 2.871899771372010708e+08 2.871899771372010708e+08
2.490000000000000000e+02 5.500000000000200000e+13 1.000000000000000000e+00 1.060803501216606382e+00 1.458472614381920232e-02 1.153929638335395892e-02 1.153929638335395892e-02 0.000000000000000000e+00 1.106754560611845184e+00 3.575166760677295913e-02 1.579287139406384826e+08 1.579287139406384826e+08
2.500000000000000000e+02 5.500000000000300000e+13 0.000000000000000000e+00 1.212186443927448787e+00 7.256614726517424119e-02 1.350091586449021774e-01 6.403196621477658113e-02 0.000000000000000000e+00 1.393517139197964161e+00 1.104009321786900283e-01 6.075747663241789341e+08 5.859306987771793604e+08
2.510000000000000000e+02 5.500000000000100000e+13 0.000000000000000000e+00 1.324332800871126592e+00 3.423178916216151890e-02 8.251708005420251013e-02 3.414911843995247637e-02 0.000000000000000000e+00 1.330401964176048724e+00 6.077624859995104517e-02 1.171371793833508253e+09 4.847640524672546387e+08
2.520000000000000000e+02 5.500000000001000000e+13 0.000000000000000000e+00 1.075363543252067844e+00 7.732664038186193300e-02 1.116736022280153534e-01 1.116736022280153534e-01 1.000000000000000000e+00 1.093159468211628793e+00 2.798663965263403774e-02 -1.000000000000000000e+00 -1.000000000000000000e+00
2.530000000000000000e+02 5.500000000001500000e+13 1.000000000000000000e+00 1.103197893531584928e+00 3.911391782510687670e-02 9.967146919302627417e-02 3.916621989372459645e-02 0.000000000000000000e+00 1.033691782895834521e+00 1.708576988303962818e-02 1.229510032292968035e+09 4.831398661643897891e+08
2.540000000000000000e+02 5.500000000000100000e+13 0.000000000000000000e+00 1.145719522203727081e+00 3.102777945333249146e-02 1.011744551607227649e-01 3.593833074344716244e-02 0.000000000000000000e+00 1.413032761226505007e+00 2.587996097795840569e-02 6.768926761982015371e+08 2.653581786616865396e+08
2.550000000000000000e+02 5.500000000000100000e+13 0.000000000000000000e+00 1.508804897206824203e+00 9.109065880114185221e-02 1.278132328956889940e-01 3.851100602139020945e-02 0.000000000000000000e+00 1.597944904316335402e+00 1.150146014070901612e-01 1.591070379807620049e+09 4.794004469571128488e+08
2.560000000000000000e+02 5.500000000002900000e+13 0.000000000000000000e+00 1.039973538951799892e+00 4.717208119119112308e-02 -1.000000000000000000e+00 -1.000000000000000000e+00 0.000000000000000000e+00 1.047375277964278206e+00 7.340101091926118371e-02 -1.000000000000000000e+00 -1.000000000000000000e+00
2.570000000000000000e+02 5.500000000000100000e+13 0.000000000000000000e+00 1.240585257321211055e+00 7.427368172980360062e-02 1.114212564421687424e-01 4.068660780661382398e-02 0.000000000000000000e+00 1.274661034879272403e+00 9.010358482878183528e-02 8.077052365482988358e+08 5.281647415205616355e+08
2.580000000000000000e+02 5.500000000000100000e+13 0.000000000000000000e+00 1.061417976440702793e+00 4.458965034419008766e-02 2.754775515473275108e-02 1.031900645072797613e-02 0.000000000000000000e+00 1.188936892318194882e+00 4.732034187581773271e-02 2.417685692815927863e+08 1.200794074773325473e+08
2.590000000000000000e+02 5.500000000000100000e+13 0.000000000000000000e+00 1.065990879155612081e+00 1.192962950200353034e-01 1.991230984363744350e-01 8.455358277893131047e-02 0.000000000000000000e+00 1.119997829219844032e+00 1.191632735855639863e-01 1.576448632047708035e+09 1.037604097691676259e+09
2.600000000000000000e+02 5.500000000001200000e+13 0.000000000000000000e+00 1.217548519757166936e+00 3.276182770869941890e-02 6.769991601479805055e-02 6.769991601479805055e-02 0.000000000000000000e+00 1.217681623503992006e+00 5.018407957958091747e-02 8.003567549727083445e+08 8.003567549727083445e+08
2.610000000000000000e+02 5.500000000000100000e+13 0.000000000000000000e+00 1.222719952110514097e+00 1.163492550433846279e-01 2.360627135951563760e-01 1.732974416583649424e-01 0.000000000000000000e+00 1.420767531028348296e+00 8.453682182650058829e-02 7.697949541043084860e+08 3.247004932749230266e+08
2.620000000000000000e+02 5.500000000000300000e+13 0.000000000000000000e+00 1.417094696086916850e+00 4.034305287323169259e-02 5.948900860965081888e-02 5.316098510423311607e-02 0.000000000000000000e+00 1.459512432418943462e+00 6.240007725276611183e-02 7.864970827905826569e+08 7.028350392776596546e+08
2.630000000000000000e+02 5.500000000000100000e+13 0.000000000000000000e+00 1.282834910238612069e+00 5.348321348872783071e-02 1.685654254908520167e-01 4.261097921200933392e-02 0.000000000000000000e+00 1.256930759602573611e+00 1.333250841659210373e-01 1.301651223844300747e+09 4.128402256655165553e+08
2.640000000000000000e+02 5.500000000207000000e+13 0.000000000000000000e+00 1.062418229376706824e+00 9.625097075961214221e-02 -1.000000000000000000e+00 -1.000000000000000000e+00 0.000000000000000000e+00 nan 7.597169532265667102e-02 -1.000000000000000000e+00 -1.000000000000000000e+00
2.650000000000000000e+02 5.500000000000900000e+13 0.000000000000000000e+00 1.304470913249211828e+00 2.562347372830507397e-01 2.915070155673903929e-01 1.856283285538713745e-01 0.000000000000000000e+00 1.332432523662733237e+00 1.822693737198716746e-01 1.489398926600543499e+09 9.460009989675657749e+08
2.660000000000000000e+02 5.500000000008400000e+13 1.000000000000000000e+00 1.062961958193853640e+00 2.547120965459034880e-02 6.917782764538042695e-02 6.917782764538042695e-02 0.000000000000000000e+00 8.652174064501336748e-01 6.173675355960990541e-02 9.362629279864821434e+08 9.362629279864821434e+08
2.670000000000000000e+02 5.500000000001200000e+13 0.000000000000000000e+00 1.224908472867931808e+00 2.267720157755927571e-02 3.365750396381139709e-02 2.876886007035410128e-02 0.000000000000000000e+00 1.156914675601379949e+00 3.082935820160270790e-02 5.763181741233275086e+07 5.763181741233275086e+07
2.680000000000000000e+02 5.500000000000100000e+13 0.000000000000000000e+00 1.267817509585002167e+00 8.429941471200677605e-02 1.379260662665820203e-01 4.763042008889253193e-02 0.000000000000000000e+00 1.252637793520438914e+00 1.186830407511920704e-01 1.711936374754658461e+09 6.098575908138223886e+08
2.690000000000000000e+02 5.500000000010500000e+13 1.000000000000000000e+00 9.051150306721410521e-01 1.432080659360811421e-02 -1.000000000000000000e+00 -1.000000000000000000e+00 1.000000000000000000e+00 8.634561095381376727e-01 2.758400599660905742e-02 -1.000000000000000000e+00 -1.000000000000000000e+00
2.700000000000000000e+02 5.500000000001300000e+13 0.000000000000000000e+00 1.332840552114612498e+00 7.471813743259630991e-02 8.140594298842235288e-02 4.252176475922735122e-02 0.000000000000000000e+00 1.271200638881127221e+00 1.071566004301652136e-01 1.039618799551902175e+09 5.430368399528692961e+08
2.710000000000000000e+02 5.500000000000100000e+13 0.000000000000000000e+00 1.336089024036860362e+00 6.378337422982033322e-02 1.039220349015311656e-01 4.359186703980810068e-02 0.000000000000000000e+00 1.335385758383729415e+00 8.585754316772188643e-02 1.125230530691376209e+09 4.963379050307374001e+08
2.720000000000000000e+02 5.500000000000900000e+13 0.000000000000000000e+00 1.253793720467080375e+00 5.261148550597329748e-02 2.003896776442960770e-02 2.003896776442960770e-02 0.000000000000000000e+00 1.199123408094592502e+00 9.547091495947998552e-02 2.838371259958834052e+08 2.838371259958834052e+08
2.730000000000000000e+02 5.500000000006100000e+13 0.000000000000000000e+00 1.010975367916888690e+00 9.180007682889940179e-02 -1.000000000000000000e+00 -1.000000000000000000e+00 0.000000000000000000e+00 1.038898548481763440e+00 7.932425763054387624e-02 -1.000000000000000000e+00 -1.000000000000000000e+00
2.740000000000000000e+02 5.500000000000100000e+13 0.000000000000000000e+00 1.349232032255920366e+00 1.954745917701400937e-01 2.669572994035970259e-01 4.563383062619411068e-02 0.000000000000000000e+00 1.090835697659643388e+00 3.141543070784578173e-01 2.300657483004077435e+09 6.056396092960592508e+08
2.750000000000000000e+02 5.500000000000800000e+13 0.000000000000000000e+00 1.170532612737685385e+00 8.698969682604808240e-02 1.169695308493518826e-01 1.069768401445354150e-01 0.000000000000000000e+00 1.099108677686761792e+00 9.396462580487130456e-02 1.803119114081464291e+09 1.649078899675845861e+09
2.760000000000000000e+02 5.500000000000600000e+13 0.000000000000000000e+00 1.211462604630963114e+00 5.591406102740540535e-02 3.474160364026028514e-02 3.330713919647155380e-02 0.000000000000000000e+00 1.287428158165519587e+00 5.625729607800267901e-02 5.318387161961367130e+08 5.098793462109955549e+08
2.770000000000000000e+02 -1.000000000000000000e+00 -1.000000000000000000e+00 -1.000000000000000000e+00 -1.000000000000000000e+00 -1.000000000000000000e+00 -1.000000000000000000e+00 -1.000000000000000000e+00 -1.000000000000000000e+00 -1.000000000000000000e+00 -1.000000000000000000e+00 -1.000000000000000000e+00
2.780000000000000000e+02 5.500000000008700000e+13 0.000000000000000000e+00 1.003962663886024176e+00 1.113800648689353273e-01 -1.000000000000000000e+00 -1.000000000000000000e+00 0.000000000000000000e+00 9.576394316951266639e-01 6.067849849269923296e-02 -1.000000000000000000e+00 -1.000000000000000000e+00
2.790000000000000000e+02 5.500000000031700000e+13 0.000000000000000000e+00 9.491707987006315905e-01 1.355813030513240425e-01 1.186502901595357512e-01 1.186502901595357512e-01 0.000000000000000000e+00 8.246823613339140380e-01 1.017657231294607917e-01 -1.000000000000000000e+00 -1.000000000000000000e+00
2.800000000000000000e+02 5.500000000002700000e+13 0.000000000000000000e+00 1.221490150552620113e+00 6.951701041447702623e-02 1.000000000000000000e+00 1.000000000000000000e+00 0.000000000000000000e+00 1.221490150552620113e+00 6.967810820931887028e-02 9.976311053190383911e+09 9.976311053190383911e+09
2.810000000000000000e+02 5.500000000000600000e+13 0.000000000000000000e+00 1.083164638386973300e+00 5.516417878889928045e-02 2.159687250073662468e-01 1.327532937660479140e-01 0.000000000000000000e+00 9.119377736474731933e-01 1.083364506719164677e-01 2.227945373090696335e+09 1.829867808712716579e+09
2.820000000000000000e+02 5.500000000000600000e+13 0.000000000000000000e+00 1.239122708694776698e+00 7.816509045109450160e-02 4.933529782745797038e-02 2.037329012896070199e-02 0.000000000000000000e+00 1.210950043182620561e+00 6.152695738183472374e-02 7.314445072687716484e+08 3.020541441127694249e+08
2.830000000000000000e+02 5.500000000000500000e+13 0.000000000000000000e+00 1.169176378531814331e+00 6.855980434116330791e-02 8.509502960703391183e-02 5.240696213888390576e-02 0.000000000000000000e+00 1.282515546912794457e+00 8.502355279938386690e-02 1.185161251787783861e+09 7.298981049508984089e+08
2.840000000000000000e+02 5.500000000000100000e+13 0.000000000000000000e+00 1.301846163591082295e+00 8.126456727656521106e-02 5.839099955964024286e-02 4.189716673388447360e-02 0.000000000000000000e+00 1.463612607105954533e+00 5.390876350030850833e-02 1.145687804021914303e+08 4.463183390650598705e+07
2.850000000000000000e+02 5.500000000000300000e+13 0.000000000000000000e+00 1.210687126772128641e+00 1.701552299557257675e-01 1.701292835352936073e-01 1.031209219557664564e-01 1.000000000000000000e+00 1.106471105683071832e+00 3.386858059849457564e-02 -1.000000000000000000e+00 -1.000000000000000000e+00
2.860000000000000000e+02 5.500000000006100000e+13 0.000000000000000000e+00 9.670644307043348986e-01 5.062885249937849191e-02 5.703433593650859834e-02 4.230475812266822760e-02 0.000000000000000000e+00 8.969458746371461455e-01 6.359348038102392853e-02 6.101344722470268011e+08 4.525623178894572258e+08
2.870000000000000000e+02 5.500000000009600000e+13 0.000000000000000000e+00 1.106777983736030757e+00 8.402475061730832473e-02 -1.000000000000000000e+00 -1.000000000000000000e+00 0.000000000000000000e+00 9.499641064963214587e-01 1.230789305176029219e-01 -1.000000000000000000e+00 -1.000000000000000000e+00
2.880000000000000000e+02 5.500000000000300000e+13 0.000000000000000000e+00 1.047608169998852867e+00 9.256587223926113217e-02 1.435990382888724937e-01 1.068381252618767346e-01 0.000000000000000000e+00 1.442025938693651588e+00 6.906761579317056976e-02 5.394039317372519970e+08 4.569557933286785483e+08
2.890000000000000000e+02 5.500000000001100000e+13 0.000000000000000000e+00 1.121482424627604724e+00 1.848513644284547897e-01 1.881650299242799973e-01 1.881650299242799973e-01 0.000000000000000000e+00 1.164531196861913864e+00 2.307567596590462122e-01 2.376387128819018364e+09 2.376387128819018364e+09
2.900000000000000000e+02 5.500000000001400000e+13 0.000000000000000000e+00 1.978512427884939973e+00 1.868467831728725104e-01 4.310681511704297919e-01 2.077459285640192166e-01 0.000000000000000000e+00 2.162490807157561257e+00 2.641392761978066384e-01 2.691971965652144909e+09 1.964627780241946697e+09
2.910000000000000000e+02 5.500000000001800000e+13 0.000000000000000000e+00 1.012938692910723359e+00 6.327408189721332732e-02 5.100413096941153884e-02 2.272748460932602632e-02 0.000000000000000000e+00 1.040042115191285310e+00 7.285775630981690398e-02 5.108693140218595266e+08 2.830506888616657853e+08
2.920000000000000000e+02 5.500000000000100000e+13 0.000000000000000000e+00 6.420560405344709620e-01 1.863409487783529439e-01 2.723674680438347151e-01 1.367332737530785047e-01 0.000000000000000000e+00 1.125953531057965584e+00 1.550134399081450620e-01 1.415778677191067219e+09 1.110936047263188839e+09
2.930000000000000000e+02 5.500000000006200000e+13 0.000000000000000000e+00 9.497241168330140537e-01 1.448230730831119306e-01 2.139850534674860860e-01 1.860477844140115411e-01 0.000000000000000000e+00 9.507076655638333484e-01 8.782020869832581067e-02 4.614734604254008532e+08 4.614734604254008532e+08
2.940000000000000000e+02 5.500000000000100000e+13 0.000000000000000000e+00 1.525494561480590150e+00 9.046025852918097854e-02 1.567963122961144595e-01 5.024688317560802031e-02 0.000000000000000000e+00 1.493993788898637209e+00 1.293068516163341786e-01 1.877728724007880211e+09 6.017361916811199188e+08
2.950000000000000000e+02 5.500000000013500000e+13 0.000000000000000000e+00 2.038080537410013715e+00 4.749786029413197164e-02 1.000000000000000000e+00 1.000000000000000000e+00 0.000000000000000000e+00 2.038080537410013715e+00 4.749865055485469334e-02 8.478257372695065498e+09 8.478257372695065498e+09
2.960000000000000000e+02 5.500000000000200000e+13 0.000000000000000000e+00 1.153073976022777725e+00 1.155840627417298039e-01 7.896537003907154462e-02 4.304744959641285118e-02 0.000000000000000000e+00 1.130489154380115213e+00 1.179093993926203232e-01 1.006946476043794155e+09 5.774185299849251509e+08
2.970000000000000000e+02 5.500000000000100000e+13 0.000000000000000000e+00 1.139720248571640004e+00 1.867154247364516129e-01 3.485809756308500540e-01 3.162678522991284602e-01 0.000000000000000000e+00 4.659368051509504283e-01 2.884284188361883605e-01 5.212180035939653397e+09 4.729015927446208000e+09
2.980000000000000000e+02 5.500000000000800000e+13 0.000000000000000000e+00 1.174711673928662936e+00 1.820443227233043554e-02 -1.000000000000000000e+00 -1.000000000000000000e+00 0.000000000000000000e+00 1.242086430833136079e+00 1.562601581177946661e-02 -1.000000000000000000e+00 -1.000000000000000000e+00
2.990000000000000000e+02 5.500000000000300000e+13 0.000000000000000000e+00 1.339765248503729023e+00 2.164280943366160281e-01 2.587370606047648680e-01 2.331054159847934237e-01 0.000000000000000000e+00 9.030962472724405332e-01 2.501603730334340248e-01 3.235966067044153690e+09 2.915396868186852455e+09
3.000000000000000000e+02 5.500000000000400000e+13 0.000000000000000000e+00 1.246359153234177120e+00 2.913702651279810943e-02 1.856784093542548572e-02 9.083700750675431645e-03 0.000000000000000000e+00 1.429848224215854113e+00 3.362340258093126505e-02 4.012785270598529279e+07 4.012785270598529279e+07
3.010000000000000000e+02 5.500000000000300000e+13 0.000000000000000000e+00 1.147111592417504600e+00 4.451145095131996826e-02 2.917218873298997595e-02 2.383099086016572318e-02 0.000000000000000000e+00 1.187248561108485312e+00 4.020542653071704914e-02 3.825177053448775411e+08 3.124817278319805264e+08
3.020000000000000000e+02 5.500000000000100000e+13 0.000000000000000000e+00 1.278497487761554918e+00 6.663210546038349225e-02 6.140685190289552065e-02 5.208172265659139627e-02 0.000000000000000000e+00 1.293372631381207949e+00 8.847967518547700250e-02 7.221148140061702728e+08 6.488136155075570345e+08
3.030000000000000000e+02 5.500000000000100000e+13 0.000000000000000000e+00 1.319739686313896376e+00 1.022301019992438165e-01 9.309945004499961541e-02 3.713780745961352964e-02 0.000000000000000000e+00 1.506304420198053551e+00 8.920575419026217923e-02 6.249059019051007032e+08 3.417015633838133216e+08
3.040000000000000000e+02 5.500000000001400000e+13 0.000000000000000000e+00 1.241882250544512178e+00 5.945871374207058191e-02 4.896043193574096258e-02 4.308410557734681373e-02 0.000000000000000000e+00 1.477958816598790248e+00 5.926409564596349377e-02 -1.000000000000000000e+00 -1.000000000000000000e+00
3.050000000000000000e+02 5.500000000000800000e+13 0.000000000000000000e+00 1.235514780573787386e+00 3.439869746330972283e-02 1.318823772562347819e-02 1.081316309190281585e-02 0.000000000000000000e+00 1.282767785210544353e+00 9.976259368851559881e-03 3.261678568021424487e+07 3.261678568021424487e+07
3.060000000000000000e+02 5.500000000001000000e+13 0.000000000000000000e+00 1.423437964793793142e+00 1.102479428538721690e-01 1.392676018771948632e-01 1.080752402060087963e-01 0.000000000000000000e+00 1.284560252791409285e+00 1.281602218653541958e-01 1.337766809548181057e+09 1.337766809548181057e+09
3.070000000000000000e+02 5.500000000000100000e+13 0.000000000000000000e+00 1.943733189375047576e+00 1.786737186729903393e-01 3.147705553631964248e-01 1.269758191144143289e-01 0.000000000000000000e+00 1.781772584129424963e+00 1.995808999178794729e-01 2.362726893592593670e+09 8.602399374430372715e+08
3.080000000000000000e+02 5.500000000001300000e+13 0.000000000000000000e+00 1.780977930760000216e+00 1.267795916775943665e-01 8.010857736648747951e-02 8.010857736648747951e-02 0.000000000000000000e+00 1.534674961459082887e+00 1.210492787658199038e-01 1.044844895135071754e+09 1.044844895135071754e+09
3.090000000000000000e+02 5.500000000000600000e+13 0.000000000000000000e+00 1.278637657330472743e+00 1.512293100992418982e-01 9.547561998229731062e-02 9.261805674177368830e-02 0.000000000000000000e+00 1.333247435029551564e+00 1.589171595170328077e-01 1.258209862954968214e+09 1.220551932543926954e+09
3.100000000000000000e+02 5.500000000000400000e+13 0.000000000000000000e+00 1.281044295188683124e+00 1.587754769790567233e-01 2.468847610819432381e-01 1.137358498925588740e-01 0.000000000000000000e+00 1.070348068779544803e+00 1.863750939220942260e-01 3.057482172253888130e+09 1.408533000857121706e+09
3.110000000000000000e+02 5.500000000002700000e+13 0.000000000000000000e+00 1.083839922475368978e+00 8.981004978473554334e-02 7.063982245517111402e-02 7.063982245517111402e-02 0.000000000000000000e+00 8.854544037281228963e-01 7.179477897148150989e-02 9.884418311300526857e+08 9.884418311300526857e+08
3.120000000000000000e+02 5.500000000036700000e+13 0.000000000000000000e+00 2.658425404740707432e+00 1.579076405918622417e-01 1.000000000000000000e+00 1.000000000000000000e+00 0.000000000000000000e+00 1.865890920431992672e+00 6.766524152053185470e-02 1.130873335217253685e+10 1.130873335217253685e+10
3.130000000000000000e+02 5.500000000000400000e+13 0.000000000000000000e+00 1.349722606033309180e+00 1.583872370515752026e-01 1.396156049101656971e-01 6.741491934962294541e-02 0.000000000000000000e+00 1.314325466476417681e+00 2.048634828297081212e-01 1.478761274972594023e+09 8.227108758600715399e+08
3.140000000000000000e+02 5.500000000000300000e+13 0.000000000000000000e+00 1.271191554254882394e+00 1.767780866903204129e-01 2.711141980906527915e-01 1.375595640488713745e-01 0.000000000000000000e+00 1.228672681023026181e+00 2.269160348364166191e-01 2.056239057496582747e+09 1.887979972303076267e+09
3.150000000000000000e+02 5.500000000045400000e+13 0.000000000000000000e+00 1.122021397305620560e+00 1.139737080038718126e-01 -1.000000000000000000e+00 -1.000000000000000000e+00 0.000000000000000000e+00 1.010512017092928927e+00 1.842092586647624819e-01 -1.000000000000000000e+00 -1.000000000000000000e+00
3.160000000000000000e+02 5.500000000000100000e+13 0.000000000000000000e+00 2.784703903816919457e+00 2.103137152243556574e-01 1.932049509205816251e-01 1.167917088521790853e-01 0.000000000000000000e+00 2.055823832047173561e+00 2.899457031710465094e-01 2.711919769976712227e+09 1.639345900280696154e+09
3.170000000000000000e+02 5.500000000000300000e+13 0.000000000000000000e+00 1.182069106744858766e+00 5.566624817596831781e-02 1.057940766627590568e-01 4.488111300347260441e-02 0.000000000000000000e+00 1.325979417842418240e+00 4.472140248802892321e-02 1.039347404322216392e+09 6.494049027624382973e+08
3.180000000000000000e+02 5.500000000008600000e+13 0.000000000000000000e+00 4.991208813448465009e-01 1.119510307506550867e-01 3.364773342564730818e-01 1.949452181657331806e-01 1.000000000000000000e+00 9.952183746323108871e-01 2.560564453605581117e-02 -1.000000000000000000e+00 -1.000000000000000000e+00
3.190000000000000000e+02 5.500000000000100000e+13 0.000000000000000000e+00 1.200824571419363274e+00 5.314439153061402410e-02 8.029255264858979613e-02 2.778042391045486975e-02 0.000000000000000000e+00 1.332868151003736346e+00 7.470728437043999692e-02 1.024017596917503834e+09 3.947045300375666618e+08
3.200000000000000000e+02 5.500000000000900000e+13 0.000000000000000000e+00 1.011125140007060219e+00 2.746204018367778832e-01 2.335576542068419081e-01 2.335576542068419081e-01 0.000000000000000000e+00 1.452781463055185185e+00 1.819088460047332267e-01 -1.000000000000000000e+00 -1.000000000000000000e+00
3.210000000000000000e+02 5.500000000008100000e+13 1.000000000000000000e+00 9.530767180446102493e-01 3.003685982905466081e-02 7.321689979375009538e-02 4.706851233417925356e-02 0.000000000000000000e+00 8.246578475016391740e-01 5.935584167512476805e-02 8.690118165315802097e+08 5.586564511770784855e+08
3.220000000000000000e+02 5.500000000000600000e+13 1.000000000000000000e+00 9.823040817008314995e-01 3.436679818710944301e-02 -1.000000000000000000e+00 -1.000000000000000000e+00 1.000000000000000000e+00 9.623598371672387186e-01 2.524032941287339404e-02 -1.000000000000000000e+00 -1.000000000000000000e+00
3.230000000000000000e+02 5.500000000010200000e+13 0.000000000000000000e+00 1.226377515687289144e+00 1.195279821151385841e-01 1.154368310155920729e-01 1.154368310155920729e-01 0.000000000000000000e+00 1.212478598636954175e+00 1.813937562977381013e-01 1.363832328277921677e+09 1.363832328277921677e+09
3.240000000000000000e+02 5.500000000000200000e+13 0.000000000000000000e+00 1.238077766193202311e+00 5.803235400795946769e-02 1.303253705646571503e-01 3.848794824200360565e-02 0.000000000000000000e+00 1.238714568040403252e+00 6.856520265537512093e-02 1.473801170751407385e+09 4.352458998053854108e+08
