# rID[0] Hid[1]   R200: DS[2], eta[3], detla[4], fm[5], fm2[6];   R500: DS[7], eta[8], detla[9], fm[10], fm2[11]
1.000000000000000000e+00 1.000000000000010000e+14 0.000000000000000000e+00 1.287967429928367435e+00 2.901470047513460271e-02 1.528793012043741795e-01 3.159327126742524777e-02 0.000000000000000000e+00 1.122395777397022787e+00 2.951156099309193426e-02 1.636726958454735994e+09 3.603653101493849754e+08
2.000000000000000000e+00 1.000000000000010000e+14 0.000000000000000000e+00 1.303389038234256558e+00 4.379215358777421158e-02 1.807750134043934476e-01 3.093856552566291024e-02 0.000000000000000000e+00 1.374229131899199929e+00 7.400132350117601121e-02 1.640157346886641264e+09 4.044391130336782336e+08
3.000000000000000000e+00 1.000000000000010000e+14 0.000000000000000000e+00 1.159915783717931470e+00 1.269147381105668881e-01 1.404660765214934826e-01 2.850868377164152492e-02 0.000000000000000000e+00 9.267559692635050084e-01 5.873046436747064031e-02 1.005064343979482293e+09 1.302503147672738880e+08
4.000000000000000000e+00 1.000000000000010000e+14 0.000000000000000000e+00 1.436981215314453220e+00 1.492365879373514781e-01 2.132656017556266992e-01 6.321362824118811896e-02 0.000000000000000000e+00 1.362217792437984576e+00 1.877346484810927529e-01 1.993220129317613363e+09 7.581352420625388622e+08
5.000000000000000000e+00 1.000000000000020000e+14 0.000000000000000000e+00 1.208105906397789919e+00 1.480468618695787719e-01 2.742906183868926706e-01 1.092834391430503732e-01 0.000000000000000000e+00 1.214677296712187937e+00 1.910942564290089296e-01 2.924874163114783287e+09 1.547579018205551386e+09
6.000000000000000000e+00 1.000000000000010000e+14 0.000000000000000000e+00 1.174274323571432355e+00 4.109135319132371789e-02 1.116754123730777787e-01 8.486863440619633533e-03 0.000000000000000000e+00 1.277551109074971381e+00 3.413927916010837255e-02 1.057818993897632003e+09 1.189046941482811868e+08
7.000000000000000000e+00 1.000000000000010000e+14 0.000000000000000000e+00 1.134778687512826068e+00 9.627767343127370536e-02 2.144555086042810033e-01 1.290319349057758858e-01 0.000000000000000000e+00 1.078377300828910146e+00 6.297284465686453503e-02 6.900205812178376913e+08 1.119555010506940633e+08
8.000000000000000000e+00 1.000000000000080000e+14 0.000000000000000000e+00 1.262490572616804529e+00 2.409485159044072733e-01 1.600047625147627550e-01 1.116040017246658494e-01 0.000000000000000000e+00 1.262490572616804529e+00 2.409487374271313542e-01 1.552017761110753059e+09 1.082538982998929501e+09
9.000000000000000000e+00 1.000000000000010000e+14 0.000000000000000000e+00 1.213585638452199689e+00 4.954326432203056546e-02 1.278120734924600432e-01 2.491462430472036332e-02 0.000000000000000000e+00 1.318873422558669573e+00 5.233900523130999988e-02 1.323608476311615944e+09 3.360331964932988286e+08
1.000000000000000000e+01 9.900000000000100000e+13 -1.000000000000000000e+00 -1.000000000000000000e+00 -1.000000000000000000e+00 -1.000000000000000000e+00 -1.000000000000000000e+00 -1.000000000000000000e+00 -1.000000000000000000e+00 -1.000000000000000000e+00 -1.000000000000000000e+00 -1.000000000000000000e+00
1.100000000000000000e+01 1.000000000000010000e+14 1.000000000000000000e+00 1.082556377778242096e+00 3.728356106904400641e-02 9.264097256697961802e-02 2.026617815433936348e-02 0.000000000000000000e+00 1.260302712155498162e+00 4.246097544219500780e-02 1.284828115700694323e+09 3.269042097514976263e+08
1.200000000000000000e+01 1.000000000000010000e+14 0.000000000000000000e+00 1.273874406813734206e+00 1.200688757533683038e-01 1.606057985138657218e-01 5.354543394149358093e-02 0.000000000000000000e+00 1.133580565268804907e+00 1.561759585351742419e-01 1.838202571781684160e+09 7.300133417996643782e+08
1.300000000000000000e+01 1.000000000000020000e+14 0.000000000000000000e+00 1.095257901678893697e+00 1.473812544309513993e-02 1.308836183206782966e-01 2.158242157312128748e-02 0.000000000000000000e+00 9.330912808295429572e-01 2.215324802686474345e-02 1.591183696293441534e+09 3.664188811202290058e+08
1.400000000000000000e+01 1.000000000000010000e+14 0.000000000000000000e+00 1.424728711945417503e+00 2.393777980161926611e-01 2.487692930273138481e-01 1.026868701257077771e-01 0.000000000000000000e+00 1.416336134653024104e+00 2.532149406938122849e-01 3.440209542785165787e+09 2.232796204158615589e+09
1.500000000000000000e+01 1.000000000000010000e+14 0.000000000000000000e+00 8.417285236941557391e-01 1.528536299652477615e-01 4.676446168437174977e-01 3.141516288020106962e-01 0.000000000000000000e+00 1.147435465721515557e+00 6.808690033338174463e-02 1.754066901572392702e+09 7.500802011590417624e+08
1.600000000000000000e+01 1.000000000000020000e+14 0.000000000000000000e+00 1.095484260805472232e+00 4.728365142494093953e-02 6.104378637364844123e-02 5.720174706469285594e-03 0.000000000000000000e+00 1.210986070930198055e+00 3.729891603484168650e-02 4.876575661113519669e+08 8.602177022416076064e+07
1.700000000000000000e+01 1.000000000000010000e+14 0.000000000000000000e+00 9.625038164911035032e-01 8.007642491014466124e-02 1.793313949193739154e-01 3.225043894298085245e-02 0.000000000000000000e+00 9.969501499675664791e-01 3.325186283416514677e-02 1.453833858577317476e+09 3.505182255988573432e+08
1.800000000000000000e+01 1.000000000000010000e+14 0.000000000000000000e+00 1.173024815823286993e+00 4.486905609510551812e-02 1.126564770067336740e-01 1.230181413848943639e-02 0.000000000000000000e+00 1.231087160675494063e+00 4.056412862566936839e-02 9.996096354829707146e+08 1.760466531070668399e+08
1.900000000000000000e+01 1.000000000000010000e+14 0.000000000000000000e+00 1.874626425325392365e+00 2.025113002939776807e-01 3.053955175811846057e-01 1.476834609990290148e-01 0.000000000000000000e+00 1.920440429750704725e+00 1.835092781240147963e-01 3.854120809627596378e+09 2.117545078675698519e+09
2.000000000000000000e+01 1.000000000000020000e+14 0.000000000000000000e+00 1.132794337012702490e+00 1.055782291619457164e-01 1.556486196085669904e-01 4.122212340375547290e-02 0.000000000000000000e+00 1.292593131873446266e+00 1.102062876093827526e-01 1.478078068499407053e+09 6.295223226817165613e+08
2.100000000000000000e+01 1.000000000000020000e+14 0.000000000000000000e+00 1.176048751878824516e+00 6.328209941242904368e-02 1.432221767173720850e-01 2.117283598276206366e-02 0.000000000000000000e+00 1.250298981329361458e+00 6.290695437215026997e-02 1.576800582436256647e+09 3.175162003214812279e+08
2.200000000000000000e+01 1.000000000000010000e+14 1.000000000000000000e+00 1.061079374626119787e+00 2.077827403692636410e-02 5.979169724941933717e-02 6.330816510952285217e-03 0.000000000000000000e+00 1.124296320327905496e+00 2.966981896165000673e-02 5.034938128447923064e+08 8.936579680900622904e+07
2.300000000000000000e+01 1.000000000000020000e+14 0.000000000000000000e+00 1.719154902106437399e+00 6.531645401717170452e-02 2.340116696386072836e-01 6.388452767456895276e-02 0.000000000000000000e+00 1.796443408644485151e+00 9.599277110743964503e-02 2.348634881442234993e+09 8.937358689663064480e+08
2.400000000000000000e+01 1.000000000000010000e+14 0.000000000000000000e+00 1.012684610826710463e+00 1.220918908701704164e-01 2.101392089498884119e-01 7.468585479992199960e-02 0.000000000000000000e+00 9.446841109190718955e-01 1.219040098363721736e-01 2.407105863492211819e+09 1.358680782282388926e+09
2.500000000000000000e+01 1.000000000000010000e+14 0.000000000000000000e+00 1.295321349648731468e+00 6.272363916941617323e-02 1.595642626993712954e-01 3.246382269330920500e-02 0.000000000000000000e+00 1.334813718234085567e+00 7.137046728446311272e-02 1.511208234644150496e+09 4.306589029449509382e+08
2.600000000000000000e+01 1.000000000000010000e+14 0.000000000000000000e+00 8.393864641487346345e-01 3.349241726512396100e-02 1.957367011046596272e-01 7.083040983245374178e-02 0.000000000000000000e+00 1.285138452604584369e+00 2.380021610486369316e-02 9.083126660034586191e+08 2.514758903827779889e+08
2.700000000000000000e+01 1.000000000000010000e+14 0.000000000000000000e+00 1.219249957659493289e+00 1.898014133692566344e-02 1.949023729602147870e-01 2.455432076626941351e-02 0.000000000000000000e+00 1.124675900881792590e+00 6.400627658824151189e-02 1.873001324419237137e+09 3.284349021913051009e+08
2.800000000000000000e+01 1.000000000000010000e+14 1.000000000000000000e+00 1.015354512121807939e+00 1.930091402739942189e-02 9.422005723966841995e-02 2.119749500816845225e-02 0.000000000000000000e+00 1.216017149000796049e+00 2.577682614098412983e-02 7.791519964790427685e+08 3.185796248042062521e+08
2.900000000000000000e+01 1.000000000000010000e+14 0.000000000000000000e+00 1.281525585880625373e+00 9.999761300456461166e-02 1.456287659299985160e-01 1.540780948353107777e-02 0.000000000000000000e+00 1.436579134525848955e+00 8.052180865790953268e-02 1.278501468657716036e+09 2.124077371177680492e+08
3.000000000000000000e+01 1.000000000000010000e+14 0.000000000000000000e+00 1.350082077751239007e+00 6.002738403602755901e-02 1.627199971072884332e-01 2.839544998724239863e-02 0.000000000000000000e+00 1.291205712616498413e+00 8.662606668027510171e-02 1.541960540591502428e+09 3.529352671184151769e+08
3.100000000000000000e+01 1.000000000000010000e+14 0.000000000000000000e+00 1.297793248479789829e+00 8.313916427487667848e-02 1.456094373984148094e-01 3.383202906827152689e-02 0.000000000000000000e+00 1.237390334021045479e+00 9.673834472233741599e-02 1.603532166827316999e+09 4.630762684005219936e+08
3.200000000000000000e+01 1.000000000000010000e+14 0.000000000000000000e+00 1.163977424378341619e+00 9.366667296682824884e-02 1.272797503577675349e-01 4.030378308209233568e-02 0.000000000000000000e+00 1.293973212674010220e+00 6.288848343595973556e-02 6.827682721512924433e+08 6.352113828184274584e+07
3.300000000000000000e+01 1.000000000000010000e+14 0.000000000000000000e+00 1.278291532636251837e+00 4.975048723699503073e-02 1.345424705091403939e-01 2.244197466066776003e-02 0.000000000000000000e+00 1.157709735346432733e+00 6.929211083858272113e-02 1.382366731126415968e+09 2.872798540127618313e+08
3.400000000000000000e+01 1.000000000000010000e+14 0.000000000000000000e+00 1.110474178606901230e+00 4.020522123539504999e-02 8.671609983863169668e-02 6.909010410294948341e-03 0.000000000000000000e+00 1.149689139658980119e+00 1.068580191813169739e-02 4.075829038872998357e+08 7.963727340771773458e+07
3.500000000000000000e+01 1.000000000000010000e+14 0.000000000000000000e+00 1.156939654577149534e+00 4.624993363574114724e-02 1.429775531049834181e-01 2.529119156861854220e-02 0.000000000000000000e+00 1.399847869359005070e+00 3.775463334268421012e-02 1.101810637720825672e+09 3.688383638671102524e+08
3.600000000000000000e+01 1.000000000000010000e+14 0.000000000000000000e+00 1.817090054816244749e+00 7.604646728947464518e-02 2.492840645169777936e-01 4.923234794963887023e-02 0.000000000000000000e+00 1.506981632678687788e+00 7.792653198329005382e-02 2.112769945399308205e+09 3.869961996038393974e+08
3.700000000000000000e+01 1.000000000000010000e+14 0.000000000000000000e+00 1.034080371774494855e+00 7.667898172524628686e-02 1.050797907020547955e-01 1.933116438356164216e-02 0.000000000000000000e+00 1.140217224462129808e+00 7.650152289713800513e-02 1.014189761451964259e+09 2.889251117501929998e+08
3.800000000000000000e+01 1.000000000000010000e+14 0.000000000000000000e+00 1.264097012938435904e+00 9.305551909413421752e-02 1.460794174684285351e-01 3.159214734337784797e-02 0.000000000000000000e+00 1.204016358749714799e+00 9.356013071244306811e-02 1.427802121651014090e+09 4.404768055795744061e+08
3.900000000000000000e+01 1.000000000000010000e+14 0.000000000000000000e+00 9.560035433282734196e-01 1.132756573074925749e-01 1.991163214873307163e-01 4.961854557448461267e-02 0.000000000000000000e+00 1.335409287569749415e+00 1.690939907699008649e-01 1.289878780131875277e+09 6.882298066398143768e+08
4.000000000000000000e+01 1.000000000000010000e+14 0.000000000000000000e+00 1.224747236436855680e+00 1.644696470930064325e-01 2.300821300774990030e-01 8.745208068467993923e-02 0.000000000000000000e+00 1.236453897479379060e+00 2.071090652937920829e-01 2.707185207656697750e+09 1.179904264641012907e+09
4.100000000000000000e+01 1.000000000000010000e+14 0.000000000000000000e+00 1.108008266840650347e+00 8.746597561778218788e-02 1.302101529278559267e-01 3.924501020216112496e-02 0.000000000000000000e+00 1.187858143538378819e+00 1.049828404489552974e-01 1.156769198626767874e+09 5.329276517629399896e+08
4.200000000000000000e+01 1.000000000000010000e+14 0.000000000000000000e+00 1.302127782026978320e+00 5.935968513891663745e-02 1.886316325137983030e-01 6.609854490717510800e-02 0.000000000000000000e+00 1.354297424496154090e+00 6.884600285837537414e-02 1.968292597152342796e+09 8.328396586889183521e+08
4.300000000000000000e+01 1.000000000000010000e+14 0.000000000000000000e+00 1.322020707526509797e+00 8.274557228535951714e-02 2.388972776275001542e-01 7.725564528336656411e-02 0.000000000000000000e+00 1.371633865327387181e+00 7.184110802008554508e-02 1.113362955595291853e+09 4.709974362012668252e+08
4.400000000000000000e+01 1.000000000000010000e+14 0.000000000000000000e+00 1.105808832537219732e+00 1.156011684788786353e-01 1.581592454691991279e-01 4.967829321958065758e-02 0.000000000000000000e+00 1.463851752775809700e+00 1.177111643388190909e-01 1.374369065479152918e+09 7.576620164390723705e+08
4.500000000000000000e+01 1.000000000000010000e+14 0.000000000000000000e+00 1.123921234299970040e+00 3.156532632487649842e-02 1.468371830198397510e-01 3.102801473038817315e-02 0.000000000000000000e+00 1.100794227688197235e+00 1.640018604298550120e-02 1.584152743638643742e+09 4.861263818348563910e+08
4.600000000000000000e+01 1.000000000000010000e+14 0.000000000000000000e+00 1.225110001808088267e+00 3.592722928410625738e-02 1.392399295606167042e-01 3.538657337501127653e-02 0.000000000000000000e+00 1.223815300122681027e+00 7.081370467592874862e-02 1.292631035990636110e+09 4.530897680697615147e+08
4.700000000000000000e+01 1.000000000000040000e+14 0.000000000000000000e+00 1.164747680367974159e+00 3.309275003728855830e-02 1.405559809803435811e-01 3.420319587652737026e-02 0.000000000000000000e+00 1.292110649641081022e+00 3.188165257437078348e-02 1.320643721741122484e+09 4.860033700317154527e+08
4.800000000000000000e+01 1.000000000000010000e+14 0.000000000000000000e+00 1.235983702040323706e+00 4.390054009606840502e-02 1.279089050283764017e-01 1.007676352447973121e-02 0.000000000000000000e+00 1.141236928204269141e+00 6.964963922079210612e-02 1.315462817067299366e+09 1.275966467125260681e+08
4.900000000000000000e+01 1.000000000000020000e+14 0.000000000000000000e+00 1.118583575222517501e+00 8.541236297675862399e-02 2.131398052833487489e-01 1.112197544341694960e-01 0.000000000000000000e+00 1.262081817438285514e+00 1.720477615975573096e-02 8.759023475044479370e+08 3.724259645866146088e+08
5.000000000000000000e+01 1.000000000000010000e+14 0.000000000000000000e+00 1.255146794084968986e+00 4.137439748961883879e-02 8.913028041296221227e-02 1.428827387980038423e-02 0.000000000000000000e+00 1.311406310760950822e+00 4.939317230427229394e-02 8.657379724540270567e+08 1.843651768785698712e+08
5.100000000000000000e+01 1.000000000000030000e+14 0.000000000000000000e+00 9.976366945133400277e-01 1.148809217495530555e-01 2.101657790778941326e-01 1.259452840902886284e-01 0.000000000000000000e+00 1.156285439274446381e+00 4.397526582091718095e-02 7.751634389784291983e+08 4.807662506943965554e+08
5.200000000000000000e+01 1.000000000000010000e+14 0.000000000000000000e+00 1.610719510990606063e+00 4.701614337155827356e-02 1.849400255698537554e-01 3.463139552117463354e-02 0.000000000000000000e+00 1.560574298967797313e+00 7.201346411578622708e-02 1.958978434657451153e+09 3.998183273540433049e+08
5.300000000000000000e+01 1.000000000000010000e+14 0.000000000000000000e+00 1.549377158329179771e+00 1.274142534955571560e-01 2.215457029509180498e-01 6.097653284483550012e-02 0.000000000000000000e+00 1.477582797535510029e+00 1.577445292745860983e-01 1.983949655444716454e+09 8.061547671063865423e+08
5.400000000000000000e+01 1.000000000000010000e+14 0.000000000000000000e+00 1.186618699162218071e+00 3.811642708811065899e-02 1.254171346511235019e-01 1.807732966475997238e-02 0.000000000000000000e+00 1.246968625319553992e+00 1.164638760236755104e-02 7.204260465587174892e+08 1.436212299607074857e+08
5.500000000000000000e+01 1.000000000000010000e+14 0.000000000000000000e+00 1.102781964287575134e+00 2.842117635288207711e-02 1.892854459229654229e-01 2.057932208979246225e-02 0.000000000000000000e+00 9.609718922278533970e-01 2.722845110318611317e-02 1.575735045198168039e+09 2.803188764583408237e+08
5.600000000000000000e+01 1.000000000000010000e+14 0.000000000000000000e+00 1.081420138149969290e+00 2.951078271602912070e-02 1.403686180403064532e-01 1.669110960283555836e-02 0.000000000000000000e+00 1.283298739745540207e+00 4.251800339801947021e-02 1.140527189821684837e+09 1.849077937725412250e+08
5.700000000000000000e+01 1.000000000000030000e+14 0.000000000000000000e+00 1.082538264299328645e+00 6.013342703117380283e-02 2.123588252520723918e-01 6.532189905657677376e-02 0.000000000000000000e+00 1.223149124220439532e+00 7.430900097207010502e-02 1.498209902422978401e+09 3.538228930434876680e+08
5.800000000000000000e+01 1.000000000000010000e+14 1.000000000000000000e+00 1.075009233939452580e+00 3.264835874833790091e-02 7.062188612873877835e-02 1.006834762068907138e-02 0.000000000000000000e+00 1.292569657042560660e+00 2.104260265640071556e-02 4.791126257799213529e+08 4.969858538503679633e+07
5.900000000000000000e+01 1.000000000000010000e+14 0.000000000000000000e+00 1.353440446853758194e+00 3.605846367855190804e-02 1.335484829772650428e-01 1.973117310985622597e-02 0.000000000000000000e+00 1.385903736887161841e+00 4.332429493499229817e-02 1.479225059680615664e+09 2.496660387010507584e+08
6.000000000000000000e+01 1.000000000000010000e+14 0.000000000000000000e+00 1.056420891127770156e+00 9.163386778562382373e-02 1.615350973004683055e-01 5.317237961342786978e-02 0.000000000000000000e+00 1.150668142957107509e+00 6.820213018169288266e-02 1.686635994225886822e+09 8.058177025948556662e+08
6.100000000000000000e+01 1.000000000000010000e+14 0.000000000000000000e+00 1.262791054626056342e+00 8.308246853296025192e-02 1.386758790475461911e-01 6.299465286101689487e-02 0.000000000000000000e+00 1.248240812122759058e+00 1.094067473523500783e-01 1.451002238738093376e+09 8.478787544251046181e+08
6.200000000000000000e+01 1.000000000000020000e+14 0.000000000000000000e+00 1.081894671994153123e+00 4.299656106822753038e-02 1.806531374678710944e-01 2.700029008776841724e-02 0.000000000000000000e+00 9.924658833801072166e-01 4.078183135364935041e-02 1.591393915024013758e+09 3.216863700599811673e+08
6.300000000000000000e+01 1.000000000000010000e+14 1.000000000000000000e+00 1.061419749829035863e+00 3.266210193528617384e-02 8.917644337534527677e-02 1.823153517356601583e-02 0.000000000000000000e+00 1.185582488355474862e+00 1.906990371846992507e-02 4.035668230586133003e+08 4.230656469915898889e+07
6.400000000000000000e+01 1.000000000000020000e+14 0.000000000000000000e+00 1.637103791431416155e+00 9.480924815928334914e-02 1.440339293959159717e-01 6.309002250994524830e-02 0.000000000000000000e+00 1.502719897575732544e+00 1.173266306785504393e-01 1.534603198084687471e+09 8.671118461741503477e+08
6.500000000000000000e+01 1.000000000000010000e+14 0.000000000000000000e+00 1.209890898362976586e+00 5.410159266935597733e-02 1.007354594381300317e-01 2.094710807006695819e-02 0.000000000000000000e+00 1.374575870974825476e+00 5.312321578068816136e-02 6.218122466053812504e+08 5.548761555152059346e+07
6.600000000000000000e+01 1.000000000000010000e+14 0.000000000000000000e+00 2.079222406505410792e+00 1.178927462246595476e-01 1.761623100134424025e-01 4.227909331811744581e-02 0.000000000000000000e+00 2.098965051535774951e+00 1.515588683533844461e-01 1.986301174587126732e+09 5.576213625819796324e+08
6.700000000000000000e+01 1.000000000000010000e+14 0.000000000000000000e+00 1.014620833025088986e+00 8.794286507499184113e-02 9.047003605841312524e-02 1.341770285668592369e-02 0.000000000000000000e+00 1.366133218524243187e+00 2.979608506580208246e-02 4.180682547028364539e+08 3.427897667749963701e+07
6.800000000000000000e+01 1.000000000000010000e+14 0.000000000000000000e+00 9.828235055762192252e-01 3.636718846604939520e-02 1.174128031663981692e-01 2.192507620449461736e-02 0.000000000000000000e+00 1.155370650357410378e+00 4.339098660836253341e-02 1.129476299448963404e+09 3.406707090915517807e+08
6.900000000000000000e+01 1.000000000000010000e+14 0.000000000000000000e+00 1.067520466375450949e+00 1.085135675925733290e-01 1.649446328870679268e-01 2.016001208133892664e-02 0.000000000000000000e+00 8.816602845209672301e-01 1.195226276493454309e-01 1.671075090809869289e+09 3.169941219776841998e+08
7.000000000000000000e+01 1.000000000000010000e+14 0.000000000000000000e+00 1.286431598548829491e+00 7.863527063800081207e-02 2.223780908026204983e-01 4.584525857336309990e-02 0.000000000000000000e+00 1.111120913735373916e+00 8.633011488806031919e-02 2.142082525297005415e+09 6.486415723071091175e+08
7.100000000000000000e+01 1.000000000000010000e+14 0.000000000000000000e+00 1.237059267492826464e+00 3.717127209446237368e-02 1.633082747241791921e-01 1.342100890602153374e-02 0.000000000000000000e+00 1.329102901308886420e+00 3.422870895135370073e-02 9.042728410596927404e+08 1.550665529512898326e+08
7.200000000000000000e+01 1.000000000000010000e+14 0.000000000000000000e+00 1.111371308748038578e+00 6.303175270691788179e-02 2.227352843095957435e-01 4.811419080744743643e-02 0.000000000000000000e+00 9.791468153357731907e-01 4.043611784398299519e-02 2.088243998782135725e+09 7.297393214042518139e+08
7.300000000000000000e+01 1.000000000000010000e+14 0.000000000000000000e+00 1.016880246539429322e+00 5.976145985281985928e-02 1.179987508003759039e-01 5.893410636637306382e-02 0.000000000000000000e+00 1.062928736377762418e+00 7.473679296535383487e-02 1.502970290877275229e+09 8.437235914767662287e+08
7.400000000000000000e+01 1.000000000000010000e+14 1.000000000000000000e+00 9.103399462317873780e-01 2.132404114041760654e-02 8.022200068599236178e-02 2.757324844177907672e-02 0.000000000000000000e+00 1.193590886047278143e+00 2.614986988407697055e-02 4.379080888401040435e+08 8.499907542797616124e+07
7.500000000000000000e+01 1.000000000000010000e+14 0.000000000000000000e+00 1.200188955527335732e+00 4.481215279850681715e-02 8.202632108943472278e-02 9.271487119330961910e-03 0.000000000000000000e+00 1.301952315453639653e+00 3.102637391991926522e-02 6.471026917656606436e+08 1.235078463593195081e+08
7.600000000000000000e+01 1.000000000000010000e+14 0.000000000000000000e+00 9.723834971447101738e-01 6.351574428001136030e-02 1.223353286919153099e-01 1.424431736471225111e-02 0.000000000000000000e+00 1.296504564187898501e+00 5.489330202029550632e-02 5.940216775954178572e+08 1.401678275974848568e+08
7.700000000000000000e+01 1.000000000000020000e+14 0.000000000000000000e+00 1.068018659447100616e+00 5.195489920902113951e-02 9.898617376427706893e-02 3.608923831248427028e-02 0.000000000000000000e+00 1.220828350165176435e+00 3.632609832728372901e-02 1.038767976332367182e+09 5.441944645275017023e+08
7.800000000000000000e+01 1.000000000000060000e+14 0.000000000000000000e+00 1.087222016086396792e+00 1.191151073617868067e-01 1.242330776236513917e-01 9.026326587801997148e-02 0.000000000000000000e+00 1.254519777749885545e+00 5.281882717185752002e-02 5.653786103986351490e+08 1.422470011953225136e+08
7.900000000000000000e+01 1.000000000000010000e+14 0.000000000000000000e+00 1.280222741315243828e+00 1.454010905079587135e-01 1.424194904774545023e-01 5.463552098499290660e-02 0.000000000000000000e+00 1.390057630925310983e+00 1.847347927758342945e-01 1.297147599152501345e+09 7.168675118520292044e+08
8.000000000000000000e+01 1.000000000000020000e+14 0.000000000000000000e+00 1.117744879573798977e+00 5.840124650280215796e-02 1.253098976813690757e-01 3.305628718816529255e-02 0.000000000000000000e+00 1.112393378339433747e+00 5.226813590094991913e-02 1.448474820855012417e+09 4.550746739793223143e+08
8.100000000000000000e+01 1.000000000000010000e+14 0.000000000000000000e+00 1.250918849926553111e+00 9.385599966704551156e-02 1.896345901395143085e-01 6.553681934643638962e-02 0.000000000000000000e+00 1.292011785098158283e+00 1.085085411176502368e-01 2.036629710933143139e+09 8.642944554454793930e+08
8.200000000000000000e+01 1.000000000000010000e+14 1.000000000000000000e+00 1.116894738505503026e+00 1.927767462764974279e-02 8.554045990472351757e-02 2.689656998761229267e-02 0.000000000000000000e+00 1.132277469601285613e+00 1.536079248158676511e-02 6.544462654765765667e+08 1.919837414976544380e+08
8.300000000000000000e+01 1.000000000000010000e+14 0.000000000000000000e+00 1.025612312568356277e+00 6.140138435799544908e-02 6.389751793944188629e-02 1.207851311292537644e-02 0.000000000000000000e+00 1.351059338391601194e+00 3.020089386255661243e-02 3.005663448098965287e+08 2.916460534687812999e+07
8.400000000000000000e+01 1.000000000000010000e+14 0.000000000000000000e+00 1.353967518387198865e+00 5.449495688082983680e-02 1.892925585413889611e-01 8.638683371025475399e-02 0.000000000000000000e+00 1.374296293887125930e+00 4.868829773097933106e-02 2.222434782003341675e+09 1.222288579740892410e+09
8.500000000000000000e+01 1.000000000000010000e+14 0.000000000000000000e+00 1.003638522863330440e+00 4.853526460097133677e-02 1.068680435467389833e-01 1.978710653892546897e-02 0.000000000000000000e+00 1.243594736007181067e+00 3.251774233515540569e-02 5.392293866975027323e+08 9.018695587210343778e+07
8.600000000000000000e+01 1.000000000000020000e+14 0.000000000000000000e+00 1.150687248882123592e+00 4.476603979197317507e-02 1.342208125921925399e-01 4.927899677770939540e-02 0.000000000000000000e+00 1.212629137902860865e+00 8.393261124241151172e-02 1.577082741953243494e+09 6.870603605893124342e+08
8.700000000000000000e+01 1.000000000000010000e+14 0.000000000000000000e+00 1.626641087726510060e+00 6.778982719203752172e-02 1.491140519716426527e-01 2.437385944109459954e-02 0.000000000000000000e+00 1.870085139392244189e+00 7.996782182410368256e-02 1.436318816738997936e+09 3.304828786671112180e+08
8.800000000000000000e+01 1.000000000000020000e+14 0.000000000000000000e+00 1.096823895889094569e+00 5.381002893634950768e-02 9.766370879443163344e-02 1.531719652237385765e-02 0.000000000000000000e+00 1.269233703913708267e+00 4.422709800488992121e-02 9.549183291283960342e+08 1.584076177062819898e+08
8.900000000000000000e+01 1.000000000000010000e+14 0.000000000000000000e+00 1.177711024469095591e+00 4.814094871779907303e-02 1.735254782413302443e-01 2.817916260954235474e-02 0.000000000000000000e+00 1.320300681136259868e+00 6.066397667305477998e-02 1.955662327675494909e+09 3.983070070630484223e+08
9.000000000000000000e+01 1.000000000000070000e+14 0.000000000000000000e+00 1.205263555707235978e+00 6.514504763036220447e-02 1.563876445519925829e-01 4.325629018322474373e-02 0.000000000000000000e+00 1.336363804925345899e+00 6.241139504531392074e-02 4.707723484478679895e+08 2.010195085906184912e+08
9.100000000000000000e+01 1.000000000000010000e+14 0.000000000000000000e+00 1.086509995577476850e+00 4.155091210076813230e-02 1.047870978114098101e-01 2.282386343387305533e-02 0.000000000000000000e+00 1.184922844770739170e+00 2.747657322126575638e-02 7.279569795211803913e+08 1.583469347606352270e+08
9.200000000000000000e+01 1.000000000000010000e+14 0.000000000000000000e+00 1.001373839136151300e+00 1.075959391678045773e-01 1.837493910047877377e-01 7.483754426069649801e-02 0.000000000000000000e+00 9.238381002723563551e-01 6.316202994438033236e-02 1.107145808320882559e+09 4.891265991521092057e+08
9.300000000000000000e+01 1.000000000000010000e+14 0.000000000000000000e+00 9.999416592232225343e-01 3.996163602818354754e-02 1.562917347399113144e-01 3.552922833944155423e-02 0.000000000000000000e+00 1.171579237737230939e+00 3.201656942696482627e-02 6.203720390309064388e+08 1.151709544902170599e+08
9.400000000000000000e+01 1.000000000000010000e+14 0.000000000000000000e+00 1.331455009677267265e+00 5.738527423242487102e-02 1.872070794575659836e-01 5.098477439045537990e-02 0.000000000000000000e+00 1.648427062379761221e+00 6.809219415902360850e-02 7.365273871667729616e+08 1.409311622823584676e+08
9.500000000000000000e+01 1.000000000000010000e+14 0.000000000000000000e+00 1.157109831245300091e+00 7.157472204387546610e-02 1.655654383897926241e-01 6.600509156482274598e-02 0.000000000000000000e+00 1.169544108524974035e+00 8.241058695680365809e-02 9.347064592867026329e+08 2.443834585635617971e+08
9.600000000000000000e+01 1.000000000000010000e+14 0.000000000000000000e+00 1.031459543272169821e+00 7.130312287458838438e-02 1.453865436132270594e-01 2.341473294879133429e-02 0.000000000000000000e+00 1.078746241867106326e+00 2.607598408398770912e-02 1.252006794151594639e+09 4.130320279390674829e+08
9.700000000000000000e+01 1.000000000000010000e+14 0.000000000000000000e+00 1.157968978133757876e+00 1.183409995527773539e-01 1.919675623218721483e-01 2.539874493397829835e-02 0.000000000000000000e+00 1.023565239600467525e+00 8.710163930740531801e-02 1.557977947078782558e+09 3.744781920199154019e+08
9.800000000000000000e+01 1.000000000000010000e+14 0.000000000000000000e+00 1.235125481225932464e+00 4.838787473084238400e-02 8.123277984938297169e-02 1.055120815360537437e-02 0.000000000000000000e+00 1.266011128207984449e+00 3.409196911642149025e-02 4.518352739021979570e+08 4.239764149115806073e+07
9.900000000000000000e+01 1.000000000000010000e+14 0.000000000000000000e+00 1.038542054863162756e+00 1.231723588565351996e-01 2.457585626505593146e-01 1.082721158203544254e-01 0.000000000000000000e+00 1.389959570018054036e+00 4.254535376237033456e-02 1.210875258564003944e+09 2.086074538367472887e+08
1.000000000000000000e+02 1.000000000000010000e+14 0.000000000000000000e+00 1.070954779994657491e+00 8.971436923353910686e-02 1.632103490772493504e-01 3.033774027614836305e-02 0.000000000000000000e+00 1.255345282955209418e+00 4.048797311257026216e-02 1.425734305767341852e+09 2.587306769733179212e+08
1.010000000000000000e+02 1.000000000000030000e+14 0.000000000000000000e+00 1.043448704642025771e+00 4.370564632761982093e-02 1.091753230134547142e-01 3.608095399315351670e-02 0.000000000000000000e+00 1.207352067644244409e+00 4.928242493684647368e-02 1.168818021480984926e+09 5.075804434423874021e+08
1.020000000000000000e+02 1.000000000000010000e+14 1.000000000000000000e+00 1.035819224409543660e+00 1.780213553969064652e-02 2.788895058326294751e-02 1.856654611152600649e-03 0.000000000000000000e+00 1.055312512539333225e+00 1.862740345689967505e-02 3.622808089427614212e+08 2.687912361306742206e+07
1.030000000000000000e+02 1.000000000000020000e+14 0.000000000000000000e+00 1.149916023389834896e+00 1.689821282375584266e-01 2.620236053922458952e-01 1.034955125177137447e-01 0.000000000000000000e+00 1.605406515501054621e+00 9.244689171953161810e-02 1.446937298886395931e+09 3.323310829987488985e+08
1.040000000000000000e+02 1.000000000000010000e+14 1.000000000000000000e+00 1.010810801902593203e+00 3.493929318658669375e-02 7.627521733819439542e-02 1.635185672404720902e-02 0.000000000000000000e+00 1.293299404717410006e+00 3.580326794698361625e-02 8.405039370103785992e+08 2.530415859698169827e+08
1.050000000000000000e+02 1.000000000000020000e+14 0.000000000000000000e+00 9.744479286424472253e-01 4.824341415980427233e-02 1.336907805809431637e-01 3.229141220570273113e-02 0.000000000000000000e+00 1.225658263376855572e+00 3.380868474477979890e-02 9.487385489439206123e+08 3.612592071677990556e+08
1.060000000000000000e+02 1.000000000000010000e+14 0.000000000000000000e+00 1.036810329624668015e+00 1.178877843711407525e-01 2.248910012425080485e-01 9.231882471115257505e-02 0.000000000000000000e+00 1.055549602975345280e+00 1.001685803739929131e-01 2.140546540022875309e+09 1.525679649353216648e+09
1.070000000000000000e+02 1.000000000000010000e+14 0.000000000000000000e+00 1.119911465432534392e+00 1.088222350721656240e-01 1.276743367640952309e-01 2.648303827933661675e-02 0.000000000000000000e+00 1.043385174670014459e+00 1.291241355713578509e-01 1.015346383741871476e+09 3.716916772510832548e+08
1.080000000000000000e+02 1.000000000000010000e+14 1.000000000000000000e+00 1.128033905429116635e+00 1.917641117516979271e-02 6.668170841050317932e-02 5.557821127516313596e-03 0.000000000000000000e+00 1.273734957615849206e+00 4.185196536293504799e-02 4.732467442199780941e+08 7.543007951401475072e+07
1.090000000000000000e+02 1.000000000000010000e+14 0.000000000000000000e+00 1.157158794358047027e+00 5.321196270588609417e-02 9.773482208737982457e-02 1.329085635721468858e-02 0.000000000000000000e+00 1.249238770463400039e+00 9.976920913494013304e-03 1.017250568886996388e+09 1.818444297888029814e+08
1.100000000000000000e+02 1.000000000000090000e+14 1.000000000000000000e+00 1.131791563995922179e+00 2.196965034649545068e-02 5.562165033711876511e-02 1.079446054131249708e-02 0.000000000000000000e+00 1.241708594228227103e+00 1.699593054184797211e-02 4.099737770677075386e+08 7.328908490804474056e+07
1.110000000000000000e+02 1.000000000000010000e+14 0.000000000000000000e+00 1.270153954542834196e+00 5.952153251817538654e-02 1.123668494146344982e-01 2.210189118087120541e-02 0.000000000000000000e+00 1.252598150344225614e+00 7.493827865111590825e-02 9.977500221629612446e+08 2.926890105899485350e+08
1.120000000000000000e+02 1.000000000000010000e+14 0.000000000000000000e+00 2.380920981572899553e+00 1.422051023393180458e-01 1.839047815829743804e-01 3.147323452731806692e-02 0.000000000000000000e+00 2.244566586417835907e+00 1.500232309876943226e-01 1.449352879141077518e+09 3.497935945123023987e+08
1.130000000000000000e+02 1.000000000000060000e+14 0.000000000000000000e+00 1.177064902962279502e+00 3.480865550272541076e-02 1.992325519440667561e-02 4.650762609349439088e-03 0.000000000000000000e+00 1.139189031702358523e+00 1.242491720762845149e-02 2.233889286705890894e+08 2.893931428761494532e+07
1.140000000000000000e+02 1.000000000000050000e+14 1.000000000000000000e+00 1.034306887951024212e+00 3.137157136484162306e-02 4.905256146673273726e-02 1.142781206360646805e-02 0.000000000000000000e+00 1.231670952735983704e+00 2.118977417967545657e-02 4.658274420862385035e+08 9.534640126397149265e+07
1.150000000000000000e+02 1.000000000000020000e+14 0.000000000000000000e+00 1.293380169205842867e+00 2.142340514157344278e-01 3.648367899147545446e-01 1.714143218818100223e-01 0.000000000000000000e+00 1.651150803135646994e+00 2.413226548129181470e-01 1.312990793873861551e+09 5.783518550101760626e+08
1.160000000000000000e+02 1.000000000000010000e+14 0.000000000000000000e+00 2.097707130815448462e+00 1.082736725946939760e-01 1.938168526219286869e-01 3.413101286018913050e-02 0.000000000000000000e+00 1.956945453500469778e+00 1.458838002928444511e-01 1.976512130002062082e+09 4.088781775819445848e+08
1.170000000000000000e+02 1.000000000000020000e+14 0.000000000000000000e+00 5.598153291150063104e-01 1.875186803081361209e-01 4.877423948088747130e-01 3.813393213298303941e-01 0.000000000000000000e+00 1.260282685277048120e+00 3.333402461365584518e-02 5.797885090928012133e+08 1.299559683636126518e+08
1.180000000000000000e+02 1.000000000000010000e+14 0.000000000000000000e+00 1.121221508375003229e+00 1.087651385130695425e-01 1.737507260700565936e-01 1.738008319505375890e-02 0.000000000000000000e+00 1.134291007864177470e+00 8.915410226200701227e-02 1.400336610123547792e+09 2.656903941354258955e+08
1.190000000000000000e+02 1.000000000000010000e+14 1.000000000000000000e+00 9.889207367965697770e-01 3.984982544168089863e-02 9.881440356683832138e-02 7.249393066254483479e-03 0.000000000000000000e+00 1.049741133679862770e+00 2.172220494461957196e-02 7.339523989716299772e+08 1.161320658881217092e+08
1.200000000000000000e+02 1.000000000000010000e+14 0.000000000000000000e+00 1.890938247423028518e+00 9.538238945339923280e-02 1.630579788051097490e-01 4.989994688215675794e-02 0.000000000000000000e+00 2.192877661445888027e+00 9.173829326963994779e-02 1.482660238940770388e+09 7.166160507976529598e+08
1.210000000000000000e+02 1.000000000000020000e+14 0.000000000000000000e+00 1.150110016106709931e+00 6.977911019738546050e-02 7.379955394666765089e-02 1.940495462479105426e-02 0.000000000000000000e+00 1.103301343934144585e+00 1.408795356481465366e-02 5.383613167041176558e+08 1.945987860024734139e+08
1.220000000000000000e+02 1.000000000000010000e+14 0.000000000000000000e+00 1.053526449871273529e+00 2.355215609769854279e-01 3.311052314185861101e-01 1.866660099534875883e-01 0.000000000000000000e+00 1.357046199627867766e+00 6.346133515171478723e-02 6.499485258747808933e+08 1.729420375317019820e+08
1.230000000000000000e+02 1.000000000000010000e+14 0.000000000000000000e+00 1.068098051462958109e+00 1.073267777753986740e-01 1.795107412361532095e-01 5.357638269623288263e-02 0.000000000000000000e+00 1.262103583510665539e+00 3.775138076680754906e-02 1.116881702353570700e+09 2.608555218780153990e+08
1.240000000000000000e+02 1.000000000000010000e+14 0.000000000000000000e+00 1.173595980653611148e+00 4.909514414377828123e-02 1.536167378973379849e-01 6.038694821970122528e-02 0.000000000000000000e+00 1.256708013045759076e+00 6.425506751374922276e-02 1.723772379372663975e+09 8.945054832822909355e+08
1.250000000000000000e+02 1.000000000000010000e+14 0.000000000000000000e+00 1.184759202003129896e+00 2.466993360574261038e-02 8.591702654540661621e-02 1.646516409648082074e-02 0.000000000000000000e+00 1.141905104150871875e+00 2.456377629846851277e-02 9.207847748918812275e+08 2.206943947185434401e+08
1.260000000000000000e+02 1.000000000000010000e+14 0.000000000000000000e+00 1.034264758752668323e+00 5.692937947217600186e-02 1.880591904776362233e-01 4.343660056106772582e-02 0.000000000000000000e+00 1.107734769286746523e+00 5.697890877967076717e-02 1.702977535671187639e+09 6.352188518902695179e+08
1.270000000000000000e+02 1.000000000000010000e+14 0.000000000000000000e+00 1.163682312112492179e+00 5.757908851594492616e-02 8.987309044184235707e-02 1.849271540013663548e-02 0.000000000000000000e+00 1.181612729167521803e+00 7.086758868802130185e-02 8.369845730628933907e+08 2.673131245712091625e+08
1.280000000000000000e+02 1.000000000000010000e+14 0.000000000000000000e+00 1.039953122518149309e+00 2.757631530118257596e-02 2.389907457196862040e-01 9.386716938222840201e-02 0.000000000000000000e+00 1.106981090976568050e+00 6.268884940861761679e-02 9.515167580090050697e+08 1.247679966011065990e+08
1.290000000000000000e+02 1.000000000000010000e+14 0.000000000000000000e+00 1.230651671353933052e+00 4.951041053863605712e-02 1.080933350284866284e-01 5.354948997802114891e-02 0.000000000000000000e+00 1.219761694891299042e+00 9.654304957321203917e-02 1.192421916334712267e+09 6.618607300041985512e+08
1.300000000000000000e+02 1.000000000000010000e+14 0.000000000000000000e+00 1.132390902771643004e+00 1.070948517747839362e-01 1.331978185487674715e-01 2.861728980912658926e-02 0.000000000000000000e+00 1.269347833034295103e+00 1.498524878360534274e-01 1.004654599897977114e+09 3.017479584756908417e+08
1.310000000000000000e+02 1.000000000000010000e+14 0.000000000000000000e+00 1.349061288196814479e+00 6.554700309872532604e-02 9.640948287080826351e-02 8.991165402185506000e-03 0.000000000000000000e+00 1.528155530929636186e+00 5.771051189625772682e-02 7.966696269419202805e+08 1.217727667140446454e+08
1.320000000000000000e+02 1.000000000000030000e+14 0.000000000000000000e+00 1.292995593167722168e+00 7.748971512203796375e-02 1.606606466239700881e-01 6.148441221616472024e-02 0.000000000000000000e+00 1.480902536330829466e+00 8.222882969877316761e-02 1.260768771809574366e+09 6.336693582652143240e+08
1.330000000000000000e+02 1.000000000000010000e+14 1.000000000000000000e+00 1.047516249140061806e+00 2.242212353307959996e-02 4.214276342961059685e-02 8.866144837672474202e-03 0.000000000000000000e+00 1.120588598625828380e+00 3.107805134700294611e-02 4.244226083360183835e+08 1.245453277612399608e+08
1.340000000000000000e+02 1.000000000000010000e+14 0.000000000000000000e+00 1.238869943442984844e+00 4.990771430926137231e-02 1.383828528714610706e-01 3.062927891614828507e-02 0.000000000000000000e+00 1.359485613917421842e+00 6.001556112564064571e-02 1.346877706073889017e+09 4.238278683933417201e+08
1.350000000000000000e+02 1.000000000000010000e+14 0.000000000000000000e+00 1.260861824759122785e+00 2.333493726106789651e-02 1.531504996389202455e-01 2.830969021847400124e-02 0.000000000000000000e+00 1.343115547883434679e+00 4.223783901084098708e-02 1.580498948147587061e+09 3.554847648700137138e+08
1.360000000000000000e+02 1.000000000000060000e+14 0.000000000000000000e+00 1.073144988207196393e+00 4.009173956970756014e-02 6.478339214032094451e-02 1.574717012617389902e-02 0.000000000000000000e+00 1.196640261489323898e+00 2.328651926570601827e-02 5.538470464593164921e+08 2.420360138845693767e+08
1.370000000000000000e+02 1.000000000000010000e+14 0.000000000000000000e+00 1.088693847262388381e+00 1.456906319072093399e-03 1.116091279916427564e-01 1.711574209741028099e-02 0.000000000000000000e+00 1.262980897766368571e+00 2.330346265468071290e-02 9.603668389412848949e+08 1.538779608552931249e+08
1.380000000000000000e+02 1.000000000000010000e+14 0.000000000000000000e+00 1.185888180687605375e+00 6.352321807377973861e-02 1.221639359981339934e-01 2.700552194835026051e-02 0.000000000000000000e+00 1.185450444304684714e+00 3.882494578511290484e-02 8.585463214293323755e+08 3.153267546122555137e+08
1.390000000000000000e+02 1.000000000000010000e+14 0.000000000000000000e+00 1.300816089084653182e+00 5.846669204976213952e-02 1.442106473482160922e-01 4.000465184029621674e-02 0.000000000000000000e+00 1.418735243473243868e+00 8.558320902139521236e-02 1.437428625642131805e+09 5.171626055122455359e+08
1.400000000000000000e+02 1.000000000000010000e+14 0.000000000000000000e+00 1.351767132296334051e+00 4.866615167315894996e-02 1.483179837788439481e-01 1.894797875949349661e-02 0.000000000000000000e+00 1.593098609784012520e+00 5.601783273281391723e-02 1.319743164738158703e+09 2.637380384806963503e+08
1.410000000000000000e+02 1.000000000000010000e+14 0.000000000000000000e+00 1.373544271196444733e+00 1.703261859026075353e-01 3.451061955013970950e-01 1.282276048822252879e-01 0.000000000000000000e+00 1.385860752475897018e+00 3.292949329965880745e-01 2.388052058577842236e+09 7.523415131984661818e+08
1.420000000000000000e+02 1.000000000000010000e+14 0.000000000000000000e+00 1.263424635171378263e+00 6.840709418856340263e-02 1.528872147311077512e-01 3.439862233527676838e-02 0.000000000000000000e+00 1.254407733318422924e+00 7.639668522602412193e-02 1.546142424664129972e+09 4.742098140405201912e+08
1.430000000000000000e+02 1.000000000000010000e+14 0.000000000000000000e+00 1.150264881416506624e+00 2.365682248340827964e-02 9.346907627488501569e-02 3.801633262832779248e-02 0.000000000000000000e+00 1.238181089623901165e+00 7.259749125846950979e-02 9.280429803513054848e+08 5.426482186756836176e+08
1.440000000000000000e+02 1.000000000000020000e+14 0.000000000000000000e+00 1.142452196812470788e+00 1.359631794394253190e-01 1.480493780811312499e-01 4.750623342024068441e-02 0.000000000000000000e+00 1.036269151413629963e+00 1.271894965127673693e-01 1.586871927018045664e+09 6.280496988483093977e+08
1.450000000000000000e+02 1.000000000000010000e+14 1.000000000000000000e+00 1.109110058698597134e+00 1.131944251672566820e-02 6.721769300326119190e-02 7.564593833382745290e-03 0.000000000000000000e+00 1.079286633669181095e+00 2.723039061413766102e-02 4.322281616222722530e+08 1.082609176661190242e+08
1.460000000000000000e+02 1.000000000000010000e+14 0.000000000000000000e+00 1.121823678537448243e+00 1.023582391082549364e-01 2.724627558008560491e-01 1.014537808815799413e-01 0.000000000000000000e+00 1.300027521655355622e+00 4.937827224487507938e-02 5.459987789664368629e+08 9.285533916170968115e+07
1.470000000000000000e+02 1.000000000000010000e+14 0.000000000000000000e+00 1.327096601673431797e+00 4.265485700246060552e-02 1.760867277437599410e-01 3.361023062629795582e-02 0.000000000000000000e+00 1.274638681455658284e+00 6.643072864534431410e-02 1.560571417705338478e+09 4.093256378260682225e+08
1.480000000000000000e+02 1.000000000000020000e+14 0.000000000000000000e+00 8.649664003320209904e-01 1.179282234763789072e-01 3.918862953803080029e-01 2.629491367242183797e-01 0.000000000000000000e+00 1.364022731816819878e+00 4.784619328322593096e-02 1.120909549531787634e+09 6.450992612505031824e+08
1.490000000000000000e+02 1.000000000000020000e+14 0.000000000000000000e+00 1.217238849457611405e+00 3.201516100761021139e-02 4.553872926361527546e-02 1.207444311826947649e-02 0.000000000000000000e+00 1.227834963105976840e+00 7.226747279870790984e-03 4.070972747300365567e+08 7.998507950111204386e+07
1.500000000000000000e+02 1.000000000000010000e+14 0.000000000000000000e+00 1.669138634317584025e+00 5.668851193475622080e-02 1.746004010645322291e-01 5.064945538491005123e-02 0.000000000000000000e+00 1.812579814367194730e+00 8.953077275146190117e-02 1.967455686181982994e+09 6.873799900398771763e+08
1.510000000000000000e+02 1.000000000000010000e+14 0.000000000000000000e+00 1.084149937290605159e+00 1.029048578793731739e-01 1.238882537294722364e-01 6.586326994456889738e-02 0.000000000000000000e+00 1.164264762218995219e+00 1.434394794875872015e-01 1.287255290881754398e+09 9.588899147136174440e+08
1.520000000000000000e+02 1.000000000000010000e+14 0.000000000000000000e+00 1.360955013167343131e+00 6.277753016907658412e-02 1.542749434845168410e-01 3.621556183278917124e-02 0.000000000000000000e+00 1.269232233070505034e+00 1.037889832941675944e-01 1.495287657050936222e+09 4.236211111681234837e+08
1.530000000000000000e+02 1.000000000000010000e+14 0.000000000000000000e+00 1.114937343425941529e+00 2.598928097150518188e-02 1.025978067511114505e-01 1.557227790127242023e-02 0.000000000000000000e+00 1.095863078307769412e+00 3.273891287533956668e-02 8.234709708808009624e+08 1.807057883660648465e+08
1.540000000000000000e+02 1.000000000000010000e+14 0.000000000000000000e+00 1.183892620864233081e+00 2.970530858835439963e-02 8.756739878625671714e-02 1.216765439229451976e-02 0.000000000000000000e+00 1.231884771108197052e+00 3.118429026505783672e-02 7.726394301974728107e+08 1.667108213904090226e+08
1.550000000000000000e+02 1.000000000000010000e+14 0.000000000000000000e+00 9.835962995329996517e-01 5.795900405393884097e-02 1.622830173375740259e-01 4.988209592957882493e-02 0.000000000000000000e+00 9.828146351446597206e-01 3.601705962116396459e-02 6.660172659268182516e+08 8.016964915834248066e+07
1.560000000000000000e+02 1.000000000000010000e+14 0.000000000000000000e+00 1.187356037147886179e+00 1.359511815953496905e-01 1.469254876308762614e-01 4.620750413889473940e-02 0.000000000000000000e+00 1.204170405279992417e+00 1.799214221407499370e-01 1.514304619654144526e+09 6.572811089802561998e+08
1.570000000000000000e+02 1.000000000000010000e+14 0.000000000000000000e+00 1.066659686330826862e+00 2.988507435244551827e-02 1.058230260056832739e-01 8.956607813825704853e-03 0.000000000000000000e+00 1.201167527180568850e+00 2.376119157405267787e-02 8.910607510362997055e+08 1.450633057396897376e+08
1.580000000000000000e+02 1.000000000000030000e+14 0.000000000000000000e+00 1.311546501010337318e+00 3.259883636095567416e-02 2.223326126395342231e-02 6.133297345235111560e-03 0.000000000000000000e+00 1.311546501010337318e+00 3.259883673486304451e-02 2.205323835679882169e+08 6.083635984023883194e+07
1.590000000000000000e+02 1.000000000000020000e+14 0.000000000000000000e+00 1.637116069491290737e+00 9.373861596361096615e-02 1.872337001681519397e-01 4.095499002819912027e-02 0.000000000000000000e+00 1.359062120836137089e+00 1.192060902283691992e-01 1.964225972232512951e+09 6.351270093723000288e+08
1.600000000000000000e+02 1.000000000000010000e+14 0.000000000000000000e+00 1.109221942171081832e+00 1.359966905307312401e-01 1.701914813001549343e-01 9.005278778700367970e-02 0.000000000000000000e+00 1.355416939596698844e+00 5.159943342723558035e-02 6.455391331500313282e+08 2.067365633019684553e+08
1.610000000000000000e+02 1.000000000000010000e+14 0.000000000000000000e+00 1.167973700825781114e+00 5.298357231090285863e-02 1.787481501323281707e-01 3.254171679097495051e-02 0.000000000000000000e+00 1.115744436392131833e+00 4.720537248874372149e-02 1.845966462462262154e+09 4.723514604966935515e+08
1.620000000000000000e+02 1.000000000000010000e+14 0.000000000000000000e+00 9.027014846643595103e-01 7.988685592020329518e-02 2.534840060328504285e-01 1.348535822801532336e-01 0.000000000000000000e+00 1.178720444063732886e+00 3.463873658217681700e-02 6.512579397400572300e+08 9.333326308801913261e+07
1.630000000000000000e+02 1.000000000000010000e+14 0.000000000000000000e+00 1.002257345437221892e+00 1.522139787975331227e-01 3.276530806263931450e-01 1.509762363519588924e-01 0.000000000000000000e+00 1.267043334962324241e+00 1.342962005270762760e-01 1.111685601554353476e+09 5.142378195763418674e+08
1.640000000000000000e+02 1.000000000000010000e+14 0.000000000000000000e+00 1.176100186860945973e+00 1.410236098402959937e-01 1.993501191247614435e-01 1.045057920198837198e-01 0.000000000000000000e+00 1.111645342297502115e+00 6.596215321198460602e-02 9.689678573707470894e+08 5.574619916511745453e+08
1.650000000000000000e+02 1.000000000000010000e+14 0.000000000000000000e+00 1.562008592058960810e+00 8.775248480608476009e-02 1.615944837195487649e-01 1.781240354320390989e-02 0.000000000000000000e+00 1.562702415414277235e+00 1.058332235873677141e-01 1.567599174127667189e+09 2.133971299038179815e+08
1.660000000000000000e+02 1.000000000000010000e+14 0.000000000000000000e+00 1.030899369784740616e+00 4.100976522722418055e-02 1.349872867049582703e-01 1.740230442768967919e-02 0.000000000000000000e+00 1.197965544695825502e+00 4.030967770604862443e-02 1.294380734954926491e+09 2.517900285995362401e+08
1.670000000000000000e+02 1.000000000000030000e+14 0.000000000000000000e+00 9.859597828351307491e-01 7.557450222599390588e-02 1.162164639833035140e-01 2.919367918902802603e-02 0.000000000000000000e+00 1.080808015160988012e+00 6.845499292357050403e-02 7.241955751037008762e+08 1.664755031678123176e+08
1.680000000000000000e+02 1.000000000000020000e+14 0.000000000000000000e+00 1.398894190797368875e+00 7.091814866417942009e-02 1.845516863668720253e-01 4.627239891377901010e-02 0.000000000000000000e+00 1.391848580299871685e+00 1.244274198344760968e-01 1.514334025712064266e+09 7.737293227342510223e+08
1.690000000000000000e+02 1.000000000000010000e+14 0.000000000000000000e+00 9.665916131184517646e-01 1.801056341818936257e-01 1.938233559575625597e-01 1.042831882480957512e-01 0.000000000000000000e+00 9.531558448582841958e-01 1.198557784985377073e-01 2.492727098181825161e+09 1.864620112037679434e+09
1.700000000000000000e+02 1.000000000000010000e+14 0.000000000000000000e+00 1.391321089726984983e+00 1.699493867551236381e-01 3.113350681946850940e-01 8.169809054881710386e-02 0.000000000000000000e+00 1.294578826545109917e+00 1.725285019664028752e-01 1.608210843296044588e+09 5.452579094636497498e+08
1.710000000000000000e+02 1.000000000000080000e+14 0.000000000000000000e+00 1.499271214163735211e+00 3.681049723956011932e-02 5.769824173512568682e-02 1.498712127484833068e-02 0.000000000000000000e+00 1.306284477732472471e+00 3.156678134190101653e-02 7.169040529415383339e+08 2.067770089767602980e+08
1.720000000000000000e+02 1.000000000000010000e+14 0.000000000000000000e+00 1.464064102839563564e+00 1.497194231470442283e-01 1.852481790490766167e-01 5.826188281535331359e-02 0.000000000000000000e+00 1.387300034809966442e+00 1.831749123475462926e-01 1.984012389640687466e+09 6.781436270065457821e+08
1.730000000000000000e+02 1.000000000000010000e+14 0.000000000000000000e+00 1.321473482567232072e+00 6.506988160524712628e-02 1.004854758895649541e-01 1.117750908782947500e-02 0.000000000000000000e+00 1.282719701826111169e+00 2.773494505496824220e-02 7.800588333454446793e+08 1.435491716054309011e+08
1.740000000000000000e+02 1.000000000000030000e+14 1.000000000000000000e+00 1.115987432138458413e+00 3.176839181312243743e-02 9.013545348968157733e-02 2.920971874208170421e-02 0.000000000000000000e+00 1.321727627851971398e+00 4.132536890646067163e-02 9.579151666629898548e+08 4.242052963572508097e+08
1.750000000000000000e+02 1.000000000000020000e+14 0.000000000000000000e+00 1.153217513110046610e+00 8.940900143862920424e-02 2.257433426498212381e-01 7.038750530206629163e-02 0.000000000000000000e+00 1.360327553520952248e+00 1.109884558901547968e-01 1.594691655220237970e+09 6.067680686121200323e+08
1.760000000000000000e+02 1.000000000000010000e+14 0.000000000000000000e+00 1.332945419264281339e+00 5.689366478832708074e-02 1.396782517334956009e-01 2.379671114295388648e-02 0.000000000000000000e+00 1.509677201716312700e+00 8.211519596343999638e-02 1.252473683553401947e+09 3.339687757022124529e+08
1.770000000000000000e+02 1.000000000000010000e+14 0.000000000000000000e+00 1.387539793566337387e+00 4.889253845296082784e-02 1.041714086135784173e-01 1.604228043414814009e-02 0.000000000000000000e+00 1.522166047661981603e+00 5.864353002259212883e-02 1.046000831854073167e+09 2.107546621952809989e+08
1.780000000000000000e+02 1.000000000000010000e+14 0.000000000000000000e+00 1.024982863328949501e+00 3.462964426481596192e-02 1.015900612705951112e-01 3.885025266423174778e-02 0.000000000000000000e+00 1.201689365199827719e+00 3.106406804649818401e-02 6.099753963003194332e+08 8.632836156308612227e+07
1.790000000000000000e+02 1.000000000000010000e+14 0.000000000000000000e+00 1.007800557393254914e+00 6.969426206382633993e-02 1.576902058852591715e-01 5.795932886701844061e-02 0.000000000000000000e+00 1.364219214815649339e+00 4.213503480709879234e-02 7.217389741312600374e+08 9.638262183221472800e+07
1.800000000000000000e+02 1.000000000000010000e+14 0.000000000000000000e+00 2.076703716910561770e+00 7.428277910760562597e-02 1.499990547318830469e-01 2.392927193509152700e-02 0.000000000000000000e+00 2.039316052724655215e+00 8.612649442165727642e-02 1.278659254286371946e+09 3.192271064090172648e+08
1.810000000000000000e+02 1.000000000000010000e+14 0.000000000000000000e+00 1.135199451531125225e+00 7.809173069749124341e-02 2.180811909652217717e-01 1.080771169354838718e-01 0.000000000000000000e+00 1.287846270247374525e+00 3.865580661328588824e-02 7.937721208825080395e+08 2.248665078674662113e+08
1.820000000000000000e+02 1.000000000000060000e+14 0.000000000000000000e+00 1.011448484731377384e+00 5.196032995399384180e-02 5.849296841840504607e-02 2.348497948532532811e-02 0.000000000000000000e+00 1.164567903313064257e+00 3.477701706593465392e-02 9.954989454856821895e+07 1.856630436772496626e+07
1.830000000000000000e+02 1.000000000000010000e+14 0.000000000000000000e+00 1.189784006466072963e+00 4.279073887680368005e-02 1.157827392148684381e-01 2.865375904273688434e-02 0.000000000000000000e+00 1.179721426668338013e+00 7.881736309935070961e-02 1.185587060451423883e+09 4.075525220632410049e+08
1.840000000000000000e+02 1.000000000000010000e+14 0.000000000000000000e+00 1.043790502767329098e+00 8.644088581915554403e-02 1.194522888590903997e-01 5.851894066376131520e-02 0.000000000000000000e+00 1.103630057945343745e+00 7.153324902119596873e-02 1.487501530608872175e+09 8.906572106924480200e+08
1.850000000000000000e+02 1.000000000000020000e+14 0.000000000000000000e+00 1.201175990047270714e+00 5.332651955749723865e-02 1.123515298011605185e-01 3.602684209223048356e-02 0.000000000000000000e+00 1.060927323335386641e+00 7.584610025057204885e-02 1.382510135876386881e+09 4.714341298025583625e+08
1.860000000000000000e+02 1.000000000000010000e+14 0.000000000000000000e+00 1.140297361451791058e+00 1.068848461146514883e-01 1.029407805198693099e-01 3.736056334361617659e-02 0.000000000000000000e+00 1.166879743709137829e+00 5.922566256015013297e-02 5.491541448044549227e+08 6.130569380240180343e+07
1.870000000000000000e+02 1.000000000000010000e+14 0.000000000000000000e+00 1.510089345887811074e+00 1.733922426097106728e-01 2.526958650616153434e-01 1.273674256638097912e-01 0.000000000000000000e+00 1.247092788353869386e+00 1.952910138172137822e-01 2.943260802850602627e+09 1.706460203268829346e+09
1.880000000000000000e+02 1.000000000000010000e+14 0.000000000000000000e+00 1.138597028331322702e+00 4.584516743790951337e-02 6.808852262295081448e-02 1.506986587183308489e-02 0.000000000000000000e+00 1.265681316079461771e+00 2.308915719699529759e-02 1.945030178915649056e+08 5.595113498802980781e+07
1.890000000000000000e+02 1.000000000000010000e+14 0.000000000000000000e+00 1.526950151235495490e+00 1.053825637690871536e-01 1.643565406749845637e-01 2.805851652512261415e-02 0.000000000000000000e+00 1.550871259697326421e+00 1.233196456789560080e-01 1.399364426788548946e+09 3.328442454001833200e+08
1.900000000000000000e+02 1.000000000000010000e+14 0.000000000000000000e+00 1.198531448282567080e+00 3.919200549961241592e-02 6.147270451121407409e-02 1.066391881520225085e-02 0.000000000000000000e+00 1.262974433202891822e+00 2.812875104838207310e-02 4.708101759382316470e+08 7.739133570089192688e+07
1.910000000000000000e+02 1.000000000000010000e+14 1.000000000000000000e+00 1.111158606748630984e+00 3.300004919971372130e-02 7.971734568406826926e-02 1.164446674106457344e-02 0.000000000000000000e+00 1.169824141436115683e+00 5.846851843307054528e-03 8.349384468769016266e+08 1.602711317311262190e+08
1.920000000000000000e+02 1.000000000000030000e+14 0.000000000000000000e+00 9.707362107594798006e-01 1.651623119167987264e-01 3.427840128104454598e-01 1.313994487813139878e-01 0.000000000000000000e+00 9.354594549500087064e-01 8.814623418306957725e-02 8.273601087030273676e+08 1.879546042711800039e+08
1.930000000000000000e+02 1.000000000000010000e+14 0.000000000000000000e+00 1.316435156192207856e+00 3.408783360644766086e-02 2.171254405109555308e-01 5.869232024958281890e-02 0.000000000000000000e+00 1.405441825146928947e+00 5.604386316917066291e-02 1.475967894149838924e+09 3.799434013406651616e+08
1.940000000000000000e+02 1.000000000000010000e+14 0.000000000000000000e+00 9.627703325894499953e-01 1.005462627391226632e-01 1.725263977278475858e-01 3.966727132130287714e-02 0.000000000000000000e+00 1.263790917640304823e+00 8.924639373831344535e-02 8.865971671985094547e+08 9.954776919946326315e+07
1.950000000000000000e+02 1.000000000000020000e+14 0.000000000000000000e+00 1.039324541588446893e+00 1.669123919427067670e-01 1.597038941673606105e-01 1.140408496816538442e-01 0.000000000000000000e+00 1.280482338066284198e+00 1.459204042785748889e-01 4.782738088053522110e+08 3.001821501200663447e+08
1.960000000000000000e+02 1.000000000000010000e+14 0.000000000000000000e+00 1.271882094008589537e+00 9.661009169869949620e-02 1.608333173801615446e-01 4.353731623892156261e-02 0.000000000000000000e+00 1.195330084431676321e+00 1.126800195320689368e-01 1.487672308977822781e+09 5.214261697146095634e+08
1.970000000000000000e+02 1.000000000000010000e+14 0.000000000000000000e+00 1.325166812992846221e+00 1.242711101172593036e-01 2.589809367966395270e-01 1.720414884643588216e-01 0.000000000000000000e+00 1.389075127620360783e+00 5.356803027265904377e-02 7.789548923936891556e+08 1.439943739301248193e+08
1.980000000000000000e+02 1.000000000000050000e+14 0.000000000000000000e+00 1.204469591213597868e+00 5.650927318199396032e-02 1.105019520510643408e-02 5.172443206796681001e-03 0.000000000000000000e+00 8.940832695594618240e-01 3.112801769987066924e-02 9.466961101809506118e+07 3.523896636065008491e+07
1.990000000000000000e+02 1.000000000000030000e+14 1.000000000000000000e+00 1.105274274332614048e+00 2.511798843739890263e-02 2.336188597568980563e-02 5.191297205774933650e-03 0.000000000000000000e+00 1.173692789205476039e+00 1.592169209310043132e-02 3.028789060847414136e+08 7.266028116938544810e+07
2.000000000000000000e+02 1.000000000000010000e+14 0.000000000000000000e+00 8.730580078008945977e-01 6.480095242965543123e-02 2.852634361769149640e-01 1.750359346997694132e-01 0.000000000000000000e+00 1.162848885701090351e+00 2.858356079372636679e-02 5.425522826905385256e+08 1.692481792163968086e+08
2.010000000000000000e+02 1.000000000000010000e+14 0.000000000000000000e+00 1.067834336648498583e+00 4.251406576446489782e-02 8.812849829992894235e-02 2.365518213369194322e-02 0.000000000000000000e+00 1.231215469751832936e+00 6.239045377448759061e-02 8.072163936554715633e+08 3.308378868351043463e+08
2.020000000000000000e+02 1.000000000000010000e+14 0.000000000000000000e+00 9.638088270572469085e-01 5.733924787407154028e-02 1.222270037651661673e-01 2.633552177482932286e-02 0.000000000000000000e+00 1.037023929592890914e+00 5.458812860790553806e-02 4.500990047610456944e+08 8.230187005392648280e+07
2.030000000000000000e+02 1.000000000000010000e+14 0.000000000000000000e+00 1.433138616675333932e+00 6.434677778477038146e-02 1.682096879307704018e-01 6.350155715525603040e-02 0.000000000000000000e+00 1.513998728017508677e+00 8.715065475072988899e-02 1.785439481360498190e+09 8.895107584156395197e+08
2.040000000000000000e+02 1.000000000000010000e+14 0.000000000000000000e+00 1.045721742279484889e+00 6.921835601106361702e-02 1.559968387359468023e-01 6.941457235279480109e-02 0.000000000000000000e+00 1.218218080694556615e+00 5.864816008606802550e-02 2.005679382197673559e+09 1.010248471247886062e+09
2.050000000000000000e+02 1.000000000000020000e+14 0.000000000000000000e+00 1.169710231455622251e+00 1.134642955765007427e-01 2.084741020763024866e-01 9.538604642466508299e-02 0.000000000000000000e+00 1.135504451707980422e+00 1.329059619948250726e-01 2.158985264433872700e+09 1.238764506670068502e+09
2.060000000000000000e+02 1.000000000000010000e+14 0.000000000000000000e+00 9.740775487427110191e-01 1.624113209937377011e-01 3.257144463091941611e-01 2.598590870807032660e-01 0.000000000000000000e+00 1.175276940202103715e+00 5.280420806815704082e-02 4.721696559844043255e+08 4.847481883359573036e+07
2.070000000000000000e+02 1.000000000000020000e+14 0.000000000000000000e+00 1.518183376367328252e+00 7.928232266538509654e-02 1.660553439670054143e-01 5.118121245733121827e-02 0.000000000000000000e+00 1.722920318793982553e+00 7.556839982866118965e-02 1.392654837486600637e+09 4.296036474147767425e+08
2.080000000000000000e+02 1.000000000000020000e+14 0.000000000000000000e+00 1.244079010447725508e+00 1.025467497513441600e-01 1.330602695257895041e-01 5.008692165516408223e-02 0.000000000000000000e+00 1.362827506757502638e+00 1.107155534351726145e-01 1.243584258374102592e+09 7.035848159704074860e+08
2.090000000000000000e+02 1.000000000000010000e+14 0.000000000000000000e+00 1.160923104512662007e+00 1.765715851168592546e-02 7.332216367781620170e-02 4.861599902071793433e-03 0.000000000000000000e+00 1.219544460634983674e+00 3.273789106106902991e-02 6.649257974724868536e+08 6.756560199662494659e+07
2.100000000000000000e+02 1.000000000000010000e+14 0.000000000000000000e+00 1.073519883473884828e+00 1.919376193701329350e-02 1.482591781178512202e-01 2.625279377350056564e-02 0.000000000000000000e+00 1.192698416525091787e+00 4.760565134912790597e-02 1.059203228382117271e+09 3.754058173499718308e+08
2.110000000000000000e+02 1.000000000000010000e+14 0.000000000000000000e+00 1.192929471544699194e+00 8.272606265356902133e-02 1.735304672552303584e-01 4.938983040155436183e-02 0.000000000000000000e+00 1.284093328104581655e+00 1.029738957177305236e-01 1.560278759664052963e+09 7.115688170031237602e+08
2.120000000000000000e+02 1.000000000000010000e+14 0.000000000000000000e+00 1.043067675965066998e+00 3.816799436246673394e-02 1.067807436164067009e-01 3.984224918159059992e-02 0.000000000000000000e+00 1.124833719742140969e+00 3.881207839525001313e-02 4.057334686249957085e+08 5.198695293083302677e+07
2.130000000000000000e+02 1.000000000000020000e+14 0.000000000000000000e+00 1.113650517578950838e+00 7.423535294587543798e-02 1.386815114992462628e-01 8.261931813962468396e-02 0.000000000000000000e+00 1.094582218373336024e+00 1.048511104591103166e-01 1.480091210434974432e+09 1.253835277689395905e+09
2.140000000000000000e+02 1.000000000000010000e+14 0.000000000000000000e+00 1.096326435507267938e+00 1.126897693609463791e-01 1.573869310015210410e-01 3.263595261020638821e-02 0.000000000000000000e+00 1.326568070586124470e+00 5.112835075848049665e-02 1.356209506327215672e+09 6.120565474960157871e+08
2.150000000000000000e+02 1.000000000000010000e+14 1.000000000000000000e+00 1.085568698128996035e+00 1.627876877946804815e-02 5.608729817588459926e-02 1.165249744446067090e-02 0.000000000000000000e+00 1.177138498026529145e+00 3.201318100856184040e-02 3.564633406357574463e+08 5.601314634821204841e+07
2.160000000000000000e+02 1.000000000000010000e+14 0.000000000000000000e+00 1.304707086387603798e+00 6.154227735628396700e-02 1.866665504410801868e-01 5.346470656013669470e-02 0.000000000000000000e+00 1.313959508055533076e+00 1.072372211904996792e-01 1.787044521735231400e+09 6.954837612400804758e+08
2.170000000000000000e+02 1.000000000000020000e+14 1.000000000000000000e+00 1.032023824740347928e+00 2.209250543040978954e-02 8.992683993981286095e-02 2.197167755991285415e-02 0.000000000000000000e+00 1.168950290342152920e+00 2.644936426006917057e-02 8.802017090350499153e+08 2.943592656534236670e+08
2.180000000000000000e+02 1.000000000000020000e+14 0.000000000000000000e+00 9.510363764844081969e-01 4.462573901583694741e-02 9.288501858420081247e-02 3.160720282068502085e-02 0.000000000000000000e+00 1.053646741390684705e+00 5.248404794337129670e-02 1.027381493072312236e+09 5.033395662015134692e+08
2.190000000000000000e+02 1.000000000000010000e+14 0.000000000000000000e+00 1.280076803640444183e+00 5.019336990443758889e-02 1.476567542405094746e-01 1.561256700252860487e-02 0.000000000000000000e+00 1.520462535099011303e+00 5.528353170618190149e-02 1.578631800437132120e+09 1.970836208755176365e+08
2.200000000000000000e+02 1.000000000000030000e+14 0.000000000000000000e+00 1.261019843419293851e+00 7.468154216684810831e-02 9.811987653680276367e-02 2.939935779975222027e-02 0.000000000000000000e+00 1.311528303329591916e+00 8.048004893366456081e-02 1.209230511536894560e+09 4.312975072010865211e+08
2.210000000000000000e+02 1.000000000000010000e+14 0.000000000000000000e+00 1.191504735016073679e+00 4.649987354260122496e-02 1.429068314887320668e-01 2.901001074071616129e-02 0.000000000000000000e+00 1.172613741564101142e+00 9.917242014422572582e-02 1.171213259827342033e+09 2.756745980638585687e+08
2.220000000000000000e+02 1.000000000000010000e+14 0.000000000000000000e+00 1.120277828118228847e+00 3.468064535512325325e-02 1.021330554121099993e-01 2.060641517574077902e-02 0.000000000000000000e+00 1.209205275581568095e+00 3.732525157936752297e-02 1.091842444659776449e+09 2.765167216493997574e+08
2.230000000000000000e+02 1.000000000000010000e+14 0.000000000000000000e+00 1.099670214934210799e+00 1.399889987346137343e-01 1.577145957927225117e-01 4.401053456968748862e-02 0.000000000000000000e+00 1.148390348613037570e+00 1.404048856847766591e-01 1.778937483396137238e+09 6.719114402438454628e+08
2.240000000000000000e+02 1.000000000000010000e+14 0.000000000000000000e+00 1.369056720373126312e+00 3.363624058046647824e-02 1.650760038025223531e-01 2.584975811732893869e-02 0.000000000000000000e+00 1.371974923778259692e+00 2.669927222716457493e-02 1.550454849684801817e+09 3.543605417697823644e+08
2.250000000000000000e+02 1.000000000000010000e+14 0.000000000000000000e+00 1.017828661827972825e+00 6.202208144136885787e-02 1.656501780000189661e-01 9.467516181101989781e-02 0.000000000000000000e+00 1.240925033829821000e+00 2.044317929191412017e-02 4.915009584266000986e+08 1.017190456578266472e+08
2.260000000000000000e+02 1.000000000000010000e+14 0.000000000000000000e+00 1.121249111951342359e+00 9.215021973664112853e-02 1.279761878141035258e-01 2.869089165789783652e-02 0.000000000000000000e+00 1.305804549985773111e+00 9.542229719385948716e-02 1.439155844011335373e+09 3.969258946918212175e+08
2.270000000000000000e+02 1.000000000000010000e+14 0.000000000000000000e+00 1.273861696533653554e+00 2.272687216810756819e-02 7.329145896166314178e-02 9.024939653457629204e-03 0.000000000000000000e+00 1.394498156969704805e+00 1.265506482876604596e-02 5.361871308268165588e+08 6.391341659659934789e+07
2.280000000000000000e+02 1.000000000000030000e+14 1.000000000000000000e+00 1.095843768249558314e+00 2.839101468191237987e-02 5.040016545969018547e-02 1.224798461813473086e-02 0.000000000000000000e+00 1.199265872230089958e+00 2.376839055304607110e-02 4.225090837368420362e+08 1.824952167369007170e+08
2.290000000000000000e+02 1.000000000000010000e+14 0.000000000000000000e+00 1.136761938899698787e+00 4.396489078692070174e-02 9.630462036473896870e-02 6.917920511939074611e-03 0.000000000000000000e+00 1.226869641253431897e+00 4.827042999999501399e-02 8.981125473257738352e+08 9.480859589646287262e+07
2.300000000000000000e+02 1.000000000000010000e+14 0.000000000000000000e+00 1.055227190144373273e+00 5.343517975488749211e-02 4.302664250002111168e-01 1.468726511101539622e-01 0.000000000000000000e+00 1.159824061504402648e+00 8.290885086142683880e-02 1.855262225357400894e+09 8.746598749539300203e+08
2.310000000000000000e+02 1.000000000000020000e+14 0.000000000000000000e+00 1.241874218575040878e+00 3.019568289364407687e-01 4.920509002741126348e-01 3.396565074645357396e-01 0.000000000000000000e+00 1.075237448564656750e+00 7.890910186731467379e-02 7.736954792193547487e+08 1.678382394249291718e+08
2.320000000000000000e+02 1.000000000000010000e+14 0.000000000000000000e+00 1.250203662843158980e+00 5.291474132575681860e-02 1.052738168119900092e-01 3.060775026196132023e-02 0.000000000000000000e+00 1.356750236251539343e+00 5.001307097041179928e-02 1.036229249748310804e+09 4.402068280203674436e+08
2.330000000000000000e+02 1.000000000000010000e+14 1.000000000000000000e+00 1.118276161016261927e+00 1.597619499331016241e-02 5.661438204115975398e-02 8.804146304476501844e-03 0.000000000000000000e+00 1.139683559833564397e+00 1.122771650300597064e-02 5.051856830879943371e+08 1.271575618119784296e+08
2.340000000000000000e+02 1.000000000000010000e+14 1.000000000000000000e+00 1.098298240095004097e+00 3.935723108683294308e-02 9.640982561171085319e-02 5.956625016898089986e-02 0.000000000000000000e+00 1.252629959734018694e+00 2.587506657953791284e-02 1.731077975016942024e+08 2.378162273367475718e+07
2.350000000000000000e+02 1.000000000000010000e+14 0.000000000000000000e+00 1.065087492372033928e+00 9.349818396926122543e-02 1.825933798769126537e-01 3.887730788775337065e-02 0.000000000000000000e+00 8.549208002810637641e-01 6.926702495206472909e-02 1.675747463089811802e+09 6.322003404521638155e+08
2.360000000000000000e+02 1.000000000000030000e+14 0.000000000000000000e+00 1.222365813319151728e+00 5.790952562304664542e-02 7.844278014561122114e-02 2.494129599885332171e-02 0.000000000000000000e+00 1.285550222500517759e+00 7.474566809978562543e-02 8.988762371659039259e+08 3.579460483292216659e+08
2.370000000000000000e+02 1.000000000000010000e+14 0.000000000000000000e+00 1.259403999144737885e+00 1.606100171667703691e-01 1.577407576823145474e-01 2.467157657569660212e-02 0.000000000000000000e+00 1.395587863152363273e+00 1.360181016996132031e-01 1.259239638751963615e+09 2.784876508925447464e+08
2.380000000000000000e+02 1.000000000000010000e+14 0.000000000000000000e+00 1.162078528068742012e+00 2.109995100226029138e-02 7.626930197282454083e-02 1.470736588174017916e-02 0.000000000000000000e+00 1.191865039508262614e+00 1.571848217695464428e-02 7.217076879023438692e+08 1.948581231342180669e+08
2.390000000000000000e+02 1.000000000000010000e+14 0.000000000000000000e+00 1.519797174375935311e+00 7.980495856917455000e-02 1.011023527611348977e-01 1.160640987476258511e-02 0.000000000000000000e+00 1.782132765995015244e+00 4.218135577763140742e-02 8.196759908895412683e+08 1.712405132500592172e+08
2.400000000000000000e+02 1.000000000000010000e+14 1.000000000000000000e+00 1.008411571503856186e+00 3.833441360883012988e-02 9.669677734344460374e-02 1.640677038542725369e-02 0.000000000000000000e+00 1.256136908604720270e+00 2.480959897243755624e-02 9.574458965706806183e+08 1.618804172530919611e+08
2.410000000000000000e+02 1.000000000000010000e+14 0.000000000000000000e+00 1.061585039113788431e+00 3.197490316544852190e-02 1.084077596196968279e-01 2.237281370526504609e-02 0.000000000000000000e+00 1.227567676381019712e+00 3.552539684689551280e-02 9.840371807796783447e+08 3.048483906332324743e+08
2.420000000000000000e+02 1.000000000000010000e+14 0.000000000000000000e+00 1.329186534593048918e+00 7.320682341561252082e-02 2.271418009486853851e-01 4.982048166151126917e-02 0.000000000000000000e+00 1.274249172361628046e+00 8.872509095867202322e-02 2.384651451995413780e+09 6.280178458049694300e+08
2.430000000000000000e+02 1.000000000000010000e+14 0.000000000000000000e+00 1.056127616896985311e+00 1.049185851476665404e-01 2.092457750393055538e-01 8.539560220554041903e-02 0.000000000000000000e+00 9.809693138608811536e-01 1.605918443759034586e-01 2.109037568749228954e+09 1.394320777736984253e+09
2.440000000000000000e+02 1.000000000000030000e+14 0.000000000000000000e+00 1.200718312326351400e+00 6.674187568486755762e-02 2.082848820718390115e-01 7.979433660472740053e-02 0.000000000000000000e+00 1.292441583997725019e+00 5.947105045111575339e-02 7.850859048933410645e+08 2.732181373228180408e+08
2.450000000000000000e+02 1.000000000000010000e+14 0.000000000000000000e+00 1.171531189466611167e+00 2.266542347551272693e-02 1.164047548157195883e-01 2.220749896345768082e-02 0.000000000000000000e+00 1.239912102641128167e+00 3.659270315662525863e-02 8.984450856297134161e+08 3.673721034998726845e+08
2.460000000000000000e+02 1.000000000000020000e+14 1.000000000000000000e+00 1.073228371355473998e+00 3.998451185748342490e-02 3.552568677985664530e-02 4.522536347360758824e-03 0.000000000000000000e+00 1.216411105602539955e+00 2.249716371442491217e-02 4.753209267776831985e+08 6.066949873842019588e+07
2.470000000000000000e+02 1.000000000000010000e+14 0.000000000000000000e+00 1.357171690660729180e+00 4.765919574255973040e-02 1.097061135148232058e-01 1.551145705335663962e-02 0.000000000000000000e+00 1.424696715211009934e+00 2.967005691940527434e-02 1.058801504471022010e+09 2.155432852470951676e+08
2.480000000000000000e+02 1.000000000000040000e+14 0.000000000000000000e+00 1.205443429782888876e+00 5.824306953711761575e-02 4.471402877222162286e-02 1.161343075903594965e-02 0.000000000000000000e+00 1.056857242249495954e+00 4.204239568122909027e-02 5.985785619700250626e+08 1.554668830825822055e+08
2.490000000000000000e+02 1.000000000000010000e+14 0.000000000000000000e+00 1.250669072799700299e+00 4.859816708237354316e-02 1.036624394504633145e-01 1.481007223727391284e-02 0.000000000000000000e+00 1.211268038059162722e+00 3.739116244820303581e-02 8.245624843114761114e+08 2.041949877792369425e+08
2.500000000000000000e+02 1.000000000000060000e+14 0.000000000000000000e+00 1.305395113130290996e+00 1.250917976527920472e-01 2.920592963362441674e-01 1.798498146267220599e-01 0.000000000000000000e+00 1.035231051258922008e+00 5.302622317853956241e-02 7.211081126883853674e+08 1.250895093082256764e+08
2.510000000000000000e+02 1.000000000000010000e+14 0.000000000000000000e+00 1.137441028410234312e+00 3.745943056124566295e-02 1.265392712102518247e-01 2.028612974463717480e-02 0.000000000000000000e+00 1.024565298606717523e+00 6.102953835739533678e-02 1.357758192722038507e+09 2.639534732371780872e+08
2.520000000000000000e+02 1.000000000000040000e+14 0.000000000000000000e+00 9.947812672784065446e-01 6.120807483130517174e-02 7.260317880794701917e-02 2.253833054362855762e-02 0.000000000000000000e+00 1.118262357831348419e+00 2.900422694805376497e-02 2.203877128740868270e+08 4.599355460704878718e+07
2.530000000000000000e+02 1.000000000000010000e+14 0.000000000000000000e+00 1.420750789455091256e+00 9.860899011758138266e-02 1.536627278601495339e-01 3.721231787805252822e-02 0.000000000000000000e+00 1.435165810107960294e+00 6.631134028879022424e-02 7.945259082097096443e+08 2.508687109344956577e+08
2.540000000000000000e+02 1.000000000000010000e+14 0.000000000000000000e+00 1.226273713676876431e+00 2.438514778947949158e-02 8.838144907010864193e-02 1.240426175473708856e-02 0.000000000000000000e+00 1.264886721771625533e+00 2.589983211036869445e-02 4.745608936893383861e+08 2.888856117571924627e+07
2.550000000000000000e+02 1.000000000000010000e+14 0.000000000000000000e+00 1.066571451681897154e+00 4.878821315794563268e-02 1.435675522706704177e-01 2.996635184368691071e-02 0.000000000000000000e+00 1.313910364302674605e+00 5.666697114229383297e-02 1.120846767598652124e+09 3.862428202107452750e+08
2.560000000000000000e+02 1.000000000000010000e+14 1.000000000000000000e+00 1.081582287887334015e+00 3.651335364172306891e-02 8.927478034450526956e-02 1.114434503939110664e-02 0.000000000000000000e+00 1.012743640611669660e+00 5.501133351530888838e-02 7.997992866923489571e+08 1.508699443897530735e+08
2.570000000000000000e+02 1.000000000000010000e+14 0.000000000000000000e+00 1.235337835148134777e+00 4.491199850025053703e-02 1.090305269984118558e-01 3.572927474854420415e-02 0.000000000000000000e+00 1.286285809576136474e+00 5.891674628843740491e-02 1.124826012676787138e+09 4.615402857923432589e+08
2.580000000000000000e+02 1.000000000000010000e+14 0.000000000000000000e+00 1.155703114980286328e+00 1.756356537283569955e-02 1.048314844960594461e-01 2.623714947431560890e-02 0.000000000000000000e+00 1.308082142564595207e+00 3.375569607477837963e-02 1.125424017644761324e+09 3.652886076568768024e+08
2.590000000000000000e+02 1.000000000000020000e+14 0.000000000000000000e+00 1.329381918871266333e+00 1.023027004696936693e-01 9.497301146523613735e-02 5.588066687703797247e-02 0.000000000000000000e+00 1.442634835837732998e+00 1.229212333468250040e-01 1.166817548326901674e+09 7.409801060206338167e+08
2.600000000000000000e+02 1.000000000000010000e+14 0.000000000000000000e+00 1.009263193465725905e+00 6.658028150225901720e-02 9.130227462696938190e-02 2.331091385988987019e-02 0.000000000000000000e+00 1.169892707339185156e+00 5.971012775538028783e-02 9.072860239426748753e+08 3.379847809242497683e+08
2.610000000000000000e+02 1.000000000000010000e+14 0.000000000000000000e+00 9.921814554678957121e-01 1.800905122223368793e-02 1.577352562900802002e-01 5.720082131857340269e-02 0.000000000000000000e+00 9.697618700231833699e-01 4.951974750175063694e-02 8.845071700112692118e+08 1.439662544409181774e+08
2.620000000000000000e+02 1.000000000000020000e+14 0.000000000000000000e+00 1.169513930118061928e+00 3.715296027476115009e-02 1.072593100573037833e-01 1.403354278072970439e-02 0.000000000000000000e+00 1.156649672192757494e+00 2.683929969023061274e-02 7.544660794149720669e+08 1.689189043556353748e+08
2.630000000000000000e+02 1.000000000000010000e+14 0.000000000000000000e+00 1.173174766630271870e+00 2.597644033740163783e-02 9.192762051674727153e-02 1.857743960688252802e-02 0.000000000000000000e+00 1.111269987523825442e+00 2.878330341775645757e-02 6.771229147730100155e+08 1.688280716204453409e+08
2.640000000000000000e+02 1.000000000000040000e+14 0.000000000000000000e+00 1.204931425125601807e+00 7.279900785407052155e-02 1.387252983477355039e-01 2.137322055718701014e-02 0.000000000000000000e+00 1.074352901388943016e+00 5.564828307589388123e-02 9.991354129769418240e+08 2.184608715700376332e+08
2.650000000000000000e+02 1.000000000000010000e+14 0.000000000000000000e+00 1.583670246333286347e+00 6.119236587398830390e-02 2.008040756718566799e-01 4.367617069789598433e-02 0.000000000000000000e+00 1.528536283532282436e+00 1.109577699592217276e-01 1.861286229086329937e+09 5.113967384173079133e+08
2.660000000000000000e+02 1.000000000000010000e+14 0.000000000000000000e+00 1.907870373714608991e+00 1.475253445904921579e-01 3.196016885564417764e-01 1.441988692389826743e-01 0.000000000000000000e+00 2.339145816088886942e+00 8.893910941597585329e-02 1.326195707607831001e+09 1.891190075287738740e+08
2.670000000000000000e+02 1.000000000000010000e+14 0.000000000000000000e+00 1.194782700152093868e+00 9.584236011012041423e-02 1.052468646650591838e-01 1.457925851580764084e-02 0.000000000000000000e+00 1.139193415294141420e+00 1.121740335160055502e-01 9.341699420868546963e+08 2.134989054860128760e+08
2.680000000000000000e+02 1.000000000000010000e+14 0.000000000000000000e+00 1.031343316623929196e+00 1.361543763416357689e-01 1.860156069450553118e-01 1.243888274454374998e-01 0.000000000000000000e+00 1.144740788963718892e+00 8.579954235201983637e-02 5.290045738478810191e+08 1.621564316128203869e+08
2.690000000000000000e+02 1.000000000000010000e+14 0.000000000000000000e+00 1.472334864759751616e+00 1.462440059698936756e-01 1.812410416683368219e-01 6.557158012596969732e-02 0.000000000000000000e+00 1.461294382553198767e+00 1.955522253661529652e-01 2.020211568638912916e+09 8.035052869023095369e+08
2.700000000000000000e+02 1.000000000000020000e+14 0.000000000000000000e+00 1.220793089349815785e+00 1.017966151350342963e-01 1.272467477305030681e-01 8.840370451615617298e-02 0.000000000000000000e+00 1.030315131033289422e+00 1.196785332360206788e-01 1.652299005289555311e+09 1.228505936119984150e+09
2.710000000000000000e+02 1.000000000000010000e+14 0.000000000000000000e+00 1.193913405024936480e+00 5.150886124561974283e-02 5.656424972993363831e-02 4.284715672993935458e-03 0.000000000000000000e+00 1.027079513956958401e+00 4.783485108170451583e-02 5.304512776668033600e+08 5.861752206635916978e+07
2.720000000000000000e+02 1.000000000000050000e+14 0.000000000000000000e+00 9.945250061698712729e-01 1.108236980047813264e-01 1.415619909776496543e-01 5.998018455765714158e-02 0.000000000000000000e+00 1.018171478988725509e+00 7.504236825437855807e-02 5.811040176238195896e+08 1.820732063398657739e+08
2.730000000000000000e+02 1.000000000000010000e+14 0.000000000000000000e+00 1.156872497323023996e+00 9.076687901062004127e-02 1.827818551138901404e-01 5.330195027542057595e-02 0.000000000000000000e+00 1.271567951763123761e+00 7.309725287155784124e-02 1.565214213715566874e+09 3.745308821513823867e+08
2.740000000000000000e+02 1.000000000000010000e+14 0.000000000000000000e+00 1.087531981801414638e+00 7.442657368737935764e-02 1.051514063143858535e-01 1.365107439011403745e-02 0.000000000000000000e+00 1.116097358154490626e+00 8.502270325304883691e-02 9.021501850740133524e+08 1.519836878588532209e+08
2.750000000000000000e+02 1.000000000000030000e+14 0.000000000000000000e+00 1.104055404500639659e+00 1.205358046940991773e-01 2.952180972522061020e-01 1.545446540962543136e-01 0.000000000000000000e+00 1.118047900716857779e+00 7.369021481144201469e-02 1.478669140748256683e+09 4.487695106392117739e+08
2.760000000000000000e+02 1.000000000000010000e+14 0.000000000000000000e+00 1.315583826059210093e+00 2.934444079369545252e-02 1.142280613761888775e-01 1.639085687565068616e-02 0.000000000000000000e+00 1.396349056005740552e+00 2.807243724369916718e-02 1.120189630349181890e+09 2.138822796897066236e+08
2.770000000000000000e+02 1.000000000000030000e+14 1.000000000000000000e+00 9.495325081838688064e-01 3.665214604609232096e-02 2.348433161877147221e-02 6.793860345957540049e-03 0.000000000000000000e+00 1.226306775609666833e+00 1.844760071186067954e-02 2.048132051332624555e+08 6.599185739704868942e+07
2.780000000000000000e+02 1.000000000000020000e+14 0.000000000000000000e+00 1.102470652143503260e+00 9.035065240406990605e-02 6.355920813872335817e-02 1.329840196131064183e-02 0.000000000000000000e+00 1.063047425638988130e+00 7.974389851594300416e-02 6.484275445294528008e+08 1.855037217728434503e+08
2.790000000000000000e+02 1.000000000000040000e+14 0.000000000000000000e+00 1.273562006141447212e+00 1.540069179697677038e-01 2.301946875530317960e-01 1.221546896416682987e-01 0.000000000000000000e+00 1.260823020603409450e+00 1.571122902079244155e-01 3.283401127602615356e+09 1.796766510114570379e+09
2.800000000000000000e+02 1.000000000000020000e+14 0.000000000000000000e+00 1.178645785481260644e+00 7.233732143487489608e-02 1.126753764803776064e-01 2.031357893766753964e-02 0.000000000000000000e+00 1.319660189384872506e+00 7.794535749906240929e-02 9.967031052120146751e+08 2.893889197084075809e+08
2.810000000000000000e+02 1.000000000000020000e+14 0.000000000000000000e+00 9.547901773389181335e-01 4.122653476415474166e-02 1.514958366588219363e-01 3.905232102049865234e-02 0.000000000000000000e+00 1.099416927610899597e+00 5.131257902114862157e-02 9.199918926904374361e+08 3.353949574418926239e+08
2.820000000000000000e+02 1.000000000000010000e+14 1.000000000000000000e+00 1.070282640121223761e+00 2.662109413133190855e-02 8.374808684081694321e-02 9.665541091849414942e-03 0.000000000000000000e+00 1.136746289188804937e+00 2.116753819772036749e-02 6.180731184579659700e+08 8.886390855195114017e+07
2.830000000000000000e+02 1.000000000000010000e+14 0.000000000000000000e+00 1.062243131437286436e+00 4.598309321642533865e-02 9.181520309065625829e-02 3.256066926838020736e-02 0.000000000000000000e+00 1.300504127736693549e+00 3.572193109172294018e-02 9.311233383789671659e+08 4.865383035608210564e+08
2.840000000000000000e+02 1.000000000000010000e+14 0.000000000000000000e+00 9.870065264319247689e-01 1.251667633257275147e-01 8.002839370166749122e-02 1.092351326240490611e-02 0.000000000000000000e+00 1.179353331233066848e+00 8.091077991535604308e-02 6.870719951689534187e+08 1.727922074768777490e+08
2.850000000000000000e+02 1.000000000000010000e+14 1.000000000000000000e+00 1.021952868986021778e+00 1.894493170395400092e-02 9.810141999163529691e-02 2.618444165621078984e-02 0.000000000000000000e+00 1.108529936237723890e+00 3.808648312103381228e-02 5.772090067891839743e+08 5.969305819561713189e+07
2.860000000000000000e+02 1.000000000000010000e+14 0.000000000000000000e+00 1.367525381931727901e+00 8.021514465697876517e-02 2.169000028294700289e-01 7.368266405484819037e-02 0.000000000000000000e+00 1.193780335347872423e+00 1.033063545792742288e-01 2.518933752656012058e+09 1.013081472423099160e+09
2.870000000000000000e+02 1.000000000000010000e+14 0.000000000000000000e+00 1.115695063936477771e+00 1.732155426330262704e-01 2.777301031549218036e-01 1.311152441964593129e-01 0.000000000000000000e+00 1.304444193144961295e+00 1.279870518420050951e-01 1.596230322997245789e+09 9.186952428226494789e+08
2.880000000000000000e+02 1.000000000000010000e+14 0.000000000000000000e+00 1.482550447557170692e+00 5.655809535069513533e-02 2.115252142301938809e-01 3.552859091309066436e-02 0.000000000000000000e+00 1.408690718371230499e+00 6.385262124738529110e-02 2.219002304567141056e+09 4.112943261235474348e+08
2.890000000000000000e+02 1.000000000000060000e+14 0.000000000000000000e+00 1.081472258645925333e+00 1.366600151969328547e-02 1.333560741089560575e-01 4.594519822232686485e-02 0.000000000000000000e+00 1.311524743100958235e+00 1.212120472827585976e-02 4.001064196986724138e+08 9.318625711491662264e+07
2.900000000000000000e+02 1.000000000000010000e+14 0.000000000000000000e+00 1.125448707814404203e+00 1.081132720701563077e-01 2.238073602761077585e-01 3.348898855912883776e-02 0.000000000000000000e+00 1.051250853566926491e+00 1.442041523943639603e-01 2.116589769548577547e+09 3.929209864989980459e+08
2.910000000000000000e+02 1.000000000000010000e+14 0.000000000000000000e+00 1.043842194334053231e+00 5.023907216388322911e-02 1.379258059210526355e-01 6.640615209899748683e-02 0.000000000000000000e+00 1.133422903741013732e+00 5.679192597344182719e-02 1.708042550126322985e+09 1.012126631424240708e+09
2.920000000000000000e+02 1.000000000000020000e+14 0.000000000000000000e+00 1.062746723878363220e+00 1.370574399129181886e-01 1.570416406958688171e-01 8.223717893889764818e-02 0.000000000000000000e+00 1.056538050758324188e+00 1.669682087093950495e-01 1.766072125453804493e+09 1.095767000031350851e+09
2.930000000000000000e+02 1.000000000000010000e+14 0.000000000000000000e+00 1.085370403490690805e+00 7.286348899987156458e-02 3.572304251380211126e-01 1.522244161339668667e-01 0.000000000000000000e+00 1.095849306322979499e+00 1.392462549634446156e-01 2.273074698538848400e+09 1.043438519498892546e+09
2.940000000000000000e+02 1.000000000000010000e+14 0.000000000000000000e+00 1.105828742432479306e+00 3.542222836066362401e-02 1.245159137859331439e-01 2.844758663418857011e-02 0.000000000000000000e+00 1.290779905481744150e+00 2.899780980922047821e-02 9.446045255318241119e+08 1.434233271732696295e+08
2.950000000000000000e+02 1.000000000000010000e+14 0.000000000000000000e+00 1.110118634331820786e+00 1.097356992136296616e-01 1.544966483818169534e-01 4.202517347947268278e-02 0.000000000000000000e+00 1.265029682540695255e+00 1.010131793547561774e-01 1.190627459626615047e+09 6.220343990952038765e+08
2.960000000000000000e+02 1.000000000000020000e+14 0.000000000000000000e+00 1.018389118452158959e+00 1.373255311476539731e-01 2.120421154152355436e-01 9.621879004314233541e-02 0.000000000000000000e+00 1.256348718870576420e+00 5.732761570811220619e-02 7.083946527126164436e+08 1.665260432063542306e+08
2.970000000000000000e+02 1.000000000000010000e+14 0.000000000000000000e+00 1.177827059806726862e+00 1.270187927860923494e-01 1.435669023544442480e-01 2.140505305973457173e-02 0.000000000000000000e+00 1.163459211268356386e+00 1.565742724568574551e-01 1.547686654520743608e+09 3.082253779786079526e+08
2.980000000000000000e+02 1.000000000000010000e+14 0.000000000000000000e+00 1.196543186567700534e+00 4.786969463995564139e-02 7.566226797897809830e-02 1.067861071369515316e-02 0.000000000000000000e+00 1.129719566473782244e+00 3.261732551051953199e-02 4.846363469711629748e+08 5.549188372072199732e+07
2.990000000000000000e+02 1.000000000000010000e+14 0.000000000000000000e+00 1.396482861125733166e+00 1.034635333252958422e-01 1.392407694289749809e-01 3.875883263462186201e-02 0.000000000000000000e+00 1.367917264167568314e+00 1.256089455217508644e-01 1.417311018965668201e+09 5.463766175190472603e+08
3.000000000000000000e+02 1.000000000000010000e+14 0.000000000000000000e+00 1.160271181517591232e+00 8.442704554293817276e-02 1.292221629735451349e-01 1.774784287540696892e-02 0.000000000000000000e+00 1.086917326632630632e+00 8.554137602110253868e-02 1.159150875963735580e+09 2.334788439431213737e+08
3.010000000000000000e+02 1.000000000000010000e+14 0.000000000000000000e+00 1.079648472477488408e+00 1.748734111669678071e-01 2.310354555956861955e-01 1.071229076875226116e-01 0.000000000000000000e+00 1.264942363422684179e+00 1.742938539844304247e-01 2.560911264287226677e+09 1.675385523414493084e+09
3.020000000000000000e+02 1.000000000000010000e+14 0.000000000000000000e+00 1.158974142875311752e+00 1.692141809100900229e-01 1.512233652010580021e-01 5.522260129566450987e-02 0.000000000000000000e+00 1.368646361005255052e+00 1.363772515617492631e-01 1.676652985954135895e+09 8.934493665097805262e+08
3.030000000000000000e+02 1.000000000000010000e+14 0.000000000000000000e+00 1.123002297321991083e+00 6.657177551041620900e-02 8.625342251170364793e-02 2.416201913291268072e-02 0.000000000000000000e+00 1.157208237207194568e+00 3.584772852012076128e-02 5.364926670701055527e+08 8.502091592472238839e+07
3.040000000000000000e+02 1.000000000000090000e+14 0.000000000000000000e+00 1.089675087926188501e+00 1.484423515932520588e-01 1.570006302318205094e-01 5.641333278170810456e-02 0.000000000000000000e+00 1.148166169444075679e+00 1.522897133886639276e-01 1.834296585469980717e+09 8.451413585386149883e+08
3.050000000000000000e+02 1.000000000000010000e+14 0.000000000000000000e+00 1.596547821261936395e+00 2.202114188985280704e-02 1.992944399069281614e-01 8.170325698698366335e-02 0.000000000000000000e+00 1.195439931724581406e+00 5.390172360283381620e-02 2.713882682956032276e+09 1.291566952782917738e+09
3.060000000000000000e+02 1.000000000000010000e+14 0.000000000000000000e+00 1.246928180980126033e+00 7.635573647809659747e-02 1.599587126983338103e-01 5.315798033829694652e-02 0.000000000000000000e+00 1.269439102250696783e+00 9.674139604270109993e-02 1.712406911089115381e+09 6.672156085381261110e+08
3.070000000000000000e+02 1.000000000000010000e+14 0.000000000000000000e+00 1.244696384804388156e+00 4.543884552194432658e-02 1.312998828422362041e-01 2.069890826045786211e-02 0.000000000000000000e+00 1.273579422759194113e+00 6.086379640250794837e-02 1.222379697600183249e+09 2.821624421308490038e+08
3.080000000000000000e+02 1.000000000000010000e+14 0.000000000000000000e+00 1.000285621577534867e+00 7.955295616919937085e-02 1.141889750941728621e-01 3.620572823502177934e-02 0.000000000000000000e+00 1.090469953844450002e+00 6.458666329810074103e-02 1.033623986115882635e+09 5.634209730794947147e+08
3.090000000000000000e+02 1.000000000000010000e+14 0.000000000000000000e+00 1.307128168821850789e+00 2.776862520591257266e-01 5.632653837188020818e-01 4.482714110949495567e-01 0.000000000000000000e+00 1.596838371310839610e+00 1.522656320031545996e-01 1.378510066878759861e+09 7.919778208274216652e+08
3.100000000000000000e+02 1.000000000000010000e+14 0.000000000000000000e+00 1.187082803061531022e+00 6.212702543659967547e-02 1.472213042847475006e-01 3.425037928883895716e-02 0.000000000000000000e+00 1.277780051925722971e+00 2.567610830835681882e-02 8.533319625857850313e+08 1.380492972108839750e+08
3.110000000000000000e+02 1.000000000000020000e+14 0.000000000000000000e+00 1.228839092485858098e+00 6.585962437960529714e-02 1.142064091583778335e-01 1.366062136386126009e-02 0.000000000000000000e+00 1.449376672429612212e+00 7.062280658966428593e-02 1.161744800559556484e+09 1.625783453410944343e+08
3.120000000000000000e+02 1.000000000000010000e+14 0.000000000000000000e+00 1.325979816640098674e+00 1.496681278204045618e-01 2.069514749361678618e-01 6.089109159221674228e-02 0.000000000000000000e+00 1.360898291447611763e+00 1.441242444350573360e-01 1.784593018821106434e+09 9.066233238995127678e+08
3.130000000000000000e+02 1.000000000000030000e+14 0.000000000000000000e+00 9.927256766145243772e-01 8.681069729550544567e-02 9.650489604392330223e-02 4.340437530590963988e-02 0.000000000000000000e+00 1.064190155021547124e+00 1.116877458276280266e-01 1.360002675587704182e+09 6.513834984196221828e+08
3.140000000000000000e+02 1.000000000000010000e+14 0.000000000000000000e+00 1.221562111182880495e+00 1.473948258250947496e-01 2.050009224875267155e-01 1.089332382988833503e-01 0.000000000000000000e+00 1.259908827794526287e+00 1.756434045725885351e-01 2.366071862240278244e+09 1.570887142172439814e+09
3.150000000000000000e+02 1.000000000000050000e+14 0.000000000000000000e+00 1.425059604350654929e+00 1.321806208093681823e-01 1.731833313260735252e-01 5.366201888896227068e-02 0.000000000000000000e+00 1.504859461451792502e+00 7.742161182762334615e-02 1.360294398887598515e+09 4.109556172345361710e+08
3.160000000000000000e+02 1.000000000000020000e+14 1.000000000000000000e+00 1.108613429586452259e+00 2.282644102277012199e-02 4.876517471084362149e-02 9.693518350551447171e-03 0.000000000000000000e+00 1.119045921457587633e+00 3.788733598847721790e-02 2.649440365344023108e+08 5.517801092067492753e+07
3.170000000000000000e+02 1.000000000000010000e+14 0.000000000000000000e+00 9.813254601727350313e-01 9.400199916225562835e-02 1.442360743085031038e-01 3.025608497027524810e-02 0.000000000000000000e+00 9.914496394967604598e-01 5.650104278019636717e-02 1.206542395515721560e+09 4.927269300954128504e+08
3.180000000000000000e+02 1.000000000000010000e+14 0.000000000000000000e+00 1.107318205575404724e+00 8.738168081685097899e-02 1.469092634654097229e-01 2.653238081209800120e-02 0.000000000000000000e+00 1.272691122006729625e+00 4.805181025660203858e-02 1.414151217190997362e+09 4.019894821730817556e+08
3.190000000000000000e+02 1.000000000000010000e+14 1.000000000000000000e+00 1.016898435945325696e+00 1.915418125355569656e-02 6.741609251377066181e-02 1.765360540811216836e-02 0.000000000000000000e+00 1.032719098047859996e+00 3.329712691729508345e-02 4.319745139536176324e+08 1.098779009623676986e+08
3.200000000000000000e+02 1.000000000000010000e+14 0.000000000000000000e+00 1.083382581431569625e+00 4.026808516543395333e-02 9.453606138642066392e-02 1.247489537119660097e-02 0.000000000000000000e+00 1.074224817119358244e+00 4.325988163190065683e-02 9.704979868296800852e+08 1.832742479501653016e+08
3.210000000000000000e+02 1.000000000000010000e+14 0.000000000000000000e+00 1.299399697857668290e+00 5.609485159199188720e-02 1.857083621695873599e-01 2.626098728769820853e-02 0.000000000000000000e+00 1.308573741523103129e+00 5.375898900347121645e-02 1.933784876011056662e+09 3.418985925235632062e+08
3.220000000000000000e+02 1.000000000000010000e+14 0.000000000000000000e+00 1.426358014064886603e+00 6.397301404533069225e-02 2.035841818272966508e-01 6.725370764924593070e-02 0.000000000000000000e+00 1.220048207900249038e+00 8.092599574158272635e-02 1.801788478853170633e+09 1.087054125321832180e+09
3.230000000000000000e+02 1.000000000000010000e+14 0.000000000000000000e+00 1.463687606413809572e+00 2.195462953724031663e-01 4.150089091699765143e-01 3.146261560316586103e-01 0.000000000000000000e+00 1.762033992230608748e+00 3.586309780985579010e-02 7.203806893087300062e+08 1.236711084774916023e+08
3.240000000000000000e+02 1.000000000000010000e+14 0.000000000000000000e+00 1.048694861798854516e+00 6.083217017856045600e-02 2.268961680320473462e-01 8.886936554909957708e-02 0.000000000000000000e+00 1.175469233712485462e+00 3.761925837269609885e-02 9.432658873343664408e+08 1.136689731213219613e+08
