# rID[0] Hid[1]   R200: DS[2], eta[3], detla[4], fm[5], fm2[6];   R500: DS[7], eta[8], detla[9], fm[10], fm2[11]
1.000000000000000000e+00 1.190000000000010000e+14 0.000000000000000000e+00 1.702544890735252059e+00 3.573681598739077148e-02 1.909652383215788563e-01 2.705713269720855935e-02 0.000000000000000000e+00 1.761051636262144227e+00 6.862832336633277464e-02 1.876729245093817234e+09 3.573499085840936303e+08
2.000000000000000000e+00 1.190000000000010000e+14 0.000000000000000000e+00 1.178214072680300095e+00 2.539802276978464501e-02 1.311720781592178031e-01 3.316163392040138297e-02 0.000000000000000000e+00 1.129797172171723041e+00 1.651942160842709284e-02 9.400052458289048672e+08 1.415260239423724711e+08
3.000000000000000000e+00 1.190000000000020000e+14 1.000000000000000000e+00 1.065165245053487197e+00 2.252316029776094131e-02 8.423427109802845980e-02 9.167660223553241242e-03 0.000000000000000000e+00 1.092771251658460674e+00 3.588692484992214021e-02 7.020102424473406076e+08 1.326759057974871695e+08
4.000000000000000000e+00 1.190000000000030000e+14 0.000000000000000000e+00 1.010137090177524843e+00 4.739312609617275102e-02 1.492847378181439144e-01 1.024045946554849040e-01 0.000000000000000000e+00 1.233851702907424963e+00 4.361438873356702529e-03 5.302468284662767053e+08 7.566674699498167634e+07
5.000000000000000000e+00 1.190000000000020000e+14 1.000000000000000000e+00 1.020627435057339660e+00 2.925826155585342300e-02 5.171544419256002278e-02 5.074996520436003342e-03 0.000000000000000000e+00 1.195380407060563810e+00 1.420794838761821159e-02 5.727008684883037806e+08 3.295761374127850682e+07
6.000000000000000000e+00 1.190000000000010000e+14 0.000000000000000000e+00 1.144105455502529844e+00 2.528058862222811592e-02 1.557893406803641245e-01 2.098085975387298588e-02 0.000000000000000000e+00 1.348461204580554629e+00 5.295130920583480255e-02 1.434375171986590147e+09 3.078907533654739857e+08
7.000000000000000000e+00 1.190000000000010000e+14 0.000000000000000000e+00 1.037382537214329936e+00 2.272003067403313356e-02 1.414920053482273676e-01 3.504125987051660146e-02 0.000000000000000000e+00 1.068128010177478160e+00 4.638217869598981746e-02 8.591221528020435572e+08 2.412770850200468600e+08
8.000000000000000000e+00 1.190000000000010000e+14 0.000000000000000000e+00 1.028087473367806037e+00 2.012957343289375201e-01 3.579130087836399077e-01 1.588756328900075010e-01 0.000000000000000000e+00 1.050091658783639081e+00 3.760872881181630961e-02 1.699348226455368280e+09 5.507084493914346695e+08
9.000000000000000000e+00 1.190000000000010000e+14 0.000000000000000000e+00 1.146325059475558072e+00 1.402404022281476120e-02 1.053104562710609343e-01 1.699753387006695468e-02 0.000000000000000000e+00 1.172821831346142929e+00 1.046077921391803597e-02 8.922148522094583511e+08 2.329813832546592951e+08
1.000000000000000000e+01 1.190000000000020000e+14 1.000000000000000000e+00 9.752682485840458160e-01 2.004717800976189498e-02 5.260475261636465838e-02 7.419813887922343219e-03 0.000000000000000000e+00 9.940309038247855389e-01 2.495849481053058136e-02 3.219857759692025781e+08 6.788547193464463949e+07
1.100000000000000000e+01 1.190000000000010000e+14 0.000000000000000000e+00 1.165128936054230957e+00 1.497389967596078897e-01 2.067274217260038072e-01 2.655886460763897533e-02 0.000000000000000000e+00 9.708032380020698016e-01 1.167623292198401164e-01 1.632026590203442574e+09 3.872998337628526092e+08
1.200000000000000000e+01 1.190000000000010000e+14 0.000000000000000000e+00 1.439032061107525351e+00 1.435345208378187853e-01 2.300424395606294747e-01 1.223199454627504762e-01 0.000000000000000000e+00 1.246779462428265761e+00 1.618996194845158665e-01 3.061938408279377460e+09 1.966512548478248119e+09
1.300000000000000000e+01 1.190000000000010000e+14 0.000000000000000000e+00 1.722589543710760562e+00 1.512104188338569688e-01 1.836118783420968847e-01 2.236177501593371655e-02 0.000000000000000000e+00 1.635932319281722336e+00 1.693860998656292194e-01 1.698704766563712835e+09 2.202519174738321900e+08
1.400000000000000000e+01 1.190000000000010000e+14 0.000000000000000000e+00 1.266626318383769600e+00 2.006666246965862210e-01 6.848906895747863821e-02 2.109749549525449103e-02 0.000000000000000000e+00 1.224859496027932870e+00 1.990261769559533434e-01 7.184227646395477057e+08 2.237113721914603412e+08
1.500000000000000000e+01 1.190000000000010000e+14 0.000000000000000000e+00 1.262102781097883319e+00 1.634756539784989193e-01 1.889811765136203137e-01 6.348456262440695108e-02 0.000000000000000000e+00 1.250394827467172565e+00 1.883517582085037223e-01 1.672529673589323521e+09 8.841309432401875257e+08
1.600000000000000000e+01 1.190000000000010000e+14 0.000000000000000000e+00 1.465350530392983908e+00 4.235804098344213980e-02 1.117409554932816407e-01 1.998017027400136869e-02 0.000000000000000000e+00 1.467185730971238389e+00 9.942155730978709249e-02 9.783723966640715599e+08 2.777567160653609633e+08
1.700000000000000000e+01 1.190000000000010000e+14 0.000000000000000000e+00 1.190374163839307275e+00 2.075250019157375003e-02 1.161862432491480301e-01 2.074403622613323409e-02 0.000000000000000000e+00 1.097245000631053680e+00 2.176923127983146355e-02 1.021786221130527616e+09 2.955818898653419018e+08
1.800000000000000000e+01 1.190000000000010000e+14 0.000000000000000000e+00 9.852074187262508387e-01 6.774196564067512527e-02 1.786998913501745001e-01 1.070118212971987309e-01 0.000000000000000000e+00 1.041783956526325161e+00 2.364857800426322168e-02 5.554008553440155983e+08 8.931279046123467386e+07
1.900000000000000000e+01 1.190000000000010000e+14 0.000000000000000000e+00 1.107127615283413968e+00 2.577646670770604442e-02 1.125553231014268518e-01 1.277094357619279127e-02 0.000000000000000000e+00 1.189083077188233917e+00 1.646407945533407552e-02 7.939547075998960733e+08 1.245756779247028381e+08
2.000000000000000000e+01 1.190000000000010000e+14 0.000000000000000000e+00 1.175173376354791799e+00 1.288506170125706674e-01 2.986871820245216025e-01 7.872638869709941423e-02 0.000000000000000000e+00 1.155684362766119300e+00 1.451527394638774671e-01 2.684964354348272800e+09 1.306147426279653549e+09
2.100000000000000000e+01 1.190000000000010000e+14 0.000000000000000000e+00 9.429104352498214325e-01 2.076591478482929173e-02 2.112547537441754886e-01 1.026844023128803268e-01 0.000000000000000000e+00 1.095909942295534956e+00 4.241283315549317090e-02 1.077920594244226694e+09 2.918938829379328489e+08
2.200000000000000000e+01 1.190000000000010000e+14 0.000000000000000000e+00 1.174887755034476955e+00 2.615769753645902015e-02 7.696496140775861694e-02 7.690011887219815045e-03 0.000000000000000000e+00 1.260421245615416463e+00 2.654572968004810171e-02 5.865986115168094635e+08 1.124443085932984799e+08
2.300000000000000000e+01 1.190000000000010000e+14 0.000000000000000000e+00 1.509060373865358295e+00 2.743269286134049079e-01 2.878058970520525062e-01 1.504319219033668775e-01 0.000000000000000000e+00 1.263299870004735981e+00 3.183589116968210120e-01 3.516581884405645847e+09 2.243518294732901096e+09
2.400000000000000000e+01 1.190000000000010000e+14 0.000000000000000000e+00 1.143796465634093096e+00 1.125681912543671365e-01 1.976909762519878100e-01 6.105268646210797873e-02 0.000000000000000000e+00 1.283604652949227765e+00 9.900441031564559402e-02 1.348428876699038029e+09 1.613853740145349801e+08
2.500000000000000000e+01 1.190000000000010000e+14 0.000000000000000000e+00 1.002765109949865563e+00 1.957319880816432711e-02 1.184478348090087924e-01 2.306592447833990742e-02 0.000000000000000000e+00 1.202224093071466715e+00 1.680964011244875586e-02 9.648519949675184488e+08 3.487767826329796314e+08
2.600000000000000000e+01 1.190000000000010000e+14 0.000000000000000000e+00 1.067004258554260510e+00 3.478238129361083120e-02 1.261760560892814798e-01 2.324275169856374751e-02 0.000000000000000000e+00 1.264515717873555767e+00 2.414184849967901045e-02 1.237833086223209143e+09 3.684731706155614257e+08
2.700000000000000000e+01 1.190000000000010000e+14 1.000000000000000000e+00 1.126737562658252090e+00 1.925727411707060799e-02 7.626126198299362779e-02 9.831831886046469779e-03 0.000000000000000000e+00 1.197193466091587943e+00 1.864461383297792360e-02 4.890920858413711190e+08 4.747116124334590137e+07
2.800000000000000000e+01 1.190000000000010000e+14 0.000000000000000000e+00 1.622610175523984122e+00 5.249327762779275319e-02 1.660555580005489140e-01 3.047944970495402792e-02 0.000000000000000000e+00 1.730901888428803659e+00 5.036153854058613571e-02 1.583585631771061420e+09 4.323818562320533395e+08
2.900000000000000000e+01 1.190000000000010000e+14 0.000000000000000000e+00 1.044644068094717992e+00 3.899016361221655652e-02 1.497004865199850210e-01 3.893748700245393962e-02 0.000000000000000000e+00 1.274288029256475108e+00 1.978268690903229460e-02 8.658543768901085854e+08 2.059747855098851919e+08
3.000000000000000000e+01 1.190000000000010000e+14 0.000000000000000000e+00 1.230049833264042602e+00 2.418950142113147211e-02 8.825575559809072101e-02 6.506703293182983065e-03 0.000000000000000000e+00 1.364847559773613161e+00 1.463130845127517607e-02 6.723701467965029478e+08 8.471366648818966746e+07
3.100000000000000000e+01 1.190000000000010000e+14 0.000000000000000000e+00 1.107773589369087874e+00 5.296759188175210326e-02 1.848286675760398290e-01 4.134901300469315255e-02 0.000000000000000000e+00 1.141005184403278916e+00 8.594694961719354098e-02 2.159433061999952316e+09 6.129612359101272821e+08
3.200000000000000000e+01 1.190000000000010000e+14 0.000000000000000000e+00 1.283738713468428605e+00 7.179390635245583296e-02 1.704611887738660958e-01 4.110408442761620540e-02 0.000000000000000000e+00 1.217355551958280380e+00 2.357231830317972968e-02 1.162050602436387777e+09 2.750950715615065694e+08
3.300000000000000000e+01 1.190000000000010000e+14 0.000000000000000000e+00 1.197117058457337846e+00 9.092438305854282088e-02 1.575906077696876129e-01 4.749873184588610658e-02 0.000000000000000000e+00 1.150590656239386833e+00 1.356762786256284492e-01 1.659772583932854652e+09 6.213596395869280100e+08
3.400000000000000000e+01 1.190000000000010000e+14 0.000000000000000000e+00 2.186032267039764498e+00 3.703524902422991594e-02 1.420266574759948552e-01 2.384257088770232527e-02 0.000000000000000000e+00 2.133194272820271742e+00 3.317797573824462359e-02 1.570021964022805691e+09 3.186899157816990018e+08
3.500000000000000000e+01 1.190000000000010000e+14 0.000000000000000000e+00 1.088014952372072131e+00 8.016721330535964141e-02 1.824394905041129278e-01 4.415325498415550304e-02 0.000000000000000000e+00 1.172052620340833018e+00 8.172113486639917546e-02 1.594024567707392693e+09 6.743284993356941938e+08
3.600000000000000000e+01 1.190000000000010000e+14 0.000000000000000000e+00 1.407793893319701617e+00 2.253101364198237949e-02 1.191047122963835164e-01 9.864225945155132014e-03 0.000000000000000000e+00 1.545635852834767343e+00 2.754363421756294422e-02 9.180581342216559649e+08 1.064994852719202191e+08
3.700000000000000000e+01 1.190000000000010000e+14 0.000000000000000000e+00 1.427662806785529925e+00 1.416354785185726106e-01 1.750184963013475259e-01 7.732057882375863167e-02 0.000000000000000000e+00 1.430577710942879444e+00 1.500233931884102645e-01 1.997947736556471109e+09 1.065611339597589612e+09
3.800000000000000000e+01 1.190000000000010000e+14 1.000000000000000000e+00 9.949814188088166311e-01 2.991300073707494137e-02 8.041543257078018203e-02 7.180139275623000431e-03 0.000000000000000000e+00 1.026955425817164036e+00 2.032628450209993803e-02 6.165290675353382826e+08 6.863875800645039976e+07
3.900000000000000000e+01 1.190000000000010000e+14 0.000000000000000000e+00 1.107547186424126195e+00 5.366997077506359404e-02 1.533948518273333672e-01 1.943391881876335714e-02 0.000000000000000000e+00 1.261457292445057776e+00 5.852982196917022595e-02 1.361217946599323988e+09 2.950280719538450241e+08
4.000000000000000000e+01 1.190000000000010000e+14 0.000000000000000000e+00 9.689936466966814210e-01 1.412205224955045413e-01 2.626185251368955420e-01 1.106903612560108940e-01 0.000000000000000000e+00 1.209158134625927916e+00 1.220306071591021196e-01 1.626237131968121767e+09 5.346741236211822629e+08
4.100000000000000000e+01 1.190000000000010000e+14 1.000000000000000000e+00 1.099692692303020802e+00 2.136462110811315762e-02 5.516581583248732212e-02 2.926970877265156878e-03 0.000000000000000000e+00 1.102575020884123402e+00 1.714306194961679602e-02 4.277571463115819097e+08 1.991922291211102530e+07
4.200000000000000000e+01 1.190000000000010000e+14 0.000000000000000000e+00 1.145941819758070634e+00 7.295382879747418226e-02 1.535219833142766055e-01 4.252147206637062193e-02 0.000000000000000000e+00 1.010549805611755225e+00 7.324038154935547107e-02 1.365239163142966986e+09 6.311299308991527557e+08
4.300000000000000000e+01 1.190000000000010000e+14 0.000000000000000000e+00 8.677355200799480306e-01 7.323648013514144628e-02 2.505551484013225361e-01 6.420255840897078070e-02 0.000000000000000000e+00 1.129981576534561327e+00 1.034408343840615557e-01 1.232459029781316280e+09 5.347606750611419678e+08
4.400000000000000000e+01 1.190000000000010000e+14 0.000000000000000000e+00 1.310941284037564492e+00 5.813642167340778155e-02 1.512020917032612377e-01 5.463748465470802396e-02 0.000000000000000000e+00 1.398807655166480091e+00 1.147960926512698321e-01 1.755568631734478474e+09 7.623422451372255087e+08
4.500000000000000000e+01 1.190000000000010000e+14 0.000000000000000000e+00 1.081776831440142361e+00 5.645369182172360611e-02 1.538398757363522440e-01 2.197780003197872742e-02 0.000000000000000000e+00 1.270718148618568355e+00 6.596104503254895945e-02 1.330788732574236631e+09 3.315535447864355445e+08
4.600000000000000000e+01 1.190000000000010000e+14 0.000000000000000000e+00 1.359070334698652793e+00 6.570570749871339905e-03 8.350208994063323953e-02 2.788616660384470383e-02 0.000000000000000000e+00 1.478890934661244660e+00 3.635001174496865772e-02 8.232637555454736948e+08 3.749740910125387907e+08
4.700000000000000000e+01 1.190000000000030000e+14 0.000000000000000000e+00 1.118327566494629055e+00 8.703538582830243342e-02 2.177774042253084741e-01 8.628287694569332367e-02 0.000000000000000000e+00 1.092053420545954445e+00 7.088778198149002507e-02 1.399403653165676117e+09 6.012631720020077229e+08
4.800000000000000000e+01 1.190000000000010000e+14 0.000000000000000000e+00 1.045565790321161925e+00 9.029794585702718979e-02 1.423031472060358460e-01 7.146080067065002650e-02 0.000000000000000000e+00 1.093434020400033679e+00 5.448195792772988350e-02 5.549634988405009508e+08 5.176705977404710650e+07
4.900000000000000000e+01 1.190000000000010000e+14 0.000000000000000000e+00 1.030970936197818100e+00 3.443399074912426722e-02 1.477889123696282947e-01 2.261536278734633046e-02 0.000000000000000000e+00 1.158281805436474299e+00 4.624655371326097386e-02 1.144740758090330124e+09 2.514845870602109134e+08
5.000000000000000000e+01 1.190000000000010000e+14 0.000000000000000000e+00 1.382248559776346752e+00 4.975003767427783885e-02 1.517121021269283720e-01 6.106231861921490589e-02 0.000000000000000000e+00 1.465979264068750121e+00 7.734271841751333421e-02 1.505851511444552183e+09 8.574281591395088434e+08
5.100000000000000000e+01 1.190000000000010000e+14 0.000000000000000000e+00 1.169326631714801001e+00 1.214715880074145049e-01 2.104785527497194109e-01 5.673540965207631709e-02 0.000000000000000000e+00 1.486191677255633614e+00 1.357919448718415412e-01 2.019198008562593699e+09 9.153086534359784126e+08
5.200000000000000000e+01 1.190000000000010000e+14 0.000000000000000000e+00 1.219454934105642208e+00 3.464413438438398996e-02 7.760559892986261532e-02 6.491169558929862221e-03 0.000000000000000000e+00 1.288610172605281656e+00 3.564565024061454312e-02 6.780176060219153166e+08 6.662753199744548649e+07
5.300000000000000000e+01 1.190000000000010000e+14 0.000000000000000000e+00 9.745062668634139058e-01 6.494576139696608963e-02 1.424332141255730821e-01 5.039082441407390089e-02 0.000000000000000000e+00 1.114489972139251384e+00 5.723419150792989629e-02 1.261291609983451366e+09 8.045571950945730209e+08
5.400000000000000000e+01 1.190000000000010000e+14 0.000000000000000000e+00 1.094036232375051654e+00 7.205725850177815972e-02 2.115876809469083575e-01 1.075039636269073673e-01 0.000000000000000000e+00 1.217646865885829044e+00 1.541118286197888480e-02 6.816380647612489462e+08 8.108932409782876074e+07
5.500000000000000000e+01 1.190000000000010000e+14 0.000000000000000000e+00 1.210747647737841381e+00 4.138511199534065238e-02 1.839882247650453384e-01 3.619794815425483175e-02 0.000000000000000000e+00 1.232994822344035901e+00 8.291417020150254613e-02 1.564133559868902445e+09 5.399117370320736170e+08
5.600000000000000000e+01 1.190000000000010000e+14 0.000000000000000000e+00 9.646881118054122517e-01 5.018837127331536585e-02 1.187465428326789224e-01 3.952356488446907151e-02 0.000000000000000000e+00 1.141393547786557772e+00 3.135845726400994515e-02 1.149812836986685991e+09 6.310710873558435440e+08
5.700000000000000000e+01 1.190000000000010000e+14 0.000000000000000000e+00 1.076680835565440253e+00 1.037435522366547125e-01 3.192791788103275796e-01 1.783758439609902380e-01 0.000000000000000000e+00 1.148025757812268788e+00 2.124936255026308937e-02 1.355034922997648239e+09 5.227618591240919828e+08
5.800000000000000000e+01 1.190000000000010000e+14 0.000000000000000000e+00 1.435129993641002022e+00 5.987721144115512595e-02 1.378057028188071909e-01 2.847042570706736012e-02 0.000000000000000000e+00 1.387918744097848212e+00 5.511746779226748411e-02 1.346762612870616436e+09 3.677745473477422595e+08
5.900000000000000000e+01 1.190000000000010000e+14 0.000000000000000000e+00 1.111739008765213033e+00 1.464521096850889548e-01 2.013854341145248361e-01 1.068177469405412611e-01 0.000000000000000000e+00 1.155924560890697617e+00 1.449473760077235607e-01 2.400489685215026379e+09 1.623050660387262106e+09
6.000000000000000000e+01 1.190000000000010000e+14 0.000000000000000000e+00 1.067910914761172947e+00 6.290396007299130232e-02 1.338092664133991583e-01 7.830943942477920638e-02 0.000000000000000000e+00 1.213640185106121816e+00 2.138363165654182801e-02 4.426258520801926851e+08 4.527763407936204225e+07
6.100000000000000000e+01 1.190000000000010000e+14 1.000000000000000000e+00 1.130911603806079802e+00 9.168380203109180795e-03 8.875175602572141220e-02 1.370481620273836763e-02 0.000000000000000000e+00 1.196756764665463102e+00 1.754141554472471096e-02 8.852276282766703367e+08 1.303602124793417752e+08
6.200000000000000000e+01 1.190000000000030000e+14 0.000000000000000000e+00 1.381703000099650636e+00 2.284535794565888470e-02 8.400007309334797667e-02 9.326563943292414186e-03 0.000000000000000000e+00 1.370106755018331235e+00 1.942807924386087681e-02 9.058888207514989376e+08 1.146530586170140505e+08
6.300000000000000000e+01 1.190000000000010000e+14 0.000000000000000000e+00 1.211752327268999840e+00 7.060786529250032140e-02 1.331098809637078217e-01 3.693279200255459443e-02 0.000000000000000000e+00 1.300917979852364237e+00 1.109010363759403428e-01 1.497464842444326401e+09 5.172747733438069820e+08
6.400000000000000000e+01 1.190000000000010000e+14 0.000000000000000000e+00 1.517800499500392419e+00 5.422047714225449594e-02 1.702844520901291292e-01 5.759137122312436158e-02 0.000000000000000000e+00 1.544759875737489851e+00 7.374471553135054924e-02 1.870324343978467941e+09 7.824705189270346165e+08
6.500000000000000000e+01 1.190000000000010000e+14 0.000000000000000000e+00 9.598067841402806444e-01 1.505690108251483972e-01 2.153879495362613083e-01 1.210149879976225584e-01 0.000000000000000000e+00 1.049269604424716729e+00 9.341444487396839691e-02 2.462251828725673676e+09 2.028045543605202913e+09
6.600000000000000000e+01 1.190000000000010000e+14 0.000000000000000000e+00 1.078086715597293299e+00 5.395082422988912302e-02 8.237843636437579276e-02 1.002371829693042039e-02 0.000000000000000000e+00 1.164629834039744516e+00 2.849450731297134554e-02 7.004809374178971052e+08 1.450540696757921278e+08
6.700000000000000000e+01 1.190000000000010000e+14 1.000000000000000000e+00 1.076611036197801852e+00 3.374460776542489299e-02 7.429937082732410158e-02 6.372703521376812778e-03 0.000000000000000000e+00 1.228380898009184152e+00 2.178475757102959001e-02 4.865760278418318629e+08 6.730743204266765714e+07
6.800000000000000000e+01 1.190000000000010000e+14 0.000000000000000000e+00 1.230337478179655442e+00 3.485832855858000956e-02 1.747232644893368103e-01 4.245883199856024387e-02 0.000000000000000000e+00 1.225786480535001832e+00 4.166984158830769336e-02 1.921633068845418215e+09 5.951561457917814255e+08
6.900000000000000000e+01 1.190000000000010000e+14 0.000000000000000000e+00 8.890157842446624326e-01 1.473623371993690312e-01 2.183013436479733782e-01 1.060508800973005844e-01 0.000000000000000000e+00 1.211606565781651712e+00 2.393925768520254252e-02 4.973640427927056551e+08 3.470784260608953238e+07
7.000000000000000000e+01 1.190000000000010000e+14 0.000000000000000000e+00 1.163809238458177076e+00 7.552070628695266297e-02 1.651281196698099474e-01 2.754187576455176950e-02 0.000000000000000000e+00 1.152488732172712860e+00 8.363042340181346679e-02 1.446754370913474321e+09 3.601275603193865418e+08
7.100000000000000000e+01 1.190000000000010000e+14 0.000000000000000000e+00 1.178072437253349758e+00 5.673553406878012462e-02 1.687639377019287956e-01 5.171118339671049863e-02 0.000000000000000000e+00 1.265927717325738389e+00 7.218772455177219216e-02 1.747964303279894829e+09 7.957691056939228773e+08
7.200000000000000000e+01 1.190000000000010000e+14 0.000000000000000000e+00 1.075763358897826150e+00 3.564559380306320940e-02 1.076731190755954026e-01 1.872383387969508983e-02 0.000000000000000000e+00 1.244186042224224575e+00 2.669689504724327006e-02 1.032024389231469035e+09 2.676242479731116891e+08
7.300000000000000000e+01 1.190000000000010000e+14 0.000000000000000000e+00 1.101802775779463062e+00 2.827209246784470054e-01 2.035273495326999915e-01 6.019863006149844820e-02 0.000000000000000000e+00 1.027429457199105167e+00 2.406878305913217331e-01 2.260852682270215511e+09 1.059485772201216459e+09
7.400000000000000000e+01 1.190000000000010000e+14 0.000000000000000000e+00 1.533887541239774555e+00 4.447377780993146817e-02 1.560839340568748457e-01 1.816921586989058909e-02 0.000000000000000000e+00 1.602149851232019140e+00 4.568517220050689887e-02 1.322076826895587683e+09 1.309542878764991313e+08
7.500000000000000000e+01 1.190000000000010000e+14 1.000000000000000000e+00 1.121511155550408034e+00 2.344027338825380516e-02 8.697089664560145317e-02 1.027876057816360864e-02 0.000000000000000000e+00 1.127712892450435600e+00 1.810558938573188573e-02 6.822328461097484827e+08 1.073481116311334521e+08
7.600000000000000000e+01 1.190000000000010000e+14 0.000000000000000000e+00 9.912466812051834442e-01 1.501326619974590049e-01 1.791865111854396564e-01 6.143103079605243683e-02 0.000000000000000000e+00 8.584123562306074096e-01 1.498077359328152669e-01 1.904366091919894695e+09 9.732247998610651493e+08
7.700000000000000000e+01 1.190000000000010000e+14 0.000000000000000000e+00 1.240901626194612861e+00 9.405533310691019389e-02 2.165353949994381078e-01 5.054640361788948627e-02 0.000000000000000000e+00 1.413343587697291959e+00 1.259782418428325446e-01 1.855452836102131128e+09 6.588828923929537535e+08
7.800000000000000000e+01 1.190000000000010000e+14 0.000000000000000000e+00 1.199651719266533245e+00 6.154730509283263401e-02 1.289253453354279322e-01 2.930729905516447562e-02 0.000000000000000000e+00 1.350910739914886083e+00 8.708056181327405998e-02 1.311865139235697746e+09 3.928070902019898891e+08
7.900000000000000000e+01 1.190000000000010000e+14 0.000000000000000000e+00 1.069825281749289259e+00 4.601869397053629657e-02 1.783467158194039226e-01 4.100084759126389894e-02 0.000000000000000000e+00 1.292648109834673598e+00 6.010396319941280208e-02 2.039170976320627213e+09 5.984852142724518776e+08
8.000000000000000000e+01 1.190000000000020000e+14 0.000000000000000000e+00 1.152364330977856399e+00 5.585612770239983815e-02 1.157662956831308487e-01 1.342644981984754925e-02 0.000000000000000000e+00 1.331082281177951243e+00 6.621623580980164070e-02 1.241936394667456388e+09 1.915298721244329214e+08
8.100000000000000000e+01 1.190000000000010000e+14 0.000000000000000000e+00 1.029362019267301642e+00 6.258636902333258867e-02 1.367301043818681949e-01 3.831787012575072621e-02 0.000000000000000000e+00 1.293032312634836645e+00 4.432558823720633701e-02 6.179794464985629320e+08 7.589586383520954847e+07
8.200000000000000000e+01 1.190000000000010000e+14 0.000000000000000000e+00 1.115583836141519791e+00 5.622056038605777878e-02 1.162561952345734922e-01 1.367060522743883400e-02 0.000000000000000000e+00 1.243489868625969885e+00 3.001668448654895571e-02 8.573349114610571861e+08 2.188914496615879834e+08
8.300000000000000000e+01 1.190000000000010000e+14 1.000000000000000000e+00 9.909172611651456686e-01 2.114111344646716142e-02 9.299190869107494539e-02 1.661934383710315932e-02 0.000000000000000000e+00 1.122751191413290162e+00 3.351778668568800718e-02 6.044239056552168131e+08 1.223346794304561168e+08
8.400000000000000000e+01 1.190000000000010000e+14 0.000000000000000000e+00 1.197426204720779985e+00 9.340996084983296810e-02 2.061639786694250409e-01 1.441332759228875493e-01 0.000000000000000000e+00 1.283038223106929498e+00 2.057945557537564987e-02 4.983223292341563702e+08 6.702848004151024669e+07
8.500000000000000000e+01 1.190000000000010000e+14 0.000000000000000000e+00 9.162253975124489136e-01 4.171992676413809747e-02 1.901436762129019853e-01 3.639677660708096757e-02 0.000000000000000000e+00 1.386893528920677410e+00 7.688867804828941610e-02 1.601595465012509108e+09 2.596327197919749022e+08
8.600000000000000000e+01 1.190000000000010000e+14 0.000000000000000000e+00 1.139130273920301972e+00 1.163551514629445893e-01 2.934579289194149676e-01 1.182639173647316161e-01 0.000000000000000000e+00 1.548579158914878295e+00 1.057245094361150411e-01 1.510032466235759258e+09 3.190672681749805212e+08
8.700000000000000000e+01 1.190000000000010000e+14 1.000000000000000000e+00 1.045441347400114740e+00 3.905748273741004029e-02 6.160703691541647570e-02 6.095808383233532884e-03 0.000000000000000000e+00 1.187141106846463234e+00 3.417384934607917840e-02 5.577997409521411657e+08 8.411458567717210948e+07
8.800000000000000000e+01 1.190000000000010000e+14 0.000000000000000000e+00 1.416674141476364168e+00 3.246595957021422563e-02 1.331132744964431958e-01 2.049443677202491057e-02 0.000000000000000000e+00 1.503012225611589647e+00 6.559184656465537333e-02 1.131552517883819580e+09 2.876615720662830472e+08
8.900000000000000000e+01 1.190000000000010000e+14 0.000000000000000000e+00 1.862592092467876492e+00 1.443401307956757029e-01 1.884179345816039131e-01 3.712097909872517226e-02 0.000000000000000000e+00 1.957345352898526070e+00 1.791535914003290764e-01 2.013891618218000650e+09 4.685749986226614118e+08
9.000000000000000000e+01 1.190000000000020000e+14 0.000000000000000000e+00 1.127397210453299659e+00 1.562142873712192293e-01 2.382064599388052928e-01 6.082701818052442533e-02 0.000000000000000000e+00 1.240090871709982112e+00 1.651600119763619590e-01 2.369627809346892357e+09 9.936903420078426600e+08
9.100000000000000000e+01 1.190000000000010000e+14 0.000000000000000000e+00 1.289056843722660606e+00 8.979967707802795351e-02 1.503587887281892244e-01 4.535421156602687659e-02 0.000000000000000000e+00 1.419647084012617189e+00 1.004809317938554492e-01 1.489336764886419058e+09 6.003366408144726753e+08
9.200000000000000000e+01 1.190000000000010000e+14 0.000000000000000000e+00 1.004616741468435936e+00 4.113452979690675193e-02 1.314888105674567320e-01 1.753816196766010832e-02 0.000000000000000000e+00 1.151145386560141315e+00 2.883960586897910475e-02 1.146528290387979031e+09 2.756717971694609523e+08
9.300000000000000000e+01 1.190000000000010000e+14 0.000000000000000000e+00 1.493111817947635034e+00 3.032146428742744232e-02 9.943821015846866784e-02 3.258519688717866764e-02 0.000000000000000000e+00 1.698636399292921206e+00 7.042056766773158172e-02 9.175699517360224724e+08 4.392102540683741570e+08
9.400000000000000000e+01 1.190000000000010000e+14 0.000000000000000000e+00 1.498377522295016417e+00 7.988662728736502239e-02 1.723852391252240768e-01 7.664063542822367736e-02 0.000000000000000000e+00 1.408646569948562410e+00 1.254987605691817165e-01 1.845703243636915207e+09 1.066710865240934849e+09
9.500000000000000000e+01 1.190000000000020000e+14 1.000000000000000000e+00 1.089382774091206540e+00 3.355202244405405820e-02 6.983108770860554926e-02 1.077052512036200636e-02 0.000000000000000000e+00 1.254486141685478007e+00 3.954246570780973330e-02 6.324699767049565315e+08 1.504764353576153219e+08
9.600000000000000000e+01 1.190000000000010000e+14 1.000000000000000000e+00 1.138082562421626642e+00 1.159872057071453973e-02 9.315620399029346521e-02 2.522305477067045276e-02 0.000000000000000000e+00 1.358431615929897474e+00 2.309072860377405639e-02 8.052254040586309433e+08 3.478464083436131477e+08
9.700000000000000000e+01 1.190000000000010000e+14 0.000000000000000000e+00 1.068338580233580526e+00 1.636888052084677081e-02 1.382166399179390048e-01 1.792784719521611433e-02 0.000000000000000000e+00 1.255903486602862440e+00 2.179753530843226567e-02 1.344499335849560738e+09 2.595508221053527892e+08
9.800000000000000000e+01 1.190000000000020000e+14 0.000000000000000000e+00 1.074148558387743257e+00 9.708110990645628380e-02 1.520060581287414059e-01 6.608423706666188835e-02 0.000000000000000000e+00 1.173834444525406084e+00 3.813833681147361238e-02 4.362058625667686462e+08 4.968845152877008915e+07
9.900000000000000000e+01 1.190000000000010000e+14 0.000000000000000000e+00 1.156383481102283506e+00 3.945366127748976132e-02 1.374661780215242213e-01 2.797547378604288773e-02 0.000000000000000000e+00 1.275179438388123643e+00 3.068195705504649096e-02 1.325657328644899130e+09 4.015864670667329431e+08
1.000000000000000000e+02 1.190000000000020000e+14 0.000000000000000000e+00 1.071440219507690639e+00 5.805320836906131127e-02 1.364371066404708732e-01 4.696963596982116351e-02 0.000000000000000000e+00 1.149721201950921090e+00 5.622286581604325761e-02 1.155925817574155092e+09 6.876427927006454468e+08
1.010000000000000000e+02 1.190000000000020000e+14 1.000000000000000000e+00 1.035923417730200802e+00 3.312746326610542524e-02 7.773581601475015868e-02 1.995450148531547133e-02 0.000000000000000000e+00 1.294265763343591225e+00 2.314994732806733777e-02 9.220191201820813417e+08 3.270181379973990321e+08
1.020000000000000000e+02 1.190000000000010000e+14 1.000000000000000000e+00 1.126088059848411316e+00 2.829522637551411604e-02 9.109414108230504126e-02 2.053948593510080550e-02 0.000000000000000000e+00 1.221296302741422535e+00 1.959380590930136917e-02 7.553521556525775194e+08 2.747548290767449141e+08
1.030000000000000000e+02 1.190000000000010000e+14 0.000000000000000000e+00 9.496861748712865925e-01 8.885676066004929985e-02 1.713196303217456862e-01 4.386035556190012036e-02 0.000000000000000000e+00 1.177819818995027079e+00 7.221097216055062662e-02 1.458167802340669870e+09 7.188092546357711554e+08
1.040000000000000000e+02 1.190000000000010000e+14 0.000000000000000000e+00 1.096461589274837944e+00 1.303861247913616073e-01 1.767680509244237974e-01 7.246281122881986780e-02 0.000000000000000000e+00 1.129260932174245724e+00 7.539009008163224945e-02 8.652434144142746925e+08 2.196506210419060588e+08
1.050000000000000000e+02 1.190000000000010000e+14 0.000000000000000000e+00 1.072322516446001295e+00 9.677513730237873035e-02 1.691532017934728460e-01 4.826867834383846700e-02 0.000000000000000000e+00 1.073934383515016355e+00 1.100424878630680281e-01 1.987891525949495792e+09 8.363349889216194153e+08
1.060000000000000000e+02 1.190000000000010000e+14 0.000000000000000000e+00 1.126349016792256297e+00 8.777605401212799918e-02 3.638435649497384627e-01 2.232016722580020540e-01 0.000000000000000000e+00 1.146919098888911304e+00 3.325771219576362930e-02 1.091871544039234877e+09 3.644633296672078967e+08
1.070000000000000000e+02 1.190000000000010000e+14 0.000000000000000000e+00 1.178372942317977845e+00 7.191128112455064114e-02 1.099812091722751350e-01 3.531362462617681358e-02 0.000000000000000000e+00 1.190300445785718475e+00 8.505000625491472566e-02 1.049746786775057554e+09 4.832197901989852786e+08
1.080000000000000000e+02 1.190000000000010000e+14 0.000000000000000000e+00 1.103049838015227380e+00 9.499173274955384494e-02 1.148984448443031992e-01 3.895343443431133201e-02 0.000000000000000000e+00 1.160726099823095936e+00 8.494919602126814462e-02 1.159886988757213354e+09 6.337982392256684303e+08
1.090000000000000000e+02 1.190000000000020000e+14 0.000000000000000000e+00 1.173104284730752012e+00 5.611595800358000485e-02 1.615787501593436704e-01 4.964459990719825161e-02 0.000000000000000000e+00 1.232848048580875933e+00 5.824347059590662817e-02 1.111219856040974379e+09 3.491174601025859118e+08
1.100000000000000000e+02 1.190000000000020000e+14 0.000000000000000000e+00 1.074379910591218845e+00 1.541821815663808604e-01 2.791171678872655382e-01 1.177092246451139773e-01 0.000000000000000000e+00 7.876250766257294478e-01 1.476844167100614669e-01 4.367914661281813622e+09 2.395260005903764248e+09
1.110000000000000000e+02 1.190000000000010000e+14 0.000000000000000000e+00 1.113650003632802088e+00 1.272450634265499814e-01 2.011133194468346375e-01 5.788932796056796976e-02 0.000000000000000000e+00 1.155298100486769064e+00 7.404577633042945528e-02 1.150722800838432550e+09 7.295221374665776491e+08
1.120000000000000000e+02 1.190000000000010000e+14 0.000000000000000000e+00 1.018099922414495540e+00 1.089233651670542397e-01 2.105130185881609328e-01 7.994003034943519825e-02 0.000000000000000000e+00 1.208537828903028410e+00 4.221237997071643905e-02 1.136839926171324730e+09 3.555608795141018629e+08
1.130000000000000000e+02 1.190000000000010000e+14 0.000000000000000000e+00 1.612619540726602185e+00 1.293314822621229043e-01 2.019254217376876548e-01 8.567938121479005964e-02 0.000000000000000000e+00 1.589219279921938455e+00 8.213624674148409244e-02 1.185885329850337029e+09 3.611449638998412490e+08
1.140000000000000000e+02 1.190000000000010000e+14 1.000000000000000000e+00 1.136659089565720260e+00 3.680610655636189221e-02 8.114090789528996539e-02 7.732924165900979113e-03 0.000000000000000000e+00 1.121630945027265236e+00 2.372663464409299067e-02 7.630634878668624163e+08 1.067862359549045265e+08
1.150000000000000000e+02 1.190000000000020000e+14 0.000000000000000000e+00 1.057904624980815944e+00 1.221452390394956317e-01 1.600568370516180783e-01 7.000654676750599215e-02 0.000000000000000000e+00 9.766986693614961856e-01 1.229223102716958810e-01 1.474528406724712610e+09 1.086667015954244852e+09
1.160000000000000000e+02 1.190000000000010000e+14 0.000000000000000000e+00 1.155668276607471068e+00 5.192102237069227272e-02 7.078430095447442449e-02 1.090802958896061256e-02 0.000000000000000000e+00 1.331892528624866623e+00 6.563180584093253334e-02 7.501408603978790045e+08 1.110831559343129843e+08
1.170000000000000000e+02 1.190000000000010000e+14 0.000000000000000000e+00 1.264080365638752479e+00 1.539230791383036090e-01 1.770558051207294648e-01 5.223838688216647652e-02 0.000000000000000000e+00 1.376980682039297799e+00 1.862042293969433659e-01 1.421884614189619780e+09 8.008169378446456194e+08
1.180000000000000000e+02 1.190000000000010000e+14 0.000000000000000000e+00 1.249459679209458107e+00 1.207906291318797953e-01 1.871489861263758436e-01 1.105764420913349921e-01 0.000000000000000000e+00 1.209071449854522751e+00 1.499144722076423131e-01 2.039917207425835848e+09 1.462144625692893744e+09
1.190000000000000000e+02 1.190000000000010000e+14 1.000000000000000000e+00 8.555527055918609181e-01 1.877422019211993573e-02 7.954401024480323157e-02 2.139883454405667670e-02 0.000000000000000000e+00 1.045695999981179236e+00 3.188057842239047646e-02 4.347371436257607937e+08 3.895304947043824941e+07
1.200000000000000000e+02 1.190000000000010000e+14 0.000000000000000000e+00 1.157201819267991594e+00 3.165100460126197418e-02 8.368144947123364041e-02 8.275422984768583679e-03 0.000000000000000000e+00 1.194700554116947755e+00 1.209894021158500026e-02 6.054218963785225153e+08 1.152222720618317872e+08
1.210000000000000000e+02 1.190000000000010000e+14 0.000000000000000000e+00 1.078927112300902547e+00 7.834805285880076797e-02 1.863281199358987894e-01 8.270483826609405231e-02 0.000000000000000000e+00 1.337563268795820548e+00 4.859234275942618531e-02 1.146335991245752811e+09 4.447935731014485955e+08
1.220000000000000000e+02 1.190000000000010000e+14 0.000000000000000000e+00 9.046452318420320493e-01 9.529332178320203128e-02 2.147088028629093315e-01 7.600028776866510349e-02 0.000000000000000000e+00 1.202622590778019251e+00 6.887531789137557592e-02 6.729796142086704969e+08 2.462193211250688136e+08
1.230000000000000000e+02 1.190000000000010000e+14 0.000000000000000000e+00 9.971131286875423161e-01 6.490258722919635404e-02 3.010716066807515578e-01 1.297169369054018695e-01 0.000000000000000000e+00 1.332528634175093707e+00 1.277425281897814728e-02 1.050503042549025416e+09 3.701390323447548747e+08
1.240000000000000000e+02 1.190000000000010000e+14 0.000000000000000000e+00 1.027276462391088829e+00 5.328740228864397438e-02 1.205010572348432507e-01 2.256378607927081795e-02 0.000000000000000000e+00 1.232129871092074280e+00 9.393034429740335089e-03 5.214623656997550130e+08 7.475102052183450758e+07
1.250000000000000000e+02 1.190000000000010000e+14 0.000000000000000000e+00 1.081639003166166235e+00 6.978190165571970804e-02 1.842712833875468637e-01 4.628218387152065877e-02 0.000000000000000000e+00 1.088136757675620458e+00 5.082620114584337351e-02 1.179670616060310125e+09 7.329174386857379675e+08
1.260000000000000000e+02 1.190000000000010000e+14 0.000000000000000000e+00 1.142778041620078788e+00 5.391726742116403903e-02 1.722911212776324918e-01 4.420921685328605549e-02 0.000000000000000000e+00 1.083192015249822004e+00 4.559810562525076078e-02 1.701107554432149172e+09 6.560469144787904024e+08
1.270000000000000000e+02 1.190000000000010000e+14 0.000000000000000000e+00 1.140137729766628194e+00 3.259075315108160564e-02 1.349054844308696932e-01 3.585549909160325177e-02 0.000000000000000000e+00 1.156189984512172364e+00 3.602245411328511976e-02 1.184445751271364212e+09 5.307011115859448910e+08
1.280000000000000000e+02 1.190000000000010000e+14 1.000000000000000000e+00 1.004813921161501700e+00 3.347080109665918901e-02 8.821647990588714350e-02 7.958840146107315494e-03 0.000000000000000000e+00 1.036053798076921106e+00 1.485153737206616406e-02 4.925682640565496087e+08 5.079306105327371508e+07
1.290000000000000000e+02 1.190000000000010000e+14 1.000000000000000000e+00 1.020821415544225896e+00 1.678727192154968670e-02 3.706995350632570629e-02 1.901051568338073608e-03 0.000000000000000000e+00 1.142622413492469846e+00 1.148703108660819802e-02 2.492531113900901973e+08 2.550819042553868145e+07
1.300000000000000000e+02 1.190000000000010000e+14 0.000000000000000000e+00 1.060797548154197578e+00 1.596811928656113877e-02 1.305612585435682871e-01 2.200251436781609088e-02 0.000000000000000000e+00 1.137849890263451291e+00 4.262450984273218058e-02 1.032443324944547653e+09 3.057534918209040165e+08
1.310000000000000000e+02 1.190000000000010000e+14 0.000000000000000000e+00 1.998312422938393285e+00 1.410191012946986344e-01 2.039484958498758160e-01 6.071460570515391231e-02 0.000000000000000000e+00 1.883584112191139859e+00 1.648107604913533475e-01 2.302414037451337337e+09 8.095255122020666599e+08
1.320000000000000000e+02 1.190000000000010000e+14 0.000000000000000000e+00 1.756561326094624675e+00 1.657845480075085531e-01 3.177496701144336688e-01 1.942235395640265760e-01 0.000000000000000000e+00 1.689507165480870654e+00 1.438230187689401030e-01 4.536751330448693275e+09 3.248528942410317421e+09
1.330000000000000000e+02 1.190000000000020000e+14 1.000000000000000000e+00 1.026549485254917959e+00 2.906474412102631050e-02 4.836197618099626061e-02 1.088247323273772334e-02 0.000000000000000000e+00 1.121276966612883230e+00 1.774579823913805324e-02 4.234241578504626751e+08 7.822918825711037219e+07
1.340000000000000000e+02 1.190000000000010000e+14 0.000000000000000000e+00 1.007609216781447437e+00 5.620234835787969729e-02 1.014771824525369098e-01 1.735188248169087025e-02 0.000000000000000000e+00 1.066673603166951256e+00 6.797810236980336707e-02 1.170246165119421482e+09 2.635338585370843709e+08
1.350000000000000000e+02 1.190000000000010000e+14 0.000000000000000000e+00 1.174411927660966803e+00 5.159765152485975420e-02 8.601777866818513529e-02 8.515250509904793985e-03 0.000000000000000000e+00 1.280740756718616646e+00 4.880041260275734538e-02 6.274674884610160589e+08 7.672157043011313677e+07
1.360000000000000000e+02 1.190000000000010000e+14 0.000000000000000000e+00 1.288883542672929927e+00 7.106025173796598482e-02 1.737902305772206502e-01 3.513157178516162354e-02 0.000000000000000000e+00 1.396355623617015818e+00 9.508214025141739634e-02 1.565355804616446972e+09 2.741384847510600090e+08
1.370000000000000000e+02 1.190000000000010000e+14 0.000000000000000000e+00 1.112874462680319976e+00 2.972369901774520040e-02 1.107923898975659294e-01 3.471001477587613154e-02 0.000000000000000000e+00 1.191354578014032439e+00 2.261920716768666198e-02 6.452501700043731928e+08 1.039835553728634119e+08
1.380000000000000000e+02 1.190000000000010000e+14 0.000000000000000000e+00 1.267118007326740958e+00 1.021979255056623542e-01 2.353582542467066996e-01 1.230351831068786234e-01 0.000000000000000000e+00 1.335172625080418118e+00 1.064461330969711517e-01 2.575374369694800377e+09 1.780276266381037474e+09
1.390000000000000000e+02 1.190000000000010000e+14 0.000000000000000000e+00 1.086107647887380123e+00 4.743731064413529014e-02 1.250062550551741536e-01 3.310219081054605050e-02 0.000000000000000000e+00 1.100106607210316945e+00 1.528224467015584266e-02 9.032891891426975727e+08 1.502430794911791384e+08
1.400000000000000000e+02 1.190000000000010000e+14 0.000000000000000000e+00 1.002284519363362270e+00 4.499873050510954514e-02 1.053123269219230773e-01 1.428795203442275938e-02 0.000000000000000000e+00 1.061647216896389745e+00 3.041986112006268839e-02 8.491693166958094835e+08 2.151131375569859147e+08
1.410000000000000000e+02 1.190000000000010000e+14 0.000000000000000000e+00 1.171131724923520023e+00 1.690597291965647772e-02 7.539425325352490381e-02 5.075192453945100331e-03 0.000000000000000000e+00 1.189351998795850962e+00 1.753960558917123935e-02 5.551803964547013044e+08 4.160793458564281464e+07
1.420000000000000000e+02 1.190000000000010000e+14 0.000000000000000000e+00 1.089499218104496014e+00 4.172448856419336272e-02 1.526101788731491493e-01 3.555587096065270653e-02 0.000000000000000000e+00 1.242668500771437978e+00 6.811112972247587716e-02 1.862030221503835917e+09 5.341515485816199183e+08
1.430000000000000000e+02 1.190000000000010000e+14 0.000000000000000000e+00 9.094533839728385916e-01 2.382078522300028200e-01 3.685416726526372089e-01 1.223450185684265973e-01 0.000000000000000000e+00 1.323207298124246423e+00 1.410445964092003901e-01 7.659910999941209555e+08 1.201606658451714218e+08
1.440000000000000000e+02 1.190000000000010000e+14 0.000000000000000000e+00 9.559346344328505385e-01 1.885636167574108735e-01 2.123472656066513198e-01 8.947132321856357540e-02 0.000000000000000000e+00 9.446311300269686351e-01 7.179754992348152953e-02 5.200643003788568377e+08 7.574381543000495434e+07
1.450000000000000000e+02 1.190000000000010000e+14 0.000000000000000000e+00 1.092698496027466604e+00 7.630009755535059612e-02 5.748461913222876335e-02 7.540959947381993891e-03 0.000000000000000000e+00 1.067534578252372413e+00 3.771640397943421680e-02 4.403081176103293300e+08 1.063862994778905213e+08
1.460000000000000000e+02 1.190000000000010000e+14 0.000000000000000000e+00 1.083470622412298967e+00 5.330331472963008993e-02 1.485878951832661776e-01 2.726799078871617807e-02 0.000000000000000000e+00 1.088919459305544679e+00 7.743944162790790398e-02 1.651290353473827362e+09 3.806703749373283386e+08
1.470000000000000000e+02 1.190000000000010000e+14 0.000000000000000000e+00 1.273424223534834532e+00 1.549757203332492728e-01 1.851602708328641822e-01 6.303454410340711411e-02 0.000000000000000000e+00 1.212337110274825491e+00 1.418585915962362054e-01 2.037941635224218369e+09 9.420057783545451164e+08
1.480000000000000000e+02 1.190000000000010000e+14 0.000000000000000000e+00 1.101775622018226874e+00 1.518441071232246864e-01 1.967773721133482812e-01 1.038153390954470873e-01 0.000000000000000000e+00 1.080515295466585535e+00 1.539796575310847793e-01 2.487391939971958160e+09 1.580932302046283722e+09
1.490000000000000000e+02 1.190000000000010000e+14 1.000000000000000000e+00 1.046738042983204497e+00 5.295740188913179540e-03 5.200767815952934275e-02 3.835926498665261346e-03 0.000000000000000000e+00 1.247929193366383638e+00 1.565064807672619449e-02 3.521723608462316394e+08 5.430411841189011186e+07
1.500000000000000000e+02 1.190000000000010000e+14 1.000000000000000000e+00 9.920880150759978644e-01 9.144549530981196592e-03 8.818154042530780556e-02 5.431923759701745048e-03 0.000000000000000000e+00 1.028530328402142091e+00 1.192735554608751435e-02 6.333434763733336926e+08 8.601167366931191087e+07
1.510000000000000000e+02 1.190000000000010000e+14 0.000000000000000000e+00 1.300567813413742613e+00 1.195742705622666463e-01 1.630684093338846952e-01 3.323705616266345308e-02 0.000000000000000000e+00 1.281045719234201963e+00 1.389057482779930686e-01 1.620838413401434898e+09 4.316011810515799522e+08
1.520000000000000000e+02 1.190000000000010000e+14 0.000000000000000000e+00 1.027347868465040337e+00 4.546125727148866286e-02 7.772959169444902672e-02 1.283108388309498783e-02 0.000000000000000000e+00 1.082729628956290879e+00 5.441110384472068462e-02 5.163485233716505766e+08 5.776376021855751425e+07
1.530000000000000000e+02 1.190000000000010000e+14 1.000000000000000000e+00 1.124526480205934487e+00 7.226406675277109726e-03 4.258723080010805295e-02 1.797434544531934398e-03 0.000000000000000000e+00 1.126778754359746282e+00 1.167851249666462983e-02 3.172031132767461538e+08 2.427939081090517342e+07
1.540000000000000000e+02 1.190000000000010000e+14 0.000000000000000000e+00 1.007588921123915293e+00 2.184900567981221120e-01 3.281715201442129692e-01 1.710664553693126699e-01 0.000000000000000000e+00 1.103951513656295180e+00 1.037006661702518512e-01 1.556244808748641729e+09 4.004540760216776729e+08
1.550000000000000000e+02 1.190000000000010000e+14 0.000000000000000000e+00 1.177153957784679461e+00 9.678471067044251697e-02 1.627089278005273976e-01 5.391433111406001427e-02 0.000000000000000000e+00 1.408829297480905796e+00 1.159110974577438335e-01 9.345549836687912941e+08 2.274785761020034552e+08
1.560000000000000000e+02 1.190000000000010000e+14 1.000000000000000000e+00 1.039990835167810435e+00 1.476695844661780020e-02 5.501098720224586319e-02 4.035435709982183698e-03 0.000000000000000000e+00 1.116555780911898221e+00 1.760181959763957790e-02 4.002740842828973532e+08 3.371867675594785810e+07
1.570000000000000000e+02 1.190000000000010000e+14 0.000000000000000000e+00 1.107465528153530165e+00 6.214722703218134026e-02 2.327652502846509486e-01 8.638212578628993998e-02 0.000000000000000000e+00 1.382633575528492420e+00 4.796936710689394395e-02 1.238721084680771589e+09 5.077979439204110503e+08
1.580000000000000000e+02 1.190000000000010000e+14 0.000000000000000000e+00 1.168670974925025252e+00 1.113436238093070720e-02 7.394565220123433535e-02 1.849006919768094240e-02 0.000000000000000000e+00 1.233636748551966367e+00 2.368380624826253375e-02 8.329911061812766790e+08 2.513965122930794656e+08
1.590000000000000000e+02 1.190000000000010000e+14 1.000000000000000000e+00 1.105501269638851758e+00 3.624251908211448270e-02 7.253432646708814213e-02 1.134058054109426776e-02 0.000000000000000000e+00 1.266851018613396551e+00 2.230373532090054040e-02 4.252410168779754043e+08 3.871488072741036117e+07
1.600000000000000000e+02 1.190000000000010000e+14 0.000000000000000000e+00 1.177185550632930289e+00 3.693762166371625938e-02 9.877109014984254698e-02 2.072116787945731120e-02 0.000000000000000000e+00 1.348241245368441810e+00 2.235090645201607412e-02 6.396257464593384266e+08 1.775486911380288005e+08
1.610000000000000000e+02 1.190000000000010000e+14 0.000000000000000000e+00 1.134781704711304906e+00 7.053286748074756585e-02 2.600477159061724275e-01 1.371006335074052007e-01 0.000000000000000000e+00 1.284842236317711883e+00 6.729952118000670502e-02 1.059071641155070901e+09 3.396040353014734387e+08
1.620000000000000000e+02 1.190000000000010000e+14 0.000000000000000000e+00 1.144633996874676818e+00 3.192622229009763751e-02 1.070471420131676593e-01 1.274124587246606294e-02 0.000000000000000000e+00 1.167854419155006429e+00 1.841786405610145935e-02 5.853847017761892080e+08 1.134152623135246038e+08
1.630000000000000000e+02 1.190000000000010000e+14 0.000000000000000000e+00 1.052078037057782467e+00 9.313320548770126495e-02 1.774666708624719202e-01 4.741098722138870764e-02 0.000000000000000000e+00 1.083631192683873090e+00 2.942509187839870144e-02 1.026574410909873128e+09 1.795702828069264293e+08
1.640000000000000000e+02 1.190000000000010000e+14 0.000000000000000000e+00 9.529302807678320386e-01 1.850404735923659449e-01 3.354093302915520658e-01 2.288264903188506061e-01 0.000000000000000000e+00 1.137098845612158016e+00 1.118935617364718582e-01 7.904628746697643995e+08 3.199037357373431325e+08
1.650000000000000000e+02 1.190000000000010000e+14 0.000000000000000000e+00 1.692046513909547079e+00 1.742574903015682228e-02 1.227097536175631720e-01 1.188755395347332842e-02 0.000000000000000000e+00 1.632252930534423330e+00 9.083225244900950540e-03 1.171346891953023672e+09 1.506282021588879228e+08
1.660000000000000000e+02 1.190000000000010000e+14 0.000000000000000000e+00 9.802710192225683183e-01 6.108422138828771553e-02 1.425117317805076889e-01 2.206277860379950856e-02 0.000000000000000000e+00 1.138144561811168520e+00 5.662719879605267181e-02 1.353695638780793667e+09 3.650022373875583410e+08
1.670000000000000000e+02 1.190000000000010000e+14 0.000000000000000000e+00 1.130766313914464360e+00 1.293892406840668752e-01 1.321607044236325357e-01 6.330584921209560234e-02 0.000000000000000000e+00 1.091416995805490231e+00 1.274662987896126864e-01 1.500620356969737768e+09 8.653911994483588934e+08
1.680000000000000000e+02 1.190000000000020000e+14 0.000000000000000000e+00 1.123938838846188837e+00 6.581932789652715499e-02 1.533015127353339890e-01 5.446520174312925039e-02 0.000000000000000000e+00 1.463556506323636430e+00 3.173457379470505380e-02 1.135879892068029881e+09 3.051089876968744397e+08
1.690000000000000000e+02 1.190000000000010000e+14 0.000000000000000000e+00 9.497446206489607023e-01 4.042980003210881051e-02 6.126600702100019197e-02 1.839174801088188857e-02 0.000000000000000000e+00 1.013074304723707408e+00 4.435870150418482621e-02 6.484586437142450809e+08 2.667810391915632188e+08
1.700000000000000000e+02 1.190000000000010000e+14 1.000000000000000000e+00 1.113552753083633995e+00 2.085059254069378254e-02 9.351062955689609657e-02 1.837435443971877427e-02 0.000000000000000000e+00 1.184085876067733745e+00 3.879564286173733945e-02 7.217599223413116932e+08 2.601482292662455440e+08
1.710000000000000000e+02 1.190000000000010000e+14 0.000000000000000000e+00 1.153410384133915612e+00 2.773529916847578547e-01 3.350259369625504524e-01 1.016679188955092045e-01 0.000000000000000000e+00 2.163247381937785541e+00 1.625976758560173929e-01 1.111576024085135221e+09 4.369078972807970047e+08
1.720000000000000000e+02 1.190000000000010000e+14 0.000000000000000000e+00 1.206016032485279332e+00 2.832871694804093080e-02 8.970359820886944502e-02 1.350068644040739417e-02 0.000000000000000000e+00 1.227044043715563637e+00 2.381996296750393469e-02 6.128330778479721546e+08 9.730790399191251397e+07
1.730000000000000000e+02 1.190000000000010000e+14 0.000000000000000000e+00 1.203787793077039980e+00 6.470992898781322000e-02 1.617861498829754885e-01 4.349341587214337196e-02 0.000000000000000000e+00 1.224855770164109625e+00 5.512467761443038544e-02 1.919002792063467026e+09 5.811585560095188618e+08
1.740000000000000000e+02 1.190000000000020000e+14 0.000000000000000000e+00 1.437434777225714999e+00 1.366977642964919415e-01 2.824672960918064857e-01 1.616758278260762849e-01 0.000000000000000000e+00 1.214448089072448722e+00 5.177328390419908000e-02 9.035732887165051699e+08 3.741643578874680996e+08
1.750000000000000000e+02 1.190000000000010000e+14 0.000000000000000000e+00 1.133906608409145367e+00 1.585188245773950372e-02 1.882825438612112656e-01 2.754534254403929669e-02 0.000000000000000000e+00 1.198633441128967636e+00 4.531979460334962378e-02 1.347696547921957731e+09 4.317750642851903439e+08
1.760000000000000000e+02 1.190000000000010000e+14 0.000000000000000000e+00 1.052515511003673687e+00 7.747191237370114336e-02 1.516742299516853631e-01 4.339827176777268786e-02 0.000000000000000000e+00 1.063888965783535756e+00 9.547077970511923251e-02 1.525157537985167742e+09 6.579784357630676031e+08
1.770000000000000000e+02 1.190000000000010000e+14 0.000000000000000000e+00 1.138158842227324996e+00 1.983307900480729136e-01 3.070492583614274906e-01 2.251410177661285483e-01 0.000000000000000000e+00 1.250494468742817666e+00 8.884477009210953180e-02 6.839568628577262163e+08 2.397766237579404414e+08
1.780000000000000000e+02 1.190000000000010000e+14 0.000000000000000000e+00 1.347026835532725064e+00 1.348500678456999724e-01 2.474937881471857004e-01 1.529707358343118662e-01 0.000000000000000000e+00 1.302355714868416170e+00 1.726245744561390461e-01 2.819607203275154591e+09 2.236445803493186951e+09
1.790000000000000000e+02 1.190000000000010000e+14 0.000000000000000000e+00 1.368143496690274352e+00 9.209883585664178918e-02 1.748280709229729502e-01 6.229142085301160592e-02 0.000000000000000000e+00 1.324254606768064502e+00 1.407948152109385620e-01 1.690848589387382030e+09 8.354403863890573978e+08
1.800000000000000000e+02 1.190000000000010000e+14 1.000000000000000000e+00 1.023891750031804770e+00 1.786981362806339818e-02 4.055309720296230297e-02 4.421447121686201270e-03 0.000000000000000000e+00 1.048328062461560739e+00 2.020324856785920067e-02 2.215805209400188029e+08 1.977442091795074567e+07
1.810000000000000000e+02 1.190000000000010000e+14 0.000000000000000000e+00 1.212035295319055184e+00 3.533856789036595586e-02 1.042801736470086588e-01 1.635155337711697437e-02 0.000000000000000000e+00 1.290912049252220140e+00 1.699827984677938428e-02 7.439522259572697878e+08 2.124668797581593096e+08
1.820000000000000000e+02 1.190000000000010000e+14 0.000000000000000000e+00 1.396203494366082154e+00 9.278401416174407446e-02 1.541038189142926451e-01 6.422626018903325462e-02 0.000000000000000000e+00 1.373421300212327445e+00 1.196579934669276118e-01 1.685303713463895559e+09 7.980599886344689131e+08
1.830000000000000000e+02 1.190000000000010000e+14 0.000000000000000000e+00 1.199054136570546047e+00 3.766747385825054001e-02 1.099681915774892715e-01 1.811672732540242983e-02 0.000000000000000000e+00 1.369900702995868080e+00 6.502841607621737130e-02 8.047167686302086115e+08 2.591582673714684248e+08
1.840000000000000000e+02 1.190000000000010000e+14 0.000000000000000000e+00 1.399642612501545980e+00 1.315655264486866316e-01 2.418040911979424668e-01 8.503068119082049514e-02 0.000000000000000000e+00 1.251424534981547820e+00 1.648169811817821462e-01 2.756518631717321396e+09 1.209974520132877588e+09
1.850000000000000000e+02 1.190000000000010000e+14 0.000000000000000000e+00 1.021603507572554692e+00 4.314656979738848430e-02 8.851482128669606320e-02 1.564329837524331551e-02 0.000000000000000000e+00 1.044801581836748428e+00 3.842430008276691289e-02 9.203343386190979481e+08 2.356342990642463863e+08
1.860000000000000000e+02 1.190000000000010000e+14 1.000000000000000000e+00 1.091905072125697318e+00 2.209352585632874677e-02 9.938128525717729311e-02 1.125228459240744210e-02 0.000000000000000000e+00 1.251482866958084195e+00 1.868756580641341147e-02 4.927411647374801040e+08 7.700301199972468615e+07
1.870000000000000000e+02 1.190000000000010000e+14 0.000000000000000000e+00 1.153354945914063290e+00 4.092757167061823048e-02 6.086555961574877105e-02 9.371045363276405207e-03 0.000000000000000000e+00 1.218622938040530235e+00 1.839730676037666657e-02 6.269955678795588017e+08 1.481179549799142182e+08
1.880000000000000000e+02 1.190000000000010000e+14 0.000000000000000000e+00 1.345946991675000870e+00 8.459026960715029797e-02 1.576134359183876121e-01 6.966170903862345387e-02 0.000000000000000000e+00 1.176034746717227186e+00 1.123422986006526597e-01 1.503767823049461365e+09 1.059027917314380884e+09
1.890000000000000000e+02 1.190000000000010000e+14 1.000000000000000000e+00 1.066629813049891906e+00 3.275981523938965162e-02 8.782594108570100644e-02 1.801971508540364808e-02 0.000000000000000000e+00 1.290721627764962465e+00 3.011558293928727828e-02 5.096407262615853548e+08 4.169008568861867487e+07
1.900000000000000000e+02 1.190000000000010000e+14 1.000000000000000000e+00 1.055868008679752945e+00 2.188582098620139860e-02 6.640181064852934689e-02 2.311658037906388213e-02 0.000000000000000000e+00 1.165417789761617584e+00 2.586110966002340417e-02 6.721060508739608526e+08 3.280081949166467786e+08
1.910000000000000000e+02 1.190000000000010000e+14 0.000000000000000000e+00 1.154515590364025845e+00 5.615370984224474921e-02 1.225795639062995657e-01 2.055499181176092399e-02 0.000000000000000000e+00 1.102456581669030378e+00 6.635375767954083959e-02 8.271707094003943205e+08 1.488040339607689977e+08
1.920000000000000000e+02 1.190000000000040000e+14 0.000000000000000000e+00 8.010991063028046755e-01 5.019424527135720598e-02 8.735756161720134583e-02 3.759078172356607878e-02 0.000000000000000000e+00 1.357131065011904836e+00 6.600976402694746191e-03 5.271678802267139554e+08 4.999374134845180809e+07
1.930000000000000000e+02 1.190000000000020000e+14 0.000000000000000000e+00 1.077421811388993733e+00 4.480283793045639062e-02 8.862710918559392470e-02 3.094513737579514603e-02 0.000000000000000000e+00 1.247381479042631192e+00 4.171908992618966749e-02 5.529434018954106569e+08 2.253677168581757843e+08
1.940000000000000000e+02 1.190000000000010000e+14 0.000000000000000000e+00 1.034964242623712227e+00 2.130783301310639616e-02 1.316609465923290201e-01 2.569822025598595197e-02 0.000000000000000000e+00 1.216958052207506302e+00 2.484920738349176428e-02 7.909691636602081060e+08 2.010714731503951848e+08
1.950000000000000000e+02 1.190000000000010000e+14 0.000000000000000000e+00 1.096257676182348817e+00 5.399109926908988305e-02 8.118986185476903539e-02 1.546829245151468482e-02 0.000000000000000000e+00 1.087009821379418817e+00 4.072081958467944907e-02 6.353356030651032925e+08 9.489168229210464656e+07
1.960000000000000000e+02 1.190000000000010000e+14 0.000000000000000000e+00 1.183026666174766373e+00 3.772265231693631288e-02 9.657750868627074103e-02 8.696175710293206629e-03 0.000000000000000000e+00 1.283508787878691049e+00 3.124049668927877249e-02 6.920073732136673927e+08 1.177218405154254884e+08
1.970000000000000000e+02 1.190000000000010000e+14 0.000000000000000000e+00 9.776833827135877897e-01 6.895402458788839339e-02 2.174735095448588063e-01 6.246546348531842319e-02 0.000000000000000000e+00 1.330230055964338076e+00 3.150402595754965562e-02 1.044881658211540461e+09 4.754432756846470237e+08
1.980000000000000000e+02 1.190000000000010000e+14 0.000000000000000000e+00 1.082468765584184700e+00 3.588358774663816253e-02 1.050651984444421760e-01 1.459284433212407715e-02 0.000000000000000000e+00 1.249651590662981704e+00 3.342554117253045826e-02 1.216465682215292931e+09 2.169253230872259140e+08
1.990000000000000000e+02 1.190000000000010000e+14 0.000000000000000000e+00 8.615005608579320295e-01 2.280367481905640759e-01 2.854520243377621225e-01 1.671636971805227356e-01 0.000000000000000000e+00 1.256490680003852889e+00 1.526916810090638843e-01 6.140911191964783669e+08 8.288179388040272892e+07
2.000000000000000000e+02 1.190000000000010000e+14 0.000000000000000000e+00 1.119836793107621631e+00 8.653177359211056130e-02 1.667441055406794492e-01 5.006170763588370376e-02 0.000000000000000000e+00 1.305943802990970015e+00 1.070860746202282054e-01 1.476979011551531792e+09 7.835353698071957827e+08
2.010000000000000000e+02 1.190000000000010000e+14 1.000000000000000000e+00 1.027604531338858873e+00 2.909409331896479003e-02 6.882708362708966909e-02 5.768760348234791210e-03 0.000000000000000000e+00 1.076819654408585514e+00 2.767381886369741500e-02 5.199884926840990186e+08 8.121426773464807868e+07
2.020000000000000000e+02 1.190000000000010000e+14 0.000000000000000000e+00 1.074979240603646247e+00 6.686772861456592720e-02 1.009801665472098708e-01 2.521760141610603426e-02 0.000000000000000000e+00 1.066730521405515164e+00 6.195292518008456428e-02 6.323275844954384565e+08 1.195881357933902293e+08
2.030000000000000000e+02 1.190000000000010000e+14 0.000000000000000000e+00 1.045103062182768161e+00 6.185592963947009887e-02 1.084942464106525978e-01 8.760763702019062210e-03 0.000000000000000000e+00 1.041714195663321352e+00 7.411646160175183740e-02 8.476044056428103447e+08 1.458136590368010700e+08
2.040000000000000000e+02 1.190000000000010000e+14 0.000000000000000000e+00 1.173367167634705055e+00 1.461188806611798119e-01 2.361539221175007475e-01 1.195843776594502916e-01 0.000000000000000000e+00 1.332232200038702352e+00 1.397610944085035667e-01 2.699690283066805840e+09 1.799426268275746822e+09
2.050000000000000000e+02 1.190000000000010000e+14 0.000000000000000000e+00 1.086409336260415470e+00 1.590409351350803580e-01 2.500484610166848753e-01 1.033475529616181415e-01 0.000000000000000000e+00 1.143683135293735997e+00 2.058075539815394928e-01 2.896331379124535084e+09 1.558456316266591072e+09
2.060000000000000000e+02 1.190000000000010000e+14 1.000000000000000000e+00 1.050367055273632166e+00 2.825510892666881560e-02 8.983156345193191172e-02 2.870390581444010047e-02 0.000000000000000000e+00 1.282635039267129073e+00 2.994970896227710372e-02 3.894535742319766283e+08 5.837551111966624111e+07
2.070000000000000000e+02 1.190000000000010000e+14 1.000000000000000000e+00 1.113073635861464572e+00 3.153744641065793497e-02 6.408316065498828595e-02 5.141683439259931571e-03 0.000000000000000000e+00 1.064274702222938629e+00 3.140168495259657716e-02 5.694923911096507311e+08 6.358873824885296077e+07
2.080000000000000000e+02 1.190000000000010000e+14 0.000000000000000000e+00 1.350358371709970307e+00 2.468983027096181282e-01 3.363514061921186737e-01 1.616168081200556605e-01 0.000000000000000000e+00 1.503963829262012109e+00 8.128969228278146164e-02 9.950523191315171719e+08 3.657963983058683276e+08
2.090000000000000000e+02 1.190000000000010000e+14 0.000000000000000000e+00 1.250566487545907712e+00 6.422900802300268719e-02 8.935832989097344803e-02 3.653926345897457600e-02 0.000000000000000000e+00 1.379697708597344308e+00 8.830845697631650726e-02 8.950543599331088066e+08 4.689593601873174310e+08
2.100000000000000000e+02 1.190000000000010000e+14 0.000000000000000000e+00 1.183749734848880131e+00 4.355250609970495040e-02 1.601704686467676775e-01 8.173138340602455199e-02 0.000000000000000000e+00 1.461472673074732720e+00 9.145182143484591186e-02 2.020924503604973078e+09 1.368063958020663023e+09
2.110000000000000000e+02 1.190000000000010000e+14 1.000000000000000000e+00 1.115266132339218119e+00 2.215306678448134697e-02 8.514738183801635885e-02 1.358013253463651905e-02 0.000000000000000000e+00 1.202370127535048461e+00 2.815707095109926117e-02 7.577521410957431793e+08 1.873089125254251063e+08
2.120000000000000000e+02 1.190000000000010000e+14 0.000000000000000000e+00 1.050877964393194253e+00 6.269384942697363294e-02 1.596157619445037756e-01 6.047727367816066457e-02 0.000000000000000000e+00 1.318889503795932283e+00 3.658725999958761105e-02 8.282261443021028042e+08 2.288392452314131856e+08
2.130000000000000000e+02 1.190000000000010000e+14 0.000000000000000000e+00 1.172596180434755553e+00 3.125694710224438677e-02 1.141010535910176177e-01 1.144100471058914596e-02 0.000000000000000000e+00 1.270477679090284973e+00 4.147625691009312887e-02 1.158006815422747374e+09 1.684560984405415952e+08
2.140000000000000000e+02 1.190000000000010000e+14 0.000000000000000000e+00 1.089895825572580579e+00 1.390681307510644171e-01 3.715192906974514320e-01 2.979174257387769420e-01 0.000000000000000000e+00 1.176593423496299806e+00 3.577072458945101258e-02 7.441478946678481102e+08 1.041686107100752890e+08
2.150000000000000000e+02 1.190000000000010000e+14 0.000000000000000000e+00 9.577123230860877801e-01 5.718168774520199227e-02 8.686581647339824963e-02 1.786214239239732743e-02 0.000000000000000000e+00 1.114071645536732325e+00 4.435386248054605518e-02 5.396275656056611538e+08 1.953013184062179625e+08
2.160000000000000000e+02 1.190000000000010000e+14 0.000000000000000000e+00 1.095639637724250326e+00 4.553242077948888022e-02 1.438241301059982324e-01 6.338484288583155768e-02 0.000000000000000000e+00 1.171497946723628392e+00 2.369434334278148341e-02 1.603913792283351660e+09 9.415427116815390587e+08
2.170000000000000000e+02 1.190000000000010000e+14 0.000000000000000000e+00 1.011601933488336380e+00 8.287355035288798688e-02 1.518498478218540948e-01 5.899202206037132412e-02 0.000000000000000000e+00 1.350924954513689213e+00 1.064138502171605022e-01 1.654860327083189487e+09 1.061049902523193955e+09
2.180000000000000000e+02 1.190000000000010000e+14 0.000000000000000000e+00 1.134645902596567613e+00 1.084149294484959905e-02 1.322639904970897007e-01 1.618760644569632035e-02 0.000000000000000000e+00 1.283686145398810874e+00 9.505258284130934862e-03 1.029184743725446224e+09 2.202059308547803760e+08
2.190000000000000000e+02 1.190000000000010000e+14 0.000000000000000000e+00 1.146405768093484934e+00 7.215575934790208201e-02 1.576800763833431096e-01 3.217809395241098824e-02 0.000000000000000000e+00 1.237706355895362487e+00 9.005738397341120360e-02 1.631779546933143854e+09 4.507384115162977576e+08
2.200000000000000000e+02 1.190000000000010000e+14 0.000000000000000000e+00 1.164140345385696884e+00 1.366241942183424041e-01 3.076828827834546254e-01 1.005846215788841341e-01 0.000000000000000000e+00 1.190313332804257884e+00 1.270622022649927629e-01 2.388758590913591862e+09 1.654389234757889986e+09
2.210000000000000000e+02 1.190000000000010000e+14 0.000000000000000000e+00 1.148212672619484565e+00 4.070526637394285274e-02 1.041342971337521350e-01 9.484629969272606251e-03 0.000000000000000000e+00 1.243478041898194775e+00 4.264938484541382080e-02 7.641157316806261539e+08 1.315936536813901067e+08
2.220000000000000000e+02 1.190000000000010000e+14 0.000000000000000000e+00 1.334626075796635725e+00 4.475532981296171525e-02 1.313230524587651882e-01 1.867409458557247118e-02 0.000000000000000000e+00 1.338884441007557546e+00 6.027255741196157340e-02 1.397768248153959036e+09 2.475630174942134321e+08
2.230000000000000000e+02 1.190000000000010000e+14 1.000000000000000000e+00 9.643459089701752474e-01 2.552760086377814028e-02 6.635786407637023210e-02 7.129908051170068088e-03 0.000000000000000000e+00 1.131955386130531815e+00 2.126681125985072085e-02 4.071450724519566298e+08 7.586341337908002734e+07
2.240000000000000000e+02 1.190000000000010000e+14 0.000000000000000000e+00 1.149246288545958672e+00 6.666750070511633097e-02 1.277818081616138857e-01 1.611271792077938886e-02 0.000000000000000000e+00 1.188677337217848962e+00 2.433993418214473736e-02 6.873437463008313179e+08 5.088109037272121757e+07
2.250000000000000000e+02 1.190000000000010000e+14 0.000000000000000000e+00 1.140053022504760705e+00 7.703660255643815513e-02 1.457795489064572236e-01 4.779519367082819131e-02 0.000000000000000000e+00 1.085622297288681537e+00 9.058930153767175142e-02 1.576831923845043898e+09 6.335713471713471413e+08
2.260000000000000000e+02 1.190000000000010000e+14 0.000000000000000000e+00 1.153465750671240020e+00 3.931732437838492134e-02 1.161040726579855853e-01 1.596429770832542838e-02 0.000000000000000000e+00 1.237628445481634420e+00 3.820822000261456242e-02 6.724065588305473328e+08 1.408591943690219223e+08
2.270000000000000000e+02 1.190000000000010000e+14 0.000000000000000000e+00 1.193844808073969421e+00 4.191030701006898812e-02 1.395043852510572668e-01 1.782193744577343850e-02 0.000000000000000000e+00 1.173415752278729185e+00 6.407054758132847694e-02 1.356111410563678741e+09 2.642551098444018364e+08
2.280000000000000000e+02 1.190000000000020000e+14 0.000000000000000000e+00 1.217300116665833043e+00 1.204286067482124162e-01 1.899539507441843633e-01 1.456602656948402796e-01 0.000000000000000000e+00 9.368352589642494621e-01 1.578706017293160513e-01 2.732690433809926510e+09 2.146006797550587177e+09
2.290000000000000000e+02 1.190000000000010000e+14 0.000000000000000000e+00 1.067192146521631191e+00 1.018416524949182222e-01 1.094983536465885532e-01 3.678042430366115778e-02 0.000000000000000000e+00 1.308840770747192739e+00 8.967303620810275488e-02 1.151506999178319216e+09 5.975315407449970245e+08
2.300000000000000000e+02 1.190000000000010000e+14 0.000000000000000000e+00 1.093963177868567005e+00 4.497559597258166814e-02 9.046764121893161037e-02 1.012732566187332824e-02 0.000000000000000000e+00 1.118957150132801281e+00 1.877797107019455944e-02 7.041823886542052031e+08 1.399516303400152922e+08
2.310000000000000000e+02 1.190000000000020000e+14 0.000000000000000000e+00 1.162346671471646387e+00 7.469877658633450324e-02 1.893886183566312331e-01 9.317100626845647993e-02 0.000000000000000000e+00 1.062248339010344766e+00 2.137202989386258536e-02 8.598909058475196362e+08 3.397502202550175190e+08
2.320000000000000000e+02 1.190000000000010000e+14 0.000000000000000000e+00 1.188491711756216818e+00 8.482524189721880881e-02 1.541154112315576141e-01 6.226561208548839210e-02 0.000000000000000000e+00 1.152729415133733060e+00 1.089451981520491025e-01 1.863206707610544443e+09 9.055173391076073647e+08
2.330000000000000000e+02 1.190000000000010000e+14 0.000000000000000000e+00 1.177187852789552513e+00 3.600126294557054463e-02 7.176246839193994864e-02 1.550295812445160598e-02 0.000000000000000000e+00 1.280747274381844658e+00 3.510802720389336745e-02 7.050928674260913134e+08 2.118212777686908841e+08
2.340000000000000000e+02 1.190000000000010000e+14 1.000000000000000000e+00 1.126659137508376762e+00 2.907364549716350000e-02 6.202840113785675763e-02 4.922979414837879396e-03 0.000000000000000000e+00 1.207750104882255870e+00 1.387717701400449297e-02 6.030094740362197161e+08 6.446407888793024421e+07
2.350000000000000000e+02 1.190000000000020000e+14 0.000000000000000000e+00 1.164308417399268825e+00 6.421503910386636149e-02 1.236565585103503728e-01 2.823015179517317577e-02 0.000000000000000000e+00 1.179182678829002295e+00 2.190336696001013092e-02 6.741962142765580416e+08 1.997096676165726483e+08
2.360000000000000000e+02 1.190000000000010000e+14 0.000000000000000000e+00 1.425806253289139569e+00 8.326477105471469242e-02 1.884713127289562862e-01 6.396353341028326867e-02 0.000000000000000000e+00 1.368259296114281875e+00 1.287840831650509388e-01 2.283159694843149662e+09 8.974274622222642899e+08
2.370000000000000000e+02 1.190000000000010000e+14 1.000000000000000000e+00 1.102426328511721065e+00 1.830175110357526447e-02 7.865961644463796698e-02 1.187953939079522750e-02 0.000000000000000000e+00 1.106778203717245113e+00 2.495793964205332907e-02 7.258546115471264124e+08 1.646797359833406508e+08
2.380000000000000000e+02 1.190000000000010000e+14 1.000000000000000000e+00 1.077450982708009875e+00 2.910930636787275802e-02 9.762469802311057876e-02 3.005809399675206037e-02 0.000000000000000000e+00 1.195545331407079859e+00 4.564145432292054244e-02 7.450042245483355522e+08 4.447013463095441461e+08
2.390000000000000000e+02 1.190000000000010000e+14 0.000000000000000000e+00 9.877480894070779227e-01 4.569542391089700256e-02 7.038785174936620925e-02 1.067747859854221819e-02 0.000000000000000000e+00 1.154630803723679211e+00 2.795509961396568446e-02 4.447527097874045372e+08 4.827886535947632045e+07
2.400000000000000000e+02 1.190000000000010000e+14 0.000000000000000000e+00 1.038434164072112864e+00 1.129794490577803734e-01 2.150295897475099083e-01 1.366938074744999676e-01 0.000000000000000000e+00 9.811905581128734788e-01 4.455781898744145403e-02 6.369102383666311502e+08 2.279237594204714000e+08
2.410000000000000000e+02 1.190000000000010000e+14 0.000000000000000000e+00 1.046491679065669977e+00 1.211566550638523559e-01 1.157739064561269376e-01 4.116220148195638001e-02 0.000000000000000000e+00 1.133934850881722634e+00 1.084529742616607562e-01 1.068786367167809844e+09 6.123975158394789696e+08
2.420000000000000000e+02 1.190000000000010000e+14 0.000000000000000000e+00 1.474751827847519570e+00 3.719412657144917367e-02 1.601473093512819357e-01 5.181123817676527160e-02 0.000000000000000000e+00 1.560770714679788007e+00 6.177611582343364022e-02 1.487754054801672220e+09 6.843360820248297453e+08
2.430000000000000000e+02 1.190000000000010000e+14 0.000000000000000000e+00 1.440151882183310139e+00 3.405286890077362932e-02 1.342742617579805453e-01 3.081749712558295648e-02 0.000000000000000000e+00 1.420714031426881352e+00 7.320094250379283185e-02 1.401367352055120468e+09 4.050659994072775245e+08
2.440000000000000000e+02 1.190000000000010000e+14 0.000000000000000000e+00 1.018137478195239254e+00 4.473444782689364740e-02 2.634470506159984904e-01 6.798719218278991006e-02 0.000000000000000000e+00 1.277996902949620317e+00 5.805616524588012167e-02 2.198808985141633034e+09 1.222253124031640291e+09
2.450000000000000000e+02 1.190000000000020000e+14 1.000000000000000000e+00 1.112205277401922654e+00 1.447863774833665386e-02 7.296436479981906198e-02 6.764944951123948863e-03 0.000000000000000000e+00 1.164890331475561425e+00 1.024071136425204129e-02 4.486565185229313970e+08 7.361745168270938098e+07
2.460000000000000000e+02 1.190000000000010000e+14 0.000000000000000000e+00 1.000423703729908409e+00 1.612569479539685199e-02 1.170112113716812313e-01 1.671622491509833913e-02 0.000000000000000000e+00 1.302652671843886001e+00 1.518725450607794764e-02 8.571478811734455824e+08 2.685118964076917768e+08
2.470000000000000000e+02 1.190000000000010000e+14 0.000000000000000000e+00 1.055449286882426341e+00 2.401020864512596470e-02 1.054311583972702554e-01 1.993175627812309933e-02 0.000000000000000000e+00 1.113690894406758947e+00 8.894235114350433971e-03 6.977438516590553522e+08 8.769029710578176379e+07
2.480000000000000000e+02 1.190000000000010000e+14 0.000000000000000000e+00 1.095653146628308594e+00 1.067699133931620664e-01 1.915149239202087739e-01 7.879413154654939244e-02 0.000000000000000000e+00 1.302079556598834786e+00 1.038284959445446021e-01 2.029687872345793724e+09 1.212011400552049875e+09
2.490000000000000000e+02 1.190000000000010000e+14 0.000000000000000000e+00 1.134623771188782104e+00 1.060265917632401411e-01 1.881230861840444413e-01 7.836194563662374213e-02 0.000000000000000000e+00 1.403032745899381206e+00 5.141452726245390736e-02 1.038046269657052040e+09 2.363259232932407558e+08
2.500000000000000000e+02 1.190000000000010000e+14 0.000000000000000000e+00 1.144907125191508168e+00 8.475522281874535435e-02 1.934749470340678124e-01 6.565743363256684728e-02 0.000000000000000000e+00 1.263887171674607846e+00 6.705077686274305004e-02 1.086482549425616980e+09 1.806024801389426887e+08
2.510000000000000000e+02 1.190000000000010000e+14 0.000000000000000000e+00 1.066027560488041370e+00 6.959068120174727312e-02 9.473572342195935025e-02 3.030351730415113340e-02 0.000000000000000000e+00 1.259530357099887254e+00 3.468379415635820806e-02 4.694242959209498763e+08 9.352883089438261092e+07
2.520000000000000000e+02 1.190000000000030000e+14 0.000000000000000000e+00 1.181985666073912311e+00 3.072644710005105126e-02 5.657500551493848534e-02 1.470456166597053360e-02 0.000000000000000000e+00 1.191513195154063176e+00 2.868547921432004072e-02 6.693494474247652292e+08 2.159507108980383277e+08
2.530000000000000000e+02 1.190000000000010000e+14 1.000000000000000000e+00 1.052742370002290428e+00 3.839039583004504042e-02 5.961273830376416505e-02 6.911408781352889469e-03 0.000000000000000000e+00 1.150863588131513238e+00 3.316274723470030023e-02 6.085604163990620375e+08 9.411390470192542672e+07
2.540000000000000000e+02 1.190000000000010000e+14 1.000000000000000000e+00 1.094703006894576225e+00 5.573712726366204795e-03 9.633030692564148456e-02 2.315115703780331463e-02 0.000000000000000000e+00 1.300485709442052551e+00 2.036618656322030166e-02 8.862313403380081654e+08 3.482881574564253688e+08
2.550000000000000000e+02 1.190000000000010000e+14 1.000000000000000000e+00 1.061116529546819010e+00 2.747840330038518047e-02 8.223769415567025454e-02 2.634522447290256475e-02 0.000000000000000000e+00 1.118205713028533221e+00 3.684870290429889672e-02 4.425555644961783886e+08 4.096386360461533070e+07
2.560000000000000000e+02 1.190000000000010000e+14 0.000000000000000000e+00 1.289258587762312169e+00 1.077256352573480319e-01 1.918758006236755409e-01 5.937284662591017781e-02 0.000000000000000000e+00 1.201394257537586663e+00 1.213426544978409988e-01 2.250464149690627575e+09 7.751662251534222364e+08
2.570000000000000000e+02 1.190000000000010000e+14 0.000000000000000000e+00 1.180982762220738058e+00 2.053322852694535947e-02 1.333449999336941694e-01 5.627603688120078052e-02 0.000000000000000000e+00 1.186147937264574903e+00 5.281496120837498448e-02 1.547084223618422031e+09 7.718789217368003130e+08
2.580000000000000000e+02 1.190000000000010000e+14 0.000000000000000000e+00 1.131007267677915262e+00 5.462859936948933487e-02 1.488962853254973961e-01 3.230151741388771758e-02 0.000000000000000000e+00 1.284710193044610760e+00 7.626890905266828224e-02 1.182879283037813663e+09 4.862615017812235951e+08
2.590000000000000000e+02 1.190000000000010000e+14 0.000000000000000000e+00 1.197932391009487674e+00 2.973115755018711920e-02 9.068736003120880795e-02 2.202776507304474163e-02 0.000000000000000000e+00 1.138022248243309775e+00 2.822950669806480184e-02 7.732231456789754629e+08 3.040937417872719765e+08
2.600000000000000000e+02 1.190000000000010000e+14 0.000000000000000000e+00 1.053461714152876150e+00 5.704548312534390986e-02 1.313130576183982601e-01 6.758266733653349456e-02 0.000000000000000000e+00 1.189765150901660906e+00 7.606699596272557817e-02 1.524776994837075472e+09 1.014676307207006812e+09
2.610000000000000000e+02 1.190000000000010000e+14 1.000000000000000000e+00 1.090901579360904705e+00 9.103288051065463668e-03 6.651194356823052212e-02 1.258314396333522385e-02 0.000000000000000000e+00 1.130095707069024291e+00 8.824087600659284020e-03 5.091181262177019119e+08 1.569662714201299846e+08
2.620000000000000000e+02 1.190000000000010000e+14 0.000000000000000000e+00 1.338949414192587950e+00 1.313183100052564001e-01 1.968136900832884728e-01 7.308457746678376221e-02 0.000000000000000000e+00 1.240859195652343150e+00 1.420964606275155750e-01 2.487016624028046608e+09 1.066377103228625655e+09
2.630000000000000000e+02 1.190000000000010000e+14 0.000000000000000000e+00 1.187033280485337183e+00 1.092021189509554714e-02 9.938431089028841592e-02 1.227088535981354575e-02 0.000000000000000000e+00 1.128480633202632921e+00 2.424518789112109149e-02 1.020820679293402791e+09 1.737084721378002465e+08
2.640000000000000000e+02 1.190000000000050000e+14 0.000000000000000000e+00 1.333426226757486788e+00 1.116267054657070767e-01 2.233638226340508431e-02 4.423922921949575982e-03 0.000000000000000000e+00 1.414081708589457254e+00 2.879134878283442361e-02 2.068108661015283465e+08 7.212397476252116263e+07
2.650000000000000000e+02 1.190000000000010000e+14 0.000000000000000000e+00 1.242736880087778939e+00 8.431677349130621557e-02 1.580561287694772221e-01 3.505047428745459298e-02 0.000000000000000000e+00 1.376458045319330470e+00 1.157391825911328886e-01 1.745666434366715193e+09 4.899154578310182691e+08
2.660000000000000000e+02 1.190000000000010000e+14 0.000000000000000000e+00 1.092381909519729133e+00 7.117928977862181261e-02 7.495212209860740993e-02 6.958155257661609652e-03 0.000000000000000000e+00 1.064533291348087385e+00 4.547863651953136521e-02 7.150111847683633566e+08 8.396789731525711715e+07
2.670000000000000000e+02 1.190000000000010000e+14 0.000000000000000000e+00 9.968839773193860498e-01 5.151617525084540433e-02 1.124164355044377644e-01 1.756562513949891033e-02 0.000000000000000000e+00 1.209032365387305630e+00 2.267170815212299351e-02 6.113291258868720531e+08 7.216463664013479650e+07
2.680000000000000000e+02 1.190000000000010000e+14 0.000000000000000000e+00 1.154770748584748041e+00 2.708878585355924823e-02 9.192853475199785906e-02 8.788059527185972802e-03 0.000000000000000000e+00 1.414749952734279281e+00 4.021317139388126682e-02 8.236237480306307077e+08 1.248808098843452334e+08
2.690000000000000000e+02 1.190000000000010000e+14 1.000000000000000000e+00 1.061111395039244121e+00 1.410545026045408219e-02 7.380144682894315689e-02 1.077271351958149041e-02 0.000000000000000000e+00 1.188333962872351712e+00 2.097744160980453618e-02 5.049990790245112777e+08 1.417764712172592580e+08
2.700000000000000000e+02 1.190000000000010000e+14 0.000000000000000000e+00 2.526099421213420015e+00 1.511098096432721138e-01 2.685730543221525601e-01 7.710138243954386961e-02 0.000000000000000000e+00 2.428156856659639651e+00 1.613247311177075927e-01 1.947028370645636559e+09 4.350004853178676367e+08
2.710000000000000000e+02 1.190000000000010000e+14 1.000000000000000000e+00 1.090200347561322225e+00 1.011201828536874986e-02 5.550468568451404072e-02 5.297311474941833118e-03 0.000000000000000000e+00 1.095329166274778832e+00 8.999261864120963739e-03 5.494828062686029673e+08 7.229471215509195626e+07
2.720000000000000000e+02 1.190000000000020000e+14 0.000000000000000000e+00 1.343039862234782778e+00 4.164850477352671082e-02 1.424879236947791117e-01 5.174698795180723149e-02 0.000000000000000000e+00 1.307685108498713111e+00 1.185384159447574609e-01 1.528010657751642942e+09 7.083892489900771379e+08
2.730000000000000000e+02 1.190000000000010000e+14 0.000000000000000000e+00 1.101913675934653503e+00 8.593003035351334806e-02 1.686594358712740493e-01 5.252501327447448715e-02 0.000000000000000000e+00 1.120561840046455648e+00 8.122613003432327394e-02 1.615822478558669567e+09 7.932913990750405788e+08
2.740000000000000000e+02 1.190000000000010000e+14 1.000000000000000000e+00 1.111010529486250009e+00 2.416361010903948434e-02 6.457922576416674776e-02 1.280982911629922893e-02 0.000000000000000000e+00 1.279131596100975932e+00 2.759035064514818447e-02 5.551712261696816683e+08 1.726030988733561635e+08
2.750000000000000000e+02 1.190000000000020000e+14 0.000000000000000000e+00 1.487413876199252138e+00 4.368136041723580387e-02 1.550908036138054502e-01 3.392438148843863327e-02 0.000000000000000000e+00 1.633985111955226666e+00 6.258202223618321292e-02 1.316054332864234447e+09 5.342018756418414116e+08
2.760000000000000000e+02 1.190000000000010000e+14 0.000000000000000000e+00 1.173950486081816846e+00 4.175893957639086052e-02 6.563502011066095487e-02 1.391653751791886891e-02 0.000000000000000000e+00 1.260513719447507786e+00 3.981834364970064655e-02 4.000558347821989059e+08 2.190717774295531958e+07
2.770000000000000000e+02 1.190000000000010000e+14 0.000000000000000000e+00 1.400268625851553539e+00 2.381108576294951595e-01 2.679673668900660055e-01 6.679916369856787883e-02 0.000000000000000000e+00 1.450479330357247854e+00 2.058120849449594225e-01 2.144925278941988707e+09 9.901440577458648682e+08
2.780000000000000000e+02 1.190000000000020000e+14 0.000000000000000000e+00 1.177140162969862125e+00 1.007870461862418188e-01 1.076724569594106895e-01 8.083269044123136959e-02 0.000000000000000000e+00 1.092977401233947043e+00 1.165119020445346265e-01 1.369296490790177822e+09 1.106668744658896685e+09
2.790000000000000000e+02 1.190000000000010000e+14 0.000000000000000000e+00 1.470436618053862166e+00 7.752075977613528956e-02 1.800603635360868704e-01 3.638605117261566047e-02 0.000000000000000000e+00 1.559779640378768706e+00 8.391699988133922983e-02 1.664852727423912764e+09 5.026201636528844237e+08
2.800000000000000000e+02 1.190000000000010000e+14 0.000000000000000000e+00 1.148030692175133316e+00 6.796140099083186614e-02 2.036876876473183717e-01 5.839991952501468603e-02 0.000000000000000000e+00 1.254699546578155411e+00 6.463907254265024993e-02 2.336850603647826195e+09 8.661941282410466671e+08
2.810000000000000000e+02 1.190000000000010000e+14 0.000000000000000000e+00 1.792508343908343349e+00 9.173042746799203728e-02 2.884804957649695911e-01 1.489865324195711604e-01 0.000000000000000000e+00 1.684696908973509100e+00 3.269393451095238545e-02 8.699877417793692350e+08 1.247068602598033249e+08
2.820000000000000000e+02 1.190000000000010000e+14 0.000000000000000000e+00 1.118956616519408476e+00 6.850348493153497753e-02 6.170683172988197102e-02 1.135923997207667624e-02 0.000000000000000000e+00 1.090185612636378476e+00 4.435649381194233659e-02 3.913664083251502514e+08 6.247932652728458494e+07
2.830000000000000000e+02 1.190000000000050000e+14 1.000000000000000000e+00 1.144393261423079178e+00 1.420553400600878084e-02 2.124216623688308936e-02 4.448663415630505109e-03 0.000000000000000000e+00 1.213665093785835536e+00 1.347539774934092965e-02 2.171628413114222586e+08 4.807811554188173264e+07
2.840000000000000000e+02 1.190000000000010000e+14 0.000000000000000000e+00 1.609347712229711957e+00 1.193504809064881156e-01 2.354350993639881540e-01 6.535416323618201129e-02 0.000000000000000000e+00 1.573578120213130926e+00 1.385866297167578920e-01 2.542164084192650318e+09 9.295548642159317732e+08
2.850000000000000000e+02 1.190000000000010000e+14 0.000000000000000000e+00 1.166816212950915421e+00 3.268836522505540187e-02 8.272886397582678020e-02 1.329028310367290529e-02 0.000000000000000000e+00 1.218901820834501937e+00 1.491341009004879675e-02 6.419144383698709011e+08 1.189961014130803645e+08
2.860000000000000000e+02 1.190000000000010000e+14 0.000000000000000000e+00 9.639803819082448655e-01 4.623049057848724330e-02 1.442179882585098161e-01 1.973289826430145097e-02 0.000000000000000000e+00 1.070166899267367855e+00 4.033368559534000752e-02 1.348679178900862694e+09 3.193728360836681724e+08
2.870000000000000000e+02 1.190000000000010000e+14 0.000000000000000000e+00 1.184644987999306842e+00 4.801697974872881636e-02 1.547831291146958554e-01 3.328698487599909828e-02 0.000000000000000000e+00 1.269207376048163249e+00 7.410240633804957011e-02 1.796288948206249714e+09 4.726506004874832034e+08
2.880000000000000000e+02 1.190000000000010000e+14 1.000000000000000000e+00 1.019656925463697794e+00 3.584267354030423042e-02 6.900825182539788161e-02 1.720684308866596984e-02 0.000000000000000000e+00 1.070704148626310470e+00 3.171522922365271197e-02 5.404139536848943233e+08 7.312378268320007622e+07
2.890000000000000000e+02 1.190000000000010000e+14 0.000000000000000000e+00 1.336103800246380313e+00 1.930687116545960202e-01 3.486133647697043370e-01 1.282355545171722511e-01 0.000000000000000000e+00 1.044001890524406395e+00 1.122741018610017155e-01 1.323246330344312429e+09 2.910266932524046898e+08
2.900000000000000000e+02 1.190000000000010000e+14 0.000000000000000000e+00 1.109538273074180514e+00 9.412879013508514137e-02 1.745380615486830100e-01 1.839287883009351615e-02 0.000000000000000000e+00 1.244627314942425622e+00 9.254207151190813052e-02 1.254672278556170225e+09 2.970581220159763098e+08
2.910000000000000000e+02 1.190000000000010000e+14 0.000000000000000000e+00 1.694500450541625902e+00 4.461108399313624268e-02 1.795692555754179465e-01 4.228839517468399589e-02 0.000000000000000000e+00 1.705615945197357819e+00 4.253379509093106053e-02 1.951456994424368620e+09 5.423097418146698475e+08
2.920000000000000000e+02 1.190000000000010000e+14 0.000000000000000000e+00 1.728664514030183508e+00 1.703945145494032698e-01 2.550162203654017246e-01 6.942756842348335455e-02 0.000000000000000000e+00 1.713464838255521316e+00 2.114569748984582442e-01 2.752318866837022781e+09 9.037838079634983540e+08
2.930000000000000000e+02 1.190000000000010000e+14 1.000000000000000000e+00 1.131168780884255209e+00 2.425779210327473623e-02 7.502483340534535361e-02 1.096069907501300705e-02 0.000000000000000000e+00 1.132396717579637890e+00 3.048522250950889967e-02 6.235194278568111658e+08 1.510709596902137995e+08
2.940000000000000000e+02 1.190000000000010000e+14 0.000000000000000000e+00 1.107287120194798691e+00 3.289302827594835221e-02 1.212105468064915287e-01 3.522333137130066738e-02 0.000000000000000000e+00 1.205716614888561411e+00 2.121162893841659070e-02 4.598607556318281889e+08 7.349011545418716967e+07
2.950000000000000000e+02 1.190000000000010000e+14 1.000000000000000000e+00 1.112034544186784268e+00 1.872804140156572594e-02 8.640578840976362307e-02 1.703690884210037892e-02 0.000000000000000000e+00 1.058383408857270558e+00 3.288880066364353871e-02 7.992906181774837971e+08 2.365078314658790529e+08
2.960000000000000000e+02 1.190000000000010000e+14 0.000000000000000000e+00 1.151674459267112205e+00 5.732255392483470019e-02 7.498628314647000359e-02 6.886642879536599045e-03 0.000000000000000000e+00 1.229632315630309503e+00 5.262203940432583216e-02 5.307157960435518026e+08 6.139736324986123294e+07
2.970000000000000000e+02 1.190000000000010000e+14 1.000000000000000000e+00 9.725741999276790173e-01 8.545940585103856124e-03 5.329272405903133503e-02 8.929140155646995633e-03 0.000000000000000000e+00 1.047981992874017942e+00 9.445352610386297670e-03 3.612058346575286984e+08 4.167314410173166543e+07
2.980000000000000000e+02 1.190000000000010000e+14 0.000000000000000000e+00 1.077984188274207167e+00 4.454101678959995064e-02 8.617256537406195460e-02 1.117694926977878464e-02 0.000000000000000000e+00 1.219473456663852096e+00 2.567055339681661302e-02 4.663414732719845176e+08 4.268495593770103902e+07
2.990000000000000000e+02 1.190000000000010000e+14 1.000000000000000000e+00 1.076563205839747184e+00 1.950341966803784133e-02 5.838491435943549829e-02 7.417137276913560520e-03 0.000000000000000000e+00 1.120454384368637646e+00 1.955238060638620975e-02 5.023711435920026302e+08 1.048187258772864193e+08
3.000000000000000000e+02 1.190000000000030000e+14 0.000000000000000000e+00 8.044701825594279265e-01 9.818686577664979820e-02 9.094582755156793707e-02 1.268848971136928017e-02 0.000000000000000000e+00 1.246840605101900756e+00 3.203916254730243551e-02 6.925958533774092197e+08 1.390437380555827320e+08
3.010000000000000000e+02 1.190000000000010000e+14 1.000000000000000000e+00 1.013068251524493091e+00 4.935460738451102371e-03 8.709869161519609437e-02 1.105840967254772579e-02 0.000000000000000000e+00 1.162226746417214240e+00 1.135174968832884657e-02 5.341499865727597475e+08 1.201795493587896675e+08
3.020000000000000000e+02 1.190000000000010000e+14 0.000000000000000000e+00 1.382239991600547002e+00 5.314663655906687323e-02 1.484646038560280268e-01 2.403103411145303750e-02 0.000000000000000000e+00 1.631296356273188364e+00 5.063562430273836623e-02 1.375763004546714544e+09 3.433714170257235765e+08
3.030000000000000000e+02 1.190000000000010000e+14 0.000000000000000000e+00 1.087750382964205009e+00 8.610632544294465063e-02 1.639783514032131517e-01 8.145480219870658567e-02 0.000000000000000000e+00 1.265115256812366029e+00 8.793780769663284147e-02 1.664487549275473356e+09 1.298455357268085003e+09
3.040000000000000000e+02 1.190000000000020000e+14 0.000000000000000000e+00 9.859019438470106866e-01 4.872588025941208822e-02 7.900367507407125844e-02 8.849264985185748000e-03 0.000000000000000000e+00 1.393767881679909504e+00 4.509155644301634375e-02 6.135571333237589598e+08 1.391285417369858623e+08
3.050000000000000000e+02 1.190000000000010000e+14 1.000000000000000000e+00 1.126034397546934684e+00 2.973306975427550403e-02 5.700989235817261608e-02 6.835656912090032691e-03 0.000000000000000000e+00 1.103650181711205658e+00 3.833476403676524397e-02 5.433604634784474373e+08 8.694566738224542141e+07
3.060000000000000000e+02 1.190000000000010000e+14 0.000000000000000000e+00 1.186690974897503414e+00 7.448330080321810369e-03 7.368997229933281490e-02 7.439019100645100600e-03 0.000000000000000000e+00 1.146606892113366305e+00 2.070174884743022914e-02 5.999001141006026268e+08 9.874583388452175260e+07
3.070000000000000000e+02 1.190000000000010000e+14 0.000000000000000000e+00 1.169172113110747091e+00 1.051493078860334940e-01 2.057618618214293593e-01 3.425345981252238964e-02 0.000000000000000000e+00 1.346536490288036791e+00 9.599708768011144810e-02 2.059233513409877539e+09 5.613404160552033186e+08
3.080000000000000000e+02 1.190000000000010000e+14 0.000000000000000000e+00 1.177966430053315028e+00 1.685444781579237272e-02 9.497349904142037003e-02 1.944992810652737200e-02 0.000000000000000000e+00 1.122355612551962700e+00 4.411380427954312428e-02 7.501379300652736425e+08 2.852966052323832512e+08
3.090000000000000000e+02 1.190000000000020000e+14 0.000000000000000000e+00 1.157711181808635414e+00 1.092132004852571815e-02 9.931067116932806860e-02 2.012873908319129726e-02 0.000000000000000000e+00 1.041054066779352416e+00 2.855611332376295844e-02 6.121947650447734594e+08 6.250577675116670132e+07
3.100000000000000000e+02 1.190000000000010000e+14 0.000000000000000000e+00 1.063926137183748288e+00 5.159996423036875696e-02 1.536706496273755052e-01 5.070501950233669008e-02 0.000000000000000000e+00 1.317928523642159622e+00 6.696255419653328322e-02 1.750960467178603411e+09 8.066295268425602913e+08
3.110000000000000000e+02 1.190000000000010000e+14 0.000000000000000000e+00 1.076430076539198311e+00 1.627343464542918838e-01 1.843879108967179936e-01 9.909550528683529202e-02 0.000000000000000000e+00 1.040797686570113845e+00 1.291113848019795896e-01 2.352882879189201355e+09 1.649599240952088833e+09
3.120000000000000000e+02 1.190000000000010000e+14 0.000000000000000000e+00 9.566190192747582310e-01 2.138827947479731220e-02 1.438074764035416342e-01 5.828212020301392488e-02 0.000000000000000000e+00 1.195983994617756396e+00 3.463504236709170209e-02 4.545400715640205741e+08 7.401774668233345449e+07
3.130000000000000000e+02 1.190000000000010000e+14 0.000000000000000000e+00 1.132134973798738953e+00 1.949190834986908039e-01 1.897958305302211157e-01 1.025204568328009491e-01 0.000000000000000000e+00 1.152789276571555055e+00 1.976137102281054492e-01 2.151518294868023396e+09 1.603059747667036057e+09
3.140000000000000000e+02 1.190000000000010000e+14 0.000000000000000000e+00 9.620729652927134667e-01 6.542667166660399991e-02 1.618973708671332667e-01 7.654625589363633908e-02 0.000000000000000000e+00 1.193196110719492609e+00 3.810047656131129723e-02 4.798414117215819955e+08 9.110604269900372624e+07
3.150000000000000000e+02 1.190000000000010000e+14 0.000000000000000000e+00 1.140746447647728479e+00 2.110868757214572344e-01 2.397138299203700473e-01 1.410809711895910645e-01 0.000000000000000000e+00 1.117142827630089874e+00 2.111138731532357926e-01 3.103271976321177006e+09 2.269925773852105141e+09
3.160000000000000000e+02 1.190000000000010000e+14 0.000000000000000000e+00 1.188171184825251414e+00 8.970988985512347302e-02 9.004873458227848071e-02 1.820681856540084381e-02 0.000000000000000000e+00 1.155454465928333230e+00 7.467487230810319898e-02 7.578061247063595057e+08 2.921052687805930376e+08
3.170000000000000000e+02 1.190000000000010000e+14 0.000000000000000000e+00 8.102602341521811802e-01 1.192849770556275585e-01 2.650873647235034158e-01 1.814044347233449150e-01 0.000000000000000000e+00 1.182354893114867522e+00 2.559014157569430500e-02 6.946625958963479996e+08 9.148923116126245260e+07
3.180000000000000000e+02 1.190000000000010000e+14 0.000000000000000000e+00 1.091178778722140974e+00 1.801511423318926663e-01 1.715435060934331346e-01 4.920343520841128498e-02 0.000000000000000000e+00 1.031751450245391499e+00 1.507638958404448892e-01 2.020728581914161921e+09 8.416903961344873905e+08
3.190000000000000000e+02 1.190000000000010000e+14 0.000000000000000000e+00 1.312777322931889756e+00 8.546463199238392427e-02 1.209099670944070171e-01 6.461305999365830888e-02 0.000000000000000000e+00 1.283204612235995468e+00 1.167742401381755835e-01 1.256459638581832409e+09 8.357869838582421541e+08
3.200000000000000000e+02 1.190000000000010000e+14 0.000000000000000000e+00 1.100976256359025296e+00 1.199636101768435520e-01 1.128482400620607895e-01 2.376635940494660829e-02 0.000000000000000000e+00 9.541144224069737501e-01 1.147693935930684112e-01 1.289371227416940451e+09 3.290449842497376800e+08
3.210000000000000000e+02 1.190000000000010000e+14 0.000000000000000000e+00 7.340093474731236300e-01 6.309183141204366407e-02 2.161124323296223504e-01 1.073027063540184928e-01 0.000000000000000000e+00 9.129003293008112196e-01 4.585370448995962356e-02 7.053932188777517080e+08 1.324295753241008371e+08
3.220000000000000000e+02 1.190000000000010000e+14 0.000000000000000000e+00 9.680128331508824902e-01 3.278832168048655821e-02 1.445921802985145055e-01 3.322542407158916161e-02 0.000000000000000000e+00 9.667912834025882418e-01 1.921564954740317271e-02 1.008360171783395529e+09 4.417037198798740506e+08
3.230000000000000000e+02 1.190000000000010000e+14 0.000000000000000000e+00 1.375832165022255582e+00 4.448579598286873937e-02 1.756767473131492785e-01 5.925390071528251201e-02 0.000000000000000000e+00 1.262155377488564323e+00 7.674429920617577283e-02 1.419548283411171198e+09 7.865951821656816006e+08
3.240000000000000000e+02 1.190000000000010000e+14 1.000000000000000000e+00 1.133139040419963051e+00 2.091714909766760264e-02 4.547132438252532438e-02 2.477725970451098454e-03 0.000000000000000000e+00 1.248269112702624195e+00 2.325002406594893142e-02 3.776478002738649249e+08 2.794191142818761617e+07
