# rID[0] Hid[1]   R200: DS[2], eta[3], detla[4], fm[5], fm2[6];   R500: DS[7], eta[8], detla[9], fm[10], fm2[11]
1.000000000000000000e+00 7.300000000000100000e+13 0.000000000000000000e+00 1.054132847936758210e+00 7.418441842738376923e-02 1.539772131837466584e-01 5.291887362606113865e-02 0.000000000000000000e+00 1.046480168429611002e+00 6.774300190558438239e-02 1.823323207162743568e+09 7.903091232787575722e+08
2.000000000000000000e+00 7.300000000000200000e+13 0.000000000000000000e+00 9.474103226338059791e-01 8.342029180954278755e-02 1.278495500947009755e-01 2.696648250906164349e-02 0.000000000000000000e+00 1.158511739923435480e+00 3.546774555641608179e-02 9.240112166056228876e+08 3.762415074467721581e+08
3.000000000000000000e+00 7.300000000000400000e+13 0.000000000000000000e+00 1.470257650905346436e+00 7.048872140205904302e-02 9.519037854240836038e-02 5.742117698674210208e-02 0.000000000000000000e+00 1.438859347038296876e+00 9.710695152784680484e-02 1.315721337131497622e+09 8.302774588351604939e+08
4.000000000000000000e+00 7.300000000000400000e+13 0.000000000000000000e+00 8.255170780097152994e-01 1.225317410158948961e-01 3.357970052746318546e-01 2.025097756180513908e-01 0.000000000000000000e+00 1.436661705361472308e+00 8.671713477105881529e-02 1.505210083134972334e+09 5.163509305472635031e+08
5.000000000000000000e+00 7.300000000001000000e+13 0.000000000000000000e+00 1.128202872555132963e+00 3.308570608410265484e-02 1.452926560212183249e-01 5.429497246157297813e-02 0.000000000000000000e+00 1.370369976211469387e+00 5.383565118161805912e-02 1.719399788471629381e+09 9.403222065990324020e+08
6.000000000000000000e+00 7.300000000000100000e+13 0.000000000000000000e+00 1.756369367670677750e+00 2.902014348948513123e-02 9.777222679074379363e-02 1.268778542911062034e-02 0.000000000000000000e+00 1.658730201506847024e+00 4.987231684328843895e-02 1.113822477347414255e+09 1.689384213609079123e+08
7.000000000000000000e+00 7.300000000000100000e+13 0.000000000000000000e+00 1.065348382713362074e+00 6.569233832869417200e-02 2.326441291952000556e-01 6.314570412487766071e-02 0.000000000000000000e+00 8.363378284945163221e-01 5.829626878683000224e-02 1.754010813387985468e+09 6.723590724120301008e+08
8.000000000000000000e+00 7.300000000004000000e+13 0.000000000000000000e+00 1.046022168440566613e+00 2.649360702504243714e-01 1.903213764202607849e-01 1.109837227659893205e-01 0.000000000000000000e+00 1.411656741913321689e+00 1.887893923843410315e-01 2.090610171327570975e+08 1.226176281647249162e+08
9.000000000000000000e+00 7.300000000000100000e+13 0.000000000000000000e+00 1.068710808201982276e+00 3.563496720895748676e-02 2.449959233520466184e-01 9.188179887861561146e-02 0.000000000000000000e+00 1.234436034430497875e+00 5.378405790870768866e-02 1.549261227601979733e+09 2.212881051146510243e+08
1.000000000000000000e+01 7.300000000000100000e+13 0.000000000000000000e+00 1.364010403837433660e+00 2.764039487361931793e-02 1.001794805617124973e-01 1.213451123013840893e-02 0.000000000000000000e+00 1.602362210585711599e+00 7.013857053182434576e-02 1.053929068063950062e+09 1.924281338971919119e+08
1.100000000000000000e+01 7.300000000000100000e+13 0.000000000000000000e+00 1.313740212818926167e+00 9.399652317757495323e-02 1.667800212299579976e-01 6.075101934455378466e-02 0.000000000000000000e+00 1.110451414774555445e+00 1.288421115618035850e-01 2.101458882335114717e+09 7.931583728491750956e+08
1.200000000000000000e+01 7.300000000000300000e+13 0.000000000000000000e+00 1.531192495545706356e+00 7.057840258682374079e-02 1.402778205148751678e-01 5.435464311852599567e-02 0.000000000000000000e+00 1.550263428083637596e+00 1.260316275611102765e-01 1.475255548714381218e+09 7.306345695600159168e+08
1.300000000000000000e+01 7.300000000003300000e+13 0.000000000000000000e+00 1.131310314948678952e+00 1.671204362069739213e-01 2.847918155156810571e-01 1.156392965934272821e-01 0.000000000000000000e+00 1.234136102641633315e+00 1.866973865158298163e-01 1.624872296452428102e+09 1.421659744703737497e+09
1.400000000000000000e+01 7.300000000001300000e+13 0.000000000000000000e+00 9.885500693842332876e-01 2.508836074620858780e-01 3.395077517493746977e-01 1.211707590842587140e-01 0.000000000000000000e+00 1.071125698638484725e+00 9.787445602441723069e-02 2.213961774104969501e+09 1.486544869738862514e+09
1.500000000000000000e+01 7.300000000000200000e+13 0.000000000000000000e+00 1.167751559669333528e+00 5.604419404891370499e-02 6.558684061963689083e-02 9.171794553337548131e-03 0.000000000000000000e+00 1.343635653903756166e+00 8.913509280580340921e-02 5.817257826454014778e+08 1.313237521890295297e+08
1.600000000000000000e+01 7.300000000000100000e+13 0.000000000000000000e+00 1.131830051829471051e+00 1.290590903506378395e-01 1.293401631634621129e-01 6.930428059873119939e-02 0.000000000000000000e+00 1.294098361205598291e+00 8.400745738449115485e-02 1.625732647187045336e+09 9.541661442003328800e+08
1.700000000000000000e+01 7.300000000000100000e+13 0.000000000000000000e+00 1.150075384042054116e+00 1.644665966466133666e-01 2.425030027387753695e-01 1.201732492285576132e-01 0.000000000000000000e+00 9.393372953129497382e-01 1.691788742644701193e-01 1.707693600704925299e+09 1.206238670481652021e+09
1.800000000000000000e+01 7.300000000000300000e+13 0.000000000000000000e+00 1.257590683811261378e+00 2.199119689755978102e-01 2.367805073457016629e-01 1.525291442471310710e-01 0.000000000000000000e+00 1.439889977854454495e+00 2.271807511810547409e-01 8.632995880389249325e+08 4.625916303499325514e+08
1.900000000000000000e+01 7.300000000000100000e+13 0.000000000000000000e+00 1.159211477563447001e+00 6.541941302817083637e-02 9.186209228915277747e-02 1.111125033992566881e-02 0.000000000000000000e+00 1.208788253730256557e+00 6.155086692461563674e-02 6.182171330125483274e+08 1.120079474399856329e+08
2.000000000000000000e+01 7.300000000002300000e+13 0.000000000000000000e+00 1.439913004128662966e+00 1.078810440880167004e-01 1.732036531447891381e-01 6.516532899471987050e-02 0.000000000000000000e+00 1.352085438923718685e+00 1.141702697810568767e-01 2.213675492078680515e+09 9.514981247107506990e+08
2.100000000000000000e+01 7.300000000000100000e+13 0.000000000000000000e+00 1.051143005028386312e+00 1.083884868563041864e-01 2.875367801114978028e-01 9.182913805200236534e-02 0.000000000000000000e+00 8.432565446435211776e-01 8.527494186924154673e-02 2.611766870986788273e+09 8.261691344344878197e+08
2.200000000000000000e+01 7.300000000000100000e+13 0.000000000000000000e+00 1.555447770677747199e+00 6.463405887958167950e-02 1.719380672627289497e-01 3.377809424146722278e-02 0.000000000000000000e+00 1.510415474212323028e+00 1.017548340369453935e-01 1.900312766131566525e+09 3.799883778109273314e+08
2.300000000000000000e+01 7.300000000000700000e+13 0.000000000000000000e+00 1.023170636218606155e+00 2.087412757779196770e-01 2.406489186541636016e-01 8.148950337767998930e-02 0.000000000000000000e+00 8.449831763418181874e-01 2.073743175242495906e-01 2.462172548353327751e+09 1.281795442763639688e+09
2.400000000000000000e+01 7.300000000000500000e+13 0.000000000000000000e+00 1.163458503127359656e+00 4.149077218130420991e-02 1.250876811824035151e-01 5.832550984807637756e-02 0.000000000000000000e+00 1.234813343036390343e+00 6.739138282881683428e-02 1.457726575027750492e+09 8.180055382995582819e+08
2.500000000000000000e+01 7.300000000004000000e+13 0.000000000000000000e+00 2.466872942790318213e+00 7.682865702941690800e-02 2.826467281772879203e-01 1.547099775569354685e-01 0.000000000000000000e+00 2.466872942790318213e+00 7.685479209677141543e-02 2.417879061972330570e+09 1.323454256220829010e+09
2.600000000000000000e+01 7.300000000000300000e+13 0.000000000000000000e+00 1.301688825255697068e+00 8.249444858279209036e-02 2.066991137840974158e-01 5.111196305893386804e-02 0.000000000000000000e+00 1.465001034753541376e+00 7.034091649442238137e-02 2.008129419171430588e+09 9.277036593451248407e+08
2.700000000000000000e+01 7.300000000000100000e+13 0.000000000000000000e+00 1.600498062321307646e+00 1.396943475345767682e-01 1.831473043217541341e-01 6.150539526728653061e-02 0.000000000000000000e+00 1.522652503001634461e+00 1.794255349605877459e-01 2.228499799352039814e+09 8.331689847026975155e+08
2.800000000000000000e+01 7.300000000000200000e+13 0.000000000000000000e+00 1.320148225948384324e+00 3.299240290639290363e-01 4.560953415288353519e-01 2.266125206101061162e-01 0.000000000000000000e+00 2.683548973261171144e-01 3.393370813485659387e-01 4.501729770529000282e+09 1.828153993824082851e+09
2.900000000000000000e+01 7.300000000000100000e+13 0.000000000000000000e+00 1.338807798352300571e+00 5.270480788269499978e-02 1.200560861536897755e-01 4.570191512249386495e-02 0.000000000000000000e+00 1.453645522650178323e+00 7.902717733372323361e-02 1.315700470647143126e+09 5.669064000186059475e+08
3.000000000000000000e+01 7.300000000000100000e+13 0.000000000000000000e+00 1.260565569058395452e+00 8.858896917682404504e-02 1.075572311270110021e-01 1.766184577386787496e-02 0.000000000000000000e+00 1.322440693773450526e+00 1.051090639752959160e-01 1.168763660532967091e+09 2.450340216783843935e+08
3.100000000000000000e+01 7.300000000000100000e+13 0.000000000000000000e+00 1.220589044435776760e+00 2.434591054508409846e-01 3.400189552395134762e-01 1.871274323628928371e-01 0.000000000000000000e+00 1.631715096741877868e+00 1.595514234339285020e-01 9.821302674163420200e+08 2.243173640821237266e+08
3.200000000000000000e+01 7.300000000000100000e+13 0.000000000000000000e+00 1.204719602701217696e+00 4.471209765858834284e-02 9.229673746754642194e-02 1.069819503009010117e-02 0.000000000000000000e+00 1.409323876188683267e+00 3.488126631713033693e-02 6.132985856894972324e+08 1.382466862385513484e+08
3.300000000000000000e+01 7.300000000000100000e+13 0.000000000000000000e+00 1.419299420986588789e+00 1.011183728124154385e-01 1.099858034383202898e-01 3.003673679685618311e-02 0.000000000000000000e+00 1.596717478098870213e+00 1.010722289046076111e-01 1.230223112544540644e+09 3.895425323762062788e+08
3.400000000000000000e+01 7.300000000000100000e+13 0.000000000000000000e+00 1.185279492755940911e+00 5.772217349600260866e-02 1.455950044078754002e-01 3.306494269761974664e-02 0.000000000000000000e+00 1.270031679473338393e+00 1.005860058926472261e-01 1.120726412385089874e+09 3.581994727163664103e+08
3.500000000000000000e+01 7.300000000000100000e+13 0.000000000000000000e+00 1.167910139310284201e+00 1.065114977354741505e-01 1.151572851920615315e-01 2.373106388212999421e-02 0.000000000000000000e+00 1.174535058188562076e+00 8.459135433891044886e-02 1.475043617844438076e+09 3.437321860782498717e+08
3.600000000000000000e+01 7.300000000000200000e+13 0.000000000000000000e+00 1.008366745926168928e+00 4.838025138133542069e-02 6.438087896977549851e-02 2.663696221276145790e-02 0.000000000000000000e+00 1.117084314497017505e+00 3.945405448914991731e-02 6.584000122898632288e+08 4.099293977414395809e+08
3.700000000000000000e+01 7.300000000000100000e+13 1.000000000000000000e+00 1.096525041725725069e+00 3.247741530857085196e-02 7.659141572679233068e-02 1.448789336698477759e-02 0.000000000000000000e+00 1.104986828793745879e+00 5.388161517013558693e-02 8.219732657972958088e+08 2.360205433825311065e+08
3.800000000000000000e+01 7.300000000000100000e+13 1.000000000000000000e+00 1.102924758316237819e+00 1.385703516468445202e-02 4.963739574082780270e-02 7.591838037692919157e-03 0.000000000000000000e+00 1.186105511973776006e+00 2.435127762703001575e-02 3.359724053348535299e+08 4.232501681592520326e+07
3.900000000000000000e+01 7.300000000000100000e+13 0.000000000000000000e+00 1.096450653095285332e+00 3.088093308686987518e-02 1.036268727519050192e-01 2.054071638435294930e-02 0.000000000000000000e+00 1.303770448970098528e+00 1.454906874617815753e-02 7.406687480611765385e+08 2.163238574920983613e+08
4.000000000000000000e+01 7.300000000004300000e+13 0.000000000000000000e+00 1.180905834781869723e+00 1.661299938899149509e-01 2.614143864605932288e-01 1.006242186755464396e-01 0.000000000000000000e+00 1.019187580971257834e+00 1.652092813106339764e-01 3.678778705394432545e+09 1.416043844879802465e+09
4.100000000000000000e+01 7.300000000000100000e+13 0.000000000000000000e+00 1.427853991572432646e+00 1.245696135751992728e-01 2.165350997816100631e-01 2.972710670984260797e-02 0.000000000000000000e+00 1.439829360427145932e+00 1.797072841380170372e-01 2.280294594061142445e+09 3.462466543883150816e+08
4.200000000000000000e+01 7.300000000000400000e+13 0.000000000000000000e+00 1.115723852774171521e+00 5.564627624257565547e-02 1.522835252053242605e-01 4.574348626451429922e-02 0.000000000000000000e+00 1.278202691620125453e+00 9.268325530811495627e-02 1.457831307106109858e+09 6.955113699403516054e+08
4.300000000000000000e+01 7.300000000000100000e+13 0.000000000000000000e+00 1.062043893042396103e+00 1.630693183744099384e-01 8.213082722254264056e-02 2.603238032462717316e-02 0.000000000000000000e+00 1.289136190025389928e+00 9.258364421754201878e-02 1.172280280408790112e+09 4.185539503726854324e+08
4.400000000000000000e+01 7.300000000000300000e+13 0.000000000000000000e+00 1.224015106073498727e+00 4.092320289784587978e-02 9.422259329913515447e-02 3.104164642223324749e-02 0.000000000000000000e+00 1.271452925909966059e+00 2.121232494686897327e-02 6.990417428792798519e+08 1.720066973888354003e+08
4.500000000000000000e+01 7.300000000000100000e+13 0.000000000000000000e+00 1.527524491011639673e+00 1.946504166590747043e-01 2.234927877765955639e-01 1.167945573569457718e-01 0.000000000000000000e+00 1.061645306677062139e+00 2.588017010780944704e-01 1.938528707973937035e+09 1.659748807752267361e+09
4.600000000000000000e+01 7.300000000000100000e+13 0.000000000000000000e+00 1.433076990197379441e+00 8.892140468770898254e-02 1.257659020577405751e-01 1.977200678153676755e-02 0.000000000000000000e+00 1.319419500138931278e+00 1.055868134745367726e-01 1.406932756943991661e+09 2.464862853277701735e+08
4.700000000000000000e+01 7.300000000000900000e+13 0.000000000000000000e+00 2.048308011868610112e+00 4.290009117459907956e-02 2.865571013711815107e-01 9.340271850570622258e-02 0.000000000000000000e+00 2.166686606489270250e+00 1.180380678299978725e-01 2.207031128150610924e+09 1.257577246814530373e+09
4.800000000000000000e+01 7.300000000000100000e+13 0.000000000000000000e+00 1.301828072382083645e+00 8.392497050755923227e-02 7.382702727741526083e-02 4.439204559406902117e-02 0.000000000000000000e+00 1.140041094037602010e+00 1.006713987605378086e-01 8.261918094218033552e+08 5.695229077302021980e+08
4.900000000000000000e+01 7.300000000000400000e+13 0.000000000000000000e+00 1.225968396113572778e+00 1.654892110366119606e-01 1.220815541589648778e-01 2.478950092421441931e-02 0.000000000000000000e+00 1.377274300157206088e+00 1.020756492772533636e-01 1.119881968406825781e+09 3.134034288087471128e+08
5.000000000000000000e+01 7.300000000000400000e+13 0.000000000000000000e+00 1.226768785558368657e+00 1.626899556791149559e-01 2.593580377772643497e-01 7.875606515711644495e-02 0.000000000000000000e+00 1.186518384557857964e+00 1.388006698693015073e-01 2.289333070505083561e+09 1.283784726797413111e+09
5.100000000000000000e+01 7.300000000000400000e+13 0.000000000000000000e+00 1.279674796800752246e+00 6.464138845208504403e-02 1.810769719368548469e-01 9.227472600236905076e-02 0.000000000000000000e+00 1.372066972569406351e+00 3.742806890721052382e-02 9.647902352310506105e+08 2.330428480418939590e+08
5.200000000000000000e+01 7.300000000000100000e+13 0.000000000000000000e+00 1.282667564739085053e+00 3.362204645773674699e-02 4.183750905530879416e-02 1.292340554122804394e-02 0.000000000000000000e+00 1.314744151322241095e+00 2.448009815340718154e-02 5.553883827618459463e+08 1.887360748415598869e+08
5.300000000000000000e+01 7.300000000007900000e+13 0.000000000000000000e+00 1.216515547933942898e+00 9.642066760925656344e-02 2.286468116658428029e-01 1.209237518536826483e-01 0.000000000000000000e+00 9.268321277960905880e-01 1.732856564995724213e-01 1.872017966684069872e+09 1.872017966684069872e+09
5.400000000000000000e+01 7.300000000000200000e+13 0.000000000000000000e+00 1.233142566935477857e+00 9.049432329367498862e-02 2.494367033106355547e-01 1.277529199837294516e-01 0.000000000000000000e+00 1.271681512125752533e+00 2.822572310368806278e-02 1.264219372760443449e+09 4.910589733235839009e+08
5.500000000000000000e+01 7.300000000000100000e+13 0.000000000000000000e+00 1.040054156890038328e+00 3.125799766920581146e-02 1.070309129577098894e-01 2.486851366823453202e-02 0.000000000000000000e+00 1.239295499805488143e+00 3.971145642097945183e-02 1.102970390690511227e+09 3.749925687617524266e+08
5.600000000000000000e+01 7.300000000000100000e+13 0.000000000000000000e+00 1.271125672854492628e+00 6.177956009981834529e-02 1.089934556129547455e-01 1.809675076029007915e-02 0.000000000000000000e+00 1.275631219626528257e+00 7.476229517654617296e-02 9.998934503570966721e+08 2.321450619307180345e+08
5.700000000000000000e+01 7.300000000001000000e+13 0.000000000000000000e+00 1.056914780185124192e+00 5.612722173247991497e-02 6.914007168290541017e-02 2.908186871768737164e-02 0.000000000000000000e+00 1.371638819092480643e+00 6.474888746062593126e-02 9.650578898686982393e+08 4.472818974324433804e+08
5.800000000000000000e+01 7.300000000000200000e+13 0.000000000000000000e+00 1.191008760151818224e+00 5.724532193592447166e-02 8.948078722960613185e-02 1.883261213969875461e-02 0.000000000000000000e+00 1.359077094242575390e+00 6.523671515566673018e-02 9.792795751381411552e+08 2.097703884606681168e+08
5.900000000000000000e+01 7.300000000000100000e+13 0.000000000000000000e+00 1.239294408422217497e+00 2.972381309541917080e-02 1.267837104471418175e-01 4.872663139329806020e-02 0.000000000000000000e+00 1.370169888955700133e+00 5.604202565296552419e-02 1.698096957423268795e+09 7.418671752834457159e+08
6.000000000000000000e+01 7.300000000000100000e+13 0.000000000000000000e+00 1.114960804645419801e+00 8.271768815815594422e-02 6.739367003867896555e-02 1.500258961728762400e-02 0.000000000000000000e+00 1.433573188339548610e+00 6.348265638325746585e-02 3.729229561530169845e+08 1.607336352413259745e+08
6.100000000000000000e+01 7.300000000000600000e+13 0.000000000000000000e+00 1.016078763393811535e+00 4.176474013836945637e-02 2.829512590158127505e-01 1.062699873065228728e-01 0.000000000000000000e+00 1.333441450967834063e+00 9.656488782446341623e-02 2.111866573615144730e+09 8.513702570435470343e+08
6.200000000000000000e+01 7.300000000003400000e+13 0.000000000000000000e+00 1.280679679093500223e+00 6.851600212838303283e-02 3.684505700055696470e-02 3.140655031534620584e-02 0.000000000000000000e+00 1.432074369210463383e+00 4.275497393193779250e-02 8.554686425470905006e+07 8.554686425470905006e+07
6.300000000000000000e+01 7.300000000000100000e+13 0.000000000000000000e+00 1.291448728536140900e+00 4.834186270960339621e-02 8.746611758768357836e-02 2.269341854759323110e-02 0.000000000000000000e+00 1.292746954809219417e+00 4.245606878826539005e-02 5.253690649214073420e+08 8.463679026335476339e+07
6.400000000000000000e+01 7.300000000000300000e+13 0.000000000000000000e+00 1.158368632722920566e+00 3.588738195879089682e-02 1.314474737915815039e-01 3.373546077560629630e-02 0.000000000000000000e+00 1.179849584672132412e+00 2.358938603129208042e-02 1.516165636235248089e+09 5.347691896193210483e+08
6.500000000000000000e+01 7.300000000000100000e+13 0.000000000000000000e+00 1.255775942486782482e+00 4.735913785372643237e-02 1.082277327238035797e-01 1.053654538065378239e-02 0.000000000000000000e+00 1.490449396278044514e+00 4.358914436607590898e-02 1.137387026849275112e+09 1.413770732886545062e+08
6.600000000000000000e+01 7.300000000000400000e+13 0.000000000000000000e+00 1.401809816239009354e+00 5.893491436382956861e-02 1.966953538114193933e-01 5.864624799477155537e-02 0.000000000000000000e+00 1.127266039260165664e+00 1.120026967442485782e-01 2.396205291630287647e+09 7.594759604942407608e+08
6.700000000000000000e+01 7.300000000000100000e+13 0.000000000000000000e+00 8.057932379465330142e-01 1.978273324699000024e-01 4.123466918903079259e-01 3.001067469751945715e-01 0.000000000000000000e+00 1.220225370817697552e+00 1.253744816826888597e-01 1.002456402288974643e+09 3.261729582690195441e+08
6.800000000000000000e+01 7.300000000000100000e+13 0.000000000000000000e+00 1.207220049073178814e+00 8.366388290851131671e-02 1.460459523986866737e-01 4.201420832570040148e-02 0.000000000000000000e+00 1.151066716397136425e+00 1.153184952092447257e-01 1.559803557630639315e+09 5.442912633289666176e+08
6.900000000000000000e+01 7.300000000000400000e+13 0.000000000000000000e+00 9.671803405955550215e-01 4.021590013443087502e-02 1.035105770831450667e-01 5.217815236364847092e-02 0.000000000000000000e+00 1.171062085975859146e+00 9.094505853196539757e-02 1.017229161835400224e+09 8.957082087808783054e+08
7.000000000000000000e+01 7.300000000000100000e+13 0.000000000000000000e+00 1.172404502606515075e+00 8.606839296105422976e-02 1.370732002215964140e-01 4.426873182216887331e-02 0.000000000000000000e+00 1.215506845033932581e+00 6.973037881312005304e-02 1.190766179536945820e+09 6.031718253669950962e+08
7.100000000000000000e+01 7.300000000000100000e+13 0.000000000000000000e+00 1.252951129151297582e+00 7.323957949094335451e-02 2.197370309552092726e-01 3.877486848278546838e-02 0.000000000000000000e+00 1.105657911353701284e+00 6.394902943879805790e-02 2.213765870048054695e+09 4.982916791778810620e+08
7.200000000000000000e+01 7.300000000000400000e+13 0.000000000000000000e+00 1.157826142582059292e+00 4.474213400445756217e-02 2.874316202011868021e-02 1.765642161402374705e-02 0.000000000000000000e+00 1.209024767896814012e+00 7.282488034643622155e-02 3.568564819200967550e+08 2.470454584704983532e+08
7.300000000000000000e+01 7.300000000000100000e+13 0.000000000000000000e+00 1.084635037499598109e+00 7.697889387605695577e-02 1.633743131969573881e-01 4.960991486174264747e-02 0.000000000000000000e+00 1.003528833504580886e+00 5.914861196600123411e-02 1.523664247894958019e+09 4.416659177170848250e+08
7.400000000000000000e+01 7.300000000000200000e+13 1.000000000000000000e+00 1.087655056024691147e+00 3.470433297355052932e-02 2.866196900141322612e-02 8.812336624700959839e-03 0.000000000000000000e+00 1.376884114731873776e+00 1.688851782440217719e-02 2.359228312755139172e+08 6.711106642017036676e+07
7.500000000000000000e+01 7.300000000000100000e+13 0.000000000000000000e+00 1.265100145519243657e+00 8.219117941265687011e-02 6.915100637472346157e-02 2.523247064034221318e-02 0.000000000000000000e+00 1.472776700082402801e+00 8.592666954325869910e-02 8.752126884594995975e+08 3.851480113061004877e+08
7.600000000000000000e+01 7.300000000000100000e+13 0.000000000000000000e+00 1.084982215433764052e+00 1.030340298577667700e-02 1.179895616747248799e-01 2.554372762087895460e-02 0.000000000000000000e+00 1.302352300820983411e+00 4.999272292703453580e-02 8.376864037916630507e+08 3.397110007983087301e+08
7.700000000000000000e+01 7.300000000000100000e+13 0.000000000000000000e+00 1.139647475411424749e+00 5.727589037488044904e-02 1.357683166218391635e-01 3.965882311383833042e-02 0.000000000000000000e+00 1.442726929202134301e+00 6.060326011662110074e-02 1.293612499991975546e+09 5.904319915334870815e+08
7.800000000000000000e+01 7.300000000000300000e+13 0.000000000000000000e+00 1.032897953948225034e+00 1.025561088569802021e-01 2.015213267983096967e-01 7.585392546512297052e-02 0.000000000000000000e+00 1.414115067755674193e+00 9.443843309334364056e-02 1.992987390523691893e+09 1.211866297802028418e+09
7.900000000000000000e+01 7.300000000000200000e+13 0.000000000000000000e+00 9.646004399285565967e-01 1.692004498018172542e-01 3.765269786332190449e-01 1.330510216004738289e-01 0.000000000000000000e+00 9.239745660939228111e-01 1.171316186967827633e-01 2.539045795227950573e+09 1.602174573547290802e+09
8.000000000000000000e+01 7.300000000000700000e+13 1.000000000000000000e+00 1.095403390459440240e+00 1.960106978964915384e-02 5.811700567976187809e-02 2.278622233054884705e-02 0.000000000000000000e+00 1.187284560556117752e+00 3.593403187101215646e-02 4.872969348355839252e+08 1.114295359999561608e+08
8.100000000000000000e+01 7.300000000000100000e+13 0.000000000000000000e+00 1.350809683041791276e+00 4.571647026672866904e-02 1.044581395929163742e-01 5.060679914490812809e-02 0.000000000000000000e+00 1.227160661431394351e+00 5.766409958449159046e-02 1.187397596907519102e+09 7.260266407682868242e+08
8.200000000000000000e+01 7.300000000000200000e+13 0.000000000000000000e+00 1.222575306674928974e+00 1.736902379884507908e-01 1.629856951272269650e-01 2.623270539190624209e-02 0.000000000000000000e+00 1.281684851885501741e+00 2.140535428117479877e-01 1.886265540111310482e+09 4.819910836998032331e+08
8.300000000000000000e+01 7.300000000000100000e+13 0.000000000000000000e+00 8.720417076997943884e-01 9.595602458562663140e-02 3.410246889684613314e-01 1.665279525145972328e-01 0.000000000000000000e+00 1.652560382034021336e+00 1.052012700203570905e-01 1.620203995226255417e+09 5.029143548899225593e+08
8.400000000000000000e+01 7.300000000002300000e+13 0.000000000000000000e+00 1.489546587490252483e+00 2.333369195627849890e-01 2.673079436951908416e-01 1.520889017447148162e-01 0.000000000000000000e+00 1.261084704431111980e+00 2.548484723727801327e-01 4.045521325925062656e+09 2.301760609652375221e+09
8.500000000000000000e+01 7.300000000000200000e+13 0.000000000000000000e+00 1.151758456641364559e+00 3.880934691168829581e-02 1.612866312801747581e-01 2.932151155510414123e-02 0.000000000000000000e+00 1.308260341985521658e+00 2.926697737258638493e-02 1.246587550123511314e+09 4.245978070506248474e+08
8.600000000000000000e+01 7.300000000000300000e+13 0.000000000000000000e+00 1.449355689788822010e+00 7.561933706190741844e-02 3.066030959911213438e-01 1.667280390559344183e-01 0.000000000000000000e+00 2.032251473540704456e+00 1.420115249657804002e-01 1.371868967574782133e+09 1.186863460260134459e+09
8.700000000000000000e+01 7.300000000000100000e+13 0.000000000000000000e+00 1.163800775356112371e+00 6.308961580286090443e-02 8.919417493912717987e-02 2.718053079838626471e-02 0.000000000000000000e+00 1.267521948189010983e+00 5.954148740368692128e-02 7.800256101402744055e+08 3.840636369127547741e+08
8.800000000000000000e+01 7.300000000000200000e+13 0.000000000000000000e+00 1.005156480642778405e+00 6.363979387501156326e-02 8.929485222599059524e-02 2.182192075247625651e-02 0.000000000000000000e+00 1.298436330770391445e+00 3.835198567491416438e-02 7.869653766815457344e+08 3.319981311008657813e+08
8.900000000000000000e+01 7.300000000000200000e+13 0.000000000000000000e+00 8.531618186500888878e-01 2.296385103075408440e-01 3.415646156965731484e-01 2.333813063497480189e-01 0.000000000000000000e+00 1.216018235915808043e+00 6.649010671441270282e-02 2.959166790782581568e+08 1.879170066370773017e+08
9.000000000000000000e+01 7.300000000000400000e+13 0.000000000000000000e+00 1.287315229538631423e+00 8.470356964095158980e-02 1.115492610969799070e-01 1.737904381470999071e-02 0.000000000000000000e+00 1.220452144251420901e+00 9.610093324020850536e-02 1.395245175998775005e+09 2.238367919510104358e+08
9.100000000000000000e+01 7.300000000000800000e+13 0.000000000000000000e+00 1.326397754967265641e+00 9.338592872694372049e-02 1.491026901762980139e-01 7.969394537800372769e-02 0.000000000000000000e+00 1.256232422567968410e+00 1.242475119940457118e-01 1.376959079695868015e+09 1.312855698968923569e+09
9.200000000000000000e+01 7.300000000000100000e+13 0.000000000000000000e+00 1.782800453274135943e+00 3.338778829843477847e-02 1.850610690588524454e-01 3.793975498338146568e-02 0.000000000000000000e+00 1.843208272585859397e+00 2.735379785993493490e-02 1.420481812804102659e+09 2.748701155480715632e+08
9.300000000000000000e+01 7.300000000000100000e+13 0.000000000000000000e+00 1.314920635888347844e+00 2.329062882002522761e-01 3.230877332582212658e-01 1.459376100274628607e-01 0.000000000000000000e+00 8.498156924784672217e-01 2.453861308456499468e-01 2.101691717227146626e+09 6.803727581398130655e+08
9.400000000000000000e+01 7.300000000000600000e+13 0.000000000000000000e+00 1.504923322059298352e+00 2.275932750998820864e-01 3.723511749768415036e-01 3.339086472212108858e-01 0.000000000000000000e+00 1.810842541650996784e+00 4.737548024330348606e-02 4.013892445082027316e+08 2.273820904270487428e+08
9.500000000000000000e+01 7.300000000000100000e+13 0.000000000000000000e+00 1.582002308623461140e+00 8.620859992090469659e-02 1.671142779661017042e-01 3.883068688670829327e-02 0.000000000000000000e+00 1.556114702602555244e+00 1.021661247697236985e-01 1.737630277462884665e+09 4.431260267580159903e+08
9.600000000000000000e+01 7.300000000002300000e+13 0.000000000000000000e+00 8.909835618004874336e-01 2.018447437866618399e-01 2.565561247983410009e-01 2.267551980524812605e-01 0.000000000000000000e+00 1.020899922419746364e+00 6.147116596965419844e-02 1.725320229096718132e+08 1.725320229096718132e+08
9.700000000000000000e+01 7.300000000001100000e+13 0.000000000000000000e+00 9.306800253133018508e-01 4.489159476379996766e-02 2.439962944808450607e-01 1.456102639283000100e-01 0.000000000000000000e+00 1.282769311919676136e+00 5.792166982276843179e-02 1.095077204508424997e+09 6.496784735620275736e+08
9.800000000000000000e+01 7.300000000000300000e+13 0.000000000000000000e+00 1.189494444651226335e+00 6.867384432313515530e-02 9.377593521663064868e-02 2.677588247401461313e-02 0.000000000000000000e+00 1.255325659394321169e+00 4.971781376964041349e-02 4.806309898203974962e+08 1.080967873275814801e+08
9.900000000000000000e+01 7.300000000000200000e+13 0.000000000000000000e+00 1.337255996158544846e+00 7.852104269840098905e-02 1.562918144538123777e-01 4.780805777852584898e-02 0.000000000000000000e+00 1.381629715471928588e+00 1.040692417317230362e-01 1.969846457333856344e+09 6.483446086463562250e+08
1.000000000000000000e+02 7.300000000001100000e+13 0.000000000000000000e+00 1.143510690539007335e+00 1.505212837069187792e-01 1.984431009801794210e-01 1.136775988548032468e-01 0.000000000000000000e+00 1.208766501917414082e+00 9.565456448232075026e-02 8.385168308121718168e+08 5.690776614288532734e+08
1.010000000000000000e+02 7.300000000000400000e+13 0.000000000000000000e+00 1.162187944652919969e+00 1.545548339933923154e-01 2.248673607088720050e-01 5.529386391925366490e-02 0.000000000000000000e+00 1.125820493043807824e+00 1.653304713754275568e-01 2.585242707997286797e+09 8.555101438872029781e+08
1.020000000000000000e+02 7.300000000000600000e+13 0.000000000000000000e+00 1.182892927373635494e+00 2.629795037889942969e-02 2.599863213318485966e-02 1.096589268775518579e-02 0.000000000000000000e+00 1.397758050669005714e+00 6.150327266980226693e-02 4.404931828973354697e+08 1.857944275142974257e+08
1.030000000000000000e+02 7.300000000000200000e+13 0.000000000000000000e+00 1.949681859086398683e+00 2.380050554924418027e-01 2.881087647621818348e-01 9.343781226678810059e-02 0.000000000000000000e+00 1.528799668605984818e+00 2.417095276535186632e-01 2.447801680141942024e+09 9.303424212696125507e+08
1.040000000000000000e+02 7.300000000000100000e+13 0.000000000000000000e+00 9.866931110103833724e-01 1.416738667515057004e-01 2.985294865966078848e-01 1.943115146634105395e-01 0.000000000000000000e+00 1.231788206247501627e+00 5.542976042089581279e-02 6.812678748719093800e+08 1.580582733702167571e+08
1.050000000000000000e+02 7.300000000000200000e+13 0.000000000000000000e+00 8.347271465195421625e-01 1.891605303031741458e-01 3.368658916545571036e-01 9.626556664947889808e-02 0.000000000000000000e+00 1.354337361450171473e+00 1.139259115775108078e-01 2.868710972944067001e+09 1.887438702012133121e+09
1.060000000000000000e+02 7.300000000000100000e+13 0.000000000000000000e+00 1.383634218364518498e+00 1.249931513571028441e-01 2.382863066701670085e-01 6.250691653708677353e-02 0.000000000000000000e+00 1.470743717444700893e+00 1.062827925550185182e-01 2.234469109220416069e+09 8.185083281009727716e+08
1.070000000000000000e+02 7.300000000000100000e+13 0.000000000000000000e+00 1.315165855354125002e+00 2.523044860907806136e-02 2.192836107032306026e-01 1.460334932939089669e-01 0.000000000000000000e+00 1.477594878068191342e+00 5.163385840585316827e-02 8.119653357147639990e+08 1.674657500243610144e+08
1.080000000000000000e+02 7.300000000000100000e+13 0.000000000000000000e+00 1.199892457235633980e+00 9.829620354264019533e-02 1.657780480750087326e-01 6.444898557148706630e-02 0.000000000000000000e+00 1.205357530231701002e+00 1.178306559683433979e-01 1.911768429598052740e+09 8.231376694556066990e+08
1.090000000000000000e+02 7.300000000000200000e+13 0.000000000000000000e+00 1.400573223549280710e+00 1.698209028238104046e-01 2.070559043200144167e-01 1.009081490157214267e-01 0.000000000000000000e+00 1.746338265388549971e+00 1.567386948506878097e-01 3.167636885855107784e+09 1.589446913953228951e+09
1.100000000000000000e+02 7.300000000000300000e+13 0.000000000000000000e+00 1.257859507934416587e+00 6.544686629094884078e-02 1.885100756182301329e-01 3.503938449485659995e-02 0.000000000000000000e+00 1.219534934510668522e+00 7.022346981901939067e-02 1.825461624324813604e+09 4.695033225154954791e+08
1.110000000000000000e+02 7.300000000000100000e+13 0.000000000000000000e+00 1.520944003249378174e+00 1.250287368848645164e-01 2.113391466951430875e-01 9.177108153179959482e-02 0.000000000000000000e+00 1.348837181065690283e+00 1.550476453287878698e-01 2.324414454381981373e+09 1.209730929521085739e+09
1.120000000000000000e+02 7.300000000000900000e+13 0.000000000000000000e+00 1.611322250751933138e+00 6.289876896348285673e-02 1.213121452426437208e-01 7.225696305560518062e-02 0.000000000000000000e+00 1.441459200839887433e+00 1.361983672863388561e-01 1.244696987747874975e+09 1.199903855178519487e+09
1.130000000000000000e+02 7.300000000000100000e+13 0.000000000000000000e+00 1.196124602858191333e+00 1.614800624191416734e-01 4.275500539014373547e-01 2.833842402464065713e-01 0.000000000000000000e+00 1.348602400936228962e+00 9.664609151468728232e-02 1.241114302325851679e+09 3.216699016852194071e+08
1.140000000000000000e+02 7.300000000000300000e+13 0.000000000000000000e+00 1.014991753474468572e+00 2.757337223429994280e-02 1.044161227488521609e-01 3.600275550337141833e-02 0.000000000000000000e+00 1.294489336278182856e+00 2.042120349190371109e-02 3.989968512137697935e+08 8.922876590953777730e+07
1.150000000000000000e+02 7.300000000000100000e+13 0.000000000000000000e+00 1.066777582450258999e+00 1.791302728757543095e-01 2.146672234164792858e-01 1.381875759391716918e-01 0.000000000000000000e+00 1.009871592389163686e+00 2.031747703751474454e-01 3.062080929345780849e+09 2.329522246305142403e+09
1.160000000000000000e+02 7.300000000000300000e+13 0.000000000000000000e+00 1.038470980178470171e+00 4.463177572841170448e-02 1.018348912178252824e-01 6.187636452515350716e-02 0.000000000000000000e+00 1.253325753377716900e+00 1.202273042361093162e-02 3.874674853075358272e+08 1.678650823468448222e+08
1.170000000000000000e+02 7.300000000000200000e+13 0.000000000000000000e+00 1.540927316538367675e+00 4.651603732167466920e-02 1.389681382279086552e-01 2.707181633385149014e-02 0.000000000000000000e+00 1.667489307824695066e+00 4.802835889937295127e-02 1.559567209928633928e+09 3.409761442695226073e+08
1.180000000000000000e+02 7.300000000000100000e+13 0.000000000000000000e+00 1.303033698255379180e+00 8.711321462740691246e-02 7.584813056048268776e-02 1.777559742454503516e-02 0.000000000000000000e+00 1.445079450788396613e+00 3.997346199063683131e-02 6.837730876421569586e+08 2.862033356455981731e+08
1.190000000000000000e+02 7.300000000000100000e+13 0.000000000000000000e+00 1.104252219037849647e+00 5.697211116607238390e-02 9.840677753500445823e-02 1.264212261834364061e-02 0.000000000000000000e+00 1.085552449315571932e+00 5.160871838641056114e-02 9.137089317267976999e+08 2.020111690602368712e+08
1.200000000000000000e+02 7.300000000000100000e+13 0.000000000000000000e+00 1.202399928548558927e+00 4.820790633844596745e-02 1.052766687097664439e-01 2.462454030254991599e-02 0.000000000000000000e+00 1.279632131534037986e+00 8.871568018451359006e-02 1.233177753710563898e+09 3.389218278267324567e+08
1.210000000000000000e+02 7.300000000000100000e+13 0.000000000000000000e+00 1.690699317715889105e+00 1.287108896668746061e-01 1.568518573350063672e-01 6.661897325257047642e-02 0.000000000000000000e+00 1.738326305274854766e+00 1.375548655259319630e-01 1.735557475745341778e+09 9.641378115907244682e+08
1.220000000000000000e+02 7.300000000000100000e+13 0.000000000000000000e+00 1.230692999693499656e+00 6.811076012045118311e-02 1.220319528426466460e-01 2.954054594106199708e-02 0.000000000000000000e+00 1.191876352022356977e+00 5.618132009653419023e-02 1.290813689985751152e+09 4.118466498890420794e+08
1.230000000000000000e+02 7.300000000025100000e+13 0.000000000000000000e+00 1.369526170979183277e+00 1.644372926056128503e-01 1.302976893815226689e-01 1.302976893815226689e-01 0.000000000000000000e+00 1.284048511662734260e+00 1.716629685236227831e-01 1.410811579573467493e+09 1.410811579573467493e+09
1.240000000000000000e+02 7.300000000000100000e+13 0.000000000000000000e+00 1.437614217502963365e+00 4.740649577990289909e-02 1.103364956256584206e-01 2.113828881517617470e-02 0.000000000000000000e+00 1.373676847603422235e+00 5.733243229061052437e-02 9.582127609415011406e+08 2.722680059528419971e+08
1.250000000000000000e+02 7.300000000000300000e+13 0.000000000000000000e+00 1.438168509495850289e+00 1.193758950112522449e-01 2.128767150429167476e-01 1.306693855710060748e-01 0.000000000000000000e+00 9.980268089106061336e-01 1.595437870104802480e-01 3.108741900592147350e+09 2.002173457831981897e+09
1.260000000000000000e+02 7.300000000000100000e+13 0.000000000000000000e+00 1.134873289579501510e+00 5.264560935900308714e-02 1.221683606858767757e-01 3.997058426993835289e-02 0.000000000000000000e+00 1.338611274962373754e+00 2.097145913844050691e-02 8.940606524016518593e+08 2.828518370058199167e+08
1.270000000000000000e+02 7.300000000000600000e+13 0.000000000000000000e+00 1.270545664456408153e+00 5.226443349117150527e-02 1.106227657275083320e+00 1.000000000000000000e+00 0.000000000000000000e+00 1.135084481199433171e+00 5.091152837885205840e-02 1.119788466431208420e+10 1.012258606143991089e+10
1.280000000000000000e+02 7.300000000000100000e+13 0.000000000000000000e+00 1.206456123718694373e+00 3.342964963285780661e-02 8.850624215931886252e-02 2.590693434568215603e-02 0.000000000000000000e+00 1.154480333347917664e+00 3.294317816139850225e-02 1.059337361758610129e+09 3.520095587037764788e+08
1.290000000000000000e+02 7.300000000000100000e+13 1.000000000000000000e+00 1.098368871168280414e+00 2.878624149947625263e-02 9.315933817614158174e-02 3.229667866993564396e-02 0.000000000000000000e+00 1.357309458936337698e+00 3.757183657948818395e-02 4.161261259411739707e+08 5.514443443720441312e+07
1.300000000000000000e+02 7.300000000001900000e+13 0.000000000000000000e+00 1.422770666993295130e+00 1.259657912865463636e-01 1.273462476663876353e-01 6.695964468684288684e-02 0.000000000000000000e+00 1.558667137373044298e+00 8.638815911605790543e-02 6.180533877977452278e+08 3.174138241981271505e+08
1.310000000000000000e+02 7.300000000000100000e+13 0.000000000000000000e+00 1.279105077873041729e+00 7.564471637392226888e-02 1.289873811637956558e-01 5.274504232522346514e-02 0.000000000000000000e+00 1.244302877692599285e+00 8.301598274186829107e-02 1.738897223345519304e+09 7.764421842343537807e+08
1.320000000000000000e+02 7.300000000001500000e+13 0.000000000000000000e+00 1.474767953356893591e+00 8.812068181325098670e-02 1.511943677123016583e-01 6.278066599344230003e-02 0.000000000000000000e+00 1.744431011860662739e+00 1.169122290111959811e-01 1.294080210493005753e+09 8.834074584536213875e+08
1.330000000000000000e+02 7.300000000000100000e+13 0.000000000000000000e+00 1.188945046234463732e+00 2.186354534791877524e-02 1.006227008552295771e-01 2.362797255429599508e-02 0.000000000000000000e+00 1.126641750233130734e+00 2.567629326817764610e-02 8.344046411426769495e+08 1.577833980996852517e+08
1.340000000000000000e+02 7.300000000000400000e+13 0.000000000000000000e+00 1.245189686063003176e+00 5.909049466858593697e-02 1.351351559412320713e-01 6.176587335681759522e-02 0.000000000000000000e+00 1.324759542556461334e+00 7.249647899267246121e-02 1.587261778894588709e+09 7.254856024434934855e+08
1.350000000000000000e+02 7.300000000000100000e+13 0.000000000000000000e+00 1.227781213620938061e+00 6.573209475951549696e-02 1.032095022553863317e-01 1.610032180195230048e-02 0.000000000000000000e+00 1.273966574771044691e+00 6.188842872425709407e-02 1.047542523673653126e+09 2.225796350902541876e+08
1.360000000000000000e+02 7.300000000002200000e+13 0.000000000000000000e+00 1.161133282209407369e+00 8.481322476106341324e-02 1.264753978202461659e-01 6.716013417460905965e-02 0.000000000000000000e+00 1.154830352196839938e+00 1.036610778722291126e-01 1.082226315044656277e+09 8.683541209701024294e+08
1.370000000000000000e+02 7.300000000000100000e+13 0.000000000000000000e+00 1.840272313649759406e+00 1.676945878784994945e-02 7.235550683307506725e-02 1.353639639303250326e-02 0.000000000000000000e+00 2.006461580726157212e+00 2.675584807001307394e-02 7.077318335792318583e+08 1.918924349592520893e+08
1.380000000000000000e+02 7.300000000000100000e+13 0.000000000000000000e+00 1.134899549381965356e+00 4.163358595000749007e-02 1.093336801545364417e-01 3.048892250351761118e-02 0.000000000000000000e+00 1.176625557978048242e+00 3.774910035176819861e-02 1.180611707295024872e+09 4.502206793413912058e+08
1.390000000000000000e+02 7.300000000000300000e+13 0.000000000000000000e+00 1.176632808157763499e+00 8.748145894763093011e-02 8.220827138745673279e-02 3.164723669963590003e-02 0.000000000000000000e+00 1.150840182664261135e+00 8.051292057019045212e-02 7.414106712625643015e+08 4.791574787170535326e+08
1.400000000000000000e+02 7.300000000000200000e+13 0.000000000000000000e+00 1.031339527593704508e+00 9.052180273606434679e-02 1.724121966667986339e-01 6.509546996028132970e-02 0.000000000000000000e+00 1.068564445332629953e+00 1.486760529456548352e-01 1.694056526725454330e+09 1.029416724537954688e+09
1.410000000000000000e+02 7.300000000000100000e+13 0.000000000000000000e+00 1.671627077932180017e+00 1.354411517158735645e-01 1.860742392639937182e-01 9.090575856763762064e-02 0.000000000000000000e+00 1.680169625926031252e+00 1.788950037473108767e-01 2.171485902797906876e+09 1.172485039923072100e+09
1.420000000000000000e+02 7.300000000000400000e+13 0.000000000000000000e+00 1.155610593978764866e+00 1.701817729769041221e-01 2.183371686926806055e-01 9.289522711599229599e-02 0.000000000000000000e+00 1.528891311558614685e+00 1.808651154136675099e-01 2.367343028626275063e+09 1.808870189043561935e+09
1.430000000000000000e+02 7.300000000000100000e+13 0.000000000000000000e+00 1.109769467179710034e+00 5.897358018656322781e-02 9.330870096617045750e-02 2.739474717346376820e-02 0.000000000000000000e+00 1.335993611135637638e+00 1.517111554664584035e-02 6.426159788914926052e+08 1.531227574840067327e+08
1.440000000000000000e+02 7.300000000000400000e+13 0.000000000000000000e+00 1.200872194986691621e+00 5.095774955630111985e-02 1.162521942296674410e-01 2.664066565395875955e-02 0.000000000000000000e+00 1.166018651269543627e+00 4.298505776395433742e-02 1.251357473095388651e+09 3.676780982189221978e+08
1.450000000000000000e+02 7.300000000000100000e+13 1.000000000000000000e+00 1.005421549520476576e+00 3.485793075976066635e-02 9.512924466985150929e-02 2.320945268466541311e-02 0.000000000000000000e+00 1.331046858829660229e+00 1.213981555446049659e-02 5.303232592196801305e+08 1.916096285542463064e+08
1.460000000000000000e+02 7.300000000000100000e+13 0.000000000000000000e+00 1.382022971872886252e+00 7.362079530129058379e-03 2.109959468997822107e-01 7.359804176905104800e-02 0.000000000000000000e+00 1.279803096030363463e+00 2.634455208132278556e-02 2.455484049234112263e+09 9.092565769235761166e+08
1.470000000000000000e+02 7.300000000000200000e+13 0.000000000000000000e+00 1.421861882434895641e+00 1.669170879033446964e-01 2.028079033460110647e-01 4.822027760380401956e-02 0.000000000000000000e+00 1.289169470986000432e+00 1.872672207387451326e-01 1.771495283152660608e+09 6.200131627390798330e+08
1.480000000000000000e+02 7.300000000000500000e+13 0.000000000000000000e+00 1.229202524393008922e+00 2.614124447147006536e-02 1.338036928797373126e-02 1.085778868595809604e-02 0.000000000000000000e+00 1.411975156542752297e+00 3.415378039976173924e-02 4.003212576444286853e+07 4.003212576444286853e+07
1.490000000000000000e+02 7.300000000000300000e+13 0.000000000000000000e+00 1.048237379566342664e+00 5.962216790234312752e-02 1.313864451639428499e-01 3.572695035460993207e-02 0.000000000000000000e+00 1.146872089826174168e+00 8.479727843370751805e-02 1.017604952051566243e+09 1.798662080164182484e+08
1.500000000000000000e+02 7.300000000000500000e+13 0.000000000000000000e+00 1.025506147640647292e+00 7.304430969451757016e-02 5.420717525619248717e-02 2.525165039603282854e-02 0.000000000000000000e+00 1.130247346709289946e+00 8.372236246627683121e-02 7.078588743445365429e+08 3.841254543112267852e+08
1.510000000000000000e+02 7.300000000000100000e+13 0.000000000000000000e+00 2.489290678499545884e+00 9.582789336979757877e-02 1.102398414091449036e-01 4.394650993741467532e-02 0.000000000000000000e+00 2.329685781323501015e+00 1.116986823155742131e-01 8.643682562172936201e+08 6.031140051892027855e+08
1.520000000000000000e+02 7.300000000000100000e+13 0.000000000000000000e+00 1.196315367078229164e+00 3.654719163493984346e-02 7.942151334688324349e-02 3.429087513288719968e-02 0.000000000000000000e+00 1.307840797051753823e+00 2.156219737747268675e-02 3.934516962835425138e+08 8.145373692539814115e+07
1.530000000000000000e+02 7.300000000000100000e+13 0.000000000000000000e+00 1.451160943331015751e+00 8.378569585939187048e-02 1.064146973444930200e-01 1.300669161297401608e-02 0.000000000000000000e+00 1.580491300879398153e+00 8.372558298501647789e-02 9.321452621417417526e+08 1.419377194504471719e+08
1.540000000000000000e+02 7.300000000000200000e+13 0.000000000000000000e+00 1.196273772680019443e+00 3.836253899358144093e-02 5.018564986245230286e-02 1.558758279080648887e-02 0.000000000000000000e+00 1.242935612473159201e+00 3.494977607847358364e-02 4.330328601531092525e+08 1.777898435311178863e+08
1.550000000000000000e+02 7.300000000000300000e+13 0.000000000000000000e+00 1.351781325038922343e+00 1.082405992758563029e-01 9.687595329404795341e-02 3.030321454182645716e-02 0.000000000000000000e+00 1.349982737642653197e+00 1.045550802327479267e-01 1.136224549403503656e+09 4.211489175893157721e+08
1.560000000000000000e+02 7.300000000000100000e+13 1.000000000000000000e+00 1.079303254703256165e+00 2.014561900553369159e-02 8.740524656169139373e-02 1.327504458529216690e-02 0.000000000000000000e+00 1.288359021970316487e+00 1.482578667233670072e-02 5.914935523444594145e+08 1.369588415747244060e+08
1.570000000000000000e+02 7.300000000000100000e+13 0.000000000000000000e+00 9.098803211894443965e-01 1.398853619948574045e-01 3.421241954745116720e-01 9.854165152286109564e-02 0.000000000000000000e+00 1.017764873080697852e+00 1.593328119603240889e-01 2.940472545562005043e+09 1.083765746491503954e+09
1.580000000000000000e+02 7.300000000000800000e+13 0.000000000000000000e+00 1.312739691987151680e+00 1.993473200954946067e-01 1.649851518457464417e-01 1.012717892278190840e-01 0.000000000000000000e+00 5.815691866853303083e-01 2.444651455454843747e-01 2.846275898425945759e+09 1.747111480305281878e+09
1.590000000000000000e+02 7.300000000000200000e+13 0.000000000000000000e+00 1.192540576848456713e+00 6.921228672982641938e-02 2.273577605371130128e-01 9.645878403580752936e-02 0.000000000000000000e+00 1.011843237227514347e+00 7.424516897928591652e-02 1.803725481280312777e+09 6.094431988928458691e+08
1.600000000000000000e+02 7.300000000000100000e+13 0.000000000000000000e+00 1.396628596952392387e+00 1.009823781910274276e-01 1.463032273485562751e-01 2.503280428862499074e-02 0.000000000000000000e+00 1.330417510990522301e+00 1.225280738792056123e-01 1.608416617462027788e+09 3.257348232454868555e+08
1.610000000000000000e+02 7.300000000000300000e+13 0.000000000000000000e+00 1.195517062660204521e+00 6.717780704928801028e-02 1.103688038761322932e-01 3.264992626922266772e-02 0.000000000000000000e+00 1.327731491521688012e+00 7.639702716553681272e-02 1.156430949662150860e+09 4.889628803497905731e+08
1.620000000000000000e+02 7.300000000000400000e+13 0.000000000000000000e+00 1.878519819647628264e+00 6.532204949775147207e-02 1.923676769915507179e-01 7.623211087188580537e-02 0.000000000000000000e+00 2.030338689121665929e+00 6.356334142231505335e-02 1.281717198946771145e+09 4.559686505256367326e+08
1.630000000000000000e+02 7.300000000000300000e+13 0.000000000000000000e+00 1.202804283053978462e+00 7.277232858444782071e-02 4.405857693603323910e-02 1.784494267070903598e-02 0.000000000000000000e+00 1.284545845907135497e+00 8.965128493051421898e-02 3.105364929324842691e+08 1.528185088217706680e+08
1.640000000000000000e+02 7.300000000000200000e+13 0.000000000000000000e+00 1.462536623722855866e+00 1.064117389257868279e-01 1.535652960611669504e-01 4.778079537788233744e-02 0.000000000000000000e+00 1.301119262618734451e+00 1.100064387638351182e-01 2.684691368540039062e+09 8.353234241275732517e+08
1.650000000000000000e+02 7.300000000000100000e+13 0.000000000000000000e+00 1.389575117585285069e+00 1.935353441381805206e-01 2.266462836234802991e-01 5.932389257357360834e-02 0.000000000000000000e+00 9.554111447291323556e-01 2.017320306845345190e-01 2.747657480275429249e+09 9.160248399307153225e+08
1.660000000000000000e+02 7.300000000000100000e+13 0.000000000000000000e+00 1.424082519165334570e+00 8.992756788778930033e-02 1.304535627371896378e-01 3.826177226391654085e-02 0.000000000000000000e+00 1.273012452574249664e+00 1.073075612139711005e-01 1.547780059343256474e+09 5.564952481454045773e+08
1.670000000000000000e+02 7.300000000000200000e+13 0.000000000000000000e+00 7.926989178544414649e-01 9.195457795051943661e-02 2.054275955979457113e-01 1.790409391049156140e-01 0.000000000000000000e+00 1.212836630442437391e+00 3.619249416217518167e-02 3.607462430638290644e+08 1.512512680958922207e+08
1.680000000000000000e+02 7.300000000004000000e+13 0.000000000000000000e+00 1.142004730452221173e+00 9.553485809702154385e-02 1.597579261356594227e-01 6.600169112928325199e-02 0.000000000000000000e+00 1.088311418507738271e+00 1.053436325116312577e-01 1.518399305522308588e+09 1.081820962719837427e+09
1.690000000000000000e+02 7.300000000000100000e+13 0.000000000000000000e+00 1.241065161412548967e+00 1.818901224026758523e-01 1.998344490549218699e-01 5.407748950087570838e-02 0.000000000000000000e+00 1.225155662327047867e+00 2.151205611575982002e-01 2.513235594420584679e+09 7.072220234274510145e+08
1.700000000000000000e+02 7.300000000001100000e+13 0.000000000000000000e+00 1.412534716988725902e+00 1.287906179061400480e-01 1.381378410602266404e-01 7.425923174398392501e-02 0.000000000000000000e+00 1.173639589643432402e+00 1.279378656188521757e-01 1.974842630840111732e+09 1.061622908363804221e+09
1.710000000000000000e+02 7.300000000001000000e+13 0.000000000000000000e+00 1.209747560937316724e+00 1.026444931518389891e-01 4.780120350360058529e-02 3.155684187215065245e-02 0.000000000000000000e+00 1.385014265588058624e+00 1.075399901162868849e-01 6.837062442910270691e+08 4.785827920889108181e+08
1.720000000000000000e+02 7.300000000000200000e+13 0.000000000000000000e+00 1.229077120820419200e+00 1.193389508324053105e-01 2.964481880891922660e-01 1.367774202502236025e-01 0.000000000000000000e+00 1.294798088454498286e+00 1.110292323900067407e-01 1.882687509260690928e+09 8.702645463278682232e+08
1.730000000000000000e+02 7.300000000000100000e+13 0.000000000000000000e+00 1.580067697060172360e+00 7.247143389955804094e-02 1.828950067503176680e-01 6.873298239244872432e-02 0.000000000000000000e+00 1.475703797704588816e+00 7.576254307967825175e-02 1.403671384646783590e+09 3.362956710734558105e+08
1.740000000000000000e+02 7.300000000000100000e+13 0.000000000000000000e+00 1.235429193091461375e+00 2.001286803450768106e-02 1.205133348840995988e-01 4.745623931425115710e-02 0.000000000000000000e+00 1.104625444679093293e+00 2.302974801878194741e-02 6.734499240816012621e+08 1.471388378743404746e+08
1.750000000000000000e+02 7.300000000000500000e+13 0.000000000000000000e+00 1.199111614571503726e+00 3.810263404118869462e-02 1.653668007802975015e-01 7.086547996423636642e-02 0.000000000000000000e+00 1.121652294840091546e+00 1.139447219373382336e-01 1.287019466638560534e+09 4.011479139191855788e+08
1.760000000000000000e+02 7.300000000000100000e+13 1.000000000000000000e+00 1.068798033936008585e+00 1.709655074169072822e-02 6.465703903399074026e-02 1.390172482129922032e-02 0.000000000000000000e+00 1.167161656271289871e+00 1.409416949770269864e-02 6.960268495606966019e+08 2.113870134245469570e+08
1.770000000000000000e+02 7.300000000001100000e+13 0.000000000000000000e+00 1.402522402893487063e+00 1.606046398516225715e-01 2.414381761343461219e-01 1.684980052774857351e-01 0.000000000000000000e+00 5.675667340821121121e-01 1.465340079476311341e-01 3.504342506276531219e+09 3.151079715917435169e+09
1.780000000000000000e+02 7.300000000000100000e+13 0.000000000000000000e+00 1.250600268766532075e+00 1.767735374670950932e-01 1.578885592728358489e-01 5.415880177146743107e-02 0.000000000000000000e+00 1.415694405219688479e+00 1.980413159247979560e-01 1.960251311796862125e+09 7.391035225271059275e+08
1.790000000000000000e+02 7.300000000000100000e+13 0.000000000000000000e+00 1.195850776294326900e+00 8.809873615723418094e-02 8.210224489145842575e-02 1.854789473404791847e-02 0.000000000000000000e+00 1.108963041854783782e+00 8.941446828342421160e-02 9.197709082182534933e+08 2.237240780262646377e+08
1.800000000000000000e+02 7.300000000000100000e+13 0.000000000000000000e+00 1.087639004367135120e+00 5.425234346915974032e-02 1.159314923957016630e-01 3.840224744797831463e-02 0.000000000000000000e+00 1.042590934471588016e+00 6.381121585996382684e-02 1.567551669907067060e+09 5.801336791938714981e+08
1.810000000000000000e+02 7.300000000000200000e+13 0.000000000000000000e+00 1.142315442705515993e+00 6.038330824717469403e-02 3.053320190598862172e-01 1.225380300979896642e-01 0.000000000000000000e+00 1.316951935251403194e+00 1.440846418196249645e-01 2.061027029755723238e+09 1.249400775332241535e+09
1.820000000000000000e+02 7.300000000000100000e+13 0.000000000000000000e+00 9.081551727842932520e-01 7.511652701284426970e-02 1.667786111295155305e-01 1.039874997239338267e-01 0.000000000000000000e+00 1.066574018305961324e+00 6.821784560005211828e-02 9.090814031653855741e+07 3.110495184534005821e+07
1.830000000000000000e+02 7.300000000000100000e+13 0.000000000000000000e+00 1.173051688558030214e+00 1.272729874537036066e-01 1.367256630235599846e-01 7.363159184321411976e-02 0.000000000000000000e+00 1.110082275056027967e+00 8.615296513773369746e-02 1.931309309266705751e+09 1.134978479580390215e+09
1.840000000000000000e+02 7.300000000000400000e+13 0.000000000000000000e+00 2.150767745276022325e+00 1.287673802695070147e-01 1.392251168328886846e-01 4.618524951207721163e-02 0.000000000000000000e+00 2.233346818879574869e+00 1.492484662194174805e-01 1.093581847940598011e+09 3.985470795154055357e+08
1.850000000000000000e+02 7.300000000000300000e+13 0.000000000000000000e+00 1.219904625588956737e+00 3.307854702368498434e-02 5.643057886212079349e-02 1.466265874810912875e-02 0.000000000000000000e+00 1.392031882878095317e+00 3.896795665808423792e-02 5.160301014658349752e+08 2.278871279559904337e+08
1.860000000000000000e+02 7.300000000000200000e+13 0.000000000000000000e+00 1.330385118503507380e+00 6.413466176806237318e-02 2.080080512475445120e-01 9.559045376108356307e-02 0.000000000000000000e+00 1.411011240863893512e+00 6.524332329777404738e-02 1.391168925388582706e+09 3.473266738446270227e+08
1.870000000000000000e+02 7.300000000000100000e+13 0.000000000000000000e+00 1.097489622567159095e+00 4.620851930741199515e-02 5.731472984936702986e-02 3.791394986655637761e-02 0.000000000000000000e+00 1.348684224406207388e+00 4.144680655209311004e-02 2.857956516843369603e+08 1.622703675431494713e+08
1.880000000000000000e+02 7.300000000000100000e+13 1.000000000000000000e+00 1.052265493033688770e+00 3.287857049669375836e-02 9.541986820684220105e-02 3.052642478700821893e-02 0.000000000000000000e+00 1.098107826602470194e+00 1.436977233798736146e-02 2.718736425232743621e+08 6.753133119366961718e+07
1.890000000000000000e+02 7.300000000001400000e+13 0.000000000000000000e+00 1.208061932992566145e+00 1.465302602307797519e-01 1.540526022313767618e-01 8.643628655069147959e-02 0.000000000000000000e+00 1.575340068112556002e+00 6.286962666754863926e-02 3.306011334798297286e+08 3.306011334798297286e+08
1.900000000000000000e+02 7.300000000000100000e+13 1.000000000000000000e+00 1.136984719612097017e+00 1.311190746368811645e-02 8.331677085249107606e-02 1.253073788343706668e-02 0.000000000000000000e+00 1.329042029088458365e+00 5.577203956724795936e-02 6.736592152225977182e+08 1.966705073296695054e+08
1.910000000000000000e+02 7.300000000000100000e+13 0.000000000000000000e+00 1.163918782041916788e+00 6.134649327883601178e-02 6.195631628044576122e-02 7.350810097650704519e-03 0.000000000000000000e+00 1.355094952334476188e+00 4.416468307227459228e-02 3.465805036213685274e+08 1.064109291407073438e+08
1.920000000000000000e+02 7.300000000003900000e+13 0.000000000000000000e+00 1.237865427029045229e+00 1.727782266652137522e-01 2.976829339292672016e-01 2.277377950745887725e-01 0.000000000000000000e+00 1.589104780400614647e+00 1.181272028274577279e-01 8.998999401901159286e+08 5.851955424534624815e+08
1.930000000000000000e+02 7.300000000000100000e+13 0.000000000000000000e+00 9.071451992865782188e-01 5.697589344488877827e-02 8.444136843616083243e-02 1.608898730803141192e-02 0.000000000000000000e+00 1.107998039052185524e+00 3.404936377655842783e-02 7.089549227854846716e+08 2.427826455846265554e+08
1.940000000000000000e+02 7.300000000000100000e+13 1.000000000000000000e+00 9.804555553857445815e-01 9.442827801860332465e-03 9.998319701703418938e-02 1.536132949003222482e-02 0.000000000000000000e+00 1.162201910585385134e+00 3.311272448808043334e-02 1.333394375013746500e+09 2.193536157538409531e+08
1.950000000000000000e+02 7.300000000000200000e+13 0.000000000000000000e+00 1.199856884383247113e+00 1.767903554204605376e-01 3.106076312866888900e-01 2.252035371627545690e-01 0.000000000000000000e+00 1.006450547139876139e+00 3.104205545398912997e-02 8.789966850878231525e+08 2.267992315173301697e+08
1.960000000000000000e+02 7.300000000000100000e+13 1.000000000000000000e+00 1.117555586393996547e+00 3.742208616250151942e-02 7.836002869019480233e-02 2.426972043361317125e-02 0.000000000000000000e+00 1.206045830974743494e+00 3.857316703245797923e-02 8.865369873351515532e+08 3.293609859326390028e+08
1.970000000000000000e+02 7.300000000000100000e+13 0.000000000000000000e+00 9.352269678010411980e-01 1.441707799259406009e-01 1.729061239180586518e-01 6.061646805779604547e-02 0.000000000000000000e+00 1.200653758372246749e+00 1.602928303063904381e-01 1.965081882466351271e+09 9.361177475044447184e+08
1.980000000000000000e+02 7.300000000000400000e+13 0.000000000000000000e+00 1.212129105730217926e+00 4.155716964449988893e-02 4.257093928813001499e-02 1.520310414800460710e-02 0.000000000000000000e+00 1.153639917533370918e+00 6.771623672550215745e-02 5.976566421617848873e+08 2.134375310357748270e+08
1.990000000000000000e+02 7.300000000000400000e+13 0.000000000000000000e+00 1.049439169734334376e+00 8.868510353909737909e-02 1.574594196025440318e-01 8.878476440436824935e-02 0.000000000000000000e+00 1.432102081651451142e+00 2.627142702544467759e-02 3.651702307008719444e+07 2.349057130104733258e+07
2.000000000000000000e+02 7.300000000000100000e+13 1.000000000000000000e+00 1.088094792799395139e+00 3.321913774532055108e-02 9.800713004610962786e-02 2.699867249450991699e-02 0.000000000000000000e+00 1.194327077303363183e+00 3.497400242033524981e-02 1.178146884234344721e+09 4.059701820626037121e+08
2.010000000000000000e+02 7.300000000000100000e+13 0.000000000000000000e+00 1.093489455559177204e+00 7.086930901021659679e-02 1.126766386861183383e-01 3.101956730889595532e-02 0.000000000000000000e+00 1.375042911019022096e+00 4.525877612627151464e-02 7.220699434279400110e+08 4.999650527461240888e+08
2.020000000000000000e+02 7.300000000000100000e+13 0.000000000000000000e+00 1.920575910912830642e+00 8.990243807227701889e-02 1.969681728560584433e-01 8.470257401145538101e-02 0.000000000000000000e+00 1.210384840143013285e+00 1.048115527820485532e-01 2.427626902497558117e+09 1.471270112644395590e+09
2.030000000000000000e+02 7.300000000000100000e+13 0.000000000000000000e+00 1.144588393981923025e+00 4.445223609189896674e-02 5.776284261953515409e-02 1.302235633629102683e-02 0.000000000000000000e+00 1.316403619533422775e+00 7.561211319938399011e-02 6.637592403252897263e+08 1.851973590992998481e+08
2.040000000000000000e+02 7.300000000000400000e+13 0.000000000000000000e+00 1.728016303436309631e+00 7.535248258132058730e-02 2.533437789851393229e-01 9.261196303442673083e-02 0.000000000000000000e+00 1.819167941613940132e+00 7.752231919088491130e-02 2.943626458518081665e+09 1.389122385275183916e+09
2.050000000000000000e+02 7.300000000000500000e+13 0.000000000000000000e+00 1.482804183116464447e+00 6.883965802892477726e-02 1.049834040120767309e-01 2.326525726801580846e-02 0.000000000000000000e+00 1.638730199552726363e+00 9.376383999000113822e-02 1.024863909862475753e+09 3.566308529871095419e+08
2.060000000000000000e+02 7.300000000000100000e+13 0.000000000000000000e+00 1.378795665767638789e+00 1.243762768577157951e-01 1.249851248046931207e-01 4.587770673772801483e-02 0.000000000000000000e+00 1.328732365175105068e+00 1.485600445435537043e-01 1.559391275013765812e+09 6.157772356237300634e+08
2.070000000000000000e+02 7.300000000000500000e+13 0.000000000000000000e+00 1.074540989892015297e+00 1.105967113155830878e-01 1.670653770821034223e-01 6.644976192709396712e-02 0.000000000000000000e+00 1.013933339036441783e+00 1.207523972320345834e-01 2.194330380117652893e+09 1.026672850243476272e+09
2.080000000000000000e+02 7.300000000002300000e+13 0.000000000000000000e+00 1.252334409026034212e+00 3.111390977548299588e-02 3.386833076643752660e-02 1.637992562262875068e-02 0.000000000000000000e+00 1.444919082144676903e+00 7.392469083069276581e-02 3.955538492150706649e+08 2.440676743187643886e+08
2.090000000000000000e+02 7.300000000000300000e+13 0.000000000000000000e+00 9.837620302744454204e-01 1.006760382793930736e-01 6.221870550161812119e-02 2.321802902181856199e-02 0.000000000000000000e+00 1.277300599824844562e+00 1.148435499208389915e-01 7.816038792597529888e+08 3.595279222575709224e+08
2.100000000000000000e+02 7.300000000000200000e+13 0.000000000000000000e+00 1.281951867093532149e+00 1.617459237261160421e-01 2.447732788977433349e-01 6.343908862358771383e-02 0.000000000000000000e+00 1.177522633096669269e+00 1.703584476127804614e-01 2.160599667917884827e+09 5.457932619090554714e+08
2.110000000000000000e+02 7.300000000000100000e+13 0.000000000000000000e+00 1.321413105807182298e+00 1.233713652893852764e-01 1.439018224743845720e-01 5.788245833411097274e-02 0.000000000000000000e+00 1.248257879549899751e+00 1.571065879195704951e-01 1.703148758371668339e+09 8.307025817442823648e+08
2.120000000000000000e+02 7.300000000000100000e+13 0.000000000000000000e+00 1.523232389009735455e+00 2.072450087952489861e-01 2.869715832603260686e-01 1.946654843052202100e-01 0.000000000000000000e+00 1.983653748536912564e+00 1.300441561326120266e-01 7.762399149197094440e+08 6.907540678733184338e+08
2.130000000000000000e+02 7.300000000000100000e+13 0.000000000000000000e+00 1.328171208455013685e+00 4.745672378316752316e-02 2.894842598201609052e-01 9.907264552768575705e-02 0.000000000000000000e+00 1.305317981609024791e+00 9.850792484046558273e-02 1.596710193228850126e+09 7.847438160424047709e+08
2.140000000000000000e+02 7.300000000000400000e+13 1.000000000000000000e+00 1.138064549461532016e+00 5.785144420042527547e-03 2.860824217550776358e-02 1.082179385674352477e-02 0.000000000000000000e+00 1.096090242271858362e+00 2.043670084543021404e-02 2.345281207770961523e+08 1.503054513611537814e+08
2.150000000000000000e+02 7.300000000000100000e+13 0.000000000000000000e+00 1.055850020311983162e+00 3.893431384291449332e-02 1.093609376837259284e-01 1.142134837466016184e-02 0.000000000000000000e+00 1.151540646820863101e+00 4.270127880800642789e-02 9.969163727044727802e+08 1.628575069720617533e+08
2.160000000000000000e+02 7.300000000000100000e+13 0.000000000000000000e+00 1.352529659951255736e+00 3.651808175847004456e-02 8.184205920099071885e-02 2.310561326677805505e-02 0.000000000000000000e+00 1.451364292462008043e+00 5.180732561179739182e-02 9.321693990125733614e+08 2.975284996863111258e+08
2.170000000000000000e+02 7.300000000000400000e+13 0.000000000000000000e+00 1.619795148916760574e+00 1.703267943619523050e-01 1.705312925752684727e-01 8.482179326701363986e-02 0.000000000000000000e+00 1.619779328009975039e+00 2.439730988164154346e-01 2.097489586465420485e+09 1.154615983587310314e+09
2.180000000000000000e+02 7.300000000000200000e+13 0.000000000000000000e+00 1.391920294522142054e+00 8.184293604299593128e-02 1.284698917567775878e-01 3.160190058801506247e-02 0.000000000000000000e+00 1.393736791531909214e+00 1.122522065729189139e-01 1.184091852569379091e+09 4.146652417765597701e+08
2.190000000000000000e+02 7.300000000000300000e+13 0.000000000000000000e+00 1.198358362837273150e+00 1.274227553928700130e-01 1.288321959788440718e-01 5.218853225898840986e-02 0.000000000000000000e+00 1.140407880967190923e+00 1.629765050380128089e-01 1.783971532367122650e+09 7.314387619510164261e+08
2.200000000000000000e+02 7.300000000000100000e+13 0.000000000000000000e+00 1.487970799943379108e+00 2.110231885623454207e-01 1.089216502227376149e-01 2.919719407638347516e-02 0.000000000000000000e+00 1.521700279339006423e+00 2.246605023682773650e-01 1.440131864044568777e+09 4.611707850074545145e+08
2.210000000000000000e+02 7.300000000000100000e+13 0.000000000000000000e+00 1.348502801457577949e+00 6.512206931938695209e-02 3.511756003951073124e-01 1.233546747823847517e-01 0.000000000000000000e+00 1.487355566509882543e+00 5.434921974666946654e-02 9.497963383573284149e+08 2.798084424675453901e+08
2.220000000000000000e+02 7.300000000000100000e+13 0.000000000000000000e+00 1.125289990331133749e+00 5.763133954686582711e-02 1.056864119532384821e-01 2.130741839958100528e-02 0.000000000000000000e+00 1.030783872822104819e+00 4.773454189313995621e-02 9.623615223833985329e+08 2.668317798798448145e+08
2.230000000000000000e+02 7.300000000000200000e+13 0.000000000000000000e+00 1.702039027093955381e+00 5.082001785767645968e-02 1.373808921351758194e-01 2.776200036933280588e-02 0.000000000000000000e+00 1.651746497599391184e+00 5.341698075899838083e-02 1.342570913867916584e+09 2.792928380413725972e+08
2.240000000000000000e+02 7.300000000000300000e+13 0.000000000000000000e+00 1.403238027263130183e+00 5.554017492141545553e-02 1.314185087757126225e-01 4.277692009142265717e-02 0.000000000000000000e+00 1.436443856361955262e+00 8.200096780337667868e-02 1.423393401007071495e+09 5.223231398495885134e+08
2.250000000000000000e+02 7.300000000000100000e+13 0.000000000000000000e+00 7.604218969694248598e-01 1.431986569186956548e-01 3.277633946480851268e-01 2.440265858389773501e-01 0.000000000000000000e+00 1.426504207173014072e+00 4.652575613738616639e-02 5.864796693001910448e+08 2.662160645363587141e+08
2.260000000000000000e+02 7.300000000000200000e+13 0.000000000000000000e+00 1.994043744146786867e+00 4.085642835119915328e-02 1.197951527711759723e-01 2.998220363152390849e-02 0.000000000000000000e+00 1.959761017822842621e+00 6.891969923125994268e-02 1.420434401849751234e+09 3.804004424137699604e+08
2.270000000000000000e+02 7.300000000000100000e+13 0.000000000000000000e+00 1.399631959882216448e+00 6.164276603873670296e-02 1.410250023784865303e-01 3.388242393600104235e-02 0.000000000000000000e+00 1.371118022707759065e+00 7.815856748201323312e-02 1.679926851295908689e+09 4.259124108233519793e+08
2.280000000000000000e+02 7.300000000000100000e+13 0.000000000000000000e+00 1.296268007778813125e+00 1.658970608815102388e-02 7.933196043345032422e-02 1.608873290275015036e-02 0.000000000000000000e+00 1.294614993062075170e+00 3.506961426732080334e-02 7.970663658316487074e+08 2.340443110866906643e+08
2.290000000000000000e+02 7.300000000000100000e+13 0.000000000000000000e+00 1.157537992391678427e+00 2.006936396932970934e-01 2.769714145602068522e-01 7.245107217689804313e-02 0.000000000000000000e+00 8.867496301233220857e-01 2.206655844559392565e-01 3.589960689123287678e+09 1.105529299489865065e+09
2.300000000000000000e+02 7.300000000000100000e+13 0.000000000000000000e+00 1.740820061229445326e+00 2.911822365174678851e-01 2.491496082315859395e-01 1.075773116209798597e-01 0.000000000000000000e+00 1.698483235860198004e+00 2.726331715743142148e-01 2.806041609195402145e+09 1.820832342449465036e+09
2.310000000000000000e+02 7.300000000000100000e+13 0.000000000000000000e+00 9.912127700304843581e-01 6.490847784794918918e-02 1.820546250468398630e-01 8.551164751436422795e-02 0.000000000000000000e+00 1.345200814147691881e+00 4.021376596847007351e-02 6.357522632025823593e+08 2.333771608318918943e+08
2.320000000000000000e+02 7.300000000001200000e+13 0.000000000000000000e+00 1.065607224547984178e+00 2.125573617542654004e-01 1.810452147125331812e-01 7.780401287791419151e-02 0.000000000000000000e+00 1.360644111235456144e+00 1.345120119395117608e-01 8.002847241336681843e+08 6.341272343408055305e+08
2.330000000000000000e+02 7.300000000000100000e+13 0.000000000000000000e+00 1.274140688171310432e+00 1.889412553954472329e-01 1.494570553641816069e-01 4.939485775259329359e-02 0.000000000000000000e+00 1.152637812024263742e+00 2.523902252525179746e-01 1.625562800027648211e+09 6.004621191460391283e+08
2.340000000000000000e+02 7.300000000000100000e+13 0.000000000000000000e+00 1.173841785170147700e+00 3.025339550821271387e-02 6.066288515756635552e-02 8.660508733296632539e-03 0.000000000000000000e+00 1.131788683374616911e+00 2.340624424959487221e-02 5.575075329369635582e+08 9.446448500923688710e+07
2.350000000000000000e+02 7.300000000000500000e+13 0.000000000000000000e+00 1.268957788930517250e+00 1.520158836173738370e-01 2.235337797259110137e-01 7.769000690236980977e-02 0.000000000000000000e+00 1.222703763670885513e+00 1.426530302161481412e-01 1.200145488597998619e+09 4.623494094713962078e+08
2.360000000000000000e+02 7.300000000000700000e+13 0.000000000000000000e+00 9.153161429533347437e-01 1.414555525555752369e-01 2.968678475210100864e-01 2.324580803409867780e-01 0.000000000000000000e+00 1.466116613387085099e+00 3.579927285528178987e-02 9.225404699919868708e+08 2.953016157389622331e+08
2.370000000000000000e+02 7.300000000000100000e+13 0.000000000000000000e+00 1.098287251403959441e+00 1.844859033956640360e-01 1.756708676344560793e-01 6.052620302802087793e-02 0.000000000000000000e+00 1.206284545837268185e+00 1.831435878298188213e-01 2.053412163464049101e+09 9.945702223307451010e+08
2.380000000000000000e+02 7.300000000000100000e+13 0.000000000000000000e+00 1.466961671297020153e+00 5.707279454074987851e-02 8.311386290182450065e-02 3.238974804517810724e-02 0.000000000000000000e+00 1.709878531144420011e+00 6.026624859255579059e-02 1.050146766307183504e+09 4.426328953769935369e+08
2.390000000000000000e+02 7.300000000000400000e+13 0.000000000000000000e+00 1.198368459465662506e+00 6.619429437897399182e-02 5.704607989681959729e-02 5.323072295300326773e-02 0.000000000000000000e+00 1.265222594266266709e+00 1.036113739514780974e-01 7.302838962129251957e+08 6.814410355043040514e+08
2.400000000000000000e+02 7.300000000000100000e+13 0.000000000000000000e+00 1.089374375021443297e+00 9.639061394833331464e-02 1.030179802148215307e-01 2.022392348188287170e-02 0.000000000000000000e+00 9.025188209325768485e-01 8.575634323121425484e-02 1.265071729376312017e+09 2.940039102073165178e+08
2.410000000000000000e+02 7.300000000000100000e+13 0.000000000000000000e+00 1.750585635602491585e+00 1.750177655279497313e-01 1.869223107774578285e-01 9.470691073632249435e-02 0.000000000000000000e+00 1.344596240800355336e+00 1.860994887154567012e-01 2.284895058088170052e+09 1.393657682002194881e+09
2.420000000000000000e+02 7.300000000000100000e+13 0.000000000000000000e+00 1.282713632916230084e+00 2.332879256098828458e-01 2.579181671418713795e-01 1.779381322501269458e-01 0.000000000000000000e+00 1.558659452009157897e+00 1.285767683996214272e-01 1.130214039827966452e+09 6.186041729477771521e+08
2.430000000000000000e+02 7.300000000000100000e+13 0.000000000000000000e+00 1.225435274863123425e+00 6.673249158971225614e-02 1.183927629070388177e-01 4.471834566206563805e-02 0.000000000000000000e+00 1.183903917305724196e+00 1.001791969653343661e-01 1.425518110848256826e+09 6.004285405971137285e+08
2.440000000000000000e+02 7.300000000001000000e+13 0.000000000000000000e+00 1.419621444488051720e+00 4.026780055694619692e-02 3.595841893529418826e-02 2.622512627518130274e-02 0.000000000000000000e+00 1.242676724561847301e+00 4.410529612531402521e-02 5.129158188784946799e+08 4.377378113235666752e+08
2.450000000000000000e+02 7.300000000000100000e+13 0.000000000000000000e+00 1.899859311080589030e+00 1.583607594567723043e-01 1.765440347083369610e-01 1.134451338781187479e-01 0.000000000000000000e+00 1.625792915330857014e+00 1.660674681240598693e-01 2.305363761171661854e+09 1.591356868055929661e+09
2.460000000000000000e+02 7.300000000000100000e+13 0.000000000000000000e+00 9.698749667363343319e-01 7.698271366366257751e-02 1.404478310659760254e-01 7.060851095191211790e-02 0.000000000000000000e+00 1.298742802096430449e+00 1.894668480962120524e-02 2.550432271033859849e+08 6.492737867091486603e+07
2.470000000000000000e+02 7.300000000001400000e+13 0.000000000000000000e+00 1.189269019806644234e+00 1.881927801874787032e-01 1.385352405701142930e-01 1.058957427326644996e-01 0.000000000000000000e+00 1.226023196596446319e+00 1.806943933891084486e-01 2.149003325968776226e+09 1.642688910070169926e+09
2.480000000000000000e+02 7.300000000000700000e+13 0.000000000000000000e+00 2.164440103614653665e+00 9.916575849762335193e-02 1.091007997280414726e-01 7.744885904899502516e-02 0.000000000000000000e+00 1.896205913605165883e+00 1.772196261950162721e-01 1.673569995597421885e+09 1.224550832717125416e+09
2.490000000000000000e+02 7.300000000000200000e+13 0.000000000000000000e+00 1.268628571092967672e+00 5.095402225651266687e-02 6.887832107506763890e-02 2.677104397851209211e-02 0.000000000000000000e+00 1.169880669023356079e+00 2.908944065307082771e-02 9.178282111137871742e+08 4.353268926144332886e+08
2.500000000000000000e+02 7.300000000000600000e+13 0.000000000000000000e+00 9.490843251872789210e-01 1.633030931888385939e-01 1.992206788928483907e-01 1.046681784780221086e-01 0.000000000000000000e+00 1.241584776701504023e+00 1.053898924681866273e-01 8.975565689553185701e+08 5.398362092854479551e+08
2.510000000000000000e+02 7.300000000000100000e+13 0.000000000000000000e+00 1.137180766706555213e+00 8.345449777572093442e-02 1.216746865986393367e-01 3.374514401078169273e-02 0.000000000000000000e+00 1.398561289591797818e+00 9.118127811943722849e-02 1.069123117607764482e+09 5.144772493379228115e+08
2.520000000000000000e+02 7.300000000000300000e+13 0.000000000000000000e+00 1.829030276792299681e+00 1.627218175727190574e-01 1.087864422492249711e-01 7.979186395398678300e-02 0.000000000000000000e+00 1.766793866685085979e+00 1.879761366283997925e-01 1.147478635531982660e+09 1.091938274708171606e+09
2.530000000000000000e+02 7.300000000000200000e+13 0.000000000000000000e+00 1.154834527489369433e+00 3.162023666353559748e-02 7.998741735710100664e-02 2.182475520964097249e-02 0.000000000000000000e+00 1.297303011460674504e+00 4.076661787472664333e-02 7.624538692786473036e+08 3.331685995586691499e+08
2.540000000000000000e+02 7.300000000000100000e+13 1.000000000000000000e+00 1.067720395132480515e+00 1.422367970012899940e-02 6.517991389673198632e-02 1.615587537898907286e-02 0.000000000000000000e+00 1.323678405913562450e+00 1.853786113026997112e-02 6.069597045853505135e+08 2.374463900725970566e+08
2.550000000000000000e+02 7.300000000000100000e+13 1.000000000000000000e+00 1.085571063420848414e+00 2.772045241222667947e-02 8.642957252117894340e-02 3.279410384001502088e-02 0.000000000000000000e+00 1.263814034729440650e+00 4.902791028659009287e-02 1.047285944231622696e+09 4.690975706367372870e+08
2.560000000000000000e+02 7.300000000001300000e+13 0.000000000000000000e+00 1.452495576470512972e+00 1.280598802545983295e-01 1.805677197302264225e-01 8.091095764231186205e-02 0.000000000000000000e+00 1.249584444333838640e+00 1.738246758520410606e-01 2.289515834422380447e+09 1.025913817691866398e+09
2.570000000000000000e+02 7.300000000000100000e+13 0.000000000000000000e+00 1.120196511020322694e+00 4.658226671448949946e-02 1.580972441089762703e-01 4.910024655820286604e-02 0.000000000000000000e+00 1.182041327452893142e+00 3.421072537395775798e-02 1.877630527506665707e+09 7.422892454752928019e+08
2.580000000000000000e+02 7.300000000000100000e+13 0.000000000000000000e+00 1.229507982984515024e+00 1.815185136502668051e-01 2.134521046840454628e-01 8.644495860969715617e-02 0.000000000000000000e+00 9.910340165209320373e-01 2.238248225028818539e-01 2.766388787585808754e+09 1.145413559326544523e+09
2.590000000000000000e+02 7.300000000000100000e+13 0.000000000000000000e+00 1.121490116527279257e+00 6.380076390479359760e-02 1.568061368654635745e-01 5.258159160339977850e-02 0.000000000000000000e+00 1.352660232585244149e+00 6.507811089735397736e-02 1.433515551090228081e+09 7.809206597132385969e+08
2.600000000000000000e+02 7.300000000000200000e+13 0.000000000000000000e+00 1.784854136332900465e+00 1.262478478515908775e-01 2.121035655367267403e-01 8.566990499908348766e-02 0.000000000000000000e+00 1.606651822062461044e+00 1.437695269797797659e-01 2.505245960441278934e+09 1.059753460471821427e+09
2.610000000000000000e+02 7.300000000000100000e+13 0.000000000000000000e+00 1.122321667677943280e+00 2.056957476254734837e-02 1.150805789190231382e-01 2.150580780712894186e-02 0.000000000000000000e+00 1.176281895400697275e+00 6.870841687642587070e-02 8.487593585047067404e+08 3.581311002330482602e+08
2.620000000000000000e+02 7.300000000000200000e+13 0.000000000000000000e+00 1.260655585928633027e+00 7.568442167996698722e-02 7.706217231284769043e-02 2.495204119092218203e-02 0.000000000000000000e+00 1.189615569817310092e+00 9.203175018313727862e-02 1.027860338861990571e+09 3.557452852149853110e+08
2.630000000000000000e+02 7.300000000000100000e+13 0.000000000000000000e+00 1.094970815670984310e+00 1.054256422843181384e-01 1.577245915184253555e-01 5.202633611335228531e-02 0.000000000000000000e+00 1.165991515099643827e+00 1.273766359755941213e-01 1.910007599854660511e+09 7.617188813785793781e+08
2.640000000000000000e+02 7.300000000000700000e+13 0.000000000000000000e+00 1.537388000331484594e+00 1.236066586416872115e-01 1.863406030482651354e-01 6.348059711517471670e-02 0.000000000000000000e+00 1.521105674573527633e+00 1.575694085698743363e-01 1.859440527076807499e+09 7.268678657548251152e+08
2.650000000000000000e+02 7.300000000000100000e+13 0.000000000000000000e+00 1.239297819268254441e+00 4.841610314147313382e-02 1.735698454930119372e-01 8.911559174253110005e-02 0.000000000000000000e+00 1.155653182568704418e+00 4.596385329174657725e-02 2.323535121189501286e+09 1.192967630242504835e+09
2.660000000000000000e+02 7.300000000000600000e+13 0.000000000000000000e+00 1.645605881725575204e+00 1.288091164939310085e-01 1.889732312246653612e-01 9.431921919552795075e-02 0.000000000000000000e+00 1.862798128224901317e+00 8.482563468729499567e-02 1.431418008201930523e+09 7.257599823571894169e+08
2.670000000000000000e+02 7.300000000000100000e+13 0.000000000000000000e+00 1.475884468256212445e+00 1.418077619362020370e-01 3.005256651793888345e-01 9.234067977912478742e-02 0.000000000000000000e+00 1.529702082862609780e+00 9.529763195531379405e-02 2.374450577146426201e+09 1.760154900412914515e+09
2.680000000000000000e+02 7.300000000000100000e+13 0.000000000000000000e+00 1.211483620135156647e+00 3.206629096486082742e-02 1.091663367634119336e-01 3.437899768485294660e-02 0.000000000000000000e+00 1.271034339806684121e+00 9.330209232959082999e-02 1.164279587968723536e+09 4.853237271848477125e+08
2.690000000000000000e+02 7.300000000010000000e+13 0.000000000000000000e+00 1.560357567910299670e+00 8.970874856281672860e-02 1.110928937242696923e+00 1.000000000000000000e+00 0.000000000000000000e+00 1.560357567910299670e+00 8.972218437822590542e-02 1.023105012822541809e+10 9.209455065252578735e+09
2.700000000000000000e+02 7.300000000000200000e+13 0.000000000000000000e+00 7.845389616125441057e-01 1.263377724933224810e-01 2.262503959143158105e-01 1.777424170095398270e-01 0.000000000000000000e+00 1.253126959323027201e+00 5.822990905426978642e-02 4.701523859985785484e+08 1.571808114848477244e+08
2.710000000000000000e+02 7.300000000000200000e+13 0.000000000000000000e+00 1.586197073205390273e+00 3.116759501203241606e-02 8.604469351709760627e-02 2.950632654833946350e-02 0.000000000000000000e+00 1.748165865463056301e+00 6.091465796632279661e-02 9.886308707373167276e+08 3.771855326915623546e+08
2.720000000000000000e+02 7.300000000000400000e+13 0.000000000000000000e+00 1.175847462765351015e+00 1.740940451653848753e-01 1.534439902067293304e-01 9.624801221797112116e-02 0.000000000000000000e+00 1.261467194767274203e+00 2.451195499746770534e-01 2.073542853977571487e+09 1.425451572694401026e+09
2.730000000000000000e+02 7.300000000000900000e+13 0.000000000000000000e+00 1.068522248536258434e+00 2.132830757292015766e-01 4.708928532399124234e-01 1.723634047416094384e-01 0.000000000000000000e+00 1.597056234462988611e+00 5.811936390282493314e-02 5.802102677034165859e+08 3.457307975456066728e+08
2.740000000000000000e+02 7.300000000000100000e+13 0.000000000000000000e+00 1.414797628328399393e+00 7.838735680784562898e-02 1.082914424691803212e-01 1.554362891998575802e-02 0.000000000000000000e+00 1.457128071691329074e+00 9.225942885596483123e-02 1.077285872885595798e+09 1.857342172494534850e+08
2.750000000000000000e+02 7.300000000003300000e+13 0.000000000000000000e+00 1.286111420822977580e+00 4.972053651978864536e-02 -1.000000000000000000e+00 -1.000000000000000000e+00 0.000000000000000000e+00 1.408020903857171380e+00 3.725774688510050808e-02 -1.000000000000000000e+00 -1.000000000000000000e+00
2.760000000000000000e+02 7.300000000000100000e+13 0.000000000000000000e+00 1.203574420211920293e+00 6.478009774545391564e-02 1.416706174524386685e-01 4.538067102556615773e-02 0.000000000000000000e+00 1.236319920646173465e+00 5.931456134267551472e-02 1.706624448726459026e+09 6.433522950626454353e+08
2.770000000000000000e+02 -1.000000000000000000e+00 -1.000000000000000000e+00 -1.000000000000000000e+00 -1.000000000000000000e+00 -1.000000000000000000e+00 -1.000000000000000000e+00 -1.000000000000000000e+00 -1.000000000000000000e+00 -1.000000000000000000e+00 -1.000000000000000000e+00 -1.000000000000000000e+00
2.780000000000000000e+02 7.300000000001400000e+13 0.000000000000000000e+00 1.835696322792534918e+00 1.976898972024234702e-01 1.808956058370929931e-01 1.403214013840086427e-01 0.000000000000000000e+00 2.029582784624674119e+00 1.729189822723835313e-01 6.488100243565351963e+08 3.819982382700878382e+08
2.790000000000000000e+02 7.300000000007600000e+13 0.000000000000000000e+00 9.803579468771371763e-01 8.975510175127379697e-02 1.557280363187699690e-01 1.415190293903635099e-01 0.000000000000000000e+00 1.031571518826992717e+00 4.101904813075598483e-02 2.248682399898087084e+08 2.248682399898087084e+08
2.800000000000000000e+02 7.300000000000200000e+13 0.000000000000000000e+00 1.166482701278492629e+00 8.254069667229722851e-02 3.614182973741428273e-01 1.333132630874728219e-01 0.000000000000000000e+00 1.522530066753690958e+00 7.062775140337547441e-02 1.815952298038715124e+09 1.046263319559366465e+09
2.810000000000000000e+02 7.300000000000500000e+13 0.000000000000000000e+00 1.009797250231582622e+00 8.260014407115884305e-02 1.090948996855922309e-01 2.916392911021190720e-02 0.000000000000000000e+00 1.378572141279949204e+00 6.812913547047003138e-02 1.037165606318719149e+09 5.099500633516558409e+08
2.820000000000000000e+02 7.300000000000100000e+13 0.000000000000000000e+00 2.469986066647795298e+00 1.322558353420230925e-01 2.128217452876104143e-01 7.708835082849507803e-02 0.000000000000000000e+00 2.500172249277063941e+00 1.801224598295342871e-01 2.103059483506067038e+09 9.898212751213433743e+08
2.830000000000000000e+02 7.300000000000100000e+13 0.000000000000000000e+00 1.030139852150067981e+00 9.630866885218999918e-02 2.613675344994135230e-01 1.626926792244531850e-01 0.000000000000000000e+00 1.151055860493396477e+00 2.281941731325645359e-02 9.515593007582496405e+08 3.827293936066315770e+08
2.840000000000000000e+02 7.300000000000100000e+13 0.000000000000000000e+00 1.096929146670777122e+00 6.732777608654970380e-02 7.206293746084109497e-02 1.187917961307811271e-02 0.000000000000000000e+00 1.185593581198482571e+00 6.033025821259978966e-02 6.376145059618326426e+08 1.934819411204513311e+08
2.850000000000000000e+02 7.300000000000100000e+13 0.000000000000000000e+00 1.083153982116279224e+00 1.001967590122208457e-01 3.470031352570170369e-01 2.647046936322736133e-01 0.000000000000000000e+00 1.286655288534876318e+00 5.916840345168625226e-02 1.245053361286511421e+09 6.386125244413120747e+08
2.860000000000000000e+02 7.300000000001000000e+13 0.000000000000000000e+00 1.197396767189384814e+00 6.715821804690266794e-02 1.040389565199460742e-01 3.515649365545362587e-02 0.000000000000000000e+00 1.194403557239547942e+00 5.731547354897340713e-02 8.416421402195558548e+08 5.854355660350049734e+08
2.870000000000000000e+02 7.300000000000800000e+13 0.000000000000000000e+00 1.355093116952206023e+00 1.264458693291528046e-01 1.585769007116419327e-01 4.630610756777212705e-02 0.000000000000000000e+00 1.331460314752929364e+00 1.607957195039568798e-01 1.916368935091198206e+09 6.452732682376917601e+08
2.880000000000000000e+02 7.300000000000200000e+13 0.000000000000000000e+00 1.259708050437251758e+00 3.308235257622475778e-02 3.779038432667767428e-02 9.713172863600726473e-03 0.000000000000000000e+00 1.306666177377032501e+00 6.927913338759456030e-02 3.977164962619105577e+08 1.331935538724651784e+08
2.890000000000000000e+02 7.300000000000100000e+13 0.000000000000000000e+00 2.285468642682285001e+00 1.330912069778742435e-01 1.548948535193051257e-01 7.133635428927669053e-02 0.000000000000000000e+00 2.553827959507831036e+00 1.634844382209372227e-01 1.400420391687913656e+09 1.020427513770817637e+09
2.900000000000000000e+02 7.300000000000100000e+13 0.000000000000000000e+00 1.101473975448415965e+00 6.100775578363501483e-02 7.122838333616003659e-02 3.197854088746462931e-02 0.000000000000000000e+00 1.151285948315871055e+00 5.736782322213410112e-02 8.994331614096877575e+08 4.288910337369294167e+08
2.910000000000000000e+02 7.300000000005500000e+13 0.000000000000000000e+00 1.147986308149563373e+00 6.401686150539914744e-02 4.679953530398864303e-02 4.219455918420033508e-02 0.000000000000000000e+00 1.289117977069909493e+00 5.710139100043414712e-02 7.186437158453211784e+08 6.479306814400075674e+08
2.920000000000000000e+02 7.300000000000200000e+13 0.000000000000000000e+00 1.156619037217688994e+00 1.904535438184101065e-02 2.762245965419560939e-02 1.383476145139109215e-02 0.000000000000000000e+00 1.253797587400910629e+00 1.247488459143096876e-02 1.401993104989989102e+07 1.401993104989989102e+07
2.930000000000000000e+02 7.300000000000100000e+13 0.000000000000000000e+00 1.194730693550156708e+00 1.258680380495588447e-01 2.575080218462048598e-01 7.839717357010340948e-02 0.000000000000000000e+00 9.799419107631911485e-01 1.227110478153607270e-01 3.076709810643010139e+09 1.282667484448396683e+09
2.940000000000000000e+02 7.300000000000200000e+13 0.000000000000000000e+00 1.236852592596480394e+00 6.328982426132376271e-02 1.032932055277062666e-01 2.624250224778608420e-02 0.000000000000000000e+00 1.295686729693891426e+00 7.097078103146438333e-02 6.856649804194384813e+08 2.868104568523517847e+08
2.950000000000000000e+02 7.300000000000200000e+13 0.000000000000000000e+00 9.713772294222711157e-01 7.790034946482567169e-02 1.740428495504672546e-01 3.790239522645740683e-02 0.000000000000000000e+00 9.426228852976368255e-01 6.894980167503186874e-02 1.575253147421792030e+09 5.793534948189427853e+08
2.960000000000000000e+02 7.300000000000100000e+13 0.000000000000000000e+00 1.084204455266482237e+00 6.506613965368721053e-02 8.789025363642223587e-02 3.795903787895064940e-02 0.000000000000000000e+00 9.580633920018973848e-01 4.173872511973602401e-02 1.152508167396458864e+09 6.043660446661149263e+08
2.970000000000000000e+02 7.300000000000100000e+13 0.000000000000000000e+00 1.210814213567909414e+00 2.141231879766139767e-01 2.468388443677310695e-01 1.337475855833641647e-01 0.000000000000000000e+00 1.486316491801093598e+00 1.179917342463834978e-01 1.204676907372241497e+09 3.458097720745419860e+08
2.980000000000000000e+02 7.300000000002800000e+13 0.000000000000000000e+00 1.384373005084546859e+00 1.348035550714286324e-01 1.146245044787235351e-01 5.569961825829659874e-02 0.000000000000000000e+00 1.347856553740142793e+00 8.318472578248747862e-02 9.880860464454797506e+08 4.946782277672748566e+08
2.990000000000000000e+02 7.300000000000200000e+13 0.000000000000000000e+00 1.250698135652127396e+00 8.406227284489653506e-02 1.092200583916803081e-01 5.588074862962863487e-02 0.000000000000000000e+00 1.557298852376795217e+00 4.827503549404114913e-02 7.252390128142923117e+08 3.831152582938027382e+08
3.000000000000000000e+02 7.300000000000500000e+13 0.000000000000000000e+00 1.880250015709605371e+00 1.323506866184057662e-01 1.455819960473376251e-01 6.280110750015328869e-02 0.000000000000000000e+00 2.014425730488193178e+00 1.407843253418192830e-01 1.857039105233375072e+09 8.154381588332920074e+08
3.010000000000000000e+02 7.300000000000200000e+13 0.000000000000000000e+00 1.189376148538519029e+00 2.792196141066552104e-02 5.814790180698473088e-02 2.265586221119178512e-02 0.000000000000000000e+00 1.408934175510977882e+00 3.622453187441168621e-02 6.983250409415079355e+08 2.992060575822498798e+08
3.020000000000000000e+02 7.300000000000100000e+13 0.000000000000000000e+00 1.357385765596458738e+00 1.491199605536255302e-01 2.128654070714631752e-01 9.190348289375192825e-02 0.000000000000000000e+00 1.479981420920803759e+00 8.710103099523183734e-02 7.895999451373060942e+08 6.064928425582075119e+08
3.030000000000000000e+02 7.300000000000100000e+13 0.000000000000000000e+00 9.548885540894819224e-01 1.051381445732695458e-01 1.626538377638410415e-01 1.054484950000278282e-01 0.000000000000000000e+00 8.722478722039472832e-01 1.353372422766603023e-01 2.243970572346156597e+09 1.642401214281134605e+09
3.040000000000000000e+02 7.300000000001600000e+13 0.000000000000000000e+00 1.184239243624974014e+00 3.883778664808815173e-02 6.696458216006054287e-02 3.961646317036211090e-02 0.000000000000000000e+00 1.325584052123185419e+00 7.318086704114851182e-02 7.933932767553954124e+08 5.731828230412579775e+08
3.050000000000000000e+02 7.300000000000300000e+13 0.000000000000000000e+00 1.261215087562857384e+00 1.206833234795924720e-01 2.098194647979324534e-01 6.066811507767459061e-02 0.000000000000000000e+00 1.304995501731166740e+00 1.295419498059025565e-01 1.803948281576817036e+09 9.687748913668832779e+08
3.060000000000000000e+02 7.300000000000400000e+13 0.000000000000000000e+00 1.109074992454539554e+00 8.997077382061736961e-02 1.038634756762010919e-01 3.363462886318406564e-02 0.000000000000000000e+00 7.739124021333542158e-01 7.190418107408538817e-02 1.258699938493145704e+09 5.715380780063120127e+08
3.070000000000000000e+02 7.300000000000100000e+13 0.000000000000000000e+00 1.231005042861345045e+00 3.072165612667255088e-02 4.965318544863137062e-02 5.301299696690704027e-03 0.000000000000000000e+00 1.373359808313303398e+00 5.461515451579997127e-02 3.993295120748391747e+08 7.176120887551143765e+07
3.080000000000000000e+02 7.300000000000100000e+13 0.000000000000000000e+00 1.755208752707750230e+00 1.218514092339761379e-01 1.952833812832917015e-01 6.622715711971188801e-02 0.000000000000000000e+00 1.564932415258568632e+00 1.659677888885409403e-01 2.305788434596504211e+09 8.194174248487690687e+08
3.090000000000000000e+02 7.300000000000400000e+13 0.000000000000000000e+00 1.684461247067351675e+00 1.470669020597532850e-01 1.684894881128113919e-01 7.996891818790284601e-02 0.000000000000000000e+00 1.928660152180366572e+00 1.747475372936925231e-01 2.235027404474594593e+09 1.228582088623200893e+09
3.100000000000000000e+02 7.300000000000100000e+13 0.000000000000000000e+00 1.097466437301146014e+00 4.820312900727003608e-02 1.254538984752532060e-01 3.631412873187846169e-02 0.000000000000000000e+00 1.095339673700806760e+00 5.637099350662470865e-02 8.311984646013350487e+08 2.070236274843518734e+08
3.110000000000000000e+02 7.300000000000300000e+13 0.000000000000000000e+00 1.252404855086912017e+00 1.535546824851652947e-01 2.039164557053756432e-01 1.387187241834107188e-01 0.000000000000000000e+00 1.582027910951893768e+00 1.101471818695842764e-01 9.204165828480751514e+08 4.646942503928750753e+08
3.120000000000000000e+02 7.300000000000200000e+13 0.000000000000000000e+00 1.405384385182955720e+00 1.024628820443482663e-01 2.004692840823376343e-01 4.667566710757895670e-02 0.000000000000000000e+00 1.225664350361532318e+00 8.280257432589263611e-02 1.254838681037827730e+09 6.685543290129356384e+08
3.130000000000000000e+02 7.300000000001700000e+13 0.000000000000000000e+00 1.162569581989436607e+00 3.774145696897674568e-02 2.797834865040885882e-02 1.514806736067319387e-02 0.000000000000000000e+00 1.203902645398725380e+00 2.931087459924196226e-02 4.603960450959207118e+07 4.603960450959207118e+07
3.140000000000000000e+02 7.300000000000100000e+13 0.000000000000000000e+00 1.249995509101066382e+00 9.356913539054453888e-02 1.422643156611114457e-01 8.906799837407816667e-02 0.000000000000000000e+00 1.326030402361871419e+00 1.219872398260723328e-01 1.767240333550274134e+09 1.196973721713232756e+09
3.150000000000000000e+02 7.300000000000400000e+13 0.000000000000000000e+00 1.156141679440179759e+00 1.618879789959916660e-01 3.903427432759508653e-01 2.270575541666261521e-01 0.000000000000000000e+00 1.569884702937604626e+00 1.907459866288355732e-01 2.499991947133786201e+09 1.103898316498540878e+09
3.160000000000000000e+02 7.300000000000200000e+13 0.000000000000000000e+00 1.234258655119584436e+00 5.247568313122142475e-02 5.531560287964112921e-02 1.567740301711143674e-02 0.000000000000000000e+00 1.184263090485559333e+00 5.500338936265501688e-02 5.457780672219316959e+08 2.152424230420684814e+08
3.170000000000000000e+02 7.300000000000500000e+13 0.000000000000000000e+00 1.399519168380648271e+00 5.490641749878828054e-02 1.342219467975786784e-01 2.759139946754289585e-02 0.000000000000000000e+00 1.440972174489103086e+00 4.300130252491121685e-02 1.198241142390667677e+09 4.053879762672361135e+08
3.180000000000000000e+02 7.300000000003300000e+13 1.000000000000000000e+00 9.997572524746773936e-01 3.512317793333571969e-02 6.536457557098956928e-02 5.665837432601281143e-02 0.000000000000000000e+00 1.108077736759718990e+00 8.131273395297954065e-02 1.131221558318640947e+09 9.805490808590095043e+08
3.190000000000000000e+02 7.300000000000100000e+13 0.000000000000000000e+00 9.111898071117940923e-01 3.310308531699578116e-02 2.136903668896203978e-01 1.329386486362619246e-01 0.000000000000000000e+00 1.277376181564087387e+00 1.955187195464343913e-02 2.708219912561299801e+08 1.835335773680635095e+08
3.200000000000000000e+02 7.300000000000300000e+13 0.000000000000000000e+00 1.168176535120326820e+00 4.785124801408310868e-02 4.417782918261087960e-02 1.753403174204880635e-02 0.000000000000000000e+00 1.413968743980885234e+00 4.284637837795146620e-02 3.216344456078569293e+08 2.640084849520804584e+08
3.210000000000000000e+02 7.300000000000500000e+13 0.000000000000000000e+00 1.117126688899150455e+00 9.369915793886127164e-02 1.210729710170531798e-01 4.158000049729172060e-02 0.000000000000000000e+00 1.385743088492756403e+00 1.182320612612535737e-01 8.606907289149208069e+08 7.696129407202498913e+08
3.220000000000000000e+02 7.300000000000100000e+13 0.000000000000000000e+00 1.878676041306854172e+00 1.314458877700223349e-01 2.006196465006980234e-01 7.049266280487419267e-02 0.000000000000000000e+00 1.483826649925954699e+00 1.386359584202468409e-01 2.625376787451474190e+09 9.377252940515749454e+08
3.230000000000000000e+02 7.300000000000300000e+13 0.000000000000000000e+00 9.505935437493386875e-01 1.761674080833838807e-01 3.972061015082125612e-01 2.747828973676070263e-01 0.000000000000000000e+00 1.432357155746321720e+00 1.012410467087673099e-01 1.762406468642388582e+09 6.414586883346447945e+08
3.240000000000000000e+02 7.300000000000100000e+13 0.000000000000000000e+00 1.361153886195370477e+00 9.247652397053884865e-03 7.274475958544146525e-02 1.796881013862938054e-02 0.000000000000000000e+00 1.488143789748725965e+00 2.007627810621412726e-02 6.429139013866211176e+08 1.451287946188064814e+08
