# rID[0] Hid[1]   R200: DS[2], eta[3], detla[4], fm[5], fm2[6];   R500: DS[7], eta[8], detla[9], fm[10], fm2[11]
1.000000000000000000e+00 7.600000000000300000e+13 0.000000000000000000e+00 1.094234430392849955e+00 6.655801203141872846e-02 1.283044975451339831e-01 3.902996762074962406e-02 0.000000000000000000e+00 1.056918035264580613e+00 5.567277388892718365e-02 1.430837308685956001e+09 5.915237067195632458e+08
2.000000000000000000e+00 7.600000000000100000e+13 0.000000000000000000e+00 2.112778083782250960e+00 1.804502211417856328e-01 2.816490514206725360e-01 1.070374687370042599e-01 0.000000000000000000e+00 2.106303136777301965e+00 1.967097751538681161e-01 3.322925294980849266e+09 1.445276222287716627e+09
3.000000000000000000e+00 7.600000000000300000e+13 0.000000000000000000e+00 1.406680157623640515e+00 1.414665467249892339e-01 2.609890021359378420e-01 1.378229387313770204e-01 0.000000000000000000e+00 1.188150729545461859e+00 1.977542411167358960e-01 3.619085470719421387e+09 1.979630296764798880e+09
4.000000000000000000e+00 7.600000000000300000e+13 0.000000000000000000e+00 1.484370907267006601e+00 1.183368671543469641e-01 1.487244242388381654e-01 3.262516189687251350e-02 0.000000000000000000e+00 1.426974538036476892e+00 1.351906984139278067e-01 1.611188274622491121e+09 4.767529683405931592e+08
5.000000000000000000e+00 7.600000000001000000e+13 0.000000000000000000e+00 1.517564218661707987e+00 3.553802155956384268e-02 1.165398897466131817e-01 4.148386672946500348e-02 0.000000000000000000e+00 1.128688412882106640e+00 8.538083705598814577e-02 1.647911356731721163e+09 6.593969595375572443e+08
6.000000000000000000e+00 7.600000000000100000e+13 0.000000000000000000e+00 1.158246273556327921e+00 3.220584477706563142e-02 1.092459581406056562e-01 1.191276679274828713e-02 0.000000000000000000e+00 1.404262286605840071e+00 3.811709400693127914e-02 1.069835863964538455e+09 1.665804833146505356e+08
7.000000000000000000e+00 7.600000000000100000e+13 0.000000000000000000e+00 1.251267483272943126e+00 4.530938457795075092e-02 1.388009426118356759e-01 3.391225293523697504e-02 0.000000000000000000e+00 1.267153324035532380e+00 5.274524765595777626e-02 1.548316306262012482e+09 4.148190790036551952e+08
8.000000000000000000e+00 7.600000000005100000e+13 0.000000000000000000e+00 1.178183639478904032e+00 1.119428344170547984e-01 2.183945076205603131e-01 1.257681812037443891e-01 0.000000000000000000e+00 1.691247735111397033e+00 5.646177265967328857e-02 5.188599789254366159e+08 4.223608098748623133e+08
9.000000000000000000e+00 7.600000000000100000e+13 0.000000000000000000e+00 1.333748868282139011e+00 4.881637038702136416e-02 1.651711780824062781e-01 1.629383166448764367e-02 0.000000000000000000e+00 1.367039134098528397e+00 7.060261727818964439e-02 1.545030298822014570e+09 2.151935965672585666e+08
1.000000000000000000e+01 7.600000000000200000e+13 0.000000000000000000e+00 1.212054306042972485e+00 1.313172545086801202e-01 1.470517176021221284e-01 3.952381707952104528e-02 0.000000000000000000e+00 1.052682336830404797e+00 1.463968276833257920e-01 1.479280241881879568e+09 5.772201893276635408e+08
1.100000000000000000e+01 7.600000000000100000e+13 0.000000000000000000e+00 1.139544272762685884e+00 1.976606998801889725e-01 1.659044533988688896e-01 9.610065614446672289e-02 0.000000000000000000e+00 1.197157058199810109e+00 2.289583617263534487e-01 1.872485510217496872e+09 1.376678617149013042e+09
1.200000000000000000e+01 7.600000000000400000e+13 0.000000000000000000e+00 1.162256761440231045e+00 1.348587895222339572e-01 1.012800433478596440e-01 2.353821127691333587e-02 0.000000000000000000e+00 1.380239650676025720e+00 1.458617411875959557e-01 1.053674504213712931e+09 3.887544262340292335e+08
1.300000000000000000e+01 7.600000000003600000e+13 0.000000000000000000e+00 1.084419158821114504e+00 1.160577425185652656e-01 1.062238378717369758e-01 6.942844175092799386e-02 0.000000000000000000e+00 1.458578887211170683e+00 1.089676804744754840e-01 7.263207332988145351e+08 3.025116274004132152e+08
1.400000000000000000e+01 7.600000000000900000e+13 0.000000000000000000e+00 2.153831047851787250e+00 6.173743484661970565e-02 2.584379135686843965e-01 7.738144842217932473e-02 0.000000000000000000e+00 1.943391127285697628e+00 1.295741157471674287e-01 2.196753606706599236e+09 7.365455127522430420e+08
1.500000000000000000e+01 7.600000000000200000e+13 0.000000000000000000e+00 1.169765046412587495e+00 1.611212173684316296e-02 5.602657375870853662e-02 8.751406445648335711e-03 0.000000000000000000e+00 1.290784272138203903e+00 2.130351200794633817e-02 5.755256951242463589e+08 1.211734997918810248e+08
1.600000000000000000e+01 7.600000000000200000e+13 0.000000000000000000e+00 1.021045443132361230e+00 1.746831874588843370e-01 1.687975434774699468e-01 1.016792945371195744e-01 0.000000000000000000e+00 1.491389019971588237e+00 1.323290823243646330e-01 9.092036824982933998e+08 6.306247578517529964e+08
1.700000000000000000e+01 7.600000000000100000e+13 0.000000000000000000e+00 1.442553440436104228e+00 6.554591491500223743e-02 2.488340756525527775e-01 9.022885887432170737e-02 0.000000000000000000e+00 1.449156381289183448e+00 1.051394928320849714e-01 1.826357403106670380e+09 6.771157742718441486e+08
1.800000000000000000e+01 7.600000000000300000e+13 0.000000000000000000e+00 1.216238869770945419e+00 6.734221077494224883e-02 1.720921392437692321e-01 5.370644101110019081e-02 0.000000000000000000e+00 1.266406161109863593e+00 9.526595053418082659e-02 2.216226084869278908e+09 7.951295097522833347e+08
1.900000000000000000e+01 7.600000000000100000e+13 0.000000000000000000e+00 1.168147798150432459e+00 2.403075677810326966e-02 6.500584664953570901e-02 1.007544429885018356e-02 0.000000000000000000e+00 1.095385315086869982e+00 4.152116393663518590e-02 6.679541684133893251e+08 1.381104308360966146e+08
2.000000000000000000e+01 7.600000000000600000e+13 0.000000000000000000e+00 1.548023525706174963e+00 1.496611011046575235e-01 2.954432849667722460e-01 1.244600490652754549e-01 0.000000000000000000e+00 1.341442957964802396e+00 1.058167815081535595e-01 1.750493266936529875e+09 9.446267562910931110e+08
2.100000000000000000e+01 7.600000000000100000e+13 0.000000000000000000e+00 1.113861932182014902e+00 2.147517959125111175e-01 3.199636694669057979e-01 1.327011295346569031e-01 0.000000000000000000e+00 1.167877916205671385e+00 2.387325543054312493e-01 2.478467409231732845e+09 4.569291735837724805e+08
2.200000000000000000e+01 7.600000000000100000e+13 0.000000000000000000e+00 1.147800109813034819e+00 6.126919842185728216e-02 9.908762701587611743e-02 1.592472436335252289e-02 0.000000000000000000e+00 1.221139325055565994e+00 6.661700603623707528e-02 1.032291634767293811e+09 2.356795411892309487e+08
2.300000000000000000e+01 7.600000000000600000e+13 0.000000000000000000e+00 1.284659762670308014e+00 1.606026640040314479e-01 1.719808497074843678e-01 5.092063748234819387e-02 0.000000000000000000e+00 1.356445679445932084e+00 1.833641799223661162e-01 1.861536537320549965e+09 6.694815004279909134e+08
2.400000000000000000e+01 7.600000000000600000e+13 0.000000000000000000e+00 1.224404689535635971e+00 1.635394674364305106e-02 6.563162218908803747e-02 1.670427228189757390e-02 0.000000000000000000e+00 1.436134759823527896e+00 1.373701440931856047e-02 8.186546900228886604e+08 2.348067655340673029e+08
2.500000000000000000e+01 7.600000000000800000e+13 0.000000000000000000e+00 1.558037161410664728e+00 1.405518044996071914e-01 2.738134176475873760e-01 1.249356036780782941e-01 0.000000000000000000e+00 1.457621045917012914e+00 2.093905686976437475e-01 3.560161973506785393e+09 1.833537960783345699e+09
2.600000000000000000e+01 7.600000000000100000e+13 0.000000000000000000e+00 1.247993557818365407e+00 1.530003164078890254e-01 3.158054541470107224e-01 1.204382034842851473e-01 0.000000000000000000e+00 1.214545807265450028e+00 1.200626772001523040e-01 3.067714926972483158e+09 1.630202273857910872e+09
2.700000000000000000e+01 7.600000000000300000e+13 0.000000000000000000e+00 1.280580986629974216e+00 8.897934904533812139e-02 9.191566305771044221e-02 3.902375153110788919e-02 0.000000000000000000e+00 1.314337196134493402e+00 1.030971566760648800e-01 1.198440017127897978e+09 5.967770409632413387e+08
2.800000000000000000e+01 7.600000000000100000e+13 0.000000000000000000e+00 1.287127881878010527e+00 2.514125945689834052e-01 2.604243149087820952e-01 7.852673195653837868e-02 0.000000000000000000e+00 1.246081649345980535e+00 2.592956527600372429e-01 2.073345851325995684e+09 1.149236987891423464e+09
2.900000000000000000e+01 7.600000000000100000e+13 0.000000000000000000e+00 9.987620611198685383e-01 2.670750840626359701e-02 1.000425804822713260e-01 2.088325136641169810e-02 0.000000000000000000e+00 1.176372692965508282e+00 3.387130891838324026e-02 8.177012521824612617e+08 3.302582102878995538e+08
3.000000000000000000e+01 7.600000000000200000e+13 0.000000000000000000e+00 1.206765485889097267e+00 4.592831474758928695e-02 1.096055278441843001e-01 3.206679266775255138e-02 0.000000000000000000e+00 1.436249369166735512e+00 5.346578866573049177e-02 1.151237333487934828e+09 4.613402232951596975e+08
3.100000000000000000e+01 7.600000000000100000e+13 0.000000000000000000e+00 1.235378256594996227e+00 8.816796923056145763e-02 1.902885459049470929e-01 7.938589189513148292e-02 0.000000000000000000e+00 1.300225208152869127e+00 1.339795112826376866e-01 2.124547471916152477e+09 9.730966570209892988e+08
3.200000000000000000e+01 7.600000000000100000e+13 1.000000000000000000e+00 1.135811039441291248e+00 1.835896902822366575e-02 7.721025055695963923e-02 1.678873128878964269e-02 0.000000000000000000e+00 1.406465595080271580e+00 2.568549372874135567e-02 4.122716499715086222e+08 7.739933775477506220e+07
3.300000000000000000e+01 7.600000000000200000e+13 0.000000000000000000e+00 1.332377821278402541e+00 1.332524148241764628e-01 1.440181430915621896e-01 6.083142391162962848e-02 0.000000000000000000e+00 1.236418617009080068e+00 1.137363713218308842e-01 7.940066958522953987e+08 1.770448434090869725e+08
3.400000000000000000e+01 7.600000000000100000e+13 0.000000000000000000e+00 1.133191738691756711e+00 5.828172378518261393e-02 2.034412959359901962e-01 9.895534367475429527e-02 0.000000000000000000e+00 1.363501706507855404e+00 3.349251899709315000e-02 1.048059983171718001e+09 3.046971181191021800e+08
3.500000000000000000e+01 7.600000000000100000e+13 0.000000000000000000e+00 1.312467338458986221e+00 4.643006672534692042e-02 1.641912548853162179e-01 3.674371134374716102e-02 0.000000000000000000e+00 1.464536453897210544e+00 1.169149439351245129e-01 1.748324322084573030e+09 5.578117220860278606e+08
3.600000000000000000e+01 7.600000000000300000e+13 0.000000000000000000e+00 1.251085892526519805e+00 3.740313226003397218e-02 8.120840418219311962e-02 3.122297622062464306e-02 0.000000000000000000e+00 1.329126463067020758e+00 5.705836253928456975e-02 8.044082778625943661e+08 4.351304312350991964e+08
3.700000000000000000e+01 7.600000000000100000e+13 0.000000000000000000e+00 1.049675138169487099e+00 4.782793638682963228e-02 1.310097657292791373e-01 2.776472399056279308e-02 0.000000000000000000e+00 1.269670581444094726e+00 4.485856409645005288e-02 8.186255241739505529e+08 4.676943965903487206e+08
3.800000000000000000e+01 7.600000000000100000e+13 1.000000000000000000e+00 1.028628382548158804e+00 3.391412076345420162e-02 8.103534327863337605e-02 2.678429068426557355e-02 0.000000000000000000e+00 1.237631837009801172e+00 3.928711992274971920e-02 3.816451363427202702e+08 1.071207232087187916e+08
3.900000000000000000e+01 7.600000000000100000e+13 1.000000000000000000e+00 1.132485501396661265e+00 2.626419706158346704e-02 8.852283399705417055e-02 1.213590820649900967e-02 0.000000000000000000e+00 1.289529499244990829e+00 2.736550634968014026e-02 9.172852390040551424e+08 1.514196358330805898e+08
4.000000000000000000e+01 7.600000000004100000e+13 0.000000000000000000e+00 1.782362371323116701e+00 6.879086941478056161e-02 2.521582579515922462e-01 1.049384189981174970e-01 0.000000000000000000e+00 1.367904252653513897e+00 1.168498932647241972e-01 3.199591695323455811e+09 1.331545104547823429e+09
4.100000000000000000e+01 7.600000000000100000e+13 0.000000000000000000e+00 1.512254052506661228e+00 8.788994729138245587e-02 1.863460028565296911e-01 2.785146045630471773e-02 0.000000000000000000e+00 1.287935060713771618e+00 1.122835697370686142e-01 1.670353056038532257e+09 3.378055366421182156e+08
4.200000000000000000e+01 7.600000000000600000e+13 0.000000000000000000e+00 1.135330801869786743e+00 4.980420009528774283e-02 1.103872512016316060e-01 2.993937434322205271e-02 0.000000000000000000e+00 1.303306281974202507e+00 9.256841629304327079e-02 9.849941945460702181e+08 4.951661972510296702e+08
4.300000000000000000e+01 7.600000000000100000e+13 0.000000000000000000e+00 1.647382293515670559e+00 3.404292115202853242e-02 1.374016084835526785e-01 1.925305046632506262e-02 0.000000000000000000e+00 1.547025260657052925e+00 5.357079628445050173e-02 1.487129749004511356e+09 2.368138064446495473e+08
4.400000000000000000e+01 7.600000000000300000e+13 0.000000000000000000e+00 1.208744607118233283e+00 7.984066352724883409e-02 1.764022620978566158e-01 6.285667834957218980e-02 0.000000000000000000e+00 1.180553524054280823e+00 8.087608770824172844e-02 1.601311090426038980e+09 9.207358738004475832e+08
4.500000000000000000e+01 7.600000000000100000e+13 0.000000000000000000e+00 1.274651477690790458e+00 1.484981407702593015e-01 2.242692284726919283e-01 4.686469606019614403e-02 0.000000000000000000e+00 1.212453379036834145e+00 1.442871914202699390e-01 2.750234200713680744e+09 6.603415786593046188e+08
4.600000000000000000e+01 7.600000000000100000e+13 0.000000000000000000e+00 1.097943277441150833e+00 8.668219055564059528e-02 1.356323767753197240e-01 3.346858579702269992e-02 0.000000000000000000e+00 1.405041147378832012e+00 4.333307331143676500e-02 1.363533611051528454e+09 5.122642813508594632e+08
4.700000000000000000e+01 7.600000000000900000e+13 0.000000000000000000e+00 1.612046790122315665e+00 2.646221701408537630e-01 3.103220491441718298e-01 2.065015265657028642e-01 0.000000000000000000e+00 1.718394585232733807e+00 2.973960267151687931e-01 1.316680458144578457e+09 4.034749752982115149e+08
4.800000000000000000e+01 7.600000000000100000e+13 0.000000000000000000e+00 2.409274455339628584e+00 1.294024122869238125e-01 2.526827939295894221e-01 9.938371465988753151e-02 0.000000000000000000e+00 2.495381595740297165e+00 1.163473334891778760e-01 6.906198103202488422e+08 1.142910525559058487e+08
4.900000000000000000e+01 7.600000000000100000e+13 0.000000000000000000e+00 1.434278312139031897e+00 1.203408873766553949e-01 1.510218720720117869e-01 4.090654698166242692e-02 0.000000000000000000e+00 1.581934410743359498e+00 1.501849359915364002e-01 1.583833418512727261e+09 5.561773026361690760e+08
5.000000000000000000e+01 7.600000000000200000e+13 0.000000000000000000e+00 1.316111348246900237e+00 1.027526958032331655e-01 2.156079764066488047e-01 5.910559865906464538e-02 0.000000000000000000e+00 1.202336044062568998e+00 1.540593296935197087e-01 2.430980670482850075e+09 7.159932889749726057e+08
5.100000000000000000e+01 7.600000000000500000e+13 0.000000000000000000e+00 1.468950498528440951e+00 1.037169802695896842e-01 1.200985517957545573e-01 6.918749005996763235e-02 0.000000000000000000e+00 1.405525871384242453e+00 1.502680514805705414e-01 1.429549787704904556e+09 1.059217489857647300e+09
5.200000000000000000e+01 7.600000000000100000e+13 0.000000000000000000e+00 1.207133067208249644e+00 4.176220269966917503e-02 1.508239441565863148e-01 5.490641152113602541e-02 0.000000000000000000e+00 1.508262205985073656e+00 1.619303130688424033e-02 1.253473899814692438e+08 8.513174544411322474e+07
5.300000000000000000e+01 7.600000000007500000e+13 0.000000000000000000e+00 1.330000707664688253e+00 1.363158546990290432e-01 2.044123076923076987e-01 1.318586278586278693e-01 0.000000000000000000e+00 1.223617703281412616e+00 9.119435387295418693e-02 9.909605724991707802e+08 6.036591869361820221e+08
5.400000000000000000e+01 7.600000000000200000e+13 0.000000000000000000e+00 1.156181465132030795e+00 8.512333415259047686e-02 1.517472192043158030e-01 4.795481441161109082e-02 0.000000000000000000e+00 1.256610902724060397e+00 1.191863219525294698e-01 1.867094572813228130e+09 6.479718005529010296e+08
5.500000000000000000e+01 7.600000000000100000e+13 1.000000000000000000e+00 9.235770998630991047e-01 2.346272137586786349e-02 7.731507436856374649e-02 2.291727836774933372e-02 0.000000000000000000e+00 1.336585517181418492e+00 1.515126522073213799e-02 4.162024313358872533e+08 8.800659136269472539e+07
5.600000000000000000e+01 7.600000000000100000e+13 0.000000000000000000e+00 1.093497114990457986e+00 7.233209059000024477e-02 8.484644631786449065e-02 2.016674151274619117e-02 0.000000000000000000e+00 1.193287444789613350e+00 4.465377498503873138e-02 6.010599111317039728e+08 1.010123755510913730e+08
5.700000000000000000e+01 7.600000000000600000e+13 0.000000000000000000e+00 1.311232719505333044e+00 7.282183209957315828e-02 9.929991376317351404e-02 3.362663809527365044e-02 0.000000000000000000e+00 1.370741386802048822e+00 9.228882880031788472e-02 1.174170528186553001e+09 5.809508859095840454e+08
5.800000000000000000e+01 7.600000000000100000e+13 0.000000000000000000e+00 9.285926100987689225e-01 8.011712390266279016e-02 2.356325546644784386e-01 1.134521408011589516e-01 0.000000000000000000e+00 1.046054089453153813e+00 8.587863128342335117e-02 1.067515167168052435e+09 3.530861386425868273e+08
5.900000000000000000e+01 7.600000000000100000e+13 0.000000000000000000e+00 8.693381050621447059e-01 1.185739033303773449e-01 4.424536478743830714e-01 1.744927886505885928e-01 0.000000000000000000e+00 1.697178099725338285e+00 2.307232636681081153e-02 1.185883929512724876e+09 2.840061348260991573e+08
6.000000000000000000e+01 7.600000000000100000e+13 0.000000000000000000e+00 1.180344947756420071e+00 2.809681718173335369e-02 5.147974027935463270e-02 9.870191756851063106e-03 0.000000000000000000e+00 1.348528592667058268e+00 1.767997214034431816e-02 2.009530288286299109e+08 5.453621716661055386e+07
6.100000000000000000e+01 7.600000000000700000e+13 0.000000000000000000e+00 1.199213567111276024e+00 4.419027936226745806e-02 9.789097183783693201e-02 1.987453664100370665e-02 0.000000000000000000e+00 1.185103134968021665e+00 7.173568789967095516e-02 1.361976758153870106e+09 2.765184212183081508e+08
6.200000000000000000e+01 7.600000000001500000e+13 0.000000000000000000e+00 1.384322721330970563e+00 8.986026399143220988e-02 1.679133020465909953e-01 7.304441669419123317e-02 0.000000000000000000e+00 1.344385359253561729e+00 1.322225544455232216e-01 1.693515310552134752e+09 9.872570097008724213e+08
6.300000000000000000e+01 7.600000000000100000e+13 0.000000000000000000e+00 1.097563782485630579e+00 1.824841423018484440e-02 1.527064342936879371e-01 5.170105885249938471e-02 0.000000000000000000e+00 1.232086324002900524e+00 1.059591980447982182e-02 7.160226692557450533e+08 1.363554527710080445e+08
6.400000000000000000e+01 7.600000000000300000e+13 0.000000000000000000e+00 1.312222199038272974e+00 8.602487458852427216e-02 1.477850862325961467e-01 2.777191975179145109e-02 0.000000000000000000e+00 1.452470295193503569e+00 1.148028095738755916e-01 1.324261073177790403e+09 3.690083151248021126e+08
6.500000000000000000e+01 7.600000000000100000e+13 0.000000000000000000e+00 1.156702376381659736e+00 5.517492568315075091e-02 9.946104485550168184e-02 1.719813605944902832e-02 0.000000000000000000e+00 1.115242032476716050e+00 5.197751724707534021e-02 7.341316418954185247e+08 1.464040593859825432e+08
6.600000000000000000e+01 7.600000000000400000e+13 0.000000000000000000e+00 1.201447519855240564e+00 9.171767915118109182e-02 1.459227651699853689e-01 3.709605992054292728e-02 0.000000000000000000e+00 1.131386980089822414e+00 9.444441610462846193e-02 1.623140872563680410e+09 4.777316380361159444e+08
6.700000000000000000e+01 7.600000000000100000e+13 0.000000000000000000e+00 1.725254677133862380e+00 5.742923223160494722e-02 1.280432399476925664e-01 2.308866953513878315e-02 0.000000000000000000e+00 1.563862135058818659e+00 6.423715813399612229e-02 1.399429054394471884e+09 2.986156325672712922e+08
6.800000000000000000e+01 7.600000000000100000e+13 0.000000000000000000e+00 1.185318614885675803e+00 8.055438030398363869e-02 1.322634629988057586e-01 3.688111024173289926e-02 0.000000000000000000e+00 1.345453484589825166e+00 5.531357564165814006e-02 1.484769390607955217e+09 5.347472254402804971e+08
6.900000000000000000e+01 7.600000000000200000e+13 0.000000000000000000e+00 1.647350199022910244e+00 1.094941831336148086e-01 1.293953761527848467e-01 4.165975082212101943e-02 0.000000000000000000e+00 1.706593550782209645e+00 1.506095520644210595e-01 1.590722932398171902e+09 5.334229234348378181e+08
7.000000000000000000e+01 7.600000000000100000e+13 0.000000000000000000e+00 1.216928605897990456e+00 4.885806431722383714e-02 1.088989862816214932e-01 3.422764041601354668e-02 0.000000000000000000e+00 1.215291795056740121e+00 4.309759279136169546e-02 1.083962357295447350e+09 4.779164441379670501e+08
7.100000000000000000e+01 7.600000000000100000e+13 0.000000000000000000e+00 1.047919110738214199e+00 1.281185957543607146e-01 2.356307421365732846e-01 9.730198553122181016e-02 0.000000000000000000e+00 1.139798322404176334e+00 9.138376453098928653e-02 1.764561192747688532e+09 3.340230954127593040e+08
7.200000000000000000e+01 7.600000000000300000e+13 0.000000000000000000e+00 1.154897593022475188e+00 8.395275781074415522e-02 8.613179962682614155e-02 3.656924493404274668e-02 0.000000000000000000e+00 1.211910099871887914e+00 4.242822528108457225e-02 2.873787929488511682e+08 2.561859928071699739e+08
7.300000000000000000e+01 7.600000000000100000e+13 0.000000000000000000e+00 1.161663534481328641e+00 3.753033743515653275e-02 1.151245210835604160e-01 2.827426633398116840e-02 0.000000000000000000e+00 1.234671815798444428e+00 3.204423136021153362e-02 1.236096110641059160e+09 4.146993588639158010e+08
7.400000000000000000e+01 7.600000000000200000e+13 0.000000000000000000e+00 1.141734654412931205e+00 6.921956623607744552e-02 1.224377604184448964e-01 5.541185548355377632e-02 0.000000000000000000e+00 9.893854417413805447e-01 8.390338144622282168e-02 1.272865445387329578e+09 8.440733218605904579e+08
7.500000000000000000e+01 7.600000000000300000e+13 0.000000000000000000e+00 1.163672315090733100e+00 5.191823623523132702e-02 6.152758926758256086e-02 2.221593981668457812e-02 0.000000000000000000e+00 1.422300162775327337e+00 5.486603931187569727e-02 7.676190492784979343e+08 3.195741103077727556e+08
7.600000000000000000e+01 7.600000000000200000e+13 0.000000000000000000e+00 1.179235226988285756e+00 1.135711931348597388e-02 1.167005972385189022e-01 2.392241078774525603e-02 0.000000000000000000e+00 1.276639720117424881e+00 3.211293810508861202e-02 8.622249128449568748e+08 2.136641916946766675e+08
7.700000000000000000e+01 7.600000000000100000e+13 0.000000000000000000e+00 1.205696877003413769e+00 4.833426495848770071e-02 1.232656396600908949e-01 3.231678527808587442e-02 0.000000000000000000e+00 1.372859841222022315e+00 4.396598909265021782e-02 7.828898545715572834e+08 2.871668748801769018e+08
7.800000000000000000e+01 7.600000000000400000e+13 0.000000000000000000e+00 1.158308544376029925e+00 1.203906451892671203e-01 1.825142780679644139e-01 5.194547359470375741e-02 0.000000000000000000e+00 1.389933663752506154e+00 9.904074121060713054e-02 1.578683660413604259e+09 6.807544900154863596e+08
7.900000000000000000e+01 7.600000000000200000e+13 0.000000000000000000e+00 1.517349297686969800e+00 9.367574327643714283e-02 1.634982017882987415e-01 3.874911609402777180e-02 0.000000000000000000e+00 1.598918475281159823e+00 1.243432214300302791e-01 1.953040393644154310e+09 5.038988932744624019e+08
8.000000000000000000e+01 7.600000000000600000e+13 1.000000000000000000e+00 9.186163396947079063e-01 3.695624537741695748e-02 3.990251160269209230e-02 1.353416017665181291e-02 0.000000000000000000e+00 1.187847032117190116e+00 3.493475204193222106e-02 3.393835410625371337e+08 2.170676236999841928e+08
8.100000000000000000e+01 7.600000000000100000e+13 0.000000000000000000e+00 1.428127257577100684e+00 4.726639454849371202e-02 1.196941310242281148e-01 3.243913816729350474e-02 0.000000000000000000e+00 1.527479824905892736e+00 7.225187367220432810e-02 1.540391048286952972e+09 4.452576707795690894e+08
8.200000000000000000e+01 7.600000000000100000e+13 0.000000000000000000e+00 1.156435397879720384e+00 1.021489279878703971e-01 2.432526731478318049e-01 9.416606395676462016e-02 0.000000000000000000e+00 1.178203641413670733e+00 9.468171301454249289e-02 3.192364966108463287e+09 1.386877267246871233e+09
8.300000000000000000e+01 7.600000000000100000e+13 0.000000000000000000e+00 2.382785906536847964e+00 1.824587289094458387e-01 2.239122175375276858e-01 7.436272660159133630e-02 0.000000000000000000e+00 2.400452690788391408e+00 1.967726636797440254e-01 2.761529598064568043e+09 1.016409855059388399e+09
8.400000000000000000e+01 7.600000000002100000e+13 0.000000000000000000e+00 1.776695984008212603e+00 1.012023615884265343e-01 1.450058872012245370e-01 6.518658066991989131e-02 0.000000000000000000e+00 2.143983782242985470e+00 1.374826172337963170e-01 1.792050166912785530e+09 9.766642407053445578e+08
8.500000000000000000e+01 7.600000000000300000e+13 0.000000000000000000e+00 1.265679354008721003e+00 6.656563079642607850e-02 8.998786178159841331e-02 3.165859579313537453e-02 0.000000000000000000e+00 1.489279659938718359e+00 2.635065917166592650e-02 6.602207115693681240e+08 2.773119096275846958e+08
8.600000000000000000e+01 7.600000000000100000e+13 0.000000000000000000e+00 1.890221486097779291e+00 1.805297846847400967e-01 2.271042786715867234e-01 6.878287822878229041e-02 0.000000000000000000e+00 1.784315418863293257e+00 2.122296719494952133e-01 2.732147855307421684e+09 9.201463786554652452e+08
8.700000000000000000e+01 7.600000000000100000e+13 0.000000000000000000e+00 1.168494344683880692e+00 2.762216404049912255e-02 5.549509991727018254e-02 1.074122820600167255e-02 0.000000000000000000e+00 1.279773341504298001e+00 2.004756250760282577e-02 4.531564781004419327e+08 1.504796308499635756e+08
8.800000000000000000e+01 7.600000000000200000e+13 0.000000000000000000e+00 1.063461667517651588e+00 3.708848004960542399e-02 1.064207317580250500e-01 3.190325991398769434e-02 0.000000000000000000e+00 1.164377738609240209e+00 4.798906859076008252e-02 1.328063802076361656e+09 4.753408775514944196e+08
8.900000000000000000e+01 7.600000000000100000e+13 0.000000000000000000e+00 1.214062664502212563e+00 7.974359765122969457e-02 1.829332481509381159e-01 8.141307422628639434e-02 0.000000000000000000e+00 1.316495088005833258e+00 1.448217455884445726e-01 1.979686078929177046e+09 1.163751394300693274e+09
9.000000000000000000e+01 7.600000000000400000e+13 0.000000000000000000e+00 9.953843559983999167e-01 1.317105542139567209e-01 1.903707793242176982e-01 6.686066111232537301e-02 0.000000000000000000e+00 1.104430257120255998e+00 1.005110055563225441e-01 1.335678483883397818e+09 8.025611341469991207e+08
9.100000000000000000e+01 7.600000000000300000e+13 0.000000000000000000e+00 1.122676236168294039e+00 1.356672261807638225e-01 1.984656056796900991e-01 7.148803263128190866e-02 0.000000000000000000e+00 1.326169662874871813e+00 1.808047926102542557e-01 1.487965280203031778e+09 7.306965836932579279e+08
9.200000000000000000e+01 7.600000000000100000e+13 0.000000000000000000e+00 1.734308664600679339e+00 1.056132950599849712e-01 1.131911327111537330e-01 1.987624036297908417e-02 0.000000000000000000e+00 1.604237702521426279e+00 1.203232057690953871e-01 9.831551775702477694e+08 2.954678244257308245e+08
9.300000000000000000e+01 7.600000000000100000e+13 0.000000000000000000e+00 1.501785646921124151e+00 1.232607087540926599e-01 2.349339442909809950e-01 1.054272762449348089e-01 0.000000000000000000e+00 1.443965265607595638e+00 1.626489100073704175e-01 2.497645575546461105e+09 1.219071551406973600e+09
9.400000000000000000e+01 7.600000000000100000e+13 0.000000000000000000e+00 1.684516422759445575e+00 1.362565211067675586e-01 2.347553315609951785e-01 6.491071428571427993e-02 0.000000000000000000e+00 1.889487395306660877e+00 1.635596321014829713e-01 2.309572483306485653e+09 1.004153180790092468e+09
9.500000000000000000e+01 7.600000000000100000e+13 0.000000000000000000e+00 1.393965245848734380e+00 2.981899299163744133e-02 1.194033123746361530e-01 1.530617482389966776e-02 0.000000000000000000e+00 1.325024248601001764e+00 3.432657568970721301e-02 1.291851891171385288e+09 1.747306102990314364e+08
9.600000000000000000e+01 7.600000000002000000e+13 0.000000000000000000e+00 1.263215484389295096e+00 6.981167692498786714e-02 1.593242603948297753e-01 5.499456296312904557e-02 0.000000000000000000e+00 1.248144947929503257e+00 1.015672853486661448e-01 1.922592833380495310e+09 7.222518313822641373e+08
9.700000000000000000e+01 7.600000000001100000e+13 0.000000000000000000e+00 1.405717828987292695e+00 2.511713118192407737e-02 7.029619919072215006e-02 3.306747769242197876e-02 0.000000000000000000e+00 1.432016218733338064e+00 4.488042054695029481e-02 8.464148052775335312e+08 4.457030572796875834e+08
9.800000000000000000e+01 7.600000000000400000e+13 0.000000000000000000e+00 1.381950395774285578e+00 2.476986274101596400e-02 8.486974385908209462e-02 2.422203256302521077e-02 0.000000000000000000e+00 1.497580451448326855e+00 4.604886496987821431e-02 9.209232504153989553e+08 3.179609171800635457e+08
9.900000000000000000e+01 7.600000000000200000e+13 0.000000000000000000e+00 1.093558670906847219e+00 2.926580338497421496e-01 2.084074529672161891e-01 1.166583920064473007e-01 0.000000000000000000e+00 1.140171127861318245e+00 3.222056640613337741e-01 2.545866788010523319e+09 2.012977660107234240e+09
1.000000000000000000e+02 7.600000000001400000e+13 0.000000000000000000e+00 1.358036846944555620e+00 9.335132408662662196e-02 6.956214452633160961e-02 4.693677340016338961e-02 0.000000000000000000e+00 1.273153960813397934e+00 1.037257386409040083e-01 9.959516798271428347e+08 7.921967189313716888e+08
1.010000000000000000e+02 7.600000000000700000e+13 0.000000000000000000e+00 1.094182827797220980e+00 7.625897106090205602e-02 1.990337429221569476e-01 3.538260041276392737e-02 0.000000000000000000e+00 7.768074203879169470e-01 8.473398113317837099e-02 2.769539742753510475e+09 5.634790638227655888e+08
1.020000000000000000e+02 7.600000000000300000e+13 0.000000000000000000e+00 1.253039175070064903e+00 1.355522565301816584e-01 1.676080835100770272e-01 8.381039429432503296e-02 0.000000000000000000e+00 1.491656620526382149e+00 1.168742946072332117e-01 1.125027498284456015e+09 3.317428412885635495e+08
1.030000000000000000e+02 7.600000000000200000e+13 0.000000000000000000e+00 1.324762120452693592e+00 8.976573799932847930e-02 1.903954253350382542e-01 7.583188426758355472e-02 0.000000000000000000e+00 1.264711087795647781e+00 9.604514095114476124e-02 2.328884852333480835e+09 9.681997240468026400e+08
1.040000000000000000e+02 7.600000000000100000e+13 0.000000000000000000e+00 1.584553346770474436e+00 9.543083625488019139e-02 1.390796596498317383e-01 6.079169849918866775e-02 0.000000000000000000e+00 1.545162941089917696e+00 1.208948535149845654e-01 1.648971435043518543e+09 7.793983697724601030e+08
1.050000000000000000e+02 7.600000000000100000e+13 0.000000000000000000e+00 1.585573537749968454e+00 1.354979932975258206e-01 2.354068562660505959e-01 3.635638007793521448e-02 0.000000000000000000e+00 1.432144465961397328e+00 1.953121613472106333e-01 2.637308027087981224e+09 4.584960080106911063e+08
1.060000000000000000e+02 7.600000000000100000e+13 0.000000000000000000e+00 1.509837381027676395e+00 1.232156745243236512e-01 1.862431041425400835e-01 4.930374985563071299e-02 0.000000000000000000e+00 1.594615277620477833e+00 8.731849708646371999e-02 1.800351004028437376e+09 6.015702656745136976e+08
1.070000000000000000e+02 7.600000000000100000e+13 0.000000000000000000e+00 1.438283372644976410e+00 5.025277369561220731e-02 1.030905791959503687e-01 3.263293484892997032e-02 0.000000000000000000e+00 1.443914938185305585e+00 5.846670322169408157e-02 1.040261593864086986e+09 4.213331215946657062e+08
1.080000000000000000e+02 7.600000000000100000e+13 0.000000000000000000e+00 1.081575130877329372e+00 5.019261049515839207e-02 9.086777171851455337e-02 2.706995374929962658e-02 0.000000000000000000e+00 1.137475606728059141e+00 3.609395934717429810e-02 1.018941177766063094e+09 4.032578087929014564e+08
1.090000000000000000e+02 7.600000000000700000e+13 0.000000000000000000e+00 1.310923179166355146e+00 2.140384463880156893e-02 6.328845908087081529e-02 1.880853077265108586e-02 0.000000000000000000e+00 1.374670022456130347e+00 2.419691498807213792e-02 8.545362258757841587e+08 2.998245122955250144e+08
1.100000000000000000e+02 7.600000000000300000e+13 0.000000000000000000e+00 1.319655720410920940e+00 1.206208158098486805e-01 1.171338038724913100e-01 1.641722081402213762e-02 0.000000000000000000e+00 1.123709752933002681e+00 1.466415540533003992e-01 1.515390746862492561e+09 2.267099836606584787e+08
1.110000000000000000e+02 7.600000000000100000e+13 0.000000000000000000e+00 9.831233249434038202e-01 2.055981283444872354e-01 3.346547391536589533e-01 1.540480476915873642e-01 0.000000000000000000e+00 1.169208383070160506e+00 2.178075684827959491e-01 2.134135283948344946e+09 9.770669067430508137e+08
1.120000000000000000e+02 7.600000000000400000e+13 0.000000000000000000e+00 1.361432025722738359e+00 1.055282118838599542e-01 2.605911795137092479e-01 1.187354962678294351e-01 0.000000000000000000e+00 1.338862917856405543e+00 1.406820220633161478e-01 3.380561025589808464e+09 1.907800374374692202e+09
1.130000000000000000e+02 7.600000000000100000e+13 0.000000000000000000e+00 1.415128406419707385e+00 1.561418614509026415e-01 1.983694341540884476e-01 4.780103859686427731e-02 0.000000000000000000e+00 1.161214875347764908e+00 1.965227765731811516e-01 2.547300135156599998e+09 6.232066221700224876e+08
1.140000000000000000e+02 7.600000000000100000e+13 0.000000000000000000e+00 9.958769661825778163e-01 3.802868257250535677e-02 2.165571640038912726e-01 8.329396853310384874e-02 0.000000000000000000e+00 1.245431536592628508e+00 1.687832513724542294e-02 7.239778403014131784e+08 2.416351526270772219e+08
1.150000000000000000e+02 7.600000000000200000e+13 0.000000000000000000e+00 1.102386151203597731e+00 1.074946713857317659e-01 1.430779975381002989e-01 7.139202467156417764e-02 0.000000000000000000e+00 1.492146934458693730e+00 7.377583675269433483e-02 9.712122451524786949e+08 3.920324448948467374e+08
1.160000000000000000e+02 7.600000000000300000e+13 0.000000000000000000e+00 1.191078215039064414e+00 1.083617972271791186e-01 1.538135118007163404e-01 8.654469000231157505e-02 0.000000000000000000e+00 1.248169993971649960e+00 8.322388467272567869e-02 8.330972703101524115e+08 5.629243081259084940e+08
1.170000000000000000e+02 7.600000000000200000e+13 0.000000000000000000e+00 1.071676159531609773e+00 1.124404346087488626e-01 1.210505741890420400e-01 4.133323788823378697e-02 0.000000000000000000e+00 1.151059050221714619e+00 1.229447204191687765e-01 1.105284432529772997e+09 6.030017419258037806e+08
1.180000000000000000e+02 7.600000000000100000e+13 0.000000000000000000e+00 2.144217935755525328e+00 5.598319502230241634e-02 8.264348427649563511e-02 1.236010637308686440e-02 0.000000000000000000e+00 2.080310855654668778e+00 7.480726538906737333e-02 9.056393717680310011e+08 1.691347440251324475e+08
1.190000000000000000e+02 7.600000000000100000e+13 0.000000000000000000e+00 1.133119308651169943e+00 1.289375096902239115e-01 2.041782565984229525e-01 1.291482670065654259e-01 0.000000000000000000e+00 1.104718568742611540e+00 5.558097919889790767e-02 6.817373242984676361e+08 1.387808307039553821e+08
1.200000000000000000e+02 7.600000000000100000e+13 0.000000000000000000e+00 1.195928398705555784e+00 5.616491374675545295e-02 1.164338139775181608e-01 2.881761264224253979e-02 0.000000000000000000e+00 1.065609631392691492e+00 6.822041380952054146e-02 1.110660617770806551e+09 4.019363871323336363e+08
1.210000000000000000e+02 7.600000000000100000e+13 0.000000000000000000e+00 1.068871257174843326e+00 2.079439444989504004e-01 1.112605526401114348e-01 3.473450778363534885e-02 0.000000000000000000e+00 9.615064287541723598e-01 2.235472881405270174e-01 1.013627218029258966e+09 5.270245770629796386e+08
1.220000000000000000e+02 7.600000000000100000e+13 0.000000000000000000e+00 1.057580321637820120e+00 4.401527818311237739e-02 1.195266531920605030e-01 2.983334649212840764e-02 0.000000000000000000e+00 1.372183517819995702e+00 3.528047111197522151e-02 1.155846944276511431e+09 3.308495232033351064e+08
1.230000000000000000e+02 7.600000000005200000e+13 0.000000000000000000e+00 1.026504711234045519e+00 1.752324697713696922e-01 3.377020883100870785e-01 2.415816647266621486e-01 0.000000000000000000e+00 1.620069370897875061e+00 9.956976010718954218e-02 6.160005383467106819e+08 6.160005383467106819e+08
1.240000000000000000e+02 7.600000000000100000e+13 0.000000000000000000e+00 1.136793295108421864e+00 2.028070954528024550e-01 1.333608845716794111e-01 5.684473975793576106e-02 0.000000000000000000e+00 1.317831234488169967e+00 1.861531312948163375e-01 1.635319793354524374e+09 8.430441005480164289e+08
1.250000000000000000e+02 7.600000000000200000e+13 0.000000000000000000e+00 1.045361262684814108e+00 3.754734894270544965e-02 1.295936048902305848e-01 5.050547092037829811e-02 0.000000000000000000e+00 1.173446005287055005e+00 1.163970265933410575e-01 1.522583176659286499e+09 8.118806041820417643e+08
1.260000000000000000e+02 7.600000000000100000e+13 0.000000000000000000e+00 1.175976708226315948e+00 4.939452831939848687e-02 1.442115993000055441e-01 5.097782073499419059e-02 0.000000000000000000e+00 1.411534812301586950e+00 5.048846191794963828e-02 6.477098745566898584e+08 3.252175043643576503e+08
1.270000000000000000e+02 7.600000000000300000e+13 0.000000000000000000e+00 9.589427977534146219e-01 5.474988407896908688e-02 3.222095881886028468e-01 1.435255245100111321e-01 0.000000000000000000e+00 1.061319631352796389e+00 6.411314536978462986e-02 2.803239184638930798e+09 1.652683992827636957e+09
1.280000000000000000e+02 7.600000000000100000e+13 0.000000000000000000e+00 1.075529020746976983e+00 6.288476900587314233e-02 1.551008069078026463e-01 7.212147538926375057e-02 0.000000000000000000e+00 1.192793057259277978e+00 5.578415886896157666e-02 4.999108354227923155e+08 1.103890123828956336e+08
1.290000000000000000e+02 7.600000000000100000e+13 0.000000000000000000e+00 1.174125110876921285e+00 3.759407846293695565e-02 1.149086272452097407e-01 3.029351923241668798e-02 0.000000000000000000e+00 1.344313612148503534e+00 4.264701248304763465e-02 8.550142644971450567e+08 1.785795063610796928e+08
1.300000000000000000e+02 7.600000000000500000e+13 0.000000000000000000e+00 1.419388655442617164e+00 2.006678412153185820e-01 2.983515677987677583e-01 9.728346657161769662e-02 0.000000000000000000e+00 1.322686865012486113e+00 1.046988100329232507e-01 2.821170637208502293e+09 1.715069358986862421e+09
1.310000000000000000e+02 7.600000000000100000e+13 0.000000000000000000e+00 1.027385393010179060e+00 1.253331727896146441e-01 1.048791738461185008e-01 3.873692191053828421e-02 0.000000000000000000e+00 1.468706716680886259e+00 7.738669427116351418e-02 6.414968413279343843e+08 4.116794679128252864e+08
1.320000000000000000e+02 7.600000000000700000e+13 0.000000000000000000e+00 7.348833695598389060e-01 2.094250616233070683e-01 3.125109831701644025e-01 1.497811148550051707e-01 0.000000000000000000e+00 1.863721013073933674e+00 4.245085192617470415e-02 -1.000000000000000000e+00 -1.000000000000000000e+00
1.330000000000000000e+02 7.600000000000100000e+13 0.000000000000000000e+00 1.232462836111916316e+00 2.778800729729721461e-02 6.737348624465108737e-02 8.172903992801419659e-03 0.000000000000000000e+00 1.410249790719223517e+00 3.664780255235319112e-02 5.734199155250669718e+08 1.110276450574992448e+08
1.340000000000000000e+02 7.600000000000300000e+13 0.000000000000000000e+00 1.169767617908511026e+00 5.049272599119342814e-02 7.404583365242030368e-02 2.823007678972980911e-02 0.000000000000000000e+00 1.377856762897079701e+00 2.478503019821469422e-02 9.560911498506691456e+08 4.054088552324917316e+08
1.350000000000000000e+02 7.600000000000100000e+13 0.000000000000000000e+00 1.192375981989851841e+00 6.258305394339655492e-02 1.002186747432840253e-01 2.159450282358849407e-02 0.000000000000000000e+00 1.224132598723439269e+00 2.656081787882433667e-02 5.771790608463481665e+08 1.821954462653522491e+08
1.360000000000000000e+02 7.600000000001100000e+13 0.000000000000000000e+00 8.478227619901755885e-01 1.591112215578168176e-01 3.248023389098772529e-01 1.568653201529522645e-01 0.000000000000000000e+00 1.521270674774358289e+00 1.130535540474167655e-01 3.134936688313511610e+08 2.732986902963052988e+08
1.370000000000000000e+02 7.600000000000100000e+13 0.000000000000000000e+00 1.247269846496889212e+00 3.371643004004324512e-02 6.697557740838271101e-02 1.035500118161408398e-02 0.000000000000000000e+00 1.444555597597142915e+00 3.415806239622202339e-02 5.840998994300539494e+08 8.162205285563167930e+07
1.380000000000000000e+02 7.600000000000100000e+13 1.000000000000000000e+00 9.936766437995511181e-01 3.031976052450284162e-02 9.979882101487269619e-02 2.518999853880336467e-02 0.000000000000000000e+00 1.043430320217608509e+00 4.248119714135898534e-02 9.762081327172384262e+08 4.185265421576731801e+08
1.390000000000000000e+02 7.600000000000100000e+13 0.000000000000000000e+00 1.161427789774107433e+00 1.953738436817776258e-01 2.382506718995731354e-01 1.132161312064704495e-01 0.000000000000000000e+00 1.675676473117500453e+00 1.030019697357908298e-01 8.115465599488780499e+08 4.215755822553619146e+08
1.400000000000000000e+02 7.600000000000200000e+13 0.000000000000000000e+00 1.278774918866001586e+00 5.673493444011325215e-02 1.094068581011183316e-01 2.536653490575283346e-02 0.000000000000000000e+00 1.101802454378101093e+00 7.703461845128142804e-02 1.400981055707955122e+09 3.811616710349232554e+08
1.410000000000000000e+02 7.600000000000100000e+13 0.000000000000000000e+00 1.361482506281676885e+00 1.143482976452468575e-01 1.544225253836679079e-01 3.957788208662072621e-02 0.000000000000000000e+00 1.274176515144259225e+00 1.512202018562048556e-01 1.810990891140614271e+09 4.712082331662150621e+08
1.420000000000000000e+02 7.600000000000500000e+13 0.000000000000000000e+00 1.177792755139105196e+00 1.029897550355024366e-01 9.526605073941481205e-02 4.889012250570232837e-02 0.000000000000000000e+00 1.299037965132706418e+00 1.330619403876127371e-01 1.294577978805060387e+09 7.666722637877782583e+08
1.430000000000000000e+02 7.600000000000100000e+13 0.000000000000000000e+00 1.163525800003450295e+00 1.527513676896081855e-02 1.136464654103461619e-01 2.318475347121735919e-02 0.000000000000000000e+00 1.352962674082215822e+00 2.959739016017325433e-02 1.130169241516233683e+09 3.480516126275067329e+08
1.440000000000000000e+02 7.600000000000400000e+13 0.000000000000000000e+00 1.127599713477355881e+00 7.741575455710968112e-02 1.103938103360127820e-01 1.701107153751305057e-02 0.000000000000000000e+00 1.402567707463594715e+00 7.573490881891552229e-02 9.572361350577769279e+08 2.391333319764035046e+08
1.450000000000000000e+02 7.600000000000100000e+13 0.000000000000000000e+00 1.191814986062467607e+00 6.911231836518756666e-02 1.751039654894371855e-01 9.114578293823576149e-02 0.000000000000000000e+00 1.318460727434244362e+00 3.927513855832623357e-02 7.357095928152580261e+08 1.608491974112924337e+08
1.460000000000000000e+02 7.600000000000100000e+13 0.000000000000000000e+00 1.184528176775358155e+00 1.026976217419282161e-01 1.544629490493061030e-01 5.812918296194737738e-02 0.000000000000000000e+00 1.174326973103534399e+00 9.285850949618457140e-02 1.543587284424331903e+09 8.171340814518852234e+08
1.470000000000000000e+02 7.600000000000100000e+13 0.000000000000000000e+00 1.112592646571927801e+00 1.685922542129534019e-01 1.896587434981572284e-01 3.800463300709636810e-02 0.000000000000000000e+00 1.294270166572655700e+00 1.042024378687157748e-01 1.296634705752722979e+09 2.201791349174519777e+08
1.480000000000000000e+02 7.600000000000500000e+13 0.000000000000000000e+00 1.046139461221035738e+00 5.603965593546650359e-02 2.323660609143750680e-02 1.174551809249262807e-02 0.000000000000000000e+00 1.272921283154351713e+00 5.188661896150828512e-02 3.920016026619203687e+08 1.981469194870211184e+08
1.490000000000000000e+02 7.600000000000400000e+13 0.000000000000000000e+00 1.154778710131073582e+00 6.023906023683840705e-02 7.200323862219361326e-02 1.433612304908391845e-02 0.000000000000000000e+00 1.336373366220252601e+00 5.041436835638266750e-02 5.579171324846678972e+08 2.123391915545643270e+08
1.500000000000000000e+02 7.600000000000600000e+13 0.000000000000000000e+00 1.128135389355750862e+00 6.192594823440605162e-02 3.598482811661830177e-02 1.135684140453831550e-02 0.000000000000000000e+00 1.239909865134136258e+00 9.170339601907137594e-02 4.262892512403242588e+08 1.683279666633768976e+08
1.510000000000000000e+02 7.600000000000100000e+13 0.000000000000000000e+00 1.209732336366264649e+00 1.249797722361824653e-01 1.124620228590178239e-01 7.457110045155544709e-02 0.000000000000000000e+00 1.278745354453870720e+00 1.163043996839913941e-01 1.395367588115972757e+09 1.116613147942014933e+09
1.520000000000000000e+02 7.600000000000100000e+13 0.000000000000000000e+00 1.245506898579773036e+00 4.808382989160524951e-02 7.891047963593504633e-02 1.897920486292998046e-02 0.000000000000000000e+00 1.336307405289406169e+00 7.244865552350734927e-02 8.208517067010440826e+08 2.625057233403593600e+08
1.530000000000000000e+02 7.600000000000100000e+13 1.000000000000000000e+00 1.111227612238129048e+00 2.957015730601520245e-02 7.733871017459781338e-02 1.565811513452523493e-02 0.000000000000000000e+00 1.341268564780971673e+00 2.688958369400617707e-02 7.939930514872444868e+08 2.261636657068982422e+08
1.540000000000000000e+02 7.600000000000200000e+13 0.000000000000000000e+00 1.158004741347409050e+00 1.050053768578443347e-02 5.202338485959991099e-02 1.460022192768856142e-02 0.000000000000000000e+00 1.221343907114942340e+00 2.069490827804404062e-02 5.274953997555831075e+08 2.226991985200037658e+08
1.550000000000000000e+02 7.600000000000200000e+13 0.000000000000000000e+00 1.571193784031909013e+00 1.607505276339696032e-01 3.729288058479754975e-01 1.656267727627496189e-01 0.000000000000000000e+00 1.665587434004313749e+00 2.023427972267825836e-01 4.080288305857519627e+09 2.730869428983847618e+09
1.560000000000000000e+02 7.600000000000100000e+13 0.000000000000000000e+00 1.047371830837239282e+00 6.979126654356920811e-02 1.496160763669009963e-01 5.635335422795444138e-02 0.000000000000000000e+00 1.204650119399440777e+00 1.746607489331673813e-02 7.285026489833199978e+08 2.486892432230125070e+08
1.570000000000000000e+02 7.600000000000100000e+13 0.000000000000000000e+00 1.314712572134522972e+00 1.375216187187998929e-01 2.247685350995388409e-01 4.224005086064562542e-02 0.000000000000000000e+00 1.245456619705339385e+00 1.643351168225951342e-01 1.953892338704317570e+09 3.322424973769308925e+08
1.580000000000000000e+02 7.600000000001000000e+13 0.000000000000000000e+00 1.269282903165069865e+00 9.285711132556698222e-02 1.871532760049867405e-01 1.188713014531438544e-01 0.000000000000000000e+00 8.402413324787878501e-01 1.281586454711255429e-01 2.899373789752522945e+09 2.055716040907472610e+09
1.590000000000000000e+02 7.600000000000100000e+13 0.000000000000000000e+00 1.836451689698347156e+00 3.435847800324282053e-02 1.389688925924009721e-01 4.551981789560037572e-02 0.000000000000000000e+00 1.687094288910548689e+00 5.183452596796341710e-02 1.492153468818696976e+09 5.335635780825881362e+08
1.600000000000000000e+02 7.600000000000100000e+13 0.000000000000000000e+00 1.138365154416788982e+00 8.385634242297182461e-02 1.187032931198681446e-01 1.618712496009125021e-02 0.000000000000000000e+00 1.116422914508042208e+00 6.535628269033971760e-02 1.184013783603757620e+09 2.084602299429781735e+08
1.610000000000000000e+02 7.600000000000500000e+13 0.000000000000000000e+00 5.048921819483647155e-01 1.279706595046985196e-01 2.483895686418170212e-01 1.244612928970470905e-01 0.000000000000000000e+00 1.134261787087278206e+00 7.578009347354298930e-02 1.128052310415698051e+09 6.734591565416800976e+08
1.620000000000000000e+02 7.600000000000400000e+13 0.000000000000000000e+00 1.311549116797653625e+00 2.902211957134906775e-02 1.188039959226802750e-01 3.418123163432565392e-02 0.000000000000000000e+00 1.221295079218824409e+00 5.094106618787028196e-02 1.384145734051996469e+09 4.489479495997090340e+08
1.630000000000000000e+02 7.600000000000200000e+13 0.000000000000000000e+00 1.126872632046943989e+00 5.799622507901894264e-02 8.621058781251259018e-02 2.249774977497749628e-02 0.000000000000000000e+00 1.330912003540996036e+00 7.628216272743391924e-02 6.766538658549462557e+08 1.962600175500558913e+08
1.640000000000000000e+02 7.600000000000100000e+13 0.000000000000000000e+00 1.067416493181599924e+00 2.024305331827133680e-01 3.378779570157992018e-01 1.503302159985273889e-01 0.000000000000000000e+00 1.299812125657123119e+00 1.235261496712577595e-01 2.205398188205259800e+09 6.329219864517644644e+08
1.650000000000000000e+02 7.600000000000100000e+13 0.000000000000000000e+00 1.746128175552414952e+00 1.151326507263911308e-01 1.739081331889221205e-01 4.206740384997766091e-02 0.000000000000000000e+00 1.636958998736266935e+00 1.570315288644457408e-01 1.976263143721754789e+09 5.336667557333540320e+08
1.660000000000000000e+02 7.600000000000100000e+13 0.000000000000000000e+00 1.125884389274264485e+00 1.421665518628875691e-01 1.511551422499410602e-01 6.011665792584985207e-02 0.000000000000000000e+00 8.575668775373733732e-01 1.463221043028365975e-01 1.950455119468557596e+09 8.670733007265771627e+08
1.670000000000000000e+02 7.600000000000200000e+13 0.000000000000000000e+00 1.326514175536889439e+00 4.226678998735345499e-02 8.380999491854981831e-02 2.251338605162921461e-02 0.000000000000000000e+00 1.441881989547050047e+00 6.376529999776366087e-02 5.091258522572719455e+08 3.119854207901220918e+08
1.680000000000000000e+02 7.600000000004000000e+13 0.000000000000000000e+00 1.294447648590598243e+00 6.329506575041367322e-02 8.770469934164509818e-02 4.977369801243639730e-02 0.000000000000000000e+00 1.308256028085681866e+00 1.029292037155174061e-01 1.309665043494415045e+09 7.432540429607573748e+08
1.690000000000000000e+02 7.600000000000200000e+13 0.000000000000000000e+00 1.077983613523916473e+00 1.364750064456946577e-01 1.929453605186621512e-01 7.015390208434318930e-02 0.000000000000000000e+00 1.226256977127407444e+00 1.163486926288606893e-01 1.142377228421979904e+09 4.559161257622261047e+08
1.700000000000000000e+02 7.600000000000300000e+13 0.000000000000000000e+00 1.377171747995888706e+00 1.040586542201522302e-01 2.652517573575539633e-01 8.182309140004909165e-02 0.000000000000000000e+00 1.130459657281971175e+00 1.564211433347594826e-01 3.391460757969364643e+09 1.127895865932905436e+09
1.710000000000000000e+02 7.600000000001800000e+13 0.000000000000000000e+00 1.293980785595970184e+00 1.272736649421202237e-01 4.732296587305343666e-02 1.771840141367286847e-02 0.000000000000000000e+00 1.155609207439403097e+00 1.278878583768927879e-01 6.616273912055091858e+08 2.757225905887095332e+08
1.720000000000000000e+02 7.600000000000200000e+13 0.000000000000000000e+00 1.308188316432611353e+00 3.844003770307870271e-02 1.085889104725950155e-01 4.761505697420397032e-02 0.000000000000000000e+00 1.396129122841853532e+00 5.867503187682363702e-02 1.185204518274014950e+09 5.734840534766823053e+08
1.730000000000000000e+02 7.600000000000100000e+13 0.000000000000000000e+00 1.182038479959617083e+00 9.898119023408774586e-02 1.209239907207062259e-01 3.543086037592666632e-02 0.000000000000000000e+00 1.348688401322875485e+00 1.286121915012617689e-01 1.045094547118836164e+09 3.058735523719653487e+08
1.740000000000000000e+02 7.600000000000100000e+13 0.000000000000000000e+00 9.464555981405808893e-01 4.698905706883936551e-02 1.871098900459712833e-01 1.010487953595468613e-01 0.000000000000000000e+00 1.246948615510422576e+00 4.756851025138066069e-02 9.507634509323704243e+08 4.251322850851470828e+08
1.750000000000000000e+02 7.600000000000500000e+13 0.000000000000000000e+00 1.263323282994587515e+00 3.269007957331280384e-02 1.195967451577128471e-01 2.484609135222964546e-02 0.000000000000000000e+00 1.320744439961048844e+00 5.430632561409349385e-02 1.543208315290150166e+09 3.468010883257225156e+08
1.760000000000000000e+02 7.600000000000100000e+13 0.000000000000000000e+00 1.380771269202839990e+00 1.571655804221104291e-01 2.058182172012429645e-01 1.273708326749881381e-01 0.000000000000000000e+00 1.048306664698854807e+00 1.427405864693101767e-01 2.621586666191757202e+09 1.956511950374139547e+09
1.770000000000000000e+02 7.600000000000200000e+13 0.000000000000000000e+00 1.899983204596520592e+00 1.251058006950526713e-01 1.759783595602098238e-01 6.015866793601015727e-02 0.000000000000000000e+00 2.006230319319274535e+00 1.621261534058226483e-01 1.845214430854257822e+09 7.704847173439399004e+08
1.780000000000000000e+02 7.600000000000100000e+13 0.000000000000000000e+00 1.337483230518267119e+00 3.609142788736278279e-02 1.063754552372426082e-01 2.250537153088630338e-02 0.000000000000000000e+00 1.283700317416046621e+00 4.585013175075185188e-02 7.433282616693420410e+08 1.267852418418400437e+08
1.790000000000000000e+02 7.600000000000100000e+13 0.000000000000000000e+00 1.161237068087862978e+00 4.465386981212394329e-02 1.198949704995897619e-01 2.966141527754299206e-02 0.000000000000000000e+00 1.229539950229386225e+00 6.898750219667605654e-02 9.062529055472688675e+08 3.764392196915173531e+08
1.800000000000000000e+02 7.600000000000100000e+13 0.000000000000000000e+00 1.153230096572561036e+00 1.253662445118278457e-01 2.420189086400353629e-01 9.313093864322719018e-02 0.000000000000000000e+00 1.072405939342472525e+00 1.333747519644084278e-01 1.598060695727556229e+09 4.886233425783489347e+08
1.810000000000000000e+02 7.600000000000200000e+13 0.000000000000000000e+00 1.163094888884941724e+00 1.508931024367740625e-01 3.104737757828552325e-01 1.680627695129586763e-01 0.000000000000000000e+00 1.187739166472736141e+00 1.181185419218375443e-01 1.733097447656826019e+09 4.413410435424531698e+08
1.820000000000000000e+02 7.600000000000100000e+13 1.000000000000000000e+00 1.103795359048501235e+00 3.705755601471172334e-02 7.700657681726234827e-02 3.595659318968445761e-02 0.000000000000000000e+00 1.342643797211684253e+00 1.015061411382333911e-01 8.535833585157496929e+08 5.268640272131245136e+08
1.830000000000000000e+02 7.600000000000100000e+13 0.000000000000000000e+00 1.010899998043438330e+00 2.754928532090406695e-02 1.193216545658554034e-01 2.018943525727377036e-02 0.000000000000000000e+00 1.292464104053257845e+00 1.625795484011400768e-02 6.517418421838504076e+08 3.087589666168771386e+08
1.840000000000000000e+02 7.600000000000400000e+13 0.000000000000000000e+00 1.311775230882720633e+00 4.423666016129131767e-02 7.297672164821078500e-02 1.263247308838746572e-02 0.000000000000000000e+00 1.445004757239408244e+00 7.274149430538329186e-02 8.352729952960232496e+08 1.718422159725937247e+08
1.850000000000000000e+02 7.600000000000300000e+13 0.000000000000000000e+00 1.547742544979941126e+00 6.426343918119531429e-02 9.990785887435497947e-02 5.010632425297011777e-02 0.000000000000000000e+00 1.592512127223231211e+00 9.184853915109857103e-02 1.178564769982054472e+09 7.744766167245500088e+08
1.860000000000000000e+02 7.600000000000200000e+13 0.000000000000000000e+00 1.209413150521781777e+00 2.724873666375864437e-02 1.194005379177273674e-01 2.370011998767694236e-02 0.000000000000000000e+00 1.086579005013952104e+00 1.979710900287443356e-02 1.206746841177666426e+09 3.226049762253953815e+08
1.870000000000000000e+02 7.600000000000100000e+13 0.000000000000000000e+00 1.233554710659736209e+00 2.621896119302688510e-02 7.511007094693637753e-02 2.434547053649956105e-02 0.000000000000000000e+00 1.373876005999028260e+00 4.236554087246654360e-02 6.528613855432147980e+08 2.826266685315529108e+08
1.880000000000000000e+02 7.600000000000100000e+13 0.000000000000000000e+00 1.397615600994187579e+00 3.571775661257919898e-02 7.562586106782133444e-02 1.546762050587706036e-02 0.000000000000000000e+00 1.341240694007344247e+00 5.303506888976289302e-02 6.690078654453343153e+08 1.496240861982303858e+08
1.890000000000000000e+02 7.600000000000500000e+13 0.000000000000000000e+00 1.624693017564565745e+00 9.787970316646166236e-02 1.337136609595341308e-01 3.141944569554488281e-02 0.000000000000000000e+00 1.658957299770035476e+00 1.446453957247032518e-01 1.607210537693416119e+09 3.868313016962480545e+08
1.900000000000000000e+02 7.600000000000100000e+13 0.000000000000000000e+00 1.070692286441094820e+00 4.827360612026510706e-02 8.811807236305214952e-02 9.575522568092721676e-03 0.000000000000000000e+00 1.355308399630920979e+00 8.540772973110834221e-02 5.520374567641763687e+08 1.209895973345715553e+08
1.910000000000000000e+02 7.600000000000100000e+13 1.000000000000000000e+00 1.092226411472660974e+00 2.246653791125124283e-02 9.013839435737072692e-02 1.502890501616115267e-02 0.000000000000000000e+00 1.118564941235525412e+00 2.668603992624576232e-02 4.889640435162315965e+08 1.594334373787449598e+08
1.920000000000000000e+02 7.600000000004100000e+13 0.000000000000000000e+00 1.325347712520539956e+00 3.872887559627734982e-02 5.812068056942596567e-02 2.367086648412999525e-02 0.000000000000000000e+00 1.457727613178675830e+00 2.249892280568066213e-02 5.048403561563239098e+08 3.465430588592048287e+08
1.930000000000000000e+02 7.600000000000100000e+13 0.000000000000000000e+00 1.533142894401765544e+00 9.315693301082252076e-02 1.038653829932111028e-01 3.414086954754258496e-02 0.000000000000000000e+00 1.442247786860736181e+00 1.019557967621887024e-01 1.290292095168765545e+09 4.664301780749129653e+08
1.940000000000000000e+02 7.600000000000100000e+13 0.000000000000000000e+00 1.141301098080089060e+00 3.363848855055859982e-02 1.100820147510909869e-01 3.863583713693595489e-02 0.000000000000000000e+00 1.249340313097709210e+00 5.179619720659376508e-02 1.276027371890226603e+09 5.476016976876696348e+08
1.950000000000000000e+02 7.600000000000200000e+13 0.000000000000000000e+00 1.327241427660383666e+00 6.344916226335460541e-02 2.752432631730022394e-01 1.231407842186270502e-01 0.000000000000000000e+00 1.495605040865983559e+00 9.766943670798959587e-02 1.297035067448362350e+09 5.861662026296232939e+08
1.960000000000000000e+02 7.600000000000100000e+13 0.000000000000000000e+00 1.110853697920633598e+00 4.517825176675691751e-02 7.690711292981963765e-02 2.416378465117892047e-02 0.000000000000000000e+00 1.283803921548202887e+00 2.567894166408129369e-02 5.244585918756482005e+08 1.438492292365472019e+08
1.970000000000000000e+02 7.600000000000100000e+13 0.000000000000000000e+00 1.415236186491806825e+00 1.741806811513292030e-01 2.094166161343430921e-01 3.804491274283832575e-02 0.000000000000000000e+00 1.042717112104720067e+00 2.079091199968471360e-01 2.214397838148502350e+09 5.956492440569956303e+08
1.980000000000000000e+02 7.600000000000800000e+13 0.000000000000000000e+00 1.237610284159251117e+00 1.098276828617473083e-01 4.690696711658664392e-02 1.301440347857595742e-02 0.000000000000000000e+00 1.359538272371546563e+00 1.133201613408359038e-01 3.628599349390956163e+08 1.966180946296687424e+08
1.990000000000000000e+02 7.600000000000200000e+13 0.000000000000000000e+00 6.723764220844841155e-01 2.058669799419333424e-01 3.715336542225816108e-01 1.941444129972981214e-01 0.000000000000000000e+00 1.469528187811384612e+00 6.521155244014155417e-02 5.694047044801665545e+08 5.410685409351496696e+08
2.000000000000000000e+02 7.600000000000100000e+13 0.000000000000000000e+00 1.027499448144416405e+00 4.842593560548353465e-02 1.163828161070563777e-01 2.156024040213954523e-02 0.000000000000000000e+00 1.045574239992928423e+00 4.131720887831502598e-02 1.030877427931293011e+09 3.310325992079694867e+08
2.010000000000000000e+02 7.600000000000100000e+13 0.000000000000000000e+00 1.074749333955959507e+00 8.217939407476386460e-02 1.057451211507086791e-01 2.205793693280309886e-02 0.000000000000000000e+00 1.348703973743251128e+00 6.706690550485709668e-02 4.951941576184416413e+08 2.856860484553008676e+08
2.020000000000000000e+02 7.600000000000100000e+13 0.000000000000000000e+00 1.540524847775230466e+00 6.193267389689888214e-02 1.654020913598534814e-01 6.933248523476037706e-02 0.000000000000000000e+00 1.508020920665778197e+00 8.035956429183167826e-02 1.980735467483935356e+09 9.492435152158393860e+08
2.030000000000000000e+02 7.600000000000100000e+13 1.000000000000000000e+00 1.078910002727732964e+00 2.553887766087744801e-02 5.312217052128318656e-02 1.102726923947153562e-02 0.000000000000000000e+00 1.309560103261886432e+00 3.773079512577760808e-02 1.823586980460447073e+08 8.962933749903966486e+07
2.040000000000000000e+02 7.600000000000400000e+13 0.000000000000000000e+00 1.446348270556968130e+00 1.384407966843377025e-01 1.816484767176540227e-01 1.075621848502774786e-01 0.000000000000000000e+00 1.429384324295837949e+00 1.952128793920345218e-01 2.598713765306089878e+09 1.538814612969710350e+09
2.050000000000000000e+02 7.600000000000500000e+13 0.000000000000000000e+00 1.007287769872779348e+00 2.876837435693261474e-02 1.132342375849632460e-01 3.526355943958939948e-02 0.000000000000000000e+00 1.097987525302457357e+00 6.290675697489919727e-02 1.551178731733304977e+09 5.547346314695932865e+08
2.060000000000000000e+02 7.600000000000100000e+13 0.000000000000000000e+00 1.379195887893143180e+00 1.285241496155516694e-01 1.049083484551907169e-01 3.851224721708244175e-02 0.000000000000000000e+00 1.169526171462598407e+00 1.503137964364400225e-01 1.403763156885354519e+09 5.832632948641283512e+08
2.070000000000000000e+02 7.600000000000500000e+13 0.000000000000000000e+00 1.207199210765421249e+00 7.957445844142400915e-02 1.241884120764357585e-01 2.374652603959883160e-02 0.000000000000000000e+00 1.164763067088720350e+00 1.003547674007643914e-01 1.325662719671647310e+09 3.313341265288167000e+08
2.080000000000000000e+02 7.600000000003300000e+13 0.000000000000000000e+00 1.198537235820565705e+00 5.909510834509570237e-02 2.327114904357338934e-02 1.145710369807362468e-02 0.000000000000000000e+00 1.279208193330353183e+00 6.064509953070180287e-02 9.344624875335313380e+07 5.082068840442921221e+07
2.090000000000000000e+02 7.600000000000100000e+13 0.000000000000000000e+00 1.432834886779558836e+00 1.193677609911249909e-01 2.760831787474321009e-01 1.044520077406068947e-01 0.000000000000000000e+00 1.205188559809636129e+00 1.526968513422552465e-01 2.729799523320543289e+09 1.584805634443305016e+09
2.100000000000000000e+02 7.600000000000100000e+13 0.000000000000000000e+00 1.357183593052933235e+00 8.128152884630115982e-02 2.568961120131882381e-01 5.593129477676690026e-02 0.000000000000000000e+00 1.186765631080125116e+00 1.312757058214005512e-01 2.344915295309859753e+09 5.252267023118669987e+08
2.110000000000000000e+02 7.600000000000100000e+13 0.000000000000000000e+00 1.104388418198953836e+00 9.374569774090427132e-02 1.438495779756947812e-01 3.421837287752826223e-02 0.000000000000000000e+00 1.356316144585669736e+00 8.235934430206921786e-02 1.252697842923810720e+09 2.668612772460553646e+08
2.120000000000000000e+02 7.600000000000100000e+13 0.000000000000000000e+00 1.303266766016431877e+00 1.403975546271175878e-01 2.067357995046618102e-01 1.163880103458448528e-01 0.000000000000000000e+00 1.156802585550954054e+00 2.030232370804235242e-01 2.105512345941013575e+09 1.511077598781256437e+09
2.130000000000000000e+02 7.600000000000100000e+13 0.000000000000000000e+00 1.973561524563717251e+00 4.771569620857867011e-02 1.262857044674889073e-01 5.433268467591020195e-02 0.000000000000000000e+00 1.979002184047488511e+00 6.249798720841397148e-02 1.451515324013997555e+09 6.701955944068846703e+08
2.140000000000000000e+02 7.600000000000400000e+13 0.000000000000000000e+00 9.841400432058408088e-01 7.046862009986505637e-02 1.488491412878632514e-01 9.920774802522558389e-02 0.000000000000000000e+00 1.343254294991016007e+00 1.085936583714783125e-02 3.482213289753707647e+08 3.111542129134678245e+08
2.150000000000000000e+02 7.600000000000100000e+13 0.000000000000000000e+00 1.141682108358916148e+00 4.324973297387972593e-02 9.030140013104512309e-02 9.228190584606832392e-03 0.000000000000000000e+00 1.060796861502248278e+00 2.791469985159956285e-02 7.389229361844696999e+08 1.314749090555622131e+08
2.160000000000000000e+02 7.600000000000100000e+13 0.000000000000000000e+00 1.129733011406964582e+00 9.965151561862543861e-02 8.146303380618444279e-02 2.649438001454294464e-02 0.000000000000000000e+00 1.199135164260494379e+00 9.188115660943618757e-02 1.026644624294693589e+09 3.606779067838439345e+08
2.170000000000000000e+02 7.600000000000600000e+13 0.000000000000000000e+00 1.115114094008805568e+00 1.632622476213941298e-01 2.267370325658431829e-01 1.401211887932442279e-01 0.000000000000000000e+00 9.088584907832581994e-01 1.271391992159219830e-01 3.316298768249058247e+09 2.202115206356015205e+09
2.180000000000000000e+02 7.600000000000200000e+13 0.000000000000000000e+00 1.218169641528971781e+00 4.462878851231209809e-02 1.063535392078437114e-01 3.918675433230524308e-02 0.000000000000000000e+00 1.342917649361361931e+00 9.267960264682778559e-02 1.064443839866939664e+09 5.174803036059935093e+08
2.190000000000000000e+02 7.600000000000100000e+13 0.000000000000000000e+00 1.198866893537066991e+00 2.840851452511253261e-01 2.607917811552926124e-01 1.747749837440727705e-01 0.000000000000000000e+00 1.198873709133148724e+00 1.878616307265798258e-01 8.543671427249153852e+08 2.837867660116758347e+08
2.200000000000000000e+02 7.600000000000100000e+13 0.000000000000000000e+00 1.199718698736174316e+00 3.549520720877673285e-02 7.557542169222290773e-02 1.913820824124942352e-02 0.000000000000000000e+00 1.173121182489313741e+00 5.806837201346245342e-02 8.671344314200438261e+08 2.667780027675481737e+08
2.210000000000000000e+02 7.600000000000100000e+13 0.000000000000000000e+00 1.390773836177991107e+00 9.650557960285996439e-02 1.293111468571226386e-01 4.589266530659308341e-02 0.000000000000000000e+00 1.530142207145138045e+00 1.025247315318062874e-01 1.361273710875663996e+09 6.165395119977078438e+08
2.220000000000000000e+02 7.600000000000100000e+13 0.000000000000000000e+00 1.278511146766520445e+00 2.313602826241636240e-02 7.394952102491368640e-02 1.515526000674285306e-02 0.000000000000000000e+00 1.330095712767178862e+00 2.935640532672268224e-02 7.960288119278717041e+08 2.087591225808065832e+08
2.230000000000000000e+02 7.600000000000200000e+13 0.000000000000000000e+00 1.127338758422008036e+00 8.739462613559589865e-02 2.021258720141656529e-01 1.094595762820493728e-01 0.000000000000000000e+00 1.292506460595413076e+00 1.115763778645308818e-01 2.758490220935327530e+09 1.606620082376725912e+09
2.240000000000000000e+02 7.600000000000300000e+13 0.000000000000000000e+00 1.132077180056894283e+00 1.935264156460735074e-02 1.987173096192384747e-01 9.342782787797818123e-02 0.000000000000000000e+00 1.049541239792006087e+00 6.525340800892046045e-02 1.316171403071815491e+09 7.530104387485555410e+08
2.250000000000000000e+02 7.600000000000100000e+13 0.000000000000000000e+00 1.386212023174734576e+00 5.821581999345212116e-02 1.747041064250357267e-01 6.089897345603136058e-02 0.000000000000000000e+00 1.410741329029522317e+00 6.934448241169145766e-02 1.966823985126236916e+09 7.645479510136818886e+08
2.260000000000000000e+02 7.600000000000200000e+13 0.000000000000000000e+00 1.159157919162830730e+00 5.415272275300396509e-02 1.998025386252088864e-01 6.461816723786222016e-02 0.000000000000000000e+00 1.579383633341608029e+00 5.096566728747128211e-02 8.467919905026377439e+08 2.935808719646685123e+08
2.270000000000000000e+02 7.600000000000100000e+13 0.000000000000000000e+00 1.266667469325388096e+00 9.494651116980783179e-02 1.509322284480879017e-01 5.612261806130903335e-02 0.000000000000000000e+00 1.366636328576778636e+00 1.037911742337084969e-01 1.356768548883474112e+09 7.194752105896838903e+08
2.280000000000000000e+02 7.600000000000100000e+13 0.000000000000000000e+00 1.312312851605912378e+00 3.369199289356665517e-02 9.140211817424524765e-02 1.810358199523166498e-02 0.000000000000000000e+00 1.410221058197799637e+00 4.769102255016115233e-02 1.098791776527010918e+09 2.437777047908411026e+08
2.290000000000000000e+02 7.600000000000100000e+13 0.000000000000000000e+00 1.221518549911844387e+00 1.744479003435072395e-01 2.504511326192627174e-01 6.681464274960209615e-02 0.000000000000000000e+00 9.609856575885185048e-01 2.399513599736126102e-01 3.602679381845558167e+09 9.883845204741830826e+08
2.300000000000000000e+02 7.600000000000100000e+13 0.000000000000000000e+00 2.151362178281824189e+00 7.914902846844434903e-02 1.356335362333856431e-01 6.027796690447292938e-02 0.000000000000000000e+00 2.422000090561219121e+00 9.582971515943869423e-02 1.637633981717693329e+09 7.629692156437193155e+08
2.310000000000000000e+02 7.600000000000100000e+13 0.000000000000000000e+00 1.187190724713823364e+00 3.250004063837164114e-02 7.613635673166761764e-02 2.952855721992826699e-02 0.000000000000000000e+00 1.493106418133704594e+00 5.406258580496355742e-02 7.397242131471172571e+08 4.293651780275718570e+08
2.320000000000000000e+02 7.600000000001100000e+13 0.000000000000000000e+00 1.033843387521058643e+00 1.808406667270582302e-01 1.188442578685982298e-01 5.178681004003155702e-02 0.000000000000000000e+00 1.523235903019330095e+00 8.839782517347988255e-02 1.807969813675033331e+09 1.391155925623322725e+09
2.330000000000000000e+02 7.600000000000100000e+13 0.000000000000000000e+00 1.312331632406837034e+00 1.449466884672772349e-01 3.136410816332654283e-01 1.609383993038791261e-01 0.000000000000000000e+00 1.460702482613426278e+00 1.136781743529074462e-01 7.845093687651385069e+08 1.875488491491901278e+08
2.340000000000000000e+02 7.600000000000100000e+13 0.000000000000000000e+00 1.078975222597389205e+00 5.647158491237649208e-02 4.421246923732340128e-02 5.188588582638159995e-03 0.000000000000000000e+00 1.073097473672078861e+00 4.559669513328636764e-02 3.352725581601401567e+08 6.987541817513744533e+07
2.350000000000000000e+02 7.600000000000100000e+13 0.000000000000000000e+00 1.270770213908988033e+00 1.615808182981703645e-01 2.933043039031059118e-01 6.733502802835228396e-02 0.000000000000000000e+00 8.447016068943028477e-01 1.387378200093770386e-01 2.599750879134356499e+09 5.478555911027283669e+08
2.360000000000000000e+02 7.600000000000400000e+13 0.000000000000000000e+00 1.603368410915652520e+00 1.447581176290385074e-01 1.673803000765222426e-01 5.372945742083591603e-02 0.000000000000000000e+00 1.569177246368556045e+00 2.138044167868373147e-01 1.948466512822526932e+09 7.120772809848045111e+08
2.370000000000000000e+02 7.600000000000100000e+13 0.000000000000000000e+00 1.684901804421246707e+00 6.288728045541604195e-02 1.046244640823673216e-01 3.406966798033175814e-02 0.000000000000000000e+00 1.553910332221580592e+00 5.461913121156217188e-02 1.268178837429415464e+09 5.327462479862497449e+08
2.380000000000000000e+02 7.600000000000100000e+13 0.000000000000000000e+00 1.145928688320180022e+00 4.812646306713905947e-02 9.478572205316733446e-02 3.816663834782742931e-02 0.000000000000000000e+00 1.063322616523215913e+00 6.002519185712239941e-02 6.109828274144909382e+08 1.246626350271528363e+08
2.390000000000000000e+02 7.600000000000500000e+13 0.000000000000000000e+00 1.447176341987126191e+00 6.694200186847931722e-02 1.177508367111673032e-01 7.377821575991967695e-02 0.000000000000000000e+00 1.442949344107936405e+00 7.284594066014017655e-02 1.208636986796468735e+09 9.183632658812659979e+08
2.400000000000000000e+02 7.600000000000100000e+13 0.000000000000000000e+00 1.015120212554046386e+00 8.225352343408565137e-02 1.191876742720282406e-01 3.288415479642001898e-02 0.000000000000000000e+00 1.315390561262413716e+00 3.005355984590167562e-02 6.853448949206969738e+08 1.676087211197716296e+08
2.410000000000000000e+02 7.600000000000100000e+13 0.000000000000000000e+00 1.437822294018933578e+00 1.734791260277959157e-01 2.015242731017806710e-01 8.739682373837634466e-02 0.000000000000000000e+00 1.422188754874393446e+00 1.874495148482103746e-01 2.325928358459116936e+09 1.171276035574769020e+09
2.420000000000000000e+02 7.600000000000100000e+13 0.000000000000000000e+00 2.604866999594046995e+00 6.107718234970678506e-02 1.421548246685298000e-01 2.147913993865519650e-02 0.000000000000000000e+00 2.425562395894956591e+00 9.209598081072298270e-02 1.368753211304543972e+09 2.610654278448657095e+08
2.430000000000000000e+02 7.600000000000100000e+13 0.000000000000000000e+00 1.137842549261186775e+00 9.578171447175991282e-02 7.129353245551069140e-02 1.391278681436850309e-02 0.000000000000000000e+00 1.179783060313113863e+00 7.453195562066804170e-02 7.207417816698300838e+08 1.447427681961783171e+08
2.440000000000000000e+02 7.600000000000300000e+13 0.000000000000000000e+00 1.500098701834207349e+00 1.250649085175754016e-01 1.481613157668668634e-01 1.204409318453380368e-01 0.000000000000000000e+00 1.290138975066229099e+00 1.575133294108817250e-01 2.230894162690570831e+09 1.857848805524290323e+09
2.450000000000000000e+02 7.600000000000100000e+13 0.000000000000000000e+00 1.393011609745550272e+00 1.083247318177060076e-01 1.596823089758319658e-01 1.074219400203802466e-01 0.000000000000000000e+00 1.308478941947026408e+00 1.315343254448262666e-01 1.793736407609530210e+09 1.268577464313940048e+09
2.460000000000000000e+02 7.600000000000100000e+13 0.000000000000000000e+00 1.233776413446619147e+00 6.048654063013239601e-02 1.787195338616985318e-01 9.041442862687651405e-02 0.000000000000000000e+00 1.431905673239011190e+00 5.481119882559477158e-02 9.490159149208215475e+08 3.777671935635418296e+08
2.470000000000000000e+02 7.600000000001600000e+13 0.000000000000000000e+00 1.467476734650185799e+00 3.539075994270417941e-02 3.825922792663114663e-02 1.658333122890308722e-02 0.000000000000000000e+00 1.464232183945501475e+00 5.221186930526573039e-02 5.767588817053227425e+08 2.499941606995542645e+08
2.480000000000000000e+02 7.600000000000400000e+13 0.000000000000000000e+00 1.070342517242161451e+00 8.342077649713787457e-02 1.386042261178297985e-01 5.592810384999444967e-02 0.000000000000000000e+00 1.058818260602421901e+00 1.172653126096309256e-01 1.526758527091305494e+09 1.044427199012789965e+09
2.490000000000000000e+02 7.600000000000200000e+13 0.000000000000000000e+00 1.475467141388339343e+00 8.697109021833529519e-02 1.047640846789043706e-01 8.268484130470472870e-02 0.000000000000000000e+00 1.377733783655654909e+00 1.056612535920632978e-01 1.291095544167901993e+09 1.128133297328759193e+09
2.500000000000000000e+02 7.600000000000600000e+13 0.000000000000000000e+00 1.405962142977665641e+00 6.794536436890091791e-02 1.065514938671453249e-01 3.446475722220054133e-02 0.000000000000000000e+00 1.544904806481254944e+00 1.072946453743834905e-01 1.357628720975147963e+09 4.502955855878656507e+08
2.510000000000000000e+02 7.600000000000100000e+13 0.000000000000000000e+00 1.181333277279009497e+00 3.530515124223605056e-02 1.001999150812521583e-01 2.067588974213271577e-02 0.000000000000000000e+00 1.151387076003261400e+00 4.257781966285424657e-02 1.208561133769602299e+09 3.052865831015523672e+08
2.520000000000000000e+02 7.600000000000300000e+13 0.000000000000000000e+00 1.030089586855179151e+00 5.658609600909427634e-02 7.027717873031090468e-02 4.041156831579920811e-02 0.000000000000000000e+00 1.023854605587656508e+00 6.894384808612297189e-02 8.148845217394030094e+08 6.169051364525700808e+08
2.530000000000000000e+02 7.600000000000100000e+13 0.000000000000000000e+00 1.978154844682978197e+00 7.422071134253327429e-02 1.279921218396755656e-01 5.163009547593305770e-02 0.000000000000000000e+00 2.241872969166993634e+00 9.273175083772570992e-02 1.180734179620758772e+09 7.959473479545288086e+08
2.540000000000000000e+02 7.600000000000100000e+13 0.000000000000000000e+00 1.127180106394807924e+00 2.881560090342765931e-02 1.238654646842339974e-01 2.908277448878741206e-02 0.000000000000000000e+00 1.076232026657126140e+00 2.674098826385072625e-02 8.465569347040652037e+08 4.428587964442513585e+08
2.550000000000000000e+02 7.600000000000200000e+13 0.000000000000000000e+00 1.247868280130903118e+00 9.483402368649038183e-02 1.404778804477038734e-01 4.542420307613526109e-02 0.000000000000000000e+00 1.170629463524254232e+00 1.337589729302507413e-01 1.635183381223448753e+09 6.311280864588850737e+08
2.560000000000000000e+02 7.600000000002200000e+13 0.000000000000000000e+00 1.480239889364334926e+00 1.254190512842095519e-02 5.372548122314495245e-02 2.209216458891308243e-02 0.000000000000000000e+00 1.387771066466374048e+00 2.107435025386351565e-02 6.408511492189477682e+08 2.635209353776790500e+08
2.570000000000000000e+02 7.600000000000100000e+13 0.000000000000000000e+00 1.129643489849557536e+00 2.560889703338065787e-02 1.157223167782271411e-01 2.202585125492990265e-02 0.000000000000000000e+00 1.206263117594872147e+00 7.041845128179360924e-02 1.067988479004790187e+09 3.214170146422666311e+08
2.580000000000000000e+02 7.600000000000100000e+13 0.000000000000000000e+00 1.873583839926599603e+00 7.075992885775746200e-02 2.173497344133855647e-01 8.867257648354057165e-02 0.000000000000000000e+00 2.013345318537748341e+00 8.041791313088386683e-02 1.487327101462502480e+09 7.586555708384926319e+08
2.590000000000000000e+02 7.600000000000100000e+13 0.000000000000000000e+00 1.157627903233964473e+00 3.198977151617165421e-02 1.272603243919067373e-01 3.685365671354441652e-02 0.000000000000000000e+00 1.158324579770117602e+00 6.763594223026804519e-02 1.305330423433260918e+09 5.167511105773141384e+08
2.600000000000000000e+02 7.600000000000200000e+13 0.000000000000000000e+00 1.136980416707803920e+00 1.656538258821611542e-01 2.693474592217884322e-01 1.180904628725880368e-01 0.000000000000000000e+00 1.170110305912282378e+00 2.105617008968475312e-01 2.353565233761226177e+09 1.650523424800197840e+09
2.610000000000000000e+02 7.600000000000100000e+13 1.000000000000000000e+00 1.021755565814328026e+00 3.465451946708031361e-02 8.108754070596439767e-02 1.549457357583606740e-02 0.000000000000000000e+00 1.302499867564190117e+00 4.209957076852113844e-02 9.309658437774424553e+08 2.475869433560830951e+08
2.620000000000000000e+02 7.600000000000200000e+13 0.000000000000000000e+00 1.455559376069350597e+00 6.954611115317968495e-02 8.219152379571569023e-02 3.105639928957193083e-02 0.000000000000000000e+00 1.585744114061405030e+00 9.332646283927266417e-02 6.811257345619769096e+08 4.892151108936520815e+08
2.630000000000000000e+02 7.600000000000100000e+13 1.000000000000000000e+00 9.826389707365905668e-01 3.555090455370997493e-02 8.456899160891308276e-02 9.646540358322089337e-03 0.000000000000000000e+00 1.196352137632754387e+00 4.781259107134273878e-02 6.882287954351133108e+08 1.414699708925657570e+08
2.640000000000000000e+02 7.600000000000700000e+13 0.000000000000000000e+00 1.172484336959192630e+00 1.090426614116229154e-01 8.247611446270952662e-02 2.695896428860636643e-02 0.000000000000000000e+00 1.159990652876626394e+00 1.132175263923835412e-01 7.698779675405665636e+08 2.846975483132948875e+08
2.650000000000000000e+02 7.600000000000100000e+13 0.000000000000000000e+00 1.189231876216164885e+00 3.857609368893715612e-02 1.377830375762848503e-01 5.181151725284988824e-02 0.000000000000000000e+00 1.145193706681188361e+00 4.971204472848549799e-02 1.705103426225338697e+09 6.550776283550990820e+08
2.660000000000000000e+02 7.600000000000800000e+13 0.000000000000000000e+00 1.128534706868867366e+00 1.048958575579408969e-01 1.259711140141710206e-01 4.736029293925104328e-02 0.000000000000000000e+00 1.102164505125790006e+00 1.374446459891773831e-01 1.745193942478113174e+09 6.863484950842272043e+08
2.670000000000000000e+02 7.600000000000100000e+13 0.000000000000000000e+00 1.193252919164515813e+00 1.611159451744919313e-01 2.402794835582522659e-01 7.868989085329707034e-02 0.000000000000000000e+00 1.080185397613374843e+00 2.631005848556274285e-01 2.099705380407757282e+09 1.222398171757461548e+09
2.680000000000000000e+02 7.600000000000100000e+13 0.000000000000000000e+00 1.099604571232466688e+00 4.598755010619126615e-02 6.978650733653000982e-02 9.001000763171914873e-03 0.000000000000000000e+00 1.030257776482060406e+00 4.545198090053842455e-02 7.589904026085356474e+08 1.352977784459465742e+08
2.690000000000000000e+02 7.600000000006000000e+13 0.000000000000000000e+00 2.228050476188143225e+00 4.092775190825621162e-02 1.010289222132136011e+00 1.000000000000000000e+00 0.000000000000000000e+00 2.228050476188143225e+00 4.093131131316671972e-02 8.669348698855442047e+09 8.581056304410990715e+09
2.700000000000000000e+02 7.600000000000100000e+13 0.000000000000000000e+00 1.586390373167269940e+00 4.064853473494708935e-02 6.617219226038413560e-02 2.377702826802023661e-02 0.000000000000000000e+00 1.760309449546973770e+00 4.725645836236407743e-02 3.846638770154193640e+08 1.022590154339896291e+08
2.710000000000000000e+02 7.600000000000400000e+13 0.000000000000000000e+00 1.346073337432548866e+00 8.773863007920822132e-02 9.586663744926797459e-02 5.202428762669726592e-02 0.000000000000000000e+00 1.260921826689717307e+00 5.869687628242363509e-02 4.845430819397071004e+08 1.927840757260443568e+08
2.720000000000000000e+02 7.600000000000400000e+13 0.000000000000000000e+00 1.151700142745148092e+00 8.507440848458089344e-02 1.109863190739299177e-01 4.889880443794659276e-02 0.000000000000000000e+00 1.304104614571393705e+00 1.315071804117145249e-01 1.441062114803765774e+09 7.358838507775673866e+08
2.730000000000000000e+02 7.600000000001100000e+13 0.000000000000000000e+00 1.232257026993325733e+00 1.185756261251621202e-01 1.934143143139852583e-01 7.360916154666298505e-02 0.000000000000000000e+00 1.497644924817545631e+00 1.506497977797467136e-01 1.982339137205499887e+09 1.051646311585999250e+09
2.740000000000000000e+02 7.600000000000100000e+13 0.000000000000000000e+00 1.167529382241782709e+00 8.830084596764473104e-03 1.002310428908753104e-01 1.732785710064568829e-02 0.000000000000000000e+00 1.077022427485263112e+00 2.839861458105391243e-02 1.088372918881932259e+09 2.215858079679772854e+08
2.750000000000000000e+02 7.600000000003200000e+13 0.000000000000000000e+00 1.363152037049833121e+00 3.002187835878030939e-02 3.805046199616671926e-02 3.144954710592494374e-02 0.000000000000000000e+00 1.383699164817717708e+00 3.050864533613394450e-02 4.204559046486974955e+08 4.204559046486974955e+08
2.760000000000000000e+02 7.600000000000200000e+13 0.000000000000000000e+00 1.077814329384839453e+00 1.384678046059149847e-01 1.567609193205828921e-01 7.717258963621373424e-02 0.000000000000000000e+00 1.248901376383204198e+00 1.647480248941019521e-01 1.892155938111091137e+09 1.184873093600210667e+09
2.770000000000000000e+02 7.600000000000500000e+13 0.000000000000000000e+00 2.288582374998680002e+00 2.343167535113375444e-01 3.418382928717111358e-01 2.163752337583828289e-01 0.000000000000000000e+00 2.512219108357711228e+00 2.004915362480382268e-01 2.295347990020323753e+09 9.050626491688605547e+08
2.780000000000000000e+02 7.600000000004600000e+13 0.000000000000000000e+00 1.396866495273785480e+00 7.444794489811266958e-02 9.479031496718899261e-03 7.484736015598727685e-03 0.000000000000000000e+00 1.578741353569957484e+00 3.279603116118412487e-02 1.591369226365261674e+08 1.256560711588991135e+08
2.790000000000000000e+02 7.600000000007300000e+13 0.000000000000000000e+00 1.105676951863743263e+00 1.211833194544755937e-01 9.608891588732235145e-02 9.608891588732235145e-02 0.000000000000000000e+00 1.106954442886075141e+00 1.325904688878307980e-01 1.257124282597779751e+09 1.257124282597779751e+09
2.800000000000000000e+02 7.600000000000100000e+13 0.000000000000000000e+00 1.970962385826122265e+00 1.307535656695039683e-01 1.690620716510903565e-01 5.377452689821918264e-02 0.000000000000000000e+00 1.939396605287883713e+00 1.595422629960150940e-01 1.851232219130551100e+09 6.290388460862069130e+08
2.810000000000000000e+02 7.600000000000300000e+13 0.000000000000000000e+00 1.817073679203438541e+00 7.310470109835434660e-02 1.225569178674156962e-01 2.543784013720273851e-02 0.000000000000000000e+00 1.895474798260033955e+00 7.573477490025298797e-02 1.312538444290275812e+09 3.273875806468722224e+08
2.820000000000000000e+02 7.600000000000100000e+13 0.000000000000000000e+00 1.206926381069148846e+00 2.194740513437643814e-01 1.869829125466013764e-01 1.058748869054112196e-01 0.000000000000000000e+00 1.181937590763757706e+00 2.520774114428179224e-01 2.155960598746247292e+09 1.370479402564544201e+09
2.830000000000000000e+02 7.600000000000100000e+13 0.000000000000000000e+00 1.245355719190821331e+00 5.257570552807468156e-02 1.154302795687632416e-01 3.161398728177690354e-02 0.000000000000000000e+00 1.425165642764666174e+00 5.420959955015836051e-02 6.543806722066621780e+08 1.391901875096175075e+08
2.840000000000000000e+02 7.600000000000100000e+13 0.000000000000000000e+00 1.155674922298411289e+00 5.700943992009321198e-02 1.289772639786318786e-01 5.302232063947208418e-02 0.000000000000000000e+00 1.356094484211288975e+00 4.121238397607460135e-02 8.290703999859310389e+08 3.954490455913719535e+08
2.850000000000000000e+02 7.600000000000100000e+13 0.000000000000000000e+00 1.518293211613728655e+00 6.251731876670256483e-02 1.070284492961370293e-01 3.231594810159150316e-02 0.000000000000000000e+00 1.612179591999474804e+00 5.497689666428690058e-02 8.493660267327303886e+08 4.421282311477992535e+08
2.860000000000000000e+02 7.600000000001100000e+13 0.000000000000000000e+00 1.191281358038585481e+00 8.356801442954239767e-02 3.297352972255029879e-02 2.215625087777258959e-02 0.000000000000000000e+00 1.060153737545597386e+00 5.628454295945217734e-02 4.897144930989657044e+08 3.290590136657872200e+08
2.870000000000000000e+02 7.600000000000400000e+13 0.000000000000000000e+00 1.430198429758895884e+00 1.213290001133937729e-01 2.549714263069832731e-01 1.028074089294625237e-01 0.000000000000000000e+00 1.131371434725623404e+00 2.218496928189869488e-01 2.978805397674429893e+09 1.757356788302569151e+09
2.880000000000000000e+02 7.600000000000300000e+13 0.000000000000000000e+00 1.288425170514000628e+00 2.641866107386268286e-02 1.541228388778044696e-02 3.720680809479213341e-03 0.000000000000000000e+00 1.224376049002289024e+00 2.658658224717995802e-02 1.583478512328763306e+08 4.761993172105737031e+07
2.890000000000000000e+02 7.600000000000200000e+13 0.000000000000000000e+00 1.189882775001848358e+00 6.035853971297790166e-02 1.082103219376624320e-01 4.724743602468870624e-02 0.000000000000000000e+00 1.150398663948285272e+00 7.016181472120582019e-02 1.389903247451462269e+09 6.497565686607229710e+08
2.900000000000000000e+02 7.600000000000100000e+13 0.000000000000000000e+00 1.093568502065831005e+00 4.443053704317959096e-02 6.260689848975102556e-02 1.711310407951890586e-02 0.000000000000000000e+00 1.195230067483783909e+00 2.707223096774782206e-02 2.613120062883658707e+08 8.252472719959796965e+07
2.910000000000000000e+02 7.600000000006500000e+13 0.000000000000000000e+00 1.197821264558075471e+00 4.729793270852970799e-02 2.691759468767187038e-02 2.392910005647486127e-02 0.000000000000000000e+00 1.358513764691124948e+00 2.710426896379362557e-02 3.975429858769525290e+08 3.534062384168452024e+08
2.920000000000000000e+02 7.600000000000200000e+13 0.000000000000000000e+00 1.192808430076738757e+00 1.817556423298401225e-02 2.018659788331649343e-02 7.906344732223581293e-03 0.000000000000000000e+00 1.155405786784721833e+00 6.388901647318741793e-03 2.027066829405322373e+08 1.102857425397916138e+08
2.930000000000000000e+02 7.600000000000100000e+13 0.000000000000000000e+00 1.098981918077939879e+00 1.957843050553631503e-01 1.634317930731238322e-01 3.682738028284233273e-02 0.000000000000000000e+00 1.253029038580537380e+00 1.461630861929449077e-01 1.537214508523306131e+09 4.363043310447509885e+08
2.940000000000000000e+02 7.600000000000200000e+13 0.000000000000000000e+00 1.065214270029265053e+00 8.539548965530135982e-02 9.604220025784271364e-02 2.602301484983049126e-02 0.000000000000000000e+00 1.307768715161084838e+00 3.386606355547994857e-02 3.427873080309656858e+08 1.016521965363278091e+08
2.950000000000000000e+02 7.600000000000100000e+13 0.000000000000000000e+00 1.077934863240431529e+00 1.230912232778171578e-01 2.114709820075064695e-01 6.839055524772350014e-02 0.000000000000000000e+00 1.437240837817686190e+00 6.792480855907434556e-02 1.452205139315843582e+09 2.225758875982402265e+08
2.960000000000000000e+02 7.600000000000100000e+13 1.000000000000000000e+00 1.139550109029223712e+00 3.677328629054708170e-02 5.544427393274906773e-02 2.334848102331061118e-02 0.000000000000000000e+00 1.179983632067300725e+00 4.619428098110069797e-02 7.269527013792825937e+08 3.560369403514048457e+08
2.970000000000000000e+02 7.600000000000100000e+13 0.000000000000000000e+00 1.443342464719966634e+00 9.031875882436631031e-02 1.059144422733837437e-01 3.025085864776630093e-02 0.000000000000000000e+00 1.616556714367585634e+00 1.608815176677251824e-01 1.205620002389095068e+09 4.610911787519575357e+08
2.980000000000000000e+02 7.600000000001600000e+13 0.000000000000000000e+00 1.378733876236025058e+00 1.519609372577459261e-01 1.727301347377060425e-01 1.331734198364387944e-01 0.000000000000000000e+00 9.612802056470020062e-01 1.476896491591938310e-01 3.121984071772214413e+09 2.645869141537919998e+09
2.990000000000000000e+02 7.600000000000200000e+13 0.000000000000000000e+00 3.635767964579331157e-01 1.368170947859128905e-01 3.718880288899145681e-01 2.525936201868407283e-01 0.000000000000000000e+00 1.581498289814978087e+00 2.741298555491390385e-02 5.790980572993617058e+08 2.496076307750370800e+08
3.000000000000000000e+02 7.600000000000500000e+13 0.000000000000000000e+00 1.320664349718675856e+00 1.140282310762158052e-01 1.157887211563292801e-01 3.186251500098740558e-02 0.000000000000000000e+00 1.405369760903667276e+00 9.937346700879026717e-02 1.040143217078022838e+09 4.328206378124372363e+08
3.010000000000000000e+02 7.600000000000300000e+13 0.000000000000000000e+00 1.160697990273948266e+00 2.089834054841234121e-02 8.294949153749799076e-02 2.398114562864724769e-02 0.000000000000000000e+00 1.364163612831377659e+00 3.252881146758630077e-02 5.233391936993873715e+08 1.349397080869475007e+08
3.020000000000000000e+02 7.600000000000100000e+13 0.000000000000000000e+00 1.018977677250678671e+00 1.568266520333588543e-01 1.161326646761708797e-01 3.205191832029905680e-02 0.000000000000000000e+00 1.061942670924933552e+00 6.132652137298619938e-02 8.001178056934514046e+08 6.927481038231031895e+08
3.030000000000000000e+02 7.600000000000100000e+13 0.000000000000000000e+00 1.020223254562623749e+00 1.211115398599957038e-01 1.879725986061655529e-01 1.263562134294346773e-01 0.000000000000000000e+00 1.100497230089293677e+00 1.055376161225184128e-01 8.467526431062896252e+08 5.720148900153561831e+08
3.040000000000000000e+02 7.600000000001500000e+13 0.000000000000000000e+00 1.290671243877606678e+00 3.420682190107677406e-02 3.727736225881470022e-02 2.320991749938007206e-02 0.000000000000000000e+00 1.454452064447179893e+00 1.785604067154760236e-02 2.078683285711112320e+08 2.078683285711112320e+08
3.050000000000000000e+02 7.600000000000300000e+13 0.000000000000000000e+00 1.169566196132654445e+00 9.057605264574201953e-02 1.524050755269320823e-01 7.001229508196721296e-02 0.000000000000000000e+00 1.236706675358698160e+00 1.051469025608005731e-01 1.959856357645239830e+09 1.000657993955647349e+09
3.060000000000000000e+02 7.600000000000200000e+13 0.000000000000000000e+00 1.614144086995404015e+00 1.900051385304259433e-01 2.163459512867414170e-01 8.899315460657988841e-02 0.000000000000000000e+00 1.295129483043790275e+00 2.382113100244452608e-01 2.688165465863922119e+09 1.316385593602198601e+09
3.070000000000000000e+02 7.600000000000100000e+13 0.000000000000000000e+00 1.235127938591339181e+00 9.578634736961815291e-03 3.904823255689268691e-02 6.540777095931784441e-03 0.000000000000000000e+00 1.214046604408702823e+00 3.122517451393618318e-02 2.361696436852009296e+08 4.646304045670349896e+07
3.080000000000000000e+02 7.600000000000100000e+13 0.000000000000000000e+00 1.097591717997616900e+00 1.871609825718347775e-01 2.296353887619026479e-01 1.385042494377638767e-01 0.000000000000000000e+00 1.098477674231882917e+00 2.412405938443734355e-01 2.963213046324316502e+09 2.105118059771077633e+09
3.090000000000000000e+02 7.600000000000200000e+13 0.000000000000000000e+00 1.094297809825899748e+00 2.450871468308495893e-01 1.909813595103837247e-01 8.297758217576674256e-02 0.000000000000000000e+00 9.051864891797120061e-01 2.388195919594825745e-01 2.016843484502179384e+09 1.368912283515173674e+09
3.100000000000000000e+02 7.600000000000100000e+13 0.000000000000000000e+00 1.154125300097482931e+00 3.208338967490358823e-02 7.475311463015080204e-02 1.808958499600957573e-02 0.000000000000000000e+00 1.333381509354493621e+00 5.019345504854344497e-02 6.317864192890778780e+08 2.689870245325978398e+08
3.110000000000000000e+02 7.600000000000300000e+13 0.000000000000000000e+00 1.295355745931489277e+00 8.610023116422972633e-02 2.823999099166729088e-01 9.162634527847349220e-02 0.000000000000000000e+00 1.574609758998356535e+00 7.769258217357015439e-02 2.943821042230798244e+09 1.463694541930604696e+09
3.120000000000000000e+02 7.600000000000100000e+13 0.000000000000000000e+00 1.377309581535039795e+00 1.273302254215501472e-01 2.864187556443886229e-01 1.294062905421821952e-01 0.000000000000000000e+00 1.387031270625383783e+00 1.248751913562467092e-01 1.678061632365351677e+09 2.502568781656673253e+08
3.130000000000000000e+02 7.600000000001900000e+13 0.000000000000000000e+00 1.109796313082892283e+00 5.833415461038127248e-02 7.833980096675385515e-03 2.710118653730177705e-03 0.000000000000000000e+00 1.241266250515576708e+00 3.176120180483345962e-02 1.165388241667589694e+08 4.031591060489796102e+07
3.140000000000000000e+02 7.600000000000200000e+13 0.000000000000000000e+00 1.155564427682271633e+00 9.935406694860328403e-02 6.064071257410928034e-02 3.277953402558246576e-02 0.000000000000000000e+00 1.195572196802973997e+00 9.502969026728463886e-02 7.266246541785802841e+08 5.193197376831755638e+08
3.150000000000000000e+02 7.600000000000400000e+13 0.000000000000000000e+00 2.166169934141886966e+00 7.785021132782048159e-02 1.435678170115796404e-01 3.373077500053576344e-02 0.000000000000000000e+00 1.937178628516339929e+00 6.947213761017703715e-02 1.561708032750181913e+09 4.632488475981701016e+08
3.160000000000000000e+02 7.600000000000200000e+13 0.000000000000000000e+00 1.219931660282158825e+00 3.520884232585152346e-02 6.178190589087556583e-02 1.283392055495186958e-02 0.000000000000000000e+00 1.231608733319113247e+00 6.092073099411183384e-02 5.092985331796113253e+08 1.801074152375255823e+08
3.170000000000000000e+02 7.600000000000300000e+13 0.000000000000000000e+00 1.240761214506598265e+00 7.178717170883743004e-02 2.450604846239131662e-01 8.043779541343291928e-02 0.000000000000000000e+00 1.205864062158413352e+00 1.264091736282415834e-01 1.290912088056229591e+09 5.146027951159293056e+08
3.180000000000000000e+02 7.600000000001600000e+13 0.000000000000000000e+00 9.858437268180535451e-01 8.672172284228119032e-02 2.407536831308812464e-01 1.528844490703792913e-01 0.000000000000000000e+00 1.302537282848105216e+00 5.189419249374471743e-02 8.447411557406076193e+08 8.447411557406076193e+08
3.190000000000000000e+02 7.600000000000100000e+13 0.000000000000000000e+00 1.113780237624701908e+00 5.182938710597072979e-02 8.708493773124577342e-02 1.960664075026300954e-02 0.000000000000000000e+00 1.410229948297892832e+00 8.053603614623089380e-02 1.203481193366710663e+09 2.799116464277969003e+08
3.200000000000000000e+02 7.600000000000400000e+13 1.000000000000000000e+00 1.129662750864383725e+00 3.813214942269928243e-02 5.027847559192122340e-02 3.265230206169330435e-02 0.000000000000000000e+00 9.889245899695446873e-01 3.381323957633772248e-02 5.285687865332874060e+08 5.108136771908658147e+08
3.210000000000000000e+02 7.600000000000600000e+13 0.000000000000000000e+00 1.187205420744724238e+00 5.409085889976181921e-02 9.981078142445069801e-02 4.706425050116704728e-02 0.000000000000000000e+00 1.350379796720746706e+00 6.961526971003322017e-02 1.263630570483182907e+09 6.467049890284633636e+08
3.220000000000000000e+02 7.600000000000100000e+13 0.000000000000000000e+00 1.486369874464867458e+00 1.653890917699595009e-01 2.043291957842144901e-01 1.000579629690102196e-01 0.000000000000000000e+00 1.597660951253290662e+00 1.993260546948288359e-01 2.433199448024178505e+09 1.298971631815846682e+09
3.230000000000000000e+02 7.600000000000300000e+13 0.000000000000000000e+00 2.217076294386265634e+00 1.306658728379103407e-01 1.247964152241201469e-01 6.260002292789178246e-02 0.000000000000000000e+00 2.002706009230913242e+00 1.646535687015805438e-01 1.454781478022938728e+09 7.648762885408086777e+08
3.240000000000000000e+02 7.600000000000100000e+13 1.000000000000000000e+00 1.071116067568036012e+00 2.962430923540996380e-02 6.418818808301808565e-02 1.986694012641359447e-02 0.000000000000000000e+00 1.283708165949459579e+00 2.948986327834706225e-02 4.460954898733513951e+08 1.608510472721896172e+08
