# rID[0] Hid[1]   R200: DS[2], eta[3], detla[4], fm[5], fm2[6];   R500: DS[7], eta[8], detla[9], fm[10], fm2[11]
1.000000000000000000e+00 1.160000000000010000e+14 0.000000000000000000e+00 1.103067659096218955e+00 1.264787324110128452e-01 4.034625834558986379e-01 2.412845904018548482e-01 0.000000000000000000e+00 1.234098159668044037e+00 4.728375958149677594e-02 1.015971176788221955e+09 1.825496903344422877e+08
2.000000000000000000e+00 1.160000000000010000e+14 0.000000000000000000e+00 1.077009954013751436e+00 4.103570333693571520e-02 1.611645145860240436e-01 3.611399749520566999e-02 0.000000000000000000e+00 1.108857277979708567e+00 2.206161107270820931e-02 1.244252476450801849e+09 2.527055836797775924e+08
3.000000000000000000e+00 1.160000000000020000e+14 0.000000000000000000e+00 1.174209685012244764e+00 4.287122455205000238e-02 1.053678662657556164e-01 1.567939993669825380e-02 0.000000000000000000e+00 1.431066352264450892e+00 1.704932108981830480e-02 8.234780098200770617e+08 1.818179988683332205e+08
4.000000000000000000e+00 1.160000000000020000e+14 1.000000000000000000e+00 1.031140631155771814e+00 1.874602372330042011e-02 7.154246835512201308e-02 3.173867432093278873e-02 0.000000000000000000e+00 1.181084684074054092e+00 7.082444246014778233e-02 9.609243858635880947e+08 4.577274201480201483e+08
5.000000000000000000e+00 1.160000000000020000e+14 1.000000000000000000e+00 1.014496748271692450e+00 1.941409729093831332e-02 8.900715497274305776e-02 1.084965547380357595e-02 0.000000000000000000e+00 1.262572505932719968e+00 4.151232184843670070e-02 7.406536610733678341e+08 1.678819448002450168e+08
6.000000000000000000e+00 1.160000000000010000e+14 0.000000000000000000e+00 1.230894018634521858e+00 6.899765765453927391e-02 1.871379989123439780e-01 2.779532126639414763e-02 0.000000000000000000e+00 1.354630449257679947e+00 8.156044793142054605e-02 1.419853170137860537e+09 2.425432930400209129e+08
7.000000000000000000e+00 1.160000000000010000e+14 0.000000000000000000e+00 1.098258937297428073e+00 4.011202844328921879e-02 1.413211771134738060e-01 2.817235917868734715e-02 0.000000000000000000e+00 1.056739679298492218e+00 9.744069612446298878e-02 1.176280342258843422e+09 4.124233067414362431e+08
8.000000000000000000e+00 1.160000000000010000e+14 0.000000000000000000e+00 9.602570725385407568e-01 6.418087393784532857e-02 1.712451272744367481e-01 6.591054170811003199e-02 0.000000000000000000e+00 1.115543327954254149e+00 5.961006943725963986e-02 3.630943394453521371e+08 5.044125099066124111e+07
9.000000000000000000e+00 1.160000000000010000e+14 0.000000000000000000e+00 1.180855205439934164e+00 1.690961151650694286e-02 1.114020626831752486e-01 2.158124839775790033e-02 0.000000000000000000e+00 1.310873682273381080e+00 2.677678537569288739e-02 1.053568910009522319e+09 2.939587928424046636e+08
1.000000000000000000e+01 1.160000000000020000e+14 1.000000000000000000e+00 1.011349668263638701e+00 1.257042072012493419e-02 4.282124484191287411e-02 6.754032258064516028e-03 0.000000000000000000e+00 1.231900489645712193e+00 1.057455683735148907e-02 4.265437927746843696e+08 7.106627973941765726e+07
1.100000000000000000e+01 1.160000000000010000e+14 0.000000000000000000e+00 1.410561240399202942e+00 1.409100698861350809e-01 1.900567320499736146e-01 2.801451698046806410e-02 0.000000000000000000e+00 1.369971388045492233e+00 1.356130251783683738e-01 2.039537066625496864e+09 3.836790554518201351e+08
1.200000000000000000e+01 1.160000000000010000e+14 0.000000000000000000e+00 1.263369445557364079e+00 1.330687253092623368e-01 1.442978311640752964e-01 4.187700426778557389e-02 0.000000000000000000e+00 1.196085074466106901e+00 1.215312672879108186e-01 1.629625462057626724e+09 5.867077582264673710e+08
1.300000000000000000e+01 1.160000000000010000e+14 0.000000000000000000e+00 1.388709685914834457e+00 1.239152682792198923e-01 4.905939976218661180e-01 2.362930837708285825e-01 0.000000000000000000e+00 1.550137365138365864e+00 9.329611955956708391e-02 1.624967879093872309e+09 3.721249409094458222e+08
1.400000000000000000e+01 1.160000000000020000e+14 0.000000000000000000e+00 1.173493518254394852e+00 3.094372768746021796e-02 4.242065927422702942e-02 7.025548758546239225e-03 0.000000000000000000e+00 1.212010831975668168e+00 2.570303189175597233e-02 4.287338740324105024e+08 5.399210808785424381e+07
1.500000000000000000e+01 1.160000000000010000e+14 0.000000000000000000e+00 1.070072674481655550e+00 1.058150031711536654e-01 2.991000305896056588e-01 1.729699373232015114e-01 0.000000000000000000e+00 1.057644899360175916e+00 5.828983073689728012e-02 1.375843153080900192e+09 5.520913843180826902e+08
1.600000000000000000e+01 1.160000000000030000e+14 0.000000000000000000e+00 8.213542233464048437e-01 1.160625047995853115e-01 2.874974315480892106e-01 2.200874278448362864e-01 0.000000000000000000e+00 1.077626656656461623e+00 3.451891053738832121e-02 4.511252818367394209e+08 4.462755693592812121e+07
1.700000000000000000e+01 1.160000000000010000e+14 0.000000000000000000e+00 1.097543654173180450e+00 5.302458136934873334e-02 1.089931572848230057e-01 1.241685403101001547e-02 0.000000000000000000e+00 1.264523445744893282e+00 2.390972022442534525e-02 7.344304154608775377e+08 7.510406732373867929e+07
1.800000000000000000e+01 1.160000000000010000e+14 1.000000000000000000e+00 1.025003201817896059e+00 2.332034997869057713e-02 8.211317996556997956e-02 1.247969452507623200e-02 0.000000000000000000e+00 1.036152665520612359e+00 4.183668014348444070e-02 7.733686082949619293e+08 1.732008507968997955e+08
1.900000000000000000e+01 1.160000000000010000e+14 0.000000000000000000e+00 1.140575658562372752e+00 9.680191674621398124e-02 1.426353551739963643e-01 2.264993058503619872e-02 0.000000000000000000e+00 1.261545153110894768e+00 7.471690802551338162e-02 1.027992721790254831e+09 3.222478053597994447e+08
2.000000000000000000e+01 1.160000000000010000e+14 0.000000000000000000e+00 9.219942107876993864e-01 1.509018350583463952e-01 2.927741472215635299e-01 1.507598213579954272e-01 0.000000000000000000e+00 1.193520610443863372e+00 5.248264079596089843e-02 9.718488006360874176e+08 2.640765281943373382e+08
2.100000000000000000e+01 1.160000000000010000e+14 0.000000000000000000e+00 1.179825922480664424e+00 4.300422230233252180e-02 1.179074212344189687e-01 1.970757768333328275e-02 0.000000000000000000e+00 1.044109336304022362e+00 5.373524161267459465e-02 8.593112193105957508e+08 1.874902231356726885e+08
2.200000000000000000e+01 1.160000000000010000e+14 1.000000000000000000e+00 1.064555127974019522e+00 3.153204422358027448e-02 7.862847745233871033e-02 1.087782666115715870e-02 0.000000000000000000e+00 1.189520905109615612e+00 3.452309916092819592e-02 6.128332107907327414e+08 6.486355589554662257e+07
2.300000000000000000e+01 1.160000000000010000e+14 0.000000000000000000e+00 1.272270937884701247e+00 1.376221860075352299e-01 3.332645692572491769e-01 1.390430248445473083e-01 0.000000000000000000e+00 1.293002518589016159e+00 1.351250686426764547e-01 1.636244257243577003e+09 4.452899011982607841e+08
2.400000000000000000e+01 1.160000000000010000e+14 0.000000000000000000e+00 1.175616849512987727e+00 1.165302439301815346e-01 2.006956575476811222e-01 4.360905360414999571e-02 0.000000000000000000e+00 1.151522651517971285e+00 1.127769157287491220e-01 2.229486455733367920e+09 5.907229224654204845e+08
2.500000000000000000e+01 1.160000000000010000e+14 0.000000000000000000e+00 1.254067752324938834e+00 8.152850152621404778e-02 1.077118143988392007e-01 3.116662615137938755e-02 0.000000000000000000e+00 1.323065466638152499e+00 8.841373907755367689e-02 1.091193059639988184e+09 3.998622637439731956e+08
2.600000000000000000e+01 1.160000000000010000e+14 0.000000000000000000e+00 1.202343331535915771e+00 5.409490984739086933e-02 1.426685713105269593e-01 2.401982619788770035e-02 0.000000000000000000e+00 1.094510137139885320e+00 1.232112973761292640e-01 1.053577914547958612e+09 3.509985734020884633e+08
2.700000000000000000e+01 1.160000000000010000e+14 0.000000000000000000e+00 1.203570828754748856e+00 4.068740056190725540e-02 1.052216841658940444e-01 1.869639097149371210e-02 0.000000000000000000e+00 1.190833611417083215e+00 2.509536927321720165e-02 7.968469849120690823e+08 1.027840150038331151e+08
2.800000000000000000e+01 1.160000000000010000e+14 0.000000000000000000e+00 1.130607226650577557e+00 6.334927305021818833e-02 1.139573781260623808e-01 1.173826536926820055e-02 0.000000000000000000e+00 1.423600313073257295e+00 7.060593974378834292e-02 9.738670000165601969e+08 1.890724763168748021e+08
2.900000000000000000e+01 1.160000000000010000e+14 0.000000000000000000e+00 1.055629118219012508e+00 5.628376420537948427e-02 1.502529593728463009e-01 2.422467263955892583e-02 0.000000000000000000e+00 1.233588417687440986e+00 4.609797215188184139e-02 7.348556843130387068e+08 1.155331629497902095e+08
3.000000000000000000e+01 1.160000000000010000e+14 0.000000000000000000e+00 1.210158548489869812e+00 1.026479937762879435e-02 9.686581070159894225e-02 7.038445933077744354e-03 0.000000000000000000e+00 1.265078539355762421e+00 1.919379637469469449e-02 7.801837411211194992e+08 9.741824347537542880e+07
3.100000000000000000e+01 1.160000000000010000e+14 0.000000000000000000e+00 1.147828526639929514e+00 8.750866225308411017e-02 2.029746199838649290e-01 4.291877373526691714e-02 0.000000000000000000e+00 1.198198766051123298e+00 1.184153554070407344e-01 2.067084836683226585e+09 5.994795599857683182e+08
3.200000000000000000e+01 1.160000000000010000e+14 0.000000000000000000e+00 1.169432752758442939e+00 4.576566709147462247e-02 1.267797737788613766e-01 1.576385446898484130e-02 0.000000000000000000e+00 1.323771113553507073e+00 5.758675996280405995e-02 9.272854804566614628e+08 2.376214360176265538e+08
3.300000000000000000e+01 1.160000000000010000e+14 0.000000000000000000e+00 1.224539975842090067e+00 3.757213851316992814e-02 2.005606637451601559e-01 5.190830693417810421e-02 0.000000000000000000e+00 1.345039439012805982e+00 5.494694366294036042e-02 1.545470820842080593e+09 7.766009853750967979e+08
3.400000000000000000e+01 1.160000000000010000e+14 0.000000000000000000e+00 1.212352200214889431e+00 5.836291525776812067e-02 1.636163567023804777e-01 4.460981026220438989e-02 0.000000000000000000e+00 1.166603991086766490e+00 3.860163091229384252e-02 1.078024508483807564e+09 2.632729429844708443e+08
3.500000000000000000e+01 1.160000000000010000e+14 0.000000000000000000e+00 1.148688312692039748e+00 3.712368180115319799e-02 1.742572768600929023e-01 2.977710114377171355e-02 0.000000000000000000e+00 1.147914221666132661e+00 3.649733622631063518e-02 1.448907433196036100e+09 2.941065088705555797e+08
3.600000000000000000e+01 1.160000000000010000e+14 0.000000000000000000e+00 1.339347353148911290e+00 1.315031036445830082e-01 1.614425389459710480e-01 2.187795920173458974e-02 0.000000000000000000e+00 1.375013079041622843e+00 1.291834512602140772e-01 1.716087635177182198e+09 2.947435722128682137e+08
3.700000000000000000e+01 1.160000000000010000e+14 0.000000000000000000e+00 1.025154283087836626e+00 1.354478399672156552e-01 1.624826030602856131e-01 7.880770028250784487e-02 0.000000000000000000e+00 1.009155762098022713e+00 1.349478026482957005e-01 1.903993543274396420e+09 1.127091598168664694e+09
3.800000000000000000e+01 1.160000000000010000e+14 1.000000000000000000e+00 1.059992906161190795e+00 2.745453496856396780e-02 9.855411405579801720e-02 5.686522010200222889e-03 0.000000000000000000e+00 1.102442386118382078e+00 3.763821455592433057e-02 8.882776952621052265e+08 8.315842265698026121e+07
3.900000000000000000e+01 1.160000000000010000e+14 0.000000000000000000e+00 9.686741196435592061e-01 5.171534875305940776e-02 1.466681972116316568e-01 3.676009693053311489e-02 0.000000000000000000e+00 1.046199186750410126e+00 2.011395428288044115e-02 9.299144129330565929e+08 1.889121095210560262e+08
4.000000000000000000e+01 1.160000000000010000e+14 0.000000000000000000e+00 1.167472578198625044e+00 5.515493960098878656e-02 2.351490137776459377e-01 5.010734258435237121e-02 0.000000000000000000e+00 1.264359140377868673e+00 5.222412936338103467e-02 1.897516150277960300e+09 7.548557589139924049e+08
4.100000000000000000e+01 1.160000000000010000e+14 1.000000000000000000e+00 1.115049550458083072e+00 2.889581638542220929e-02 5.701601994130650608e-02 2.590466336491446288e-03 0.000000000000000000e+00 1.133100898244601806e+00 2.570853576735414314e-02 4.231035146293984652e+08 3.596764057491778582e+07
4.200000000000000000e+01 1.160000000000010000e+14 0.000000000000000000e+00 1.278766500950114349e+00 8.480844833465035759e-02 1.901889418473489135e-01 5.431434490387049285e-02 0.000000000000000000e+00 1.256899910969718759e+00 1.322850055265408498e-01 2.142002524385317087e+09 6.706913563481750488e+08
4.300000000000000000e+01 1.160000000000010000e+14 0.000000000000000000e+00 1.174935880931157861e+00 2.048140470575663674e-01 2.204038967136716931e-01 6.519498237311054101e-02 0.000000000000000000e+00 1.328239631169691792e+00 1.773873995481136945e-01 1.782219408369090319e+09 6.129213037254298925e+08
4.400000000000000000e+01 1.160000000000010000e+14 0.000000000000000000e+00 1.119159309596480689e+00 5.542525568468654323e-02 1.841489582805655167e-01 3.692667438279026437e-02 0.000000000000000000e+00 1.134533382606131902e+00 4.996172803487404501e-02 1.913062149066707134e+09 5.659532705095983744e+08
4.500000000000000000e+01 1.160000000000010000e+14 0.000000000000000000e+00 1.042346136950945690e+00 4.833105712941776488e-02 1.344332903790693146e-01 4.267683388324684801e-02 0.000000000000000000e+00 1.242771640133637501e+00 2.096042381567328819e-02 7.767313007237352133e+08 1.133495528265253603e+08
4.600000000000000000e+01 1.160000000000010000e+14 0.000000000000000000e+00 1.096753940814467976e+00 7.746828713487262374e-02 8.316859674876900255e-02 7.838489331390467718e-03 0.000000000000000000e+00 1.205567922145876825e+00 3.485525600382189532e-02 6.320594058199479580e+08 4.175205555028744042e+07
4.700000000000000000e+01 1.160000000000020000e+14 0.000000000000000000e+00 1.138030491443038139e+00 6.378639195111528160e-02 2.194534798650460694e-01 6.675461741424802697e-02 0.000000000000000000e+00 1.221430300557632798e+00 5.163190821815833581e-02 1.636991270440028906e+09 6.350423166817030907e+08
4.800000000000000000e+01 1.160000000000010000e+14 0.000000000000000000e+00 1.292509164349803230e+00 4.346837528296060293e-02 1.161118290134349612e-01 3.126554415877932230e-02 0.000000000000000000e+00 1.346108485492532258e+00 4.568919527174763323e-02 1.139770280603257895e+09 4.307795607823365927e+08
4.900000000000000000e+01 1.160000000000010000e+14 0.000000000000000000e+00 1.126217848770369567e+00 1.421943689542528866e-01 1.789066835864288885e-01 2.411961685227007393e-02 0.000000000000000000e+00 1.105530992894018683e+00 1.196973216936529499e-01 1.644457087272255659e+09 3.683709650255431533e+08
5.000000000000000000e+01 1.160000000000010000e+14 0.000000000000000000e+00 1.106597196179968545e+00 6.326545260569353679e-02 1.045827325812044989e-01 2.309609032677932203e-02 0.000000000000000000e+00 1.370012145744732068e+00 3.959828878224638804e-02 1.071282957698022127e+09 3.627598486648231149e+08
5.100000000000000000e+01 1.160000000000020000e+14 0.000000000000000000e+00 1.293237220849128066e+00 1.783801902977798226e-01 2.616765151403004919e-01 1.821199147639842864e-01 0.000000000000000000e+00 1.682707474292965300e+00 6.574972043181520620e-02 3.735522329914541245e+08 3.301966990891615674e+07
5.200000000000000000e+01 1.160000000000010000e+14 1.000000000000000000e+00 1.061129969588114008e+00 3.948931114444199225e-02 8.330468952933754723e-02 9.656630987117907627e-03 0.000000000000000000e+00 1.093933214976513080e+00 2.517374791845414586e-02 7.227435833475462198e+08 1.382039395200638473e+08
5.300000000000000000e+01 1.160000000000010000e+14 0.000000000000000000e+00 1.378621139848067445e+00 2.766798940384920108e-02 1.016241631064755124e-01 2.686976500779389432e-02 0.000000000000000000e+00 1.535333264733912628e+00 2.287461267690055547e-02 1.048499407072759032e+09 3.350869894685066342e+08
5.400000000000000000e+01 1.160000000000010000e+14 0.000000000000000000e+00 1.046615700406716698e+00 4.315792109664427778e-02 1.111125336661911572e-01 2.247625840635826197e-02 0.000000000000000000e+00 1.190574819470193280e+00 7.049237135569880186e-02 8.255818402826021910e+08 3.647636541896150112e+08
5.500000000000000000e+01 1.160000000000010000e+14 0.000000000000000000e+00 1.238943518362310536e+00 6.605385482313951007e-02 2.694194155054786544e-01 9.387704624380678597e-02 0.000000000000000000e+00 1.172981072708252581e+00 1.160791257671145577e-01 1.530526341644892454e+09 8.251233258987071514e+08
5.600000000000000000e+01 1.160000000000010000e+14 0.000000000000000000e+00 1.250719712653722393e+00 7.570029623690111009e-02 1.262402779985297985e-01 4.784646752627500638e-02 0.000000000000000000e+00 1.235697159464033135e+00 1.073546055833561053e-01 1.360710052558587074e+09 6.370565227943534851e+08
5.700000000000000000e+01 1.160000000000010000e+14 0.000000000000000000e+00 1.083115945816754522e+00 1.304326878505928655e-01 1.941400398239744030e-01 7.974068955484434063e-02 0.000000000000000000e+00 1.208718796059829126e+00 2.101682707843793851e-01 2.214732919972989559e+09 1.175252878832180023e+09
5.800000000000000000e+01 1.160000000000010000e+14 0.000000000000000000e+00 1.128924808435233240e+00 6.203514928724344901e-02 1.145380120057092471e-01 2.279483245952674056e-02 0.000000000000000000e+00 1.297719299459073827e+00 4.238751548138435660e-02 1.085891117374703169e+09 3.340025946002274752e+08
5.900000000000000000e+01 1.160000000000010000e+14 0.000000000000000000e+00 1.412606286195107863e+00 7.193398168181389107e-02 1.755631368938243286e-01 6.825399177564553388e-02 0.000000000000000000e+00 1.535909430886543303e+00 7.579749636151142389e-02 1.828597497342902660e+09 9.197423937343928814e+08
6.000000000000000000e+01 1.160000000000010000e+14 1.000000000000000000e+00 1.047634387941017486e+00 1.633997796398255209e-02 6.478969342652872443e-02 4.018446456710661648e-03 0.000000000000000000e+00 1.165348200403022227e+00 1.442882289543888537e-02 6.143462974572199583e+08 5.530294781652889401e+07
6.100000000000000000e+01 1.160000000000010000e+14 0.000000000000000000e+00 1.048337555790179731e+00 1.830093157627097830e-02 1.220698473723728777e-01 2.308440256837899357e-02 0.000000000000000000e+00 1.306478934523697566e+00 1.082310959953913625e-02 6.608055805153111219e+08 6.165043965144232661e+07
6.200000000000000000e+01 1.160000000000020000e+14 0.000000000000000000e+00 9.004336279008751109e-01 4.100580881066816924e-02 1.250791355862412857e-01 2.917368888064072671e-02 0.000000000000000000e+00 1.033384301263090110e+00 3.650668518585552247e-02 9.536518830458528996e+08 3.397442264355682135e+08
6.300000000000000000e+01 1.160000000000010000e+14 0.000000000000000000e+00 1.079707649202685360e+00 7.671616159074202967e-02 1.414135802738638592e-01 4.907124429450288039e-02 0.000000000000000000e+00 1.077852002189291891e+00 5.816454938959728788e-02 1.618712199411288261e+09 7.627122342012503147e+08
6.400000000000000000e+01 1.160000000000010000e+14 0.000000000000000000e+00 1.005025595160546681e+00 1.136745907676226658e-01 2.482989939084138953e-01 1.251506565194669407e-01 0.000000000000000000e+00 9.476350193792312249e-01 3.176990967188560167e-02 4.466430037476616502e+08 5.039892528976028413e+07
6.500000000000000000e+01 1.160000000000010000e+14 0.000000000000000000e+00 2.033887756615659459e+00 8.125354002025363120e-02 1.608402682736697897e-01 3.291368652216378199e-02 0.000000000000000000e+00 2.077554528578829718e+00 8.096429660838846964e-02 9.481315530709021091e+08 3.354194639968955517e+08
6.600000000000000000e+01 1.160000000000010000e+14 1.000000000000000000e+00 1.110335293323714279e+00 3.144879956908368246e-02 8.827285145452298809e-02 1.425161552040515520e-02 0.000000000000000000e+00 1.125307484984053863e+00 3.177531882522424689e-02 6.447238257539594173e+08 7.002440084589599073e+07
6.700000000000000000e+01 1.160000000000010000e+14 0.000000000000000000e+00 1.162316161357331845e+00 4.301180048991368882e-02 1.420877685186846540e-01 2.371559861646880749e-02 0.000000000000000000e+00 1.166071651892125693e+00 3.228325349052611759e-02 1.108211484892680168e+09 3.142138564121490121e+08
6.800000000000000000e+01 1.160000000000010000e+14 1.000000000000000000e+00 1.102997678705982976e+00 3.248172732219734710e-02 9.374279775723629027e-02 2.817199867129422872e-02 0.000000000000000000e+00 1.176258690155072006e+00 5.573783925484603746e-02 1.148373444206300259e+09 4.343382989511153102e+08
6.900000000000000000e+01 1.160000000000010000e+14 0.000000000000000000e+00 1.175501412717664840e+00 4.293015279582264310e-02 8.547407451812888413e-02 8.059454484625010878e-03 0.000000000000000000e+00 1.281784395277225208e+00 4.463343458327827945e-02 5.923539712813062668e+08 4.666083954086531699e+07
7.000000000000000000e+01 1.160000000000010000e+14 0.000000000000000000e+00 9.908407508325058899e-01 4.505590778681062281e-02 2.219576512580686278e-01 6.166560231079846327e-02 0.000000000000000000e+00 1.132325524416923690e+00 4.432329972670516482e-02 1.957389093792361975e+09 1.035283875241450667e+09
7.100000000000000000e+01 1.160000000000010000e+14 0.000000000000000000e+00 2.894970604107656165e+00 8.552553918614383410e-02 1.595515802513524373e-01 4.579360749841922956e-02 0.000000000000000000e+00 3.029232163600663164e+00 1.080192817955274165e-01 1.545923656678799152e+09 6.910428931337696314e+08
7.200000000000000000e+01 1.160000000000010000e+14 0.000000000000000000e+00 1.144059713263934075e+00 3.139998509688427669e-02 1.307521648242443435e-01 1.814016480665558637e-02 0.000000000000000000e+00 1.128780179130952632e+00 4.330726232537795289e-02 9.383420900819516182e+08 1.598213868922498226e+08
7.300000000000000000e+01 1.160000000000010000e+14 0.000000000000000000e+00 1.782012475715432309e+00 1.242494134575100329e-01 1.923020654587657141e-01 4.495638135436624133e-02 0.000000000000000000e+00 1.656890880829279489e+00 1.690513207091070835e-01 1.926156954793270350e+09 6.478354304709178209e+08
7.400000000000000000e+01 1.160000000000010000e+14 0.000000000000000000e+00 8.838847529057652919e-01 1.354804476833677274e-01 4.593687031584838265e-01 1.286041130044499881e-01 0.000000000000000000e+00 9.866669263675277302e-01 1.051089392167671860e-01 1.766868178661115885e+09 7.064596033326027393e+08
7.500000000000000000e+01 1.160000000000010000e+14 0.000000000000000000e+00 1.182367333503064888e+00 2.306686232942780843e-02 7.920435947799966958e-02 1.204965380553128795e-02 0.000000000000000000e+00 1.227163593323902901e+00 1.246583813073023211e-02 4.809859057920727730e+08 1.053925330300818831e+08
7.600000000000000000e+01 1.160000000000010000e+14 0.000000000000000000e+00 1.247298980660425771e+00 7.543617727764262426e-02 1.159595306419539257e-01 4.260111702077049728e-02 0.000000000000000000e+00 1.234578411507394780e+00 1.137852617176053072e-01 1.277927107844340324e+09 5.985692443836915493e+08
7.700000000000000000e+01 1.160000000000010000e+14 0.000000000000000000e+00 1.018188513327804801e+00 1.293779155856339402e-01 3.107580199226246953e-01 8.147275870472477088e-02 0.000000000000000000e+00 1.398111542597442636e+00 6.994820768538632938e-02 8.580220418714846373e+08 1.984128725029388070e+08
7.800000000000000000e+01 1.160000000000010000e+14 0.000000000000000000e+00 1.160586892761944267e+00 1.758197334431268188e-01 3.743722566282581821e-01 1.892394128102820317e-01 0.000000000000000000e+00 1.159852461214131436e+00 2.591132342380429998e-01 1.694281873181851864e+09 6.605735723961355686e+08
7.900000000000000000e+01 1.160000000000010000e+14 0.000000000000000000e+00 1.019500260054763574e+00 5.356143779753707451e-02 1.635810875993102265e-01 3.667128574654595491e-02 0.000000000000000000e+00 1.372408863199847673e+00 5.509885716378764425e-02 8.289109358161410093e+08 1.220301763079675883e+08
8.000000000000000000e+01 1.160000000000020000e+14 0.000000000000000000e+00 1.200705379751494162e+00 1.364004413399051534e-02 1.830352356195195096e-01 3.180289790391373911e-02 0.000000000000000000e+00 1.247122965876386491e+00 7.669901821463646907e-02 1.362311436690904379e+09 2.615994551110947430e+08
8.100000000000000000e+01 1.160000000000010000e+14 0.000000000000000000e+00 1.263476129400438408e+00 6.801517225382981702e-02 1.471425846024117523e-01 4.796761645690471310e-02 0.000000000000000000e+00 1.212445371467040900e+00 1.024746242990669243e-01 1.445016675535642862e+09 6.547207871993643045e+08
8.200000000000000000e+01 1.160000000000010000e+14 0.000000000000000000e+00 1.195950352664534977e+00 1.147228973268837326e-01 1.174252095181940736e-01 3.192528638814016301e-02 0.000000000000000000e+00 1.264999738394597228e+00 9.243676274150253169e-02 1.143749068911008120e+09 5.132475011092427969e+08
8.300000000000000000e+01 1.160000000000010000e+14 0.000000000000000000e+00 1.072104363111308967e+00 3.512494203676071181e-02 1.106756808369835782e-01 2.460409998304304013e-02 0.000000000000000000e+00 1.164862779400770432e+00 4.598780646566006519e-02 1.141178564204898596e+09 3.782156829299259186e+08
8.400000000000000000e+01 1.160000000000010000e+14 1.000000000000000000e+00 1.024304980673788723e+00 2.249818805230573149e-02 5.021722355345065864e-02 8.524726740073127612e-03 0.000000000000000000e+00 1.150832948517264587e+00 2.845564719394653302e-02 4.293759344317198992e+08 1.189828404961514473e+08
8.500000000000000000e+01 1.160000000000010000e+14 0.000000000000000000e+00 1.162734631297043464e+00 1.323909690669028416e-01 1.638238041546990764e-01 3.170746777102397690e-02 0.000000000000000000e+00 1.233511531267303729e+00 1.037837123680699913e-01 1.452488592627242565e+09 4.870984308657299876e+08
8.600000000000000000e+01 1.160000000000010000e+14 0.000000000000000000e+00 1.178154783461730970e+00 1.357054776896425008e-01 2.230135997873868015e-01 7.897707664785146020e-02 0.000000000000000000e+00 1.077803320200794834e+00 1.884063115336942484e-01 2.403031759234580040e+09 1.221975980205327272e+09
8.700000000000000000e+01 1.160000000000010000e+14 1.000000000000000000e+00 1.127255951266447065e+00 3.813353841405199562e-02 7.490078345800471604e-02 7.205305761082653887e-03 0.000000000000000000e+00 1.117672979364398023e+00 3.483664976360272697e-02 5.776810425433982611e+08 6.492536086902282387e+07
8.800000000000000000e+01 1.160000000000010000e+14 0.000000000000000000e+00 1.438394696247294879e+00 1.103561562837576115e-01 1.643898599645434444e-01 3.314080221660401643e-02 0.000000000000000000e+00 1.574959283850689618e+00 1.043812533084699096e-01 1.271609961894833088e+09 4.518069465835129619e+08
8.900000000000000000e+01 1.160000000000010000e+14 0.000000000000000000e+00 9.648908193832097524e-01 1.736413620723706586e-01 4.920241535088965001e-01 3.309522395536126926e-01 0.000000000000000000e+00 1.406858938446980067e+00 4.753555180426931315e-02 1.386114440156758070e+09 4.542157450412790775e+08
9.000000000000000000e+01 1.160000000000020000e+14 0.000000000000000000e+00 1.275634446586691562e+00 5.975146387626063121e-02 2.192479448791469776e-01 5.001040324861893982e-02 0.000000000000000000e+00 1.416570365204749660e+00 7.691281159219459651e-02 2.161379840030731678e+09 7.386701473832781315e+08
9.100000000000000000e+01 1.160000000000010000e+14 0.000000000000000000e+00 1.269878540919165966e+00 1.250035140904443287e-01 2.480085320023291406e-01 9.405030419447028833e-02 0.000000000000000000e+00 1.428614690864246306e+00 7.978764064862650662e-02 1.062791648729054809e+09 1.480672836781552136e+08
9.200000000000000000e+01 1.160000000000010000e+14 0.000000000000000000e+00 1.048631202407467322e+00 8.546283071172262880e-02 1.796630320761387622e-01 5.549125151037991033e-02 0.000000000000000000e+00 1.087993463785149606e+00 6.267208317031727760e-02 1.952042481233991385e+09 8.420983454669349194e+08
9.300000000000000000e+01 1.160000000000010000e+14 1.000000000000000000e+00 1.054946103174722039e+00 3.912720503843491321e-02 9.167851724312188477e-02 1.249405015437112139e-02 0.000000000000000000e+00 1.174677449331498424e+00 2.127155709530528446e-02 9.087323208303927183e+08 1.899238832366649806e+08
9.400000000000000000e+01 1.160000000000010000e+14 0.000000000000000000e+00 1.130982708243770452e+00 6.459673114051697751e-02 1.567974256482705109e-01 4.087225994622430830e-02 0.000000000000000000e+00 1.251900760568255278e+00 9.936257509103733898e-02 1.049988924260244250e+09 3.580267642304466963e+08
9.500000000000000000e+01 1.160000000000010000e+14 1.000000000000000000e+00 1.095007916350350108e+00 1.015629852481464250e-02 8.891075563789209435e-02 1.698283091999334277e-02 0.000000000000000000e+00 1.103431573340481364e+00 1.273966210700092777e-02 6.460169954044098854e+08 9.733109143577532470e+07
9.600000000000000000e+01 1.160000000000010000e+14 1.000000000000000000e+00 1.116995255006535848e+00 3.050348124034965927e-02 7.497083332592184568e-02 1.539328340952347135e-02 0.000000000000000000e+00 1.235268581976833868e+00 2.544463934980106812e-02 6.733990563497328758e+08 2.133189157153700888e+08
9.700000000000000000e+01 1.160000000000010000e+14 0.000000000000000000e+00 1.167709425847041516e+00 9.228131619562736365e-02 1.613268168767236777e-01 6.373991697517891741e-02 0.000000000000000000e+00 1.179057303330560691e+00 5.995014520362891564e-02 1.905927749688414812e+09 9.296250388210523129e+08
9.800000000000000000e+01 1.160000000000020000e+14 1.000000000000000000e+00 1.106069480219209700e+00 3.861815992032086031e-02 8.395431499378534779e-02 2.935257759852539713e-02 0.000000000000000000e+00 1.324883572690209510e+00 5.955565390767204870e-02 1.093160220377700806e+09 4.207918303525735736e+08
9.900000000000000000e+01 1.160000000000010000e+14 0.000000000000000000e+00 1.126158166996201526e+00 1.082713712054520355e-01 1.892797692827761780e-01 7.060260161357097275e-02 0.000000000000000000e+00 1.313921540167057200e+00 8.693245723247280954e-02 2.132737732949380159e+09 1.089718692793859959e+09
1.000000000000000000e+02 1.160000000000020000e+14 0.000000000000000000e+00 1.143969467230716131e+00 2.080751783515535219e-02 1.147497327131287159e-01 1.427009942714163419e-02 0.000000000000000000e+00 1.184533120004732654e+00 1.736870801319786300e-02 6.141909084523532391e+08 1.584510437604767382e+08
1.010000000000000000e+02 1.160000000000020000e+14 0.000000000000000000e+00 9.892037487480911384e-01 1.512433362319333674e-01 1.609395107170350225e-01 7.506172381491202361e-02 0.000000000000000000e+00 8.553144397770429119e-01 1.364892080554133968e-01 1.786555742701240063e+09 1.186342872082983971e+09
1.020000000000000000e+02 1.160000000000010000e+14 1.000000000000000000e+00 1.102529573076414637e+00 1.521702886900464652e-02 7.561644614133165854e-02 1.304972833660059811e-02 0.000000000000000000e+00 1.110169141103610535e+00 2.994833997105688858e-02 6.441002379737659693e+08 1.775568195664994717e+08
1.030000000000000000e+02 1.160000000000010000e+14 0.000000000000000000e+00 1.167695030738304940e+00 9.450048471428293406e-02 2.135623889453723556e-01 5.442306999731280626e-02 0.000000000000000000e+00 1.256841909841941440e+00 1.398779785933133568e-01 2.287237155731068611e+09 7.505797669231451750e+08
1.040000000000000000e+02 1.160000000000010000e+14 0.000000000000000000e+00 1.071065395992740310e+00 3.112498940096465952e-02 1.373894590444957875e-01 4.353014831929641337e-02 0.000000000000000000e+00 1.019659344653849553e+00 3.100345707112673807e-02 8.196100663521969318e+08 1.239543265720798224e+08
1.050000000000000000e+02 1.160000000000010000e+14 0.000000000000000000e+00 1.116494323021074431e+00 1.672227773274305440e-01 2.304934257786081520e-01 1.469882302568518984e-01 0.000000000000000000e+00 9.663017872640949912e-01 1.922290070436530052e-01 2.922048912797775269e+09 2.182925221253831387e+09
1.060000000000000000e+02 1.160000000000010000e+14 0.000000000000000000e+00 1.333861684490580402e+00 5.238385396977649627e-02 1.440095798737532073e-01 2.868112237112990792e-02 0.000000000000000000e+00 1.295696140076674663e+00 7.431683296285600260e-02 1.597948804909721375e+09 3.936282407136191130e+08
1.070000000000000000e+02 1.160000000000010000e+14 1.000000000000000000e+00 1.017136515030056199e+00 1.870403439970823659e-02 8.112656895846061256e-02 1.316288208401497455e-02 0.000000000000000000e+00 1.183903232662353311e+00 2.275464888265760904e-02 8.184281215410572290e+08 2.010868067323915362e+08
1.080000000000000000e+02 1.160000000000010000e+14 0.000000000000000000e+00 9.456504989596196120e-01 2.816904003058627939e-02 1.192731887325353818e-01 2.387953724512782011e-02 0.000000000000000000e+00 1.109736471046486539e+00 4.124106337021834351e-02 6.052720941155226231e+08 2.007084822565881312e+08
1.090000000000000000e+02 1.160000000000010000e+14 0.000000000000000000e+00 1.047632135040320156e+00 2.929019008439810376e-02 1.046428667643090199e-01 2.802683627221459750e-02 0.000000000000000000e+00 1.196147933739473590e+00 2.869979589223780117e-02 8.360587844736680984e+08 3.634442702434288859e+08
1.100000000000000000e+02 1.160000000000020000e+14 0.000000000000000000e+00 1.271854698122394822e+00 1.493344457422969007e-01 2.156928307290770230e-01 6.680421599342910299e-02 0.000000000000000000e+00 1.422918309729324760e+00 1.818239017079237851e-01 2.439298380266328812e+09 1.064768177053727031e+09
1.110000000000000000e+02 1.160000000000010000e+14 0.000000000000000000e+00 1.181971596182909368e+00 9.946543889225126223e-02 1.730639272798754902e-01 4.394804600516252768e-02 0.000000000000000000e+00 1.102316748912854028e+00 1.138058112464245542e-01 1.843479522771071672e+09 6.456017615532587767e+08
1.120000000000000000e+02 1.160000000000010000e+14 0.000000000000000000e+00 1.355592671369261648e+00 1.290151108600071928e-01 1.905646128589465194e-01 6.878987678041556530e-02 0.000000000000000000e+00 1.324582093139517358e+00 1.554435096403550265e-01 1.958899833467748165e+09 9.279475672399674654e+08
1.130000000000000000e+02 1.160000000000010000e+14 0.000000000000000000e+00 1.273101224640303952e+00 1.547598532094515977e-01 1.357799801856353072e-01 3.751567097351925228e-02 0.000000000000000000e+00 1.408134892376052605e+00 1.608455666638230475e-01 1.405132703567589521e+09 5.824741808568038940e+08
1.140000000000000000e+02 1.160000000000010000e+14 0.000000000000000000e+00 1.370988427687476863e+00 6.550223738787433470e-02 1.031445030521586786e-01 1.308993291294800222e-02 0.000000000000000000e+00 1.275120267713753863e+00 1.003922405839568349e-01 9.319410773197159767e+08 1.882513145415571630e+08
1.150000000000000000e+02 1.160000000000020000e+14 0.000000000000000000e+00 9.850168830272116871e-01 8.125210539329634496e-02 9.068036956120376080e-02 2.345523360878152067e-02 0.000000000000000000e+00 1.195741881779624372e+00 6.279290259335969238e-02 5.434724300676214695e+08 1.032729902760903090e+08
1.160000000000000000e+02 1.160000000000010000e+14 0.000000000000000000e+00 1.156130375318574988e+00 1.025517115443844857e-01 1.441290024392835878e-01 2.427097303124003611e-02 0.000000000000000000e+00 1.242279373955698762e+00 7.891214504671259511e-02 1.060377155949035287e+09 2.188583692377907634e+08
1.170000000000000000e+02 1.160000000000010000e+14 0.000000000000000000e+00 1.028481667900134289e+00 2.195833250937415382e-01 4.216376366293589362e-01 2.844357461035850188e-01 0.000000000000000000e+00 1.441952017972436106e+00 1.144671816447919432e-01 7.196124906735366583e+08 6.323895008102498204e+07
1.180000000000000000e+02 1.160000000000010000e+14 0.000000000000000000e+00 1.199930350392157008e+00 1.158053537443118897e-01 2.637316480043756517e-01 1.754152622017524366e-01 0.000000000000000000e+00 1.428377509815516699e+00 4.837716494945007439e-02 7.679979187028400898e+08 9.661891855364844203e+07
1.190000000000000000e+02 1.160000000000010000e+14 1.000000000000000000e+00 1.002741847000126807e+00 1.965346338184798328e-02 9.307548656764522144e-02 2.223306153516325934e-02 0.000000000000000000e+00 8.831413793557425507e-01 2.951219079216921629e-02 9.089509194531662464e+08 3.320699039571494460e+08
1.200000000000000000e+02 1.160000000000010000e+14 0.000000000000000000e+00 1.199161012935519910e+00 1.129322615412663502e-02 8.516334158660264497e-02 7.401804991216424587e-03 0.000000000000000000e+00 1.213714139847956064e+00 9.098367419752017432e-03 7.107835916846930981e+08 1.005011000152272433e+08
1.210000000000000000e+02 1.160000000000010000e+14 0.000000000000000000e+00 1.078938980369165135e+00 1.857858681672394652e-02 1.239564554202351593e-01 3.305369715784675644e-02 0.000000000000000000e+00 1.086226013187034489e+00 3.067074166985966910e-02 4.565797935224900246e+08 4.744675608576206118e+07
1.220000000000000000e+02 1.160000000000010000e+14 0.000000000000000000e+00 1.031636169497435862e+00 9.038987945127172074e-02 1.904180058801108466e-01 8.210185054325713772e-02 0.000000000000000000e+00 1.103106859080392299e+00 1.166988617124117555e-01 2.226321167135687351e+09 1.269644611599268913e+09
1.230000000000000000e+02 1.160000000000010000e+14 0.000000000000000000e+00 1.144154063609279293e+00 1.007661321347016192e-01 1.741450346764111812e-01 7.231887681507837007e-02 0.000000000000000000e+00 1.165172497315829725e+00 1.096521800535592561e-01 1.909589039252919674e+09 1.057513917673289061e+09
1.240000000000000000e+02 1.160000000000010000e+14 0.000000000000000000e+00 9.217451981348665502e-01 7.525812648861823773e-02 1.193758995247050647e-01 2.566547991834218501e-02 0.000000000000000000e+00 1.028817717737811499e+00 3.712526404378835299e-02 7.605580206632871628e+08 1.259270886289851069e+08
1.250000000000000000e+02 1.160000000000010000e+14 0.000000000000000000e+00 1.216074977456905293e+00 3.757487116741770050e-02 1.046864227238346601e-01 3.472075973521981940e-02 0.000000000000000000e+00 1.380423721682674465e+00 4.413669104790207687e-02 1.111195208958971500e+09 4.716183405949167013e+08
1.260000000000000000e+02 1.160000000000010000e+14 0.000000000000000000e+00 1.390743330516293286e+00 9.047588231315496776e-02 1.837811587634826660e-01 5.334425484756916136e-02 0.000000000000000000e+00 1.324062413154100781e+00 1.173117884611439982e-01 1.494972082467700481e+09 7.795012289248310328e+08
1.270000000000000000e+02 1.160000000000010000e+14 0.000000000000000000e+00 1.180383636994088103e+00 5.864414342334013652e-02 1.592945357470768875e-01 6.508466176067233266e-02 0.000000000000000000e+00 1.338905383531251436e+00 3.470153397299012565e-02 7.992835095614567995e+08 5.548835562442823499e+07
1.280000000000000000e+02 1.160000000000010000e+14 1.000000000000000000e+00 1.054757883531798557e+00 3.951123836308188808e-02 8.240105176533049636e-02 4.838332890894611431e-03 0.000000000000000000e+00 1.101236407184196242e+00 4.853184665135077541e-02 6.691315011619306803e+08 7.018408107104565203e+07
1.290000000000000000e+02 1.160000000000010000e+14 1.000000000000000000e+00 1.105332466031407002e+00 2.794657267382351720e-02 3.990291072629394836e-02 2.611554539713091365e-03 0.000000000000000000e+00 1.098418907063450023e+00 1.775250668048822603e-02 3.134865434363248348e+08 3.560794247530758381e+07
1.300000000000000000e+02 1.160000000000010000e+14 0.000000000000000000e+00 1.215190864243366864e+00 1.450698387844071569e-01 1.543513893445208618e-01 5.354499190377053075e-02 0.000000000000000000e+00 1.302756596924953936e+00 1.315062721331441142e-01 1.540252145228253126e+09 7.533587922656068802e+08
1.310000000000000000e+02 1.160000000000010000e+14 0.000000000000000000e+00 7.792184533264666646e-01 2.399185158980961519e-01 4.658904020930394463e-01 2.673396224957312328e-01 0.000000000000000000e+00 1.202164349918363184e+00 5.065585686915626690e-02 6.515560735849126577e+08 1.028853181558014005e+08
1.320000000000000000e+02 1.160000000000030000e+14 0.000000000000000000e+00 8.941562320725987556e-01 1.336158180077368918e-01 1.916207384496090571e-01 1.702922868158614489e-01 0.000000000000000000e+00 1.263109973989701595e+00 2.497839894123214666e-02 2.838810638316494823e+08 1.307310125917117447e+08
1.330000000000000000e+02 1.160000000000010000e+14 1.000000000000000000e+00 1.067888268021489395e+00 3.168122222004478294e-02 5.880143781042313639e-02 1.571968315522402973e-02 0.000000000000000000e+00 1.256824666806388713e+00 2.644257207690255129e-02 3.262538749242798686e+08 7.116286069892272353e+07
1.340000000000000000e+02 1.160000000000010000e+14 0.000000000000000000e+00 1.147044931992089234e+00 1.137532846019457394e-01 1.570663463297314322e-01 3.799896439423876282e-02 0.000000000000000000e+00 1.220393302332375418e+00 1.327159334332689566e-01 1.640688775797798872e+09 4.960178872058258653e+08
1.350000000000000000e+02 1.160000000000010000e+14 0.000000000000000000e+00 1.201509392364369377e+00 2.094655702575526010e-02 1.042784054795426463e-01 1.674498278740956664e-02 0.000000000000000000e+00 1.326154994958700151e+00 2.239363888600917271e-02 1.008819694384147882e+09 2.217670076828309000e+08
1.360000000000000000e+02 1.160000000000010000e+14 0.000000000000000000e+00 1.166505542219338665e+00 1.145555832409593799e-01 2.760427679327838169e-01 6.364107521951900548e-02 0.000000000000000000e+00 1.218985795377200532e+00 4.292973832073446183e-02 1.566549464299137354e+09 3.446937302969889045e+08
1.370000000000000000e+02 1.160000000000010000e+14 0.000000000000000000e+00 1.111765544408677808e+00 4.753948090232693741e-02 8.407908410475058159e-02 1.033485073510637120e-02 0.000000000000000000e+00 1.190419669193859553e+00 5.394790696707331412e-02 5.538984601015187502e+08 5.423185065538454056e+07
1.380000000000000000e+02 1.160000000000010000e+14 0.000000000000000000e+00 1.142945610734100947e+00 4.363130879668133261e-02 1.772750626350138858e-01 3.146380770593546622e-02 0.000000000000000000e+00 1.162195544842130390e+00 4.891820092026936267e-02 1.535359275140274763e+09 3.274551262708087564e+08
1.390000000000000000e+02 1.160000000000010000e+14 1.000000000000000000e+00 1.148695757413534135e+00 2.997010468453756293e-02 9.824426581077276566e-02 1.494345470427260215e-02 0.000000000000000000e+00 1.169331081670191175e+00 2.688486675031912312e-02 8.102738621742560863e+08 1.405534131867778897e+08
1.400000000000000000e+02 1.160000000000010000e+14 0.000000000000000000e+00 1.044413850165862412e+00 3.847050104021897815e-02 1.143702273672340258e-01 2.063800495706616736e-02 0.000000000000000000e+00 1.170037687386011438e+00 2.783357306359642708e-02 5.679172177478570938e+08 1.079052887789140344e+08
1.410000000000000000e+02 1.160000000000010000e+14 1.000000000000000000e+00 1.132984016302198693e+00 2.890062608652287091e-02 7.752496557434056246e-02 6.067742733514752511e-03 0.000000000000000000e+00 1.180020479267569256e+00 4.092374484875981738e-02 7.026963646561956406e+08 7.374104850699594617e+07
1.420000000000000000e+02 1.160000000000010000e+14 0.000000000000000000e+00 1.220353887087762379e+00 2.124275830274055255e-01 2.143722280930198398e-01 5.550333785716905777e-02 0.000000000000000000e+00 1.179313912533527242e+00 2.127351178782392049e-01 2.310323468994681358e+09 8.085724003616466522e+08
1.430000000000000000e+02 1.160000000000010000e+14 0.000000000000000000e+00 1.945421003836689922e+00 6.583368372727688156e-02 1.339646409451140108e-01 1.808004444394054402e-02 0.000000000000000000e+00 1.794208586240240599e+00 1.077627928074942759e-01 1.441393543601391554e+09 2.292455651073862314e+08
1.440000000000000000e+02 1.160000000000020000e+14 0.000000000000000000e+00 8.940883142945771356e-01 8.385306279822310471e-02 2.738126593416214116e-01 1.586597389652896484e-01 0.000000000000000000e+00 1.010650333030663983e+00 1.761344465098834203e-02 7.067582947860925198e+08 1.598841229129751623e+08
1.450000000000000000e+02 1.160000000000010000e+14 1.000000000000000000e+00 1.033621569275452678e+00 2.292793713143138901e-02 7.860593006612817679e-02 1.319487284750577027e-02 0.000000000000000000e+00 1.157068971148877301e+00 2.836609696885208920e-02 6.895138717263122797e+08 1.787836164672158659e+08
1.460000000000000000e+02 1.160000000000010000e+14 0.000000000000000000e+00 1.428402087763864792e+00 9.711601425865637460e-02 1.236260137018179855e-01 2.804348341807772274e-02 0.000000000000000000e+00 1.478747124009173186e+00 9.969669386429029501e-02 1.220512753859218597e+09 3.850975195537821651e+08
1.470000000000000000e+02 1.160000000000010000e+14 0.000000000000000000e+00 1.084599856102684834e+00 7.793187995562675385e-02 9.328637997310655627e-02 4.441108105320777655e-02 0.000000000000000000e+00 1.036106044991745412e+00 1.797830342388006750e-02 3.388822642862733603e+08 2.052281475622694194e+07
1.480000000000000000e+02 1.160000000000010000e+14 0.000000000000000000e+00 1.296509373761908446e+00 1.412197693788844743e-01 1.743174983687175716e-01 9.412366977538699775e-02 0.000000000000000000e+00 1.203864254547469592e+00 1.877749490147553602e-01 2.103814757061898947e+09 1.269762550617855549e+09
1.490000000000000000e+02 1.160000000000010000e+14 0.000000000000000000e+00 1.202505305348879228e+00 3.872967584845068284e-02 7.293666258769915256e-02 4.270954884130814984e-03 0.000000000000000000e+00 1.216924367770712889e+00 1.915564890894726202e-02 5.472639081929904222e+08 5.435759086422239989e+07
1.500000000000000000e+02 1.160000000000010000e+14 0.000000000000000000e+00 1.067635982323084543e+00 7.497758895216230512e-02 8.303698460381234159e-02 6.819658943196589551e-03 0.000000000000000000e+00 1.208640838241318294e+00 2.688787845702316978e-02 6.130432078079379797e+08 8.471783861453551054e+07
1.510000000000000000e+02 1.160000000000010000e+14 0.000000000000000000e+00 1.299058333720820135e+00 6.092253167682087911e-02 1.295019424972086441e-01 1.572223329552730614e-02 0.000000000000000000e+00 1.603472912628800762e+00 5.735546467004652704e-02 1.024954024213270783e+09 1.892420683375528753e+08
1.520000000000000000e+02 1.160000000000010000e+14 1.000000000000000000e+00 1.120924880180285355e+00 2.339247457645449516e-02 7.304851124345018709e-02 6.352539685608770206e-03 0.000000000000000000e+00 1.282644828845550755e+00 2.943510543723786704e-02 7.195472849334182739e+08 8.365916710481582582e+07
1.530000000000000000e+02 1.160000000000010000e+14 1.000000000000000000e+00 1.091268145152644475e+00 3.701034025360543100e-02 5.556940741783917420e-02 3.534330230831274258e-03 0.000000000000000000e+00 1.170988931485513307e+00 4.883711835355077774e-02 4.754503550626202822e+08 4.704311161342763156e+07
1.540000000000000000e+02 1.160000000000010000e+14 0.000000000000000000e+00 1.432160384637352069e+00 9.828689660742202794e-02 1.854701174028205446e-01 3.569642753428413362e-02 0.000000000000000000e+00 1.685440954347892539e+00 9.575027648057174434e-02 1.590413928982664347e+09 4.931513806917814612e+08
1.550000000000000000e+02 1.160000000000010000e+14 0.000000000000000000e+00 1.050692467142444908e+00 5.666732389728468267e-02 2.055076319230005888e-01 6.764333534263529402e-02 0.000000000000000000e+00 1.032705738506896287e+00 5.469308969077932292e-02 1.921669142870956421e+09 1.095439518784740925e+09
1.560000000000000000e+02 1.160000000000010000e+14 1.000000000000000000e+00 1.093776624029249689e+00 1.483177282790015122e-02 6.424988611876117361e-02 4.575800035431866301e-03 0.000000000000000000e+00 1.102662125761751710e+00 1.795998264335540648e-02 5.820840231049963236e+08 6.300281103166213632e+07
1.570000000000000000e+02 1.160000000000010000e+14 0.000000000000000000e+00 9.480700887101116692e-01 7.636653623040673411e-02 2.161561462109830856e-01 1.103991107992892545e-01 0.000000000000000000e+00 1.108338380377409615e+00 1.795526497618954095e-02 6.582862771115621328e+08 1.426332858491305709e+08
1.580000000000000000e+02 1.160000000000010000e+14 0.000000000000000000e+00 1.687451640042470835e+00 3.530451748766380571e-02 6.389844332076966005e-02 5.434232985162444456e-03 0.000000000000000000e+00 1.950698519502535033e+00 5.221894537314425433e-02 6.253564447469724417e+08 8.361739451962125301e+07
1.590000000000000000e+02 1.160000000000010000e+14 0.000000000000000000e+00 1.104240624914500035e+00 4.784464205990076463e-02 1.103364039562471782e-01 2.345800299030119385e-02 0.000000000000000000e+00 1.250354339310735030e+00 3.636438568581024794e-02 6.418486111185203791e+08 1.223275928316811174e+08
1.600000000000000000e+02 1.160000000000010000e+14 0.000000000000000000e+00 1.188926022280975880e+00 6.241489232481768623e-02 9.282352017320923132e-02 1.948899893012851284e-02 0.000000000000000000e+00 1.364623941478100955e+00 7.369160507423314077e-02 9.014383936143287420e+08 2.561048047522647977e+08
1.610000000000000000e+02 1.160000000000010000e+14 0.000000000000000000e+00 1.305360911451060035e+00 3.826806628288627332e-02 1.015773939525440595e-01 1.568885513692791847e-02 0.000000000000000000e+00 1.508223886204814512e+00 4.716343527154964049e-02 1.027545452182565928e+09 2.151975752746305168e+08
1.620000000000000000e+02 1.160000000000010000e+14 0.000000000000000000e+00 1.086699887584268387e+00 2.496231646099152796e-02 1.206052644656173123e-01 1.137739882189419544e-02 0.000000000000000000e+00 1.300732478851698737e+00 4.408452583805978764e-02 1.045072454737082720e+09 1.640386185859484673e+08
1.630000000000000000e+02 1.160000000000010000e+14 0.000000000000000000e+00 1.417200836317694224e+00 5.273153161982409992e-02 1.601404742018588123e-01 2.017702358170594609e-02 0.000000000000000000e+00 1.516354582240798887e+00 7.440011566366602769e-02 1.495859659114470959e+09 2.631594312264346182e+08
1.640000000000000000e+02 1.160000000000010000e+14 0.000000000000000000e+00 1.236172662508945086e+00 3.578823747811266109e-02 1.251684777833552142e-01 2.819635946784006600e-02 0.000000000000000000e+00 1.510941860936168890e+00 3.785002583281121824e-02 7.227174050477606058e+08 1.810593706018029749e+08
1.650000000000000000e+02 1.160000000000010000e+14 0.000000000000000000e+00 1.176854646935360238e+00 7.260063944568256877e-02 1.286111236707585537e-01 1.800499981343979539e-02 0.000000000000000000e+00 1.297791806322577957e+00 6.178743575661683335e-02 9.715934158292294741e+08 2.393599980158822536e+08
1.660000000000000000e+02 1.160000000000010000e+14 0.000000000000000000e+00 1.312049397227007308e+00 6.351344338139885970e-02 1.303163797767892262e-01 3.257993705716565741e-02 0.000000000000000000e+00 1.225071724634871906e+00 6.840832452463074809e-02 1.233004658778996229e+09 4.154275573580011129e+08
1.670000000000000000e+02 1.160000000000010000e+14 0.000000000000000000e+00 1.671509936926091067e+00 7.420068228141646349e-02 1.505159252955251270e-01 5.827997617679078757e-02 0.000000000000000000e+00 1.728996563458403024e+00 8.140272503207302002e-02 1.626546966249502659e+09 7.734292905090353489e+08
1.680000000000000000e+02 1.160000000000020000e+14 0.000000000000000000e+00 1.080314211595723162e+00 1.391611459954734675e-01 1.837205383843323048e-01 9.600145588770546412e-02 0.000000000000000000e+00 1.142716756829921465e+00 1.526884201825579046e-01 1.974207017605974674e+09 1.544893329022414446e+09
1.690000000000000000e+02 1.160000000000010000e+14 0.000000000000000000e+00 1.212195250537991820e+00 6.770526568602887318e-02 7.562204287386220525e-02 2.432590885910620310e-02 0.000000000000000000e+00 1.309383483128878645e+00 9.116976779286957433e-02 7.302074260753378868e+08 3.354968513679649830e+08
1.700000000000000000e+02 1.160000000000010000e+14 0.000000000000000000e+00 1.018500042082997270e+00 4.217848681505152741e-02 1.046991462256781219e-01 3.238098958020358548e-02 0.000000000000000000e+00 9.951250397327432440e-01 2.884147832513540496e-02 6.621346037322669029e+08 1.419421799213150740e+08
1.710000000000000000e+02 1.160000000000010000e+14 0.000000000000000000e+00 1.075445500602727478e+00 2.756293126995954523e-01 3.953287388046118345e-01 1.854574496795937943e-01 0.000000000000000000e+00 1.509984914073508433e+00 2.687739117876055128e-01 1.864489679786636114e+09 9.269688524040176868e+08
1.720000000000000000e+02 1.160000000000010000e+14 0.000000000000000000e+00 1.163919070828243418e+00 1.720808993669974835e-02 8.807757520356457315e-02 1.785167977388222443e-02 0.000000000000000000e+00 1.318770155677182920e+00 1.727014415159497732e-02 9.342458227272125483e+08 2.395676417655843496e+08
1.730000000000000000e+02 1.160000000000010000e+14 0.000000000000000000e+00 1.306274366544064591e+00 2.481878787615353701e-02 1.442361843693699686e-01 2.545299370093236785e-02 0.000000000000000000e+00 1.442591030879454950e+00 3.451713465692696214e-02 1.108433487548223734e+09 3.365843282284846902e+08
1.740000000000000000e+02 1.160000000000030000e+14 0.000000000000000000e+00 1.030450464731899940e+00 6.059210974535408911e-02 2.261755410061154214e-01 1.006353016680140017e-01 0.000000000000000000e+00 1.137549637794230906e+00 2.738672307941204115e-02 4.382304620159857869e+08 8.122190057804276049e+07
1.750000000000000000e+02 1.160000000000010000e+14 0.000000000000000000e+00 1.092278409101411052e+00 1.036154503405393307e-01 1.654813962517414361e-01 3.547890460549731062e-02 0.000000000000000000e+00 1.263112523498087336e+00 9.193028686470461341e-02 1.225434978522770643e+09 2.853842204716864824e+08
1.760000000000000000e+02 1.160000000000010000e+14 0.000000000000000000e+00 1.131351233909969167e+00 8.692153439137904891e-02 2.290228538841280193e-01 6.528727405052726918e-02 0.000000000000000000e+00 8.357625184341690439e-01 1.359375112396792595e-01 2.751299801456111431e+09 9.138067487295447588e+08
1.770000000000000000e+02 1.160000000000020000e+14 0.000000000000000000e+00 1.176504523621676457e+00 9.767734595472221670e-02 9.262343191992566949e-02 2.432418278570825168e-02 0.000000000000000000e+00 1.064878450784939146e+00 6.113067975736235365e-02 6.164215049339733124e+08 3.658542385025162101e+08
1.780000000000000000e+02 1.160000000000010000e+14 0.000000000000000000e+00 1.156331093847105640e+00 5.133593947941871710e-02 7.630201455884504103e-02 1.251180044112785647e-02 0.000000000000000000e+00 1.217020348877819513e+00 2.581529726095288871e-02 3.582230968379353285e+08 3.337181715708781406e+07
1.790000000000000000e+02 1.160000000000010000e+14 0.000000000000000000e+00 1.258214638977543265e+00 1.861072207970344838e-01 4.110936353775710983e-01 2.742795811277392581e-01 0.000000000000000000e+00 1.459576561506734427e+00 7.268044527630464213e-02 1.040463727164667368e+09 2.153070911876168251e+08
1.800000000000000000e+02 1.160000000000010000e+14 1.000000000000000000e+00 1.101580764712967619e+00 1.831622629189318813e-02 4.259654865085608227e-02 2.921329825227620032e-03 0.000000000000000000e+00 1.087652476349488584e+00 2.443697515694778430e-02 3.529731669338911176e+08 3.745958021934194118e+07
1.810000000000000000e+02 1.160000000000010000e+14 0.000000000000000000e+00 1.172156252650711217e+00 3.883644842152151472e-02 1.279347431407634739e-01 5.087366507611906091e-02 0.000000000000000000e+00 1.133888217235505591e+00 5.459269040544824370e-02 6.433885240683159828e+08 2.192517726594534218e+08
1.820000000000000000e+02 1.160000000000010000e+14 0.000000000000000000e+00 9.729899041554234129e-01 6.717309846474654733e-02 3.548481359814552039e-01 1.837219380326643448e-01 0.000000000000000000e+00 6.898353299991517584e-01 1.645519606993217088e-01 2.756722393679903507e+09 2.260135187463543892e+09
1.830000000000000000e+02 1.160000000000010000e+14 0.000000000000000000e+00 8.998331259548314476e-01 5.981368806068739635e-02 2.737773004057927895e-01 1.598206888154185268e-01 0.000000000000000000e+00 1.193544635110451280e+00 7.011351662226944503e-02 5.171897304412423372e+08 5.711170548589538783e+07
1.840000000000000000e+02 1.160000000000010000e+14 0.000000000000000000e+00 2.279449491538391381e+00 6.986764933441512448e-02 2.501857891542009771e-01 7.067366747261775994e-02 0.000000000000000000e+00 2.061423329973902874e+00 7.084632741272549328e-02 2.850771174927474499e+09 9.173208318890455961e+08
1.850000000000000000e+02 1.160000000000010000e+14 0.000000000000000000e+00 1.124273023073357747e+00 1.126950378296325966e-01 1.554534268765948024e-01 8.564285940318344670e-02 0.000000000000000000e+00 1.165006839088816193e+00 1.835076683649019269e-01 1.583399630165551424e+09 1.113134678939174652e+09
1.860000000000000000e+02 1.160000000000010000e+14 0.000000000000000000e+00 1.084446706742939082e+00 2.535266033704845420e-02 1.043772980245767090e-01 1.188001579461155088e-02 0.000000000000000000e+00 1.367048306740730634e+00 2.669832623421304965e-02 8.465129976154447794e+08 1.194994812783376276e+08
1.870000000000000000e+02 1.160000000000010000e+14 0.000000000000000000e+00 1.087556333106316275e+00 5.597412375497179404e-02 1.239025612666114912e-01 4.313242020178283814e-02 0.000000000000000000e+00 1.109250356890919109e+00 4.013178360237758258e-02 1.326635191497985840e+09 5.993230418157807589e+08
1.880000000000000000e+02 1.160000000000010000e+14 0.000000000000000000e+00 1.263396028515560321e+00 1.028126327785055388e-01 1.235313617676209591e-01 9.014561493339082188e-02 0.000000000000000000e+00 1.329287236721080845e+00 1.265150097713532706e-01 1.598837116804058790e+09 1.263386351760894537e+09
1.890000000000000000e+02 1.160000000000010000e+14 0.000000000000000000e+00 1.142093586833472063e+00 2.818420809711311321e-03 1.342423427716374629e-01 2.515626594116646825e-02 0.000000000000000000e+00 1.100536835586691131e+00 2.589612148643626044e-02 1.109314907190000772e+09 2.148001545423887670e+08
1.900000000000000000e+02 1.160000000000010000e+14 1.000000000000000000e+00 1.040783752337588242e+00 5.849418017146789522e-03 6.385505006236208425e-02 5.943049026192075146e-03 0.000000000000000000e+00 1.096317413752393000e+00 5.442996406107783111e-03 3.771747709043951035e+08 4.764535549226317555e+07
1.910000000000000000e+02 1.160000000000010000e+14 0.000000000000000000e+00 1.077164170937027432e+00 4.751538235161267831e-02 1.540028952312534338e-01 2.997234599684602679e-02 0.000000000000000000e+00 1.023012360124856190e+00 4.240539026208135776e-02 1.279164203311683416e+09 4.875955869337695837e+08
1.920000000000000000e+02 1.160000000000040000e+14 0.000000000000000000e+00 1.260307301561458537e+00 3.978395556847764275e-02 4.876976479080684379e-02 4.314313192294499943e-03 0.000000000000000000e+00 1.221441974338360659e+00 2.347238587834295925e-02 4.036047928712733984e+08 5.427387484252606332e+07
1.930000000000000000e+02 1.160000000000020000e+14 0.000000000000000000e+00 1.153864797385501184e+00 3.191581974403980004e-02 4.504707833800545430e-02 6.659460082178103590e-03 0.000000000000000000e+00 1.132423739769644833e+00 3.454025037017616206e-02 5.432743289325469732e+08 8.775664068905009329e+07
1.940000000000000000e+02 1.160000000000010000e+14 0.000000000000000000e+00 1.131651555647184670e+00 4.196817423724728130e-02 1.182181396518943994e-01 1.771631887490894217e-02 0.000000000000000000e+00 1.251873282527466769e+00 3.450752809035059071e-02 1.005190294271314383e+09 2.198745063090089262e+08
1.950000000000000000e+02 1.160000000000010000e+14 1.000000000000000000e+00 9.743079258516310626e-01 2.955275036021026008e-02 7.919069346439296109e-02 2.650004960403383111e-02 0.000000000000000000e+00 1.107796665758323584e+00 4.158347581607498011e-02 7.975566465462170839e+08 3.446969706668168902e+08
1.960000000000000000e+02 1.160000000000010000e+14 0.000000000000000000e+00 1.074120624709355987e+00 1.353197774619596949e-01 1.477670277445281843e-01 3.798935294519390632e-02 0.000000000000000000e+00 1.092434487341254590e+00 1.005157313781588208e-01 1.783287153972287655e+09 5.477396964572849274e+08
1.970000000000000000e+02 1.160000000000010000e+14 0.000000000000000000e+00 1.212195344469014779e+00 4.154105842240905788e-02 1.171513865943824284e-01 4.700321587144287022e-02 0.000000000000000000e+00 1.277478772153388009e+00 6.584068459584460631e-02 1.068162555074007273e+09 6.296290609978978634e+08
1.980000000000000000e+02 1.160000000000010000e+14 0.000000000000000000e+00 1.170685521745828295e+00 8.399763013966972391e-02 1.961136974402028221e-01 9.132507606697237712e-02 0.000000000000000000e+00 1.094326368770204727e+00 1.036330270363206574e-01 2.183767793735779762e+09 1.367303053028298855e+09
1.990000000000000000e+02 1.160000000000010000e+14 0.000000000000000000e+00 2.587544475287804513e+00 8.224879402228682523e-02 1.317631311525442606e-01 4.179263081959935788e-02 0.000000000000000000e+00 2.308812118184226492e+00 8.763816583046099562e-02 1.350287836400726080e+09 5.411910237094600201e+08
2.000000000000000000e+02 1.160000000000010000e+14 0.000000000000000000e+00 1.102862572659919271e+00 5.037796109637689146e-02 2.103024613015200550e-01 5.475788163857846919e-02 0.000000000000000000e+00 9.220625544286972231e-01 3.939431926199488815e-02 1.618605288756511211e+09 9.083115177118760347e+08
2.010000000000000000e+02 1.160000000000010000e+14 1.000000000000000000e+00 1.062352163326312215e+00 3.126955954956120443e-02 6.901835015996758693e-02 7.735473685681154739e-03 0.000000000000000000e+00 1.200985357581702662e+00 2.746845964854475672e-02 4.478156046491941810e+08 7.978976053945630789e+07
2.020000000000000000e+02 1.160000000000010000e+14 1.000000000000000000e+00 9.520076442110838588e-01 2.410625602987319718e-02 9.987076227225942515e-02 1.438403256473238384e-02 0.000000000000000000e+00 1.219455064671423061e+00 3.120664854571676347e-02 8.118081059840379953e+08 2.246872281527607441e+08
2.030000000000000000e+02 1.160000000000010000e+14 0.000000000000000000e+00 9.986705137807181387e-01 1.956522932096864675e-01 2.032226940772138835e-01 9.094054301752778346e-02 0.000000000000000000e+00 9.766573379086848083e-01 1.544945868061110283e-01 2.468252029441021442e+09 1.540169684145267963e+09
2.040000000000000000e+02 1.160000000000010000e+14 0.000000000000000000e+00 1.055909075653877149e+00 6.459447299207815574e-02 1.283960875898617349e-01 1.976007411402955563e-02 0.000000000000000000e+00 1.158129063109773593e+00 6.849468876969043440e-02 1.247042399450826168e+09 3.078461315771098733e+08
2.050000000000000000e+02 1.160000000000010000e+14 0.000000000000000000e+00 1.720171111337781999e+00 1.815392249368442679e-01 2.386556874509687953e-01 7.980222225511528211e-02 0.000000000000000000e+00 1.599919808334333560e+00 2.057878013244321957e-01 2.318550928096721649e+09 1.127395503597134590e+09
2.060000000000000000e+02 1.160000000000010000e+14 0.000000000000000000e+00 1.210772593964278609e+00 3.002461044358636227e-02 8.805328519967929590e-02 1.473430290254035269e-02 0.000000000000000000e+00 1.229404740206221147e+00 3.783404518280360923e-02 7.889553133528714180e+08 1.940528994631608129e+08
2.070000000000000000e+02 1.160000000000010000e+14 0.000000000000000000e+00 1.152091937867221416e+00 6.673509590899223687e-02 7.425231316780656066e-02 6.413774484411627688e-03 0.000000000000000000e+00 1.042873043019012957e+00 7.028328399769834256e-02 6.863111970929222107e+08 5.790570582893667370e+07
2.080000000000000000e+02 1.160000000000010000e+14 0.000000000000000000e+00 9.163351854393871898e-01 7.460368557718084770e-02 1.664894973634579167e-01 5.232708517762980904e-02 0.000000000000000000e+00 1.073523910737909759e+00 4.321748414581864234e-02 1.068200545566722393e+09 4.643850838111344576e+08
2.090000000000000000e+02 1.160000000000010000e+14 0.000000000000000000e+00 1.005848237294322045e+00 6.628615106394418477e-02 1.744082525873199285e-01 1.101185446564773712e-01 0.000000000000000000e+00 1.144387709093077410e+00 3.158643778184595362e-03 4.997995678330241442e+08 1.786504928559160531e+08
2.100000000000000000e+02 1.160000000000010000e+14 0.000000000000000000e+00 1.033302294865714233e+00 1.761387013766514409e-01 2.153680896703878966e-01 9.105648535564853097e-02 0.000000000000000000e+00 8.238627651230551185e-01 1.844820601469527310e-01 3.013487409411363602e+09 1.451912534491399288e+09
2.110000000000000000e+02 1.160000000000010000e+14 0.000000000000000000e+00 1.159803080509704820e+00 4.848633334778781889e-02 9.053056773855241990e-02 1.950784297452070812e-02 0.000000000000000000e+00 1.205783342125783753e+00 4.145286301541402374e-02 7.269497237776831388e+08 1.023647309936558753e+08
2.120000000000000000e+02 1.160000000000010000e+14 0.000000000000000000e+00 1.153812531293528787e+00 1.056410479938402619e-01 1.719102976095417679e-01 8.364162746448990104e-02 0.000000000000000000e+00 9.977379592498161198e-01 1.134048027057997787e-01 2.007486579138739586e+09 1.194795578738312244e+09
2.130000000000000000e+02 1.160000000000010000e+14 0.000000000000000000e+00 1.157772230666845648e+00 8.678088833057256979e-02 1.708630647193259688e-01 4.320632573338745175e-02 0.000000000000000000e+00 1.296705997445457781e+00 7.314899812845727933e-02 1.108071551358129978e+09 4.213623981793822646e+08
2.140000000000000000e+02 1.160000000000010000e+14 1.000000000000000000e+00 1.110000332315272287e+00 2.457348576485185454e-02 7.006930698900309951e-02 2.103839409272894451e-02 0.000000000000000000e+00 1.055233332971650562e+00 1.094418143265588582e-02 2.868709203013906479e+08 1.928025117640339583e+07
2.150000000000000000e+02 1.160000000000010000e+14 0.000000000000000000e+00 1.024994294763646341e+00 6.292455511103300925e-02 1.079264459350426919e-01 3.121699743568577545e-02 0.000000000000000000e+00 1.191795461203448925e+00 4.111983561953692912e-02 6.489323537387590408e+08 1.040846739840405285e+08
2.160000000000000000e+02 1.160000000000010000e+14 0.000000000000000000e+00 1.087698361704949379e+00 1.726202941361311693e-01 1.650590960523268258e-01 7.882584076733246958e-02 0.000000000000000000e+00 1.232194252359115616e+00 1.684425679834585243e-01 8.164870300827032328e+08 2.465893855148417354e+08
2.170000000000000000e+02 1.160000000000010000e+14 0.000000000000000000e+00 1.072719975920152446e+00 2.353380648578693168e-01 2.818930578959872313e-01 2.035641474720575606e-01 0.000000000000000000e+00 8.881041300743772737e-01 2.734305157684435716e-01 3.813512326953159332e+09 3.063689136727662086e+09
2.180000000000000000e+02 1.160000000000010000e+14 0.000000000000000000e+00 1.041639627542877866e+00 4.529212588662228506e-02 1.165222650094763779e-01 2.012175701851938794e-02 0.000000000000000000e+00 1.065060648119390940e+00 2.383127586955725158e-02 7.089123543234559298e+08 2.245590583739299178e+08
2.190000000000000000e+02 1.160000000000010000e+14 0.000000000000000000e+00 1.151461105793364137e+00 2.679524652606780910e-02 1.653032450896805283e-01 3.361063568515419708e-02 0.000000000000000000e+00 1.050458826204581531e+00 3.730150456426926941e-02 1.319257869260451317e+09 2.964650803065660000e+08
2.200000000000000000e+02 1.160000000000010000e+14 0.000000000000000000e+00 7.256818455183358108e-01 6.649372218519501720e-02 2.313882026142935200e-01 1.069575946405019184e-01 0.000000000000000000e+00 1.514697552928583990e+00 3.919080580396856056e-02 8.573808297984942198e+08 1.829825265921846032e+08
2.210000000000000000e+02 1.160000000000010000e+14 1.000000000000000000e+00 1.129866482565747843e+00 1.303173644559966343e-02 9.034747346027413584e-02 1.081622526825032522e-02 0.000000000000000000e+00 1.179179681687017922e+00 1.878957218720518282e-02 7.215516548769794703e+08 1.501699483944525123e+08
2.220000000000000000e+02 1.160000000000010000e+14 0.000000000000000000e+00 9.868086420496018363e-01 2.581705613064215823e-02 1.049954329734343189e-01 3.370888473607228791e-02 0.000000000000000000e+00 1.181605600676640888e+00 2.701776107138844502e-02 1.087529531590667248e+09 5.337774926878656745e+08
2.230000000000000000e+02 1.160000000000010000e+14 1.000000000000000000e+00 1.056272383509040624e+00 1.976119229047783657e-02 7.420665076387378267e-02 9.950737868873104838e-03 0.000000000000000000e+00 1.136826492904905894e+00 2.966463344489838477e-02 5.876034076915220022e+08 1.372636270003392100e+08
2.240000000000000000e+02 1.160000000000010000e+14 0.000000000000000000e+00 1.255322752907302108e+00 4.725189792625789087e-02 1.385364511276361288e-01 1.503244469561752610e-02 0.000000000000000000e+00 1.390026854139879031e+00 5.574282195274575524e-02 1.226536795346816063e+09 2.191946178946757913e+08
2.250000000000000000e+02 1.160000000000010000e+14 0.000000000000000000e+00 1.294876867384023411e+00 6.230424206808488768e-02 1.514882886512568527e-01 6.302489828092777691e-02 0.000000000000000000e+00 1.367731789564198275e+00 5.500633924044073114e-02 9.114744158401721716e+08 3.998275717932908535e+08
2.260000000000000000e+02 1.160000000000010000e+14 0.000000000000000000e+00 1.171323121787056554e+00 8.620767250779499263e-03 1.263131652147684303e-01 1.354538468720151156e-02 0.000000000000000000e+00 1.168618684932643426e+00 2.729994162875096220e-02 1.101771237945325851e+09 1.330632738244469315e+08
2.270000000000000000e+02 1.160000000000010000e+14 0.000000000000000000e+00 1.086575942281461815e+00 6.632850362446827963e-02 1.505767162512846313e-01 3.693412247907653517e-02 0.000000000000000000e+00 1.334894954855059934e+00 5.178660167939527076e-02 1.295149741298587084e+09 6.006134440413901806e+08
2.280000000000000000e+02 1.160000000000020000e+14 0.000000000000000000e+00 8.234398856574409731e-01 2.126540312682667633e-02 4.336707487282243784e-02 7.338814851921266098e-03 0.000000000000000000e+00 1.036645830065907603e+00 3.186589174889937343e-02 4.579148920064684153e+08 1.131749708722773343e+08
2.290000000000000000e+02 1.160000000000010000e+14 0.000000000000000000e+00 1.112507896737937152e+00 9.064667601088434445e-02 1.191921744441729741e-01 1.265963823126692832e-02 0.000000000000000000e+00 1.144718796470988398e+00 6.499405171022988592e-02 1.141636256053883314e+09 1.885874025223921239e+08
2.300000000000000000e+02 1.160000000000010000e+14 1.000000000000000000e+00 1.076339603200720418e+00 3.027785390424731632e-02 9.509537032151355040e-02 1.352629896650921551e-02 0.000000000000000000e+00 1.091822098083134129e+00 2.914450576367827103e-02 4.805676118010381460e+08 5.658899202872777730e+07
2.310000000000000000e+02 1.160000000000020000e+14 0.000000000000000000e+00 1.032127326080467977e+00 7.046847957136448404e-02 7.878756821445667691e-02 1.527144508400565120e-02 0.000000000000000000e+00 1.101385274481593735e+00 5.705108553328633314e-02 4.238949663716682792e+08 2.863480361509795487e+07
2.320000000000000000e+02 1.160000000000010000e+14 0.000000000000000000e+00 1.499771144462081152e+00 5.262324478403753586e-02 1.439086117143485444e-01 3.376989327673847463e-02 0.000000000000000000e+00 1.680763556468064968e+00 4.104789297135795489e-02 9.522202985384767056e+08 3.191074667074939609e+08
2.330000000000000000e+02 1.160000000000010000e+14 0.000000000000000000e+00 1.097927636534401286e+00 5.447812424621200494e-02 8.224447696633929716e-02 1.584715376959144190e-02 0.000000000000000000e+00 1.122887453801934443e+00 5.746787058207745297e-02 9.089798124573016167e+08 2.369997741435247958e+08
2.340000000000000000e+02 1.160000000000010000e+14 1.000000000000000000e+00 1.118291539111520905e+00 2.779613013464648022e-02 7.622049855513034211e-02 9.113778229028363445e-03 0.000000000000000000e+00 1.276128293495041754e+00 2.294668550151086200e-02 6.976225510943019390e+08 1.313689545988825262e+08
2.350000000000000000e+02 1.160000000000020000e+14 0.000000000000000000e+00 1.150566885100219094e+00 3.338868980190626973e-02 6.866182721722634275e-02 1.541391012689986677e-02 0.000000000000000000e+00 1.192653701062588834e+00 4.824813398790105817e-02 7.898756160816713572e+08 2.233285726563755274e+08
2.360000000000000000e+02 1.160000000000010000e+14 0.000000000000000000e+00 1.199106753623976340e+00 1.563958166929032279e-01 3.444374093336171061e-01 2.214323391417810372e-01 0.000000000000000000e+00 1.168406002239029462e+00 5.608792018914383198e-02 1.571471547709047556e+09 6.317150485817227364e+08
2.370000000000000000e+02 1.160000000000010000e+14 1.000000000000000000e+00 9.848352249698300032e-01 1.807172845680082851e-02 8.521057602462758784e-02 1.484443400902663718e-02 0.000000000000000000e+00 1.109579411112235237e+00 2.233229112761561663e-02 7.935682188022532463e+08 2.041970144366153777e+08
2.380000000000000000e+02 1.160000000000010000e+14 0.000000000000000000e+00 1.049647108429147657e+00 4.707035499503356424e-02 6.682328498048481502e-02 1.736202305272364216e-02 0.000000000000000000e+00 1.053592442913995342e+00 1.063883692526104707e-02 3.157969365256789923e+08 3.802561625194167346e+07
2.390000000000000000e+02 1.160000000000010000e+14 1.000000000000000000e+00 1.033906251090274342e+00 3.107253516677723967e-02 7.838416327528639760e-02 1.088953468763701436e-02 0.000000000000000000e+00 1.156666511903845063e+00 9.839498205580709048e-03 6.044807755310347080e+08 1.669000077907134891e+08
2.400000000000000000e+02 1.160000000000010000e+14 0.000000000000000000e+00 9.458190937748793825e-01 9.818102229662969971e-02 5.957893332143858467e-02 4.521627201590498052e-03 0.000000000000000000e+00 1.000348618953693425e+00 1.031885301339245942e-01 5.032322211170416474e+08 6.983936380902348459e+07
2.410000000000000000e+02 1.160000000000010000e+14 0.000000000000000000e+00 1.781868041676516912e+00 2.361633615057824598e-02 9.502636706764820695e-02 1.412138914372167500e-02 0.000000000000000000e+00 1.762863405396694505e+00 5.396848688214301443e-02 8.921639611959809065e+08 1.804670948342104554e+08
2.420000000000000000e+02 1.160000000000010000e+14 0.000000000000000000e+00 8.373259427298928026e-01 1.523769534634407952e-01 3.192445101114372852e-01 2.134750763226111736e-01 0.000000000000000000e+00 9.613735986052289739e-01 2.676074305309062568e-02 5.727360655887647867e+08 1.016951802069604844e+08
2.430000000000000000e+02 1.160000000000010000e+14 0.000000000000000000e+00 1.061353976216369954e+00 9.795050452568550281e-02 1.071668759789600744e-01 1.341052368344127638e-02 0.000000000000000000e+00 9.462245753751638011e-01 4.251744501253204578e-02 7.217668778799239397e+08 8.147524080053628981e+07
2.440000000000000000e+02 1.160000000000010000e+14 0.000000000000000000e+00 1.279014507597597605e+00 1.413935889647433553e-01 2.102436137970481456e-01 1.035642187429904465e-01 0.000000000000000000e+00 1.355589520753510246e+00 1.705201774238574441e-01 2.515172061074939251e+09 1.457060943899994850e+09
2.450000000000000000e+02 1.160000000000020000e+14 0.000000000000000000e+00 1.007294838396025849e+00 5.842644572175525325e-02 1.156946260986065206e-01 4.254367796774659316e-02 0.000000000000000000e+00 9.800131678721361039e-01 2.252933379673602299e-02 3.706335412704284191e+08 4.829572721873870492e+07
2.460000000000000000e+02 1.160000000000010000e+14 0.000000000000000000e+00 1.228818558050728260e+00 8.761420596239601066e-02 1.455865585544906804e-01 4.001185788652386610e-02 0.000000000000000000e+00 1.318676390942717713e+00 8.298007764959033916e-02 1.544361043233695507e+09 5.896279643659079075e+08
2.470000000000000000e+02 1.160000000000010000e+14 1.000000000000000000e+00 1.107643180031512076e+00 1.449731674442706134e-02 7.684479157806463345e-02 8.755907634250801458e-03 0.000000000000000000e+00 1.255932434124480856e+00 2.150095929570567527e-03 6.709242553058091402e+08 8.892723270454627275e+07
2.480000000000000000e+02 1.160000000000010000e+14 0.000000000000000000e+00 1.133211669089080331e+00 4.774387218918286352e-02 8.949153711264709599e-02 1.210555460810770062e-02 0.000000000000000000e+00 1.189178269728906612e+00 2.427891047527596172e-02 8.005257721601334810e+08 1.869113836678604782e+08
2.490000000000000000e+02 1.160000000000010000e+14 0.000000000000000000e+00 1.225568118520080629e+00 7.878503494056292300e-02 1.520311914709559509e-01 4.156498529251552443e-02 0.000000000000000000e+00 1.264448302204356445e+00 9.368900590574144593e-02 1.629437029198109865e+09 5.845031927017121315e+08
2.500000000000000000e+02 1.160000000000010000e+14 0.000000000000000000e+00 1.015509712565584977e+00 1.853241925085988631e-02 2.022348781526214501e-01 8.336188263434263224e-02 0.000000000000000000e+00 1.182412730109103416e+00 1.024858794941539419e-01 1.139796246668349981e+09 3.195136295615410805e+08
2.510000000000000000e+02 1.160000000000010000e+14 0.000000000000000000e+00 1.135081452558432957e+00 3.653668481392365747e-02 1.007272098742670041e-01 2.047133859473412171e-02 0.000000000000000000e+00 1.125982904589666544e+00 6.358149714674923847e-02 1.060996606189216137e+09 3.052642567609937787e+08
2.520000000000000000e+02 1.160000000000030000e+14 0.000000000000000000e+00 1.027407065373992845e+00 7.085353084051979056e-02 1.153280194268025832e-01 3.531722130064599702e-02 0.000000000000000000e+00 1.177788071052448871e+00 4.145820098027579864e-02 9.695077767891238928e+08 2.151201926003818810e+08
2.530000000000000000e+02 1.160000000000010000e+14 0.000000000000000000e+00 1.073487762930131373e+00 8.122306676864957109e-02 1.177625233014591294e-01 2.448840263532067740e-02 0.000000000000000000e+00 1.081784276724199412e+00 9.872202838723913298e-02 1.262340348385841131e+09 3.903288148177515864e+08
2.540000000000000000e+02 1.160000000000010000e+14 0.000000000000000000e+00 1.033582160021744523e+00 6.495312076474846208e-02 1.303462122526011790e-01 4.377447415801118819e-02 0.000000000000000000e+00 1.006336303398738696e+00 4.012607794411958417e-02 6.549864173640974760e+08 2.158760021174730062e+08
2.550000000000000000e+02 1.160000000000010000e+14 0.000000000000000000e+00 1.048674132884755084e+00 4.624133822254924975e-02 8.578136961693588747e-02 1.001600245579428207e-02 0.000000000000000000e+00 1.187619844301893934e+00 4.744408798348649647e-02 8.269640146056668758e+08 1.557535586788461804e+08
2.560000000000000000e+02 1.160000000000010000e+14 0.000000000000000000e+00 1.084233727552071036e+00 1.818242071580101205e-01 2.560948992611539743e-01 1.100825400425907152e-01 0.000000000000000000e+00 1.176618625838720122e+00 1.296865134521560381e-01 1.571302385887627840e+09 4.842935818985664845e+08
2.570000000000000000e+02 1.160000000000010000e+14 0.000000000000000000e+00 9.045913909930172192e-01 1.236739326681521589e-01 2.527040315546903448e-01 1.084178354717962728e-01 0.000000000000000000e+00 1.226510647147508015e+00 7.999097792898676729e-02 7.203108148915402889e+08 1.722645224567360878e+08
2.580000000000000000e+02 1.160000000000010000e+14 0.000000000000000000e+00 1.009084893033473040e+00 6.485758642712081967e-02 1.898875124959739646e-01 6.372442954239514179e-02 0.000000000000000000e+00 1.150755371348472167e+00 4.763840508538610963e-02 7.409352299988298416e+08 1.246523220779173225e+08
2.590000000000000000e+02 1.160000000000010000e+14 0.000000000000000000e+00 1.197624752149825333e+00 3.420312791446201289e-02 1.224125784151276902e-01 4.260838128521073770e-02 0.000000000000000000e+00 1.402948826097867752e+00 3.597488682316443698e-02 5.687505512147786617e+08 8.625148235343559086e+07
2.600000000000000000e+02 1.160000000000010000e+14 0.000000000000000000e+00 9.674854814251901969e-01 1.458274540361490512e-01 2.158496341923616113e-01 1.488295408814752641e-01 0.000000000000000000e+00 9.954972524054251926e-01 3.791536154747059822e-02 3.605844976030374765e+08 3.708804712311267853e+07
2.610000000000000000e+02 1.160000000000010000e+14 1.000000000000000000e+00 1.037248603301283989e+00 1.889981638748124138e-02 8.212514887131883157e-02 1.582723188838121298e-02 0.000000000000000000e+00 1.065135217058210459e+00 2.613566427630266420e-02 5.053955074494911432e+08 8.644591849018526077e+07
2.620000000000000000e+02 1.160000000000010000e+14 0.000000000000000000e+00 1.298087007043722929e+00 5.869398520846560996e-02 1.506391645644679922e-01 3.674755525181157279e-02 0.000000000000000000e+00 1.376828861806390192e+00 7.444962747006429737e-02 1.705609824860586405e+09 4.989814765269899368e+08
2.630000000000000000e+02 1.160000000000010000e+14 0.000000000000000000e+00 1.078887829334586712e+00 1.233103866417055439e-02 1.365864228748290554e-01 1.483972144245303444e-02 0.000000000000000000e+00 1.156392919870183000e+00 1.322791596702278284e-02 7.381121137233055830e+08 9.318314182755520940e+07
2.640000000000000000e+02 1.160000000000070000e+14 0.000000000000000000e+00 1.205561345232258885e+00 4.869466222407172612e-02 8.472339983690717335e-02 2.730702225846507250e-02 0.000000000000000000e+00 1.070113379053388325e+00 1.845492914767037085e-02 5.137991042509299517e+08 8.386532111455312371e+07
2.650000000000000000e+02 1.160000000000010000e+14 0.000000000000000000e+00 1.086659161240445926e+00 1.017217336331127792e-01 2.161988378612600958e-01 4.568029927801953161e-02 0.000000000000000000e+00 1.407918000852184992e+00 6.566687647949123741e-02 1.010109197062403321e+09 2.326754940629079342e+08
2.660000000000000000e+02 1.160000000000010000e+14 0.000000000000000000e+00 1.204873560096013430e+00 2.757442568187802590e-02 9.445834984193035577e-02 2.198746776876899997e-02 0.000000000000000000e+00 1.097398367623769966e+00 1.494444487023619678e-02 9.006043415955438614e+08 2.853641633775635958e+08
2.670000000000000000e+02 1.160000000000010000e+14 0.000000000000000000e+00 1.204047244805812378e+00 3.999183547723587917e-02 1.247827535278510369e-01 2.801888165278251103e-02 0.000000000000000000e+00 1.317108898925442917e+00 6.288464778598792937e-02 1.051771663308166504e+09 3.908815362297618389e+08
2.680000000000000000e+02 1.160000000000010000e+14 0.000000000000000000e+00 9.889979186574903158e-01 8.116411274627939598e-02 1.507896893061245192e-01 4.103500829577133580e-02 0.000000000000000000e+00 1.144650083292159781e+00 6.900047633939131175e-02 1.070203303093590379e+09 2.664769485067472458e+08
2.690000000000000000e+02 1.160000000000010000e+14 1.000000000000000000e+00 1.105106913347596587e+00 1.836228084588810774e-02 8.080771158496637130e-02 1.599360271306626488e-02 0.000000000000000000e+00 1.190564905390116834e+00 1.696788130022454724e-02 4.894915249386579394e+08 1.870970999714360833e+08
2.700000000000000000e+02 1.160000000000010000e+14 0.000000000000000000e+00 2.032453529025064931e+00 1.209605406974731123e-01 2.063688370113728743e-01 4.050930781489973931e-02 0.000000000000000000e+00 2.238859060613714647e+00 1.298082959977974182e-01 2.461933460465277672e+09 6.023674506071556807e+08
2.710000000000000000e+02 1.160000000000010000e+14 0.000000000000000000e+00 1.090548310151755462e+00 3.294908193751586167e-02 1.000378626450985214e-01 1.027244314709612437e-02 0.000000000000000000e+00 1.078425821577956079e+00 4.051170894413541612e-02 8.502763262844147682e+08 1.500710405258087814e+08
2.720000000000000000e+02 1.160000000000050000e+14 0.000000000000000000e+00 1.076498020493097174e+00 1.365981038665773362e-01 1.931306050874403712e-01 1.557615262321144778e-01 0.000000000000000000e+00 1.484218149301912648e+00 1.159409447669938198e-01 2.203132379708064198e+08 1.933399824762836099e+07
2.730000000000000000e+02 1.160000000000010000e+14 0.000000000000000000e+00 1.100010629386063199e+00 1.659769153688325782e-01 2.217393133947411776e-01 6.556334735857877183e-02 0.000000000000000000e+00 8.933728657845200205e-01 1.057680765368513437e-01 2.195257838012288570e+09 1.092797770100794554e+09
2.740000000000000000e+02 1.160000000000010000e+14 0.000000000000000000e+00 1.164489604216059737e+00 3.374025245041415572e-02 8.335483655295602978e-02 1.624660085538556439e-02 0.000000000000000000e+00 1.199923962765942376e+00 4.661007041681601570e-02 8.904028960817911625e+08 2.121797515430181921e+08
2.750000000000000000e+02 1.160000000000020000e+14 0.000000000000000000e+00 1.173617243496569706e+00 1.924680611443689848e-01 3.182585456527200485e-01 1.732461365165033629e-01 0.000000000000000000e+00 1.299984095997070543e+00 1.181697381627850180e-01 1.302688875285383940e+09 4.088961795571694374e+08
2.760000000000000000e+02 1.160000000000010000e+14 0.000000000000000000e+00 1.225219541893970643e+00 3.750764755914385434e-02 8.901391011712754542e-02 2.763935817547755538e-02 0.000000000000000000e+00 1.185930855794738115e+00 4.773286209587838946e-02 9.104300795702050924e+08 3.538308049385190010e+08
2.770000000000000000e+02 1.160000000000010000e+14 0.000000000000000000e+00 1.482949367393188833e+00 2.190571064263283074e-01 4.828794654567637457e-01 1.546041308089500799e-01 0.000000000000000000e+00 7.933500573294626212e-01 1.936259431009838827e-01 2.458854839233541012e+09 1.486443575061391592e+09
2.780000000000000000e+02 1.160000000000020000e+14 0.000000000000000000e+00 1.006872069226507849e+00 4.237894031680501661e-02 4.612235280986306390e-02 4.709102157704401354e-03 0.000000000000000000e+00 1.218539538987661652e+00 3.219700874128985507e-02 2.807038485600670576e+08 6.936230765052910149e+07
2.790000000000000000e+02 1.160000000000010000e+14 0.000000000000000000e+00 1.231164885480555471e+00 7.981583552384316493e-02 3.518461673005743306e-01 1.843129546904913874e-01 0.000000000000000000e+00 1.011707283311175321e+00 6.966656416433875121e-02 2.117183710448592424e+09 6.105502696626998186e+08
2.800000000000000000e+02 1.160000000000010000e+14 0.000000000000000000e+00 1.368847127503041827e+00 1.114509535346177443e-01 2.536453035933018407e-01 6.880853675337850195e-02 0.000000000000000000e+00 1.460920652967650168e+00 1.033786466690882339e-01 2.696854729444560051e+09 9.332013629566442966e+08
2.810000000000000000e+02 1.160000000000020000e+14 0.000000000000000000e+00 1.091424313682465508e+00 1.054986058111343217e-01 3.343311470132089291e-01 2.128894653586718699e-01 0.000000000000000000e+00 1.090645514574422048e+00 5.508424446496672927e-02 1.405005820675671339e+09 5.264094981951726675e+08
2.820000000000000000e+02 1.160000000000010000e+14 0.000000000000000000e+00 1.161118267897441658e+00 8.659484102614276729e-03 8.056123050392081930e-02 1.706829112112090083e-02 0.000000000000000000e+00 1.112524931297776964e+00 1.179528424800195541e-02 7.329798879422420263e+08 2.239760254333806634e+08
2.830000000000000000e+02 1.160000000000040000e+14 1.000000000000000000e+00 1.077613462284337853e+00 1.851354757443000529e-02 2.612368366645203416e-02 1.145380797820383031e-02 0.000000000000000000e+00 1.205007644078746054e+00 1.117373783712854313e-02 1.635442274979369938e+08 1.881814928782802448e+07
2.840000000000000000e+02 1.160000000000030000e+14 0.000000000000000000e+00 8.443704413209197623e-01 1.332121131914344725e-01 1.761245485869585292e-01 8.269643939254825438e-02 0.000000000000000000e+00 1.256304630482585560e+00 2.480118841170537644e-02 5.422991968948684931e+08 1.520656334113584161e+08
2.850000000000000000e+02 1.160000000000010000e+14 1.000000000000000000e+00 1.073131098344941581e+00 2.816319073830069603e-02 9.090150242011854620e-02 1.213822735084704209e-02 0.000000000000000000e+00 1.088383189217796643e+00 1.233405157711663439e-02 6.767979548991247416e+08 1.842150429957906604e+08
2.860000000000000000e+02 1.160000000000010000e+14 0.000000000000000000e+00 1.100882276266237803e+00 9.895512056994382188e-02 1.907950102385621016e-01 3.729817418322557698e-02 0.000000000000000000e+00 1.176232060893596998e+00 8.719459367857926302e-02 1.857965261077051163e+09 5.254020188297042847e+08
2.870000000000000000e+02 1.160000000000010000e+14 0.000000000000000000e+00 1.355183958391612764e+00 1.472724382913140340e-01 2.608926183683436539e-01 1.021193010923434480e-01 0.000000000000000000e+00 1.356720221553589178e+00 1.700190446348386064e-01 2.150091056618761539e+09 1.244816860487096548e+09
2.880000000000000000e+02 1.160000000000010000e+14 1.000000000000000000e+00 1.135369677277806355e+00 1.400156859670555719e-02 9.380782313851879217e-02 2.895507857926039180e-02 0.000000000000000000e+00 1.183900086610542690e+00 2.032955965449322749e-02 9.210413306280614138e+08 3.445330147462850213e+08
2.890000000000000000e+02 1.160000000000020000e+14 0.000000000000000000e+00 1.387195037603622172e+00 1.881426262908562907e-01 4.373666417978228083e-02 2.913391548053093777e-02 0.000000000000000000e+00 1.481720553095938087e+00 1.864725807919990486e-01 4.970816361400110126e+08 3.542036572831399441e+08
2.900000000000000000e+02 1.160000000000010000e+14 0.000000000000000000e+00 1.164619863796480637e+00 7.794810888244897706e-02 1.780039060952216534e-01 2.522895307102190898e-02 0.000000000000000000e+00 1.160159185194368003e+00 7.086744359734427345e-02 1.210538690161949158e+09 1.786452026547046006e+08
2.910000000000000000e+02 1.160000000000010000e+14 0.000000000000000000e+00 1.226677043879822904e+00 7.751875431804777783e-02 2.857730017555017432e-01 1.307189703520396928e-01 0.000000000000000000e+00 1.115108600692913177e+00 4.973182470279777917e-02 2.034318625188621759e+09 1.206736210937520981e+09
2.920000000000000000e+02 1.160000000000010000e+14 0.000000000000000000e+00 1.464005427288166850e+00 2.115233663402970310e-01 2.635373643076674988e-01 6.901212322330735338e-02 0.000000000000000000e+00 1.969229241359310434e+00 1.015016688066186223e-01 1.005868698155640721e+09 4.321129593005769849e+08
2.930000000000000000e+02 1.160000000000010000e+14 0.000000000000000000e+00 1.078274027089100029e+00 5.787346336354586007e-02 1.046265961879828815e-01 1.886452567074784273e-02 0.000000000000000000e+00 1.161538073276235705e+00 4.092661044823603378e-02 4.979607181094897985e+08 6.128789296267635375e+07
2.940000000000000000e+02 1.160000000000010000e+14 0.000000000000000000e+00 9.289881187065233137e-01 3.249204591126630959e-02 1.176209169739372284e-01 3.811917896765223274e-02 0.000000000000000000e+00 1.162705637457157382e+00 3.021504875343869814e-02 8.556619306106989384e+08 3.025452319091563821e+08
2.950000000000000000e+02 1.160000000000010000e+14 1.000000000000000000e+00 1.014906181111292049e+00 3.394864016125232614e-02 6.415004796182033342e-02 7.207736364193515800e-03 0.000000000000000000e+00 1.038989873606464664e+00 2.688528921582485076e-02 4.659337977056953311e+08 4.549053264335463196e+07
2.960000000000000000e+02 1.160000000000010000e+14 0.000000000000000000e+00 1.088414113367680791e+00 3.801424987058185656e-02 1.034742386153213595e-01 9.655839719552495107e-03 0.000000000000000000e+00 1.103709937531213603e+00 3.085817977567885395e-02 7.047327247180901766e+08 1.117543340489134192e+08
2.970000000000000000e+02 1.160000000000010000e+14 1.000000000000000000e+00 1.131506456129249605e+00 2.659792602407564169e-02 8.471371747144387787e-02 2.941394119890315337e-02 0.000000000000000000e+00 1.062083192643863416e+00 2.561934602756572518e-02 4.489153136076816320e+08 4.484369927789243311e+07
2.980000000000000000e+02 1.160000000000010000e+14 0.000000000000000000e+00 1.163678360974389703e+00 3.615778882964046370e-02 1.200059758054625586e-01 4.476328651164975664e-02 0.000000000000000000e+00 1.110513142864196556e+00 9.906848432131420273e-03 8.270187725264798403e+08 1.696070961041941643e+08
2.990000000000000000e+02 1.160000000000010000e+14 1.000000000000000000e+00 1.094023506918470501e+00 1.802128865741897332e-02 7.769955405152875749e-02 7.976223762468053272e-03 0.000000000000000000e+00 1.246196618919164889e+00 1.368096442816421447e-02 5.736996277807753086e+08 3.844340441625256836e+07
3.000000000000000000e+02 1.160000000000030000e+14 0.000000000000000000e+00 1.037127554225226289e+00 4.815972120274324142e-02 1.012459705259272369e-01 1.702619204288305030e-02 0.000000000000000000e+00 1.136005020748050764e+00 3.808507688275687003e-02 6.858417760146232843e+08 2.492406431210656464e+08
3.010000000000000000e+02 1.160000000000010000e+14 0.000000000000000000e+00 1.157609904030217907e+00 2.570384119398068726e-02 8.559175790608683498e-02 1.589881958758907268e-02 0.000000000000000000e+00 1.134224622627657109e+00 2.147438247672852837e-02 7.360256131830159426e+08 2.180348374838251770e+08
3.020000000000000000e+02 1.160000000000010000e+14 0.000000000000000000e+00 1.032380506503244311e+00 4.854554503858223707e-02 1.178947057928545622e-01 3.178995158674371296e-02 0.000000000000000000e+00 1.239746940957410892e+00 2.631028013795619000e-02 7.603385315413661003e+08 1.393790948548328876e+08
3.030000000000000000e+02 1.160000000000010000e+14 0.000000000000000000e+00 1.134185247035689903e+00 4.564094422513358812e-02 8.911550938308293590e-02 4.354031148533377138e-02 0.000000000000000000e+00 1.210559931273431866e+00 4.644515019056730948e-02 1.195677805312826633e+09 6.196870674754875898e+08
3.040000000000000000e+02 1.160000000000030000e+14 0.000000000000000000e+00 1.173492861153526468e+00 7.167773338464118738e-02 7.799142516219149945e-02 1.394220876568976093e-02 0.000000000000000000e+00 1.196497473129575440e+00 6.444619720920009842e-02 8.480251613531466722e+08 2.151563382533650696e+08
3.050000000000000000e+02 1.160000000000010000e+14 0.000000000000000000e+00 1.697819083508463445e+00 4.275284861824802524e-02 6.688039034697028373e-02 9.842403918172095215e-03 0.000000000000000000e+00 1.568558072618495780e+00 5.646259462405532614e-02 6.243007280422472954e+08 1.333265876528277397e+08
3.060000000000000000e+02 1.160000000000010000e+14 1.000000000000000000e+00 1.109722432899038047e+00 2.795283754226295103e-02 8.186704040242832880e-02 1.789570772129309498e-02 0.000000000000000000e+00 1.159807933605811137e+00 1.157491231895383353e-02 6.258248737076592445e+08 7.083272930491983891e+07
3.070000000000000000e+02 1.160000000000010000e+14 0.000000000000000000e+00 1.224509355126496724e+00 4.214683473452217333e-02 1.845593418025759103e-01 7.406003588847398511e-02 0.000000000000000000e+00 1.407547632747972344e+00 2.655870422139763876e-02 1.688895468023847818e+09 1.188209425618006706e+09
3.080000000000000000e+02 1.160000000000010000e+14 0.000000000000000000e+00 1.005646889622768159e+00 5.498443692709482217e-02 1.007057151845955623e-01 2.601080282010461570e-02 0.000000000000000000e+00 1.205384789952864022e+00 1.936258070113122676e-02 5.878059568422244787e+08 9.155921621927738190e+07
3.090000000000000000e+02 1.160000000000020000e+14 0.000000000000000000e+00 1.132849705528806927e+00 1.440604029029103096e-02 1.040701461812072598e-01 1.257419539066766817e-02 0.000000000000000000e+00 1.053329516559267764e+00 3.662770846078540476e-02 7.593657835047284365e+08 1.187978690353722274e+08
3.100000000000000000e+02 1.160000000000010000e+14 0.000000000000000000e+00 1.104321711509665516e+00 6.281252166596953956e-02 1.989248246091324668e-01 7.328260992267314478e-02 0.000000000000000000e+00 1.278992748000286284e+00 3.498540889327400594e-02 6.195732585261120796e+08 7.933550340964208543e+07
3.110000000000000000e+02 1.160000000000010000e+14 0.000000000000000000e+00 1.697921518048884915e+00 6.562240319733272931e-02 1.335202240811247665e-01 3.183167354970462687e-02 0.000000000000000000e+00 1.793305056716588464e+00 8.370903430593011618e-02 1.135166572814023256e+09 4.311197218823441267e+08
3.120000000000000000e+02 1.160000000000010000e+14 0.000000000000000000e+00 1.039364885082853851e+00 9.242529027601296965e-02 1.535657656475049593e-01 8.795359380602502108e-02 0.000000000000000000e+00 1.043826831501067476e+00 4.134310937003156383e-02 5.009875968820748329e+08 1.150561874055060148e+08
3.130000000000000000e+02 1.160000000000010000e+14 0.000000000000000000e+00 1.799764807343344986e+00 1.612339343014640991e-01 2.061926958912241870e-01 8.341355072851430741e-02 0.000000000000000000e+00 1.760526068631425023e+00 1.980865123073611012e-01 2.391053513948923588e+09 1.129306420726900339e+09
3.140000000000000000e+02 1.160000000000010000e+14 0.000000000000000000e+00 1.909550025905562221e+00 3.379084170564402440e-02 9.897063513662841816e-02 4.012786714445830405e-02 0.000000000000000000e+00 1.963901168174189804e+00 4.196635625404845221e-02 1.009548562661501169e+09 5.040897346774964333e+08
3.150000000000000000e+02 1.160000000000010000e+14 0.000000000000000000e+00 1.294179958039355371e+00 7.559957106991481435e-02 2.390636289842261453e-01 9.335870230180268181e-02 0.000000000000000000e+00 1.421309558643631732e+00 1.327144863590093982e-01 2.786735495905435085e+09 1.376866642705044508e+09
3.160000000000000000e+02 1.160000000000010000e+14 0.000000000000000000e+00 1.493825291163076496e+00 3.786947732941189915e-02 8.049616751392275893e-02 1.686975912029791552e-02 0.000000000000000000e+00 1.686115397531659177e+00 2.552026346814841029e-02 6.045056940935726166e+08 1.067695375240312666e+08
3.170000000000000000e+02 1.160000000000010000e+14 1.000000000000000000e+00 1.046250080465849663e+00 3.093528341868981291e-02 8.246421150955496326e-02 7.923484247427801941e-03 0.000000000000000000e+00 1.198280636275233846e+00 4.746126546955901915e-02 5.309217814756401181e+08 5.924475334969198704e+07
3.180000000000000000e+02 1.160000000000010000e+14 0.000000000000000000e+00 1.191375296602392497e+00 1.142158760220299968e-01 2.013208092290220130e-01 7.839878627839652614e-02 0.000000000000000000e+00 1.300112792832061936e+00 1.241563373248745494e-01 2.186847251771315575e+09 1.093966883283712626e+09
3.190000000000000000e+02 1.160000000000010000e+14 0.000000000000000000e+00 9.851120046041628164e-01 1.447921342059877714e-01 2.658982890205132121e-01 1.930228597380970468e-01 0.000000000000000000e+00 1.306058381813651748e+00 4.450260731837195338e-02 6.113263834607406855e+08 1.350354243241740763e+08
3.200000000000000000e+02 1.160000000000010000e+14 0.000000000000000000e+00 1.998650819898243780e+00 6.084928695696817380e-02 1.201479308888247638e-01 2.314107912939726910e-02 0.000000000000000000e+00 2.090499350172137394e+00 7.638512641076701526e-02 1.203130023970561266e+09 2.897703079223769307e+08
3.210000000000000000e+02 1.160000000000010000e+14 0.000000000000000000e+00 1.067120846335510631e+00 7.949739127729386901e-02 1.993753523141141015e-01 8.938115821291332808e-02 0.000000000000000000e+00 8.536447260887231048e-01 9.550001263884168312e-02 2.157584184132112026e+09 1.352984676504924297e+09
3.220000000000000000e+02 1.160000000000010000e+14 0.000000000000000000e+00 1.095957200866617409e+00 1.067384912137879227e-01 1.972106614056627627e-01 8.087012755747584325e-02 0.000000000000000000e+00 1.103207353916125344e+00 1.456758095617404769e-01 2.231366214012053967e+09 1.191241923219448805e+09
3.230000000000000000e+02 1.160000000000010000e+14 1.000000000000000000e+00 1.082787415834624900e+00 2.238296926632689365e-02 4.765767479669402035e-02 1.080751709561934143e-02 0.000000000000000000e+00 1.076095418456940012e+00 3.376932069062228703e-02 4.490395470252631307e+08 1.522191388324925900e+08
3.240000000000000000e+02 1.160000000000010000e+14 1.000000000000000000e+00 1.146893825434586844e+00 1.841185543022230697e-02 7.002158742271198666e-02 1.255809066560291745e-02 0.000000000000000000e+00 1.129036325869847701e+00 9.335133704220307735e-03 4.470497465301383734e+08 3.663700488956959546e+07
