# rID[0] Hid[1]   R200: DS[2], eta[3], detla[4], fm[5], fm2[6];   R500: DS[7], eta[8], detla[9], fm[10], fm2[11]
1.000000000000000000e+00 6.600000000000200000e+13 0.000000000000000000e+00 1.145037635713997748e+00 5.419287233223284150e-02 6.451082028131600865e-02 2.744985835293785315e-02 0.000000000000000000e+00 1.349852634493587944e+00 4.614394704378448758e-02 2.675693921250976026e+08 7.798854126870347559e+07
2.000000000000000000e+00 6.600000000000200000e+13 0.000000000000000000e+00 1.366749042021377036e+00 7.145849749593496947e-02 1.535450460668570105e-01 6.577810804619536877e-02 0.000000000000000000e+00 1.417326451470105608e+00 1.078057012412756838e-01 1.984481847657555580e+09 8.941856163313518763e+08
3.000000000000000000e+00 6.600000000000500000e+13 0.000000000000000000e+00 1.316518779219790103e+00 3.381712087487076523e-02 7.303124494600082839e-02 1.896395263167352518e-02 0.000000000000000000e+00 1.292282779502223589e+00 6.588579743660057109e-02 7.975966457089538574e+08 2.741405945162193179e+08
4.000000000000000000e+00 6.600000000000600000e+13 0.000000000000000000e+00 1.214335865423351368e+00 4.585809112815170119e-02 6.988101043453015526e-02 3.141492327261901502e-02 0.000000000000000000e+00 1.275981428750994962e+00 4.991738564106754789e-02 1.118232148995444298e+09 5.026999029239773750e+08
5.000000000000000000e+00 6.600000000001000000e+13 0.000000000000000000e+00 1.495692474617033696e+00 7.094477960027799346e-02 2.138282472964091463e-01 9.733412499253152328e-02 0.000000000000000000e+00 1.415259060807569025e+00 7.306913151300181708e-02 2.422550842823309422e+09 1.353335051566810608e+09
6.000000000000000000e+00 6.600000000000100000e+13 0.000000000000000000e+00 9.886433141273982539e-01 3.404568605600406805e-02 1.840882000704473498e-01 1.185456537904582969e-01 0.000000000000000000e+00 1.206699518060476262e+00 2.252048424877239538e-02 3.807300466896553636e+08 1.727979040941794515e+08
7.000000000000000000e+00 6.600000000000100000e+13 0.000000000000000000e+00 1.158192525028615361e+00 1.056736582980954686e-01 2.023757924669253305e-01 5.864038364219099908e-02 0.000000000000000000e+00 1.351917666679777419e+00 1.375295990134470514e-01 2.007850265325514317e+09 8.756337956897957325e+08
8.000000000000000000e+00 6.600000000005200000e+13 0.000000000000000000e+00 1.457753370956515804e+00 9.170209976747489833e-02 9.705750621731921990e-02 6.593028631552097507e-02 0.000000000000000000e+00 1.495649700931337422e+00 1.162216845872511423e-01 1.378455362845396280e+09 9.363722630794845819e+08
9.000000000000000000e+00 6.600000000000100000e+13 0.000000000000000000e+00 1.141242418774872425e+00 2.128062371975979750e-01 2.565307201790479885e-01 6.583389152924415400e-02 0.000000000000000000e+00 1.102821291085725131e+00 2.436040886455677068e-01 2.140146307074210882e+09 6.523928107286736965e+08
1.000000000000000000e+01 6.600000000000100000e+13 0.000000000000000000e+00 1.275526922552683740e+00 7.423563812815055230e-02 1.163988067468150062e-01 3.861647503761266725e-02 0.000000000000000000e+00 1.177142794986148155e+00 8.228956875920062641e-02 1.338096625283501387e+09 4.962810411633076668e+08
1.100000000000000000e+01 6.600000000000100000e+13 0.000000000000000000e+00 9.647215051082869142e-01 2.827457838563864900e-01 4.724941612513269829e-01 2.052367715370973789e-01 0.000000000000000000e+00 1.530533749589403802e+00 2.857586070574249515e-01 4.079538519356383324e+09 2.442107205211443424e+09
1.200000000000000000e+01 6.600000000000400000e+13 0.000000000000000000e+00 1.124231320387531152e+00 4.460132742353226099e-02 8.660491231079758823e-02 3.721793433374329108e-02 0.000000000000000000e+00 1.149801803916562948e+00 4.935580907811924073e-02 7.550828403570766449e+08 4.455844623013752103e+08
1.300000000000000000e+01 6.600000000005600000e+13 0.000000000000000000e+00 1.288136046367149401e+00 8.702245518618387243e-02 1.057905266420580970e-01 8.846027407553513910e-02 0.000000000000000000e+00 1.343512293788967416e+00 1.704931081810378279e-01 1.265779265262060404e+09 1.265779265262060404e+09
1.400000000000000000e+01 6.600000000009400000e+13 0.000000000000000000e+00 1.272823523397046186e+00 1.304371315846758195e-01 7.598870555615962197e-02 6.766248504947265652e-02 0.000000000000000000e+00 1.350666035630967210e+00 4.128930759034925985e-02 1.537593103581658900e+08 1.537593103581658900e+08
1.500000000000000000e+01 6.600000000000200000e+13 0.000000000000000000e+00 1.363889467563607516e+00 6.406181862458251719e-02 9.178097752285707678e-02 3.076657597372355751e-02 0.000000000000000000e+00 1.466753026796043802e+00 9.559121707737010254e-02 1.020076559341517568e+09 3.920950985306749344e+08
1.600000000000000000e+01 6.600000000000300000e+13 0.000000000000000000e+00 1.282252367738532683e+00 1.436577820439919051e-01 6.417093337017831800e-02 1.879021115427753977e-02 0.000000000000000000e+00 1.443447808931742182e+00 3.504514680309237656e-02 8.921069577182563543e+08 3.556734518650672436e+08
1.700000000000000000e+01 6.600000000000200000e+13 1.000000000000000000e+00 1.126059864278158074e+00 2.944276454141525612e-02 6.159181371783526565e-02 3.033019277150243720e-02 0.000000000000000000e+00 1.231569940807751173e+00 4.058041451042901371e-02 6.460837708323479891e+08 4.246207255758895874e+08
1.800000000000000000e+01 6.600000000000400000e+13 0.000000000000000000e+00 1.133094583701256930e+00 1.735138748556094845e-01 1.748552796724202052e-01 5.439918569042316576e-02 0.000000000000000000e+00 1.255268705046496125e+00 2.260482605831556358e-01 1.645185746823669434e+09 8.122874990207849741e+08
1.900000000000000000e+01 6.600000000000100000e+13 0.000000000000000000e+00 1.136313791681980323e+00 4.627843311082394800e-02 1.219419966451685267e-01 1.720492095328457136e-02 0.000000000000000000e+00 1.090143748587557804e+00 7.322023833999687092e-02 1.364352832473865509e+09 2.214999611182149649e+08
2.000000000000000000e+01 6.600000000005100000e+13 0.000000000000000000e+00 1.073541730213634748e+00 5.146683558264964625e-02 6.317882905374538893e-02 3.127817498680888347e-02 0.000000000000000000e+00 1.191242740615888307e+00 3.512988605225837030e-02 8.644372999969244003e+08 4.279601496163773537e+08
2.100000000000000000e+01 6.600000000001100000e+13 0.000000000000000000e+00 1.851033497230139879e+00 1.569898513642467852e-01 1.988862071095844619e-01 7.866185610319646748e-02 0.000000000000000000e+00 1.653800583862334417e+00 1.797928739919942009e-01 2.010077470078380823e+09 8.974796287938985825e+08
2.200000000000000000e+01 6.600000000001200000e+13 0.000000000000000000e+00 1.272368696776706498e+00 1.619802357676422555e-01 1.291118696145054368e-01 1.087638115415032886e-01 0.000000000000000000e+00 1.342760325410053079e+00 2.103684471721204430e-01 1.775356749183110714e+09 1.495560148448148489e+09
2.300000000000000000e+01 6.600000000002400000e+13 0.000000000000000000e+00 8.306905148408394446e-01 3.498566324093279611e-01 5.057942459459748852e-01 2.895522441382316070e-01 0.000000000000000000e+00 1.468251922846778856e-01 3.316260594571696085e-01 4.741212698843686104e+09 4.488968375959200859e+09
2.400000000000000000e+01 6.600000000000600000e+13 0.000000000000000000e+00 1.263171262792174954e+00 1.338024507724594990e-02 4.935799994951362707e-02 1.933276773964837450e-02 0.000000000000000000e+00 1.457417323942313159e+00 3.810059955106003676e-02 6.929006558495038748e+08 2.713985060150414109e+08
2.500000000000000000e+01 6.600000000007600000e+13 0.000000000000000000e+00 1.680764559672204062e+00 1.432406526235162625e-01 2.771888315540136927e-01 2.160621900729398082e-01 0.000000000000000000e+00 1.591707382397704151e+00 1.117567195360237992e-01 1.002554076018597364e+09 6.417036355508475304e+08
2.600000000000000000e+01 6.600000000000700000e+13 0.000000000000000000e+00 1.138897251226392848e+00 1.332913260633215025e-01 1.100403829694825142e-01 6.568859139276726766e-02 0.000000000000000000e+00 1.111707749291355629e+00 1.776453014876281378e-01 1.394070921553392887e+09 8.321904437924002409e+08
2.700000000000000000e+01 6.600000000000100000e+13 0.000000000000000000e+00 1.628768126838683994e+00 7.137910761570741280e-02 1.820968801516286983e-01 6.451659540706131124e-02 0.000000000000000000e+00 1.575914829056189737e+00 8.153738315484289345e-02 2.261554973259397984e+09 8.840930983190294504e+08
2.800000000000000000e+01 6.600000000005500000e+13 0.000000000000000000e+00 2.062738496349653783e+00 1.206601430814598225e-01 1.573725666853749983e-01 1.320001181579180671e-01 0.000000000000000000e+00 1.869880902865105554e+00 1.423364437097551227e-01 1.776418469438024044e+09 1.490014764342777967e+09
2.900000000000000000e+01 6.600000000000100000e+13 0.000000000000000000e+00 1.236049369151844379e+00 3.488699456757343720e-02 1.672743155726062747e-01 5.221992350137588668e-02 0.000000000000000000e+00 1.197306872456233462e+00 3.996234215422100194e-02 1.219364652732709646e+09 2.591197184680291712e+08
3.000000000000000000e+01 6.600000000000200000e+13 0.000000000000000000e+00 1.801221301108152817e+00 2.363955915898146853e-01 3.194401520529547289e-01 1.701582885648503518e-01 0.000000000000000000e+00 7.538763017970520064e-01 2.602838682046147434e-01 1.623389295916052341e+09 6.549673242364419699e+08
3.100000000000000000e+01 6.600000000000100000e+13 0.000000000000000000e+00 1.168147507176788613e+00 8.841357750955888828e-02 1.554060198061280318e-01 4.853851256211234172e-02 0.000000000000000000e+00 1.265995318406526238e+00 1.116791283005187096e-01 1.952825911522978783e+09 6.262195169198993444e+08
3.200000000000000000e+01 6.600000000000100000e+13 0.000000000000000000e+00 1.502452112514537808e+00 6.770927102841607648e-02 1.636669218538049086e-01 4.136726645525840712e-02 0.000000000000000000e+00 1.456853013957553289e+00 1.387051978941987729e-01 1.262767998781328917e+09 4.853478585765014887e+08
3.300000000000000000e+01 6.600000000000200000e+13 0.000000000000000000e+00 1.231589663639805821e+00 1.484586391817795670e-01 2.118118879839728241e-01 9.731544793345237032e-02 0.000000000000000000e+00 9.595328496801049933e-01 2.002757058562975034e-01 2.889735058796043873e+09 1.547205278284763575e+09
3.400000000000000000e+01 6.600000000000100000e+13 0.000000000000000000e+00 1.478590933411732644e+00 5.148633580210990046e-02 9.108577979584019102e-02 1.528171500251631829e-02 0.000000000000000000e+00 1.579966109374601801e+00 1.114592788839889603e-01 8.863194852299389839e+08 2.050592886698271036e+08
3.500000000000000000e+01 6.600000000001100000e+13 0.000000000000000000e+00 1.386361656484468963e+00 3.393660491088771464e-02 1.056660796140884706e+00 1.000000000000000000e+00 0.000000000000000000e+00 1.386361656484468963e+00 3.393904887237358253e-02 1.028178422506116295e+10 9.730449225155403137e+09
3.600000000000000000e+01 6.600000000000200000e+13 0.000000000000000000e+00 1.172604209289068944e+00 7.456179134652980711e-02 8.178046651787652943e-02 4.544597962675096109e-02 0.000000000000000000e+00 1.201405203931408039e+00 7.375398824487593152e-02 8.408329808161005974e+08 7.017056814472924471e+08
3.700000000000000000e+01 6.600000000000100000e+13 0.000000000000000000e+00 1.367023527259439097e+00 1.204884659224648019e-01 1.394469522461947442e-01 6.867274213841173536e-02 0.000000000000000000e+00 1.483500036733407246e+00 1.407384878650862203e-01 1.706242872929891586e+09 9.429284623496391773e+08
3.800000000000000000e+01 6.600000000000100000e+13 1.000000000000000000e+00 1.093424181667528083e+00 3.989530802396586834e-02 8.628928068441774069e-02 2.177593800090259560e-02 0.000000000000000000e+00 1.419102894233958745e+00 3.440018061080214740e-02 5.255342209364659786e+08 9.598501566071571410e+07
3.900000000000000000e+01 6.600000000000100000e+13 0.000000000000000000e+00 1.040864608777386957e+00 5.040704737249169370e-02 8.880571291460202799e-02 2.087894141630582123e-02 0.000000000000000000e+00 1.242388322510264986e+00 6.232723637378653758e-02 6.692972894761797190e+08 1.897279952000331581e+08
4.000000000000000000e+01 6.600000000017300000e+13 0.000000000000000000e+00 1.033045141318827742e+00 4.351196944263692468e-02 -1.000000000000000000e+00 -1.000000000000000000e+00 1.000000000000000000e+00 9.721018044667228963e-01 2.482308252434987580e-02 -1.000000000000000000e+00 -1.000000000000000000e+00
4.100000000000000000e+01 6.600000000000100000e+13 0.000000000000000000e+00 1.532659494110918175e+00 1.334535757555426194e-01 8.403556010420543121e-02 2.719516189058429623e-02 0.000000000000000000e+00 1.811494696813343852e+00 1.014171185666854630e-01 1.268736553713197947e+09 4.809712452424511909e+08
4.200000000000000000e+01 6.600000000000100000e+13 0.000000000000000000e+00 2.620933529432749598e+00 6.242925222916660688e-02 9.402294637693134338e-02 2.878625134264231958e-02 0.000000000000000000e+00 3.288903296595822034e+00 9.516035889651555668e-02 1.290991415056541920e+09 4.155180713910793662e+08
4.300000000000000000e+01 6.600000000000200000e+13 0.000000000000000000e+00 1.266374726507964121e+00 1.138486702582195004e-01 1.916168446215989751e-01 1.206411713543250747e-01 0.000000000000000000e+00 1.468726624848928131e+00 7.142015454088608550e-02 1.121618729177342653e+09 4.800398296610465646e+08
4.400000000000000000e+01 6.600000000000300000e+13 0.000000000000000000e+00 1.279856114036279635e+00 1.233467769755145493e-01 1.866301494569519714e-01 6.094700927773027965e-02 0.000000000000000000e+00 1.334160078941418970e+00 1.479612354925757822e-01 2.157971052889031887e+09 7.810566987877981663e+08
4.500000000000000000e+01 6.600000000000400000e+13 0.000000000000000000e+00 1.225454480669804891e+00 1.053840007102303244e-01 2.354838517939295828e-01 7.084935429630383197e-02 0.000000000000000000e+00 1.405943946778792863e+00 1.540968999612302992e-01 2.136101576935812235e+09 1.004455456926663876e+09
4.600000000000000000e+01 6.600000000000100000e+13 0.000000000000000000e+00 1.178626287813985929e+00 2.114476717365783298e-02 2.282476693858014327e-01 7.287713991832411864e-02 0.000000000000000000e+00 1.241035205774915218e+00 3.843832070760127423e-02 1.575004396456159115e+09 3.356227483029469848e+08
4.700000000000000000e+01 6.600000000007200000e+13 0.000000000000000000e+00 1.179915751399512658e+00 4.253030399971708536e-02 4.872322190752392812e-02 3.793096235492314505e-02 0.000000000000000000e+00 1.271530060494764136e+00 5.046211991066176794e-02 6.805864514413348436e+08 5.298356319269919991e+08
4.800000000000000000e+01 6.600000000000100000e+13 1.000000000000000000e+00 1.104758099229907087e+00 3.570832947790641976e-02 9.735466356498982676e-02 5.269632645148783490e-02 0.000000000000000000e+00 1.347816193623406988e+00 3.602506736140968086e-02 4.714142988221510649e+08 1.922881946331638396e+08
4.900000000000000000e+01 6.600000000000400000e+13 0.000000000000000000e+00 1.072955631651602681e+00 8.271472180395759988e-02 2.080853377029490137e-01 6.665689211475167575e-02 0.000000000000000000e+00 1.250791421256817415e+00 9.673699183327419404e-02 2.238915566147863865e+09 1.013618647504420161e+09
5.000000000000000000e+01 6.600000000000500000e+13 0.000000000000000000e+00 1.395401977896921109e+00 1.655736932035396514e-01 1.684180953193388230e-01 5.868248541599679902e-02 0.000000000000000000e+00 1.415405729719846128e+00 1.994908876306402956e-01 1.711058571174682856e+09 7.306292217709691525e+08
5.100000000000000000e+01 6.600000000000400000e+13 0.000000000000000000e+00 1.236212072189284861e+00 3.795671268746993177e-02 1.180772669116050000e-01 2.879631606901347438e-02 0.000000000000000000e+00 1.225406724348194754e+00 4.125200188738595980e-02 1.190152972898210049e+09 3.543396615302242041e+08
5.200000000000000000e+01 6.600000000000100000e+13 0.000000000000000000e+00 1.171271743919618524e+00 2.507686154441319398e-02 5.833529281918947013e-02 1.373756379059341663e-02 0.000000000000000000e+00 1.117858018139942233e+00 3.343956754408231730e-02 5.397124467209193707e+08 1.973398302449594438e+08
5.300000000000000000e+01 6.600000000024700000e+13 0.000000000000000000e+00 9.664142861880888891e-01 4.225858263898694261e-02 6.718175165320591780e-02 6.718175165320591780e-02 0.000000000000000000e+00 1.182080031976003864e+00 9.476921699188881054e-02 1.002350909838270068e+09 1.002350909838270068e+09
5.400000000000000000e+01 6.600000000000200000e+13 0.000000000000000000e+00 1.152731562393174647e+00 2.130939306754807069e-02 1.397698488768457925e-01 4.138619640965401220e-02 0.000000000000000000e+00 1.060564524977776646e+00 1.304220314757970900e-01 1.589001523083569288e+09 6.366076012093462944e+08
5.500000000000000000e+01 6.600000000000100000e+13 0.000000000000000000e+00 1.182332455580750175e+00 1.427148102875184787e-01 1.504545265967847656e-01 6.066676868406063045e-02 0.000000000000000000e+00 1.356946200617947129e+00 1.024341271790334407e-01 1.047060421737571597e+09 2.440163066060096025e+08
5.600000000000000000e+01 6.600000000000100000e+13 0.000000000000000000e+00 1.379639329733082898e+00 7.058419534516754967e-02 1.475168100836624085e-01 4.589612490560743968e-02 0.000000000000000000e+00 1.278451996658700685e+00 7.841060056100564168e-02 1.314927168159068823e+09 5.191108555732080340e+08
5.700000000000000000e+01 6.600000000000600000e+13 0.000000000000000000e+00 1.166587800376233552e+00 1.218558864455672047e-01 1.068182331605567331e-01 6.119780619736693572e-02 0.000000000000000000e+00 1.057131915921327714e+00 1.473060582222378845e-01 1.234831913656144381e+09 1.056400423161374569e+09
5.800000000000000000e+01 6.600000000000100000e+13 0.000000000000000000e+00 1.545213873611772426e+00 1.719204886323694725e-01 2.470958495757181184e-01 8.513884122500579854e-02 0.000000000000000000e+00 1.325225661404631605e+00 2.180609745660480603e-01 2.869552530510337353e+09 1.132765495981451511e+09
5.900000000000000000e+01 6.600000000000100000e+13 0.000000000000000000e+00 1.160097263320478023e+00 7.528834032067271975e-02 1.283309217215629627e-01 6.322805237613168816e-02 0.000000000000000000e+00 9.916276371491588026e-01 8.023639544804458956e-02 1.606931765843981028e+09 7.917278586691631079e+08
6.000000000000000000e+01 6.600000000000100000e+13 0.000000000000000000e+00 1.451899414756279372e+00 5.708588610575719702e-02 1.051015177319990918e-01 3.266212229864076666e-02 0.000000000000000000e+00 1.720475190935731646e+00 1.070409331524169866e-01 1.021757262301992297e+09 4.434783963085615039e+08
6.100000000000000000e+01 6.600000000000800000e+13 0.000000000000000000e+00 9.080437974834006942e-01 1.149390342404311288e-01 2.373762604715666524e-01 9.693096702005273013e-02 0.000000000000000000e+00 1.413390269835756108e+00 3.844254631987615439e-02 3.483523744473322034e+08 3.483523744473322034e+08
6.200000000000000000e+01 6.600000000001800000e+13 0.000000000000000000e+00 1.291434950207001275e+00 3.154769749034894155e-02 3.610675236832497359e-02 2.043619453892123530e-02 0.000000000000000000e+00 1.376266719154191298e+00 2.010540016033968494e-02 4.594237156012932658e+08 2.600309308365971446e+08
6.300000000000000000e+01 6.600000000000100000e+13 0.000000000000000000e+00 1.165115849970070006e+00 1.026816672081986015e-01 1.014748016202653008e-01 1.993868340598264899e-02 0.000000000000000000e+00 1.373872931221997717e+00 9.645967743181516063e-02 8.582999884554396868e+08 2.539227470697622895e+08
6.400000000000000000e+01 6.600000000000200000e+13 0.000000000000000000e+00 1.394766568420918951e+00 5.198814116847208511e-02 1.651430723691196811e-01 5.582669640012742629e-02 0.000000000000000000e+00 1.413959948681396517e+00 7.158200490492694357e-02 1.389487850217782736e+09 6.134143626804298162e+08
6.500000000000000000e+01 6.600000000000100000e+13 0.000000000000000000e+00 1.278535801190199939e+00 5.526425090188927247e-02 1.768211091278592828e-01 5.664771813823494401e-02 0.000000000000000000e+00 1.342220226043795206e+00 9.694981321434484323e-02 1.539396094983105659e+09 7.772599748320537806e+08
6.600000000000000000e+01 6.600000000000500000e+13 0.000000000000000000e+00 1.281236983890691183e+00 2.279275327860142975e-01 1.995833591320951006e-01 7.571993357991518847e-02 0.000000000000000000e+00 1.024963130422872570e+00 2.722241042886720530e-01 2.900576959935884476e+09 1.166541940109028101e+09
6.700000000000000000e+01 6.600000000000100000e+13 0.000000000000000000e+00 1.264177063893863195e+00 1.103810566076904830e-02 1.158492957575904397e-01 2.670480556127453886e-02 0.000000000000000000e+00 1.368054344993496763e+00 1.252654421099731047e-02 1.423022401873577595e+09 3.357782207017197609e+08
6.800000000000000000e+01 6.600000000000100000e+13 0.000000000000000000e+00 1.129118993310761043e+00 1.160415379137390290e-01 1.635087384717952563e-01 4.254935367976591526e-02 0.000000000000000000e+00 1.096030465246383478e+00 1.393187200066055287e-01 1.274124700419165373e+09 3.729851388632399440e+08
6.900000000000000000e+01 6.600000000000500000e+13 0.000000000000000000e+00 1.109710865008660896e+00 9.660555851091330581e-02 8.538330357575744933e-02 4.868061864840879382e-02 0.000000000000000000e+00 1.262841049365570179e+00 1.942213183966476353e-02 2.081369784242711663e+08 9.506542989404617250e+07
7.000000000000000000e+01 6.600000000000100000e+13 0.000000000000000000e+00 1.346863689185169966e+00 7.300586641409433086e-02 1.162201860489982530e-01 5.868663040136863629e-02 0.000000000000000000e+00 1.293605766287396319e+00 9.680134368316517524e-02 1.334841039586982489e+09 6.975424218962482214e+08
7.100000000000000000e+01 6.600000000000300000e+13 0.000000000000000000e+00 1.149925599228744044e+00 1.035490805401640263e-01 1.728533078653786137e-01 1.060956336859179699e-01 0.000000000000000000e+00 1.217680749982088750e+00 1.188801817581175840e-01 2.225600555166637421e+09 1.445906522430383921e+09
7.200000000000000000e+01 6.600000000000300000e+13 1.000000000000000000e+00 1.146972452576679791e+00 2.051072368886361005e-02 1.452062470901934257e-02 1.022345621534684855e-02 0.000000000000000000e+00 1.134513547712197701e+00 2.333728128914033112e-02 1.397380776160888672e+08 1.397380776160888672e+08
7.300000000000000000e+01 6.600000000000100000e+13 0.000000000000000000e+00 1.339939305573109696e+00 4.609868834362835371e-02 1.786209862212155552e-01 5.805209513023782547e-02 0.000000000000000000e+00 1.269729757679951776e+00 3.822434433349968658e-02 1.422949629335732937e+09 3.575302025548644066e+08
7.400000000000000000e+01 6.600000000000100000e+13 0.000000000000000000e+00 1.152797362209997178e+00 1.023973586029807148e-01 7.855218093585066008e-02 4.015784067160214216e-02 0.000000000000000000e+00 1.213179579994660973e+00 1.261558811625103915e-01 1.057884401440154314e+09 5.600475447515504360e+08
7.500000000000000000e+01 6.600000000000100000e+13 0.000000000000000000e+00 1.431765421076770073e+00 2.739558165259714517e-01 2.462068249390545194e-01 1.799620783607654428e-01 0.000000000000000000e+00 1.546786998612280195e+00 2.759753168891843078e-01 7.074386214685633183e+08 1.608621858245194554e+08
7.600000000000000000e+01 6.600000000000100000e+13 0.000000000000000000e+00 1.052127333266615450e+00 4.729814298506392067e-02 1.093464269406392714e-01 2.355176501580611217e-02 0.000000000000000000e+00 1.191203092571390121e+00 2.408081052549799345e-02 8.871218371156247854e+08 3.506584418064379692e+08
7.700000000000000000e+01 6.600000000000100000e+13 0.000000000000000000e+00 1.802855492884279487e+00 1.634565346998547164e-01 1.532261913040598722e-01 8.297900523213458390e-02 0.000000000000000000e+00 1.651605350461453847e+00 2.216710906931919634e-01 1.915640324718510866e+09 1.045545095867037177e+09
7.800000000000000000e+01 6.600000000000100000e+13 0.000000000000000000e+00 1.346782916093640647e+00 5.984067141481221042e-02 1.520188486294640207e-01 4.809428325078703159e-02 0.000000000000000000e+00 1.398339873336301942e+00 8.347759911701554958e-02 1.749803872833578348e+09 5.665468063864341974e+08
7.900000000000000000e+01 6.600000000000100000e+13 0.000000000000000000e+00 1.769805337325911943e+00 7.151527559564191394e-02 1.805048410114224733e-01 6.853721188963123045e-02 0.000000000000000000e+00 1.885610464045095913e+00 1.271501425417144726e-01 2.531505212602870941e+09 1.084932968291122437e+09
8.000000000000000000e+01 6.600000000000500000e+13 0.000000000000000000e+00 1.705514907632302180e+00 5.745335020085077377e-02 6.709419450192137535e-02 3.771871120307419140e-02 0.000000000000000000e+00 1.832442882676780016e+00 8.656818355227320627e-02 6.768274191855497360e+08 6.136230312818238735e+08
8.100000000000000000e+01 6.600000000000100000e+13 0.000000000000000000e+00 1.406988870083077492e+00 9.766503277381004267e-02 1.654706323438902837e-01 6.271220702077322240e-02 0.000000000000000000e+00 1.371310156343019004e+00 1.391921755648868053e-01 1.930415531981208086e+09 7.851035307331138849e+08
8.200000000000000000e+01 6.600000000000300000e+13 0.000000000000000000e+00 9.479983912631891885e-01 1.159703437285893313e-01 2.829473667942056236e-01 9.505605587208233731e-02 0.000000000000000000e+00 1.162902589893586525e+00 1.235224588630567250e-01 1.156305003230019808e+09 7.196637853408932686e+08
8.300000000000000000e+01 6.600000000000100000e+13 0.000000000000000000e+00 1.632670434551405814e+00 6.983438431737822027e-02 2.127107310496707260e-01 3.651323823170258415e-02 0.000000000000000000e+00 1.918036192844793320e+00 8.136542241474015169e-02 1.647081186031076670e+09 4.801199835309968591e+08
8.400000000000000000e+01 6.600000000005100000e+13 0.000000000000000000e+00 1.381093238204958773e+00 1.116946145144965402e-01 8.308228172554967678e-03 8.308228172554967678e-03 0.000000000000000000e+00 1.461854005209968221e+00 9.298348508080561681e-02 1.192494056803988516e+08 1.192494056803988516e+08
8.500000000000000000e+01 6.600000000000100000e+13 0.000000000000000000e+00 1.154155832786642355e+00 1.428704933762149076e-01 2.327029134034750424e-01 6.627708679142317594e-02 0.000000000000000000e+00 1.153786257932992942e+00 1.329818986335053743e-01 2.043158868057912111e+09 8.541604533792824745e+08
8.600000000000000000e+01 6.600000000002100000e+13 0.000000000000000000e+00 1.100347681881571171e+00 8.958586587077685404e-02 5.746672138753078363e-02 5.746672138753078363e-02 0.000000000000000000e+00 1.071518578106752217e+00 1.052043082019672726e-01 7.227453960766104460e+08 7.227453960766104460e+08
8.700000000000000000e+01 6.600000000000100000e+13 0.000000000000000000e+00 2.145603077954310045e+00 1.414255475687990204e-01 3.936597880214974254e-01 1.849243899498368704e-01 0.000000000000000000e+00 1.927364169015485018e+00 1.098908028327434533e-01 1.403778318853961229e+09 6.413524792941523790e+08
8.800000000000000000e+01 6.600000000000200000e+13 0.000000000000000000e+00 1.786763816154401274e+00 1.019915373503147427e-01 1.831917584360784890e-01 5.158904376882644804e-02 0.000000000000000000e+00 1.938762009354044080e+00 1.279898567032726198e-01 1.610846896318275928e+09 7.187769871614847183e+08
8.900000000000000000e+01 6.600000000000200000e+13 0.000000000000000000e+00 1.106996775288989099e+00 4.626983711530578691e-02 5.309034085180874135e-02 2.688504156394064606e-02 0.000000000000000000e+00 1.420933677139385898e+00 3.828154431353940346e-02 4.496683173236043453e+08 2.121430378220727742e+08
9.000000000000000000e+01 6.600000000000800000e+13 0.000000000000000000e+00 1.359377156700996458e+00 1.005022855264636888e-01 1.542670358861839841e-01 4.942284776915157468e-02 0.000000000000000000e+00 1.153936714863605273e+00 1.455553327433724287e-01 1.881777586376715183e+09 6.950066889295117855e+08
9.100000000000000000e+01 6.600000000001000000e+13 0.000000000000000000e+00 1.166991679970328155e+00 1.113356799192522367e-01 9.579722006665612744e-02 6.066462719975847240e-02 0.000000000000000000e+00 1.210000692936564759e+00 1.400608859127251138e-01 1.310916630103134394e+09 8.301521547267822027e+08
9.200000000000000000e+01 6.600000000000200000e+13 0.000000000000000000e+00 1.245005527825464364e+00 9.581827907828321944e-02 3.344066425212957605e-01 1.764254419442493893e-01 0.000000000000000000e+00 1.433947497548746064e+00 1.356658974023769726e-01 2.329332118139889240e+09 1.700388027634694576e+09
9.300000000000000000e+01 6.600000000000200000e+13 0.000000000000000000e+00 1.149319993423446373e+00 1.188824064907042510e-01 1.180998357080980943e-01 3.987252441975087242e-02 0.000000000000000000e+00 1.248460367474950816e+00 1.515735699572098027e-01 1.627427301726712942e+09 6.148486780281438828e+08
9.400000000000000000e+01 6.600000000000600000e+13 0.000000000000000000e+00 1.150271508985306834e+00 2.076371812126638072e-01 1.311162623453830667e-01 5.192611947454214144e-02 0.000000000000000000e+00 1.207932358835627884e+00 2.196745620796402287e-01 1.745808339687453270e+09 7.292126089574908018e+08
9.500000000000000000e+01 6.600000000000200000e+13 0.000000000000000000e+00 1.238669015271581353e+00 6.219382951233941997e-02 1.309028228346280909e-01 2.283373463835642117e-02 0.000000000000000000e+00 1.173534931640907164e+00 6.031804475212655670e-02 1.283800044967813253e+09 3.479669482584279776e+08
9.600000000000000000e+01 6.600000000005700000e+13 0.000000000000000000e+00 9.762511735879491059e-01 1.253706894469706901e-01 1.598737281043064451e-01 8.487526979605621025e-02 0.000000000000000000e+00 8.502400041929423224e-01 6.316054861857506308e-02 -1.000000000000000000e+00 -1.000000000000000000e+00
9.700000000000000000e+01 6.600000000000900000e+13 0.000000000000000000e+00 1.204731378511109119e+00 9.539328820803329168e-02 1.826040681494218998e-01 7.756635065728442746e-02 0.000000000000000000e+00 1.222440523055837724e+00 1.626796653779815083e-01 2.337817359926332474e+09 9.930554283399020433e+08
9.800000000000000000e+01 6.600000000000200000e+13 0.000000000000000000e+00 1.328328624198018781e+00 1.845279893720190856e-01 1.562047534810846461e-01 1.055832132959322045e-01 0.000000000000000000e+00 1.184099588433122463e+00 2.209603110832784600e-01 1.862065073875071287e+09 1.300865467446388483e+09
9.900000000000000000e+01 6.600000000000200000e+13 0.000000000000000000e+00 1.347403437563363671e+00 1.234700501684325435e-01 2.505581701911911430e-01 1.211182528389731228e-01 0.000000000000000000e+00 1.330003029541371173e+00 1.571693190734545220e-01 3.126787112068957329e+09 1.708785348932365894e+09
1.000000000000000000e+02 6.600000000001900000e+13 0.000000000000000000e+00 7.854418680471311198e-01 2.397977813865490304e-01 2.156102355340923094e-01 2.083631165117941497e-01 0.000000000000000000e+00 9.463099978598060735e-01 1.814945655876996633e-01 1.019019715420677960e+08 1.019019715420677960e+08
1.010000000000000000e+02 6.600000000001400000e+13 0.000000000000000000e+00 1.362890558202057179e+00 8.603722470151900503e-02 1.816160933099780217e-01 4.970925036641603290e-02 0.000000000000000000e+00 1.149229576729816626e+00 9.315637093194036045e-02 2.242897160861630440e+09 7.036268588942834139e+08
1.020000000000000000e+02 6.600000000000400000e+13 1.000000000000000000e+00 1.107823765322423659e+00 2.997746629144076164e-02 7.181465592528561703e-02 3.141345999607891848e-02 0.000000000000000000e+00 1.387817993945133166e+00 3.632018899769888509e-02 9.021622053728370667e+08 4.569977864674619436e+08
1.030000000000000000e+02 6.600000000000700000e+13 0.000000000000000000e+00 1.511205118784192170e+00 7.505528085998207366e-02 1.312547656493035231e-01 4.562306291982072548e-02 0.000000000000000000e+00 1.761598707479094417e+00 6.904653143486932931e-02 1.073435396793559074e+09 7.989455901932148933e+08
1.040000000000000000e+02 6.600000000000100000e+13 0.000000000000000000e+00 1.165902092433067416e+00 8.265058369843897301e-02 1.128992399854672063e-01 2.374118104315057348e-02 0.000000000000000000e+00 1.218524845724159311e+00 1.154789081781892185e-01 1.313144268502278328e+09 3.121674812539151311e+08
1.050000000000000000e+02 6.600000000000500000e+13 0.000000000000000000e+00 1.163503184249204958e+00 1.285751151039102869e-01 2.541654148499410959e-01 9.202432858825081163e-02 0.000000000000000000e+00 9.052363823547661115e-01 1.256334174829197015e-01 3.136857956436550140e+09 1.297571181252867460e+09
1.060000000000000000e+02 6.600000000000200000e+13 0.000000000000000000e+00 1.128267321493517050e+00 1.725033284999187011e-01 1.731410597147151620e-01 6.871771135067339387e-02 0.000000000000000000e+00 1.144647087195261204e+00 1.254286503531032992e-01 1.221582659377980709e+09 5.038722451085789800e+08
1.070000000000000000e+02 6.600000000000100000e+13 0.000000000000000000e+00 1.352139487898317505e+00 1.641835070666223251e-01 2.503889239736536987e-01 1.575759702106957205e-01 0.000000000000000000e+00 1.558715858870930893e+00 6.763527506762856412e-02 4.122994234308197498e+08 9.665251368213349581e+07
1.080000000000000000e+02 6.600000000000100000e+13 0.000000000000000000e+00 1.297171516765259769e+00 5.027864963948457805e-02 1.864803497705967705e-01 5.850273778299008853e-02 0.000000000000000000e+00 1.352354464108781018e+00 1.245389200245600875e-01 1.703451239336103678e+09 5.353206590994352102e+08
1.090000000000000000e+02 6.600000000001400000e+13 0.000000000000000000e+00 1.829516216863323441e+00 8.412597932235343912e-02 1.161725345944999155e-01 5.289426052431833031e-02 0.000000000000000000e+00 1.696923704682937739e+00 6.668908899687982228e-02 8.279127995216177702e+08 7.761732028049261570e+08
1.100000000000000000e+02 6.600000000000300000e+13 0.000000000000000000e+00 1.078924136025863234e+00 4.310287879083031515e-02 1.455675211395606183e-01 3.552759996838944501e-02 0.000000000000000000e+00 9.323867749203388344e-01 5.563521729874961602e-02 1.200620481876441240e+09 4.874615992198701501e+08
1.110000000000000000e+02 6.600000000001400000e+13 0.000000000000000000e+00 1.063461539939251299e+00 1.000338827396858449e-01 8.872138850427806200e-02 8.696559804025988383e-02 0.000000000000000000e+00 9.673028481573159310e-01 1.255674260125122232e-01 1.598809303941293955e+09 1.567168972596521378e+09
1.120000000000000000e+02 6.600000000000700000e+13 0.000000000000000000e+00 1.324512145204106428e+00 4.356174484428024934e-02 8.390629260618773233e-02 3.236601992658626192e-02 0.000000000000000000e+00 1.311687461775826513e+00 5.180998989829321139e-02 8.107728475377293825e+08 4.957439072411590815e+08
1.130000000000000000e+02 6.600000000001000000e+13 0.000000000000000000e+00 9.692480886862557821e-01 5.178945996724075573e-02 1.046294672041839235e-01 4.543419045543691664e-02 0.000000000000000000e+00 1.164017404540677258e+00 3.862472274248455323e-02 5.389149543132582903e+08 2.395752480158697367e+08
1.140000000000000000e+02 6.600000000000100000e+13 0.000000000000000000e+00 1.325827645028766044e+00 1.766145510125909923e-01 1.437632268170977445e-01 3.870200388985206574e-02 0.000000000000000000e+00 1.335429154152360631e+00 1.576457115133042541e-01 1.628619305445211172e+09 5.254093301079696417e+08
1.150000000000000000e+02 6.600000000000300000e+13 0.000000000000000000e+00 1.353377349403894314e+00 1.146460937983755646e-01 1.182840885042810847e-01 2.511153118011427710e-02 0.000000000000000000e+00 1.380006131063599595e+00 1.315974656659018582e-01 1.146370405329111576e+09 3.262650620005757809e+08
1.160000000000000000e+02 6.600000000000200000e+13 0.000000000000000000e+00 1.031571919753623057e+00 4.818845956869665520e-02 2.388491669204767173e-02 1.313197457572111253e-02 0.000000000000000000e+00 1.101133711991726161e+00 3.545180290242681137e-02 1.383284550754676759e+08 1.027650526924062222e+08
1.170000000000000000e+02 6.600000000000200000e+13 0.000000000000000000e+00 1.461139945340339086e+00 5.524750248529092245e-02 1.206342256361017801e-01 3.272280364858377172e-02 0.000000000000000000e+00 1.477262919140515551e+00 9.479153539696950903e-02 1.476834080199682236e+09 4.398850799675998688e+08
1.180000000000000000e+02 6.600000000000100000e+13 0.000000000000000000e+00 1.240832370572870769e+00 3.534580552253115820e-02 9.564298283812905366e-02 3.572628099911789867e-02 0.000000000000000000e+00 1.305075780221548909e+00 5.363940066162772857e-02 1.097888433741524220e+09 4.774853531134220362e+08
1.190000000000000000e+02 6.600000000000100000e+13 0.000000000000000000e+00 1.321115768090503684e+00 5.376254574264999198e-02 1.935590113630537012e-01 4.891319352688519584e-02 0.000000000000000000e+00 1.292258108001697048e+00 5.191550759586082558e-02 2.016134191567986965e+09 5.849568795263830423e+08
1.200000000000000000e+02 6.600000000000100000e+13 0.000000000000000000e+00 1.246650525803748799e+00 1.695619804449499668e-01 2.878791070482246695e-01 1.238132249896955750e-01 0.000000000000000000e+00 1.167922997501918525e+00 1.256079501873796078e-01 1.670597792810062170e+09 5.327799296970481873e+08
1.210000000000000000e+02 6.600000000000200000e+13 0.000000000000000000e+00 1.793718264113966177e+00 5.894451231956039650e-02 6.894261458012919397e-02 5.264152568440479824e-02 0.000000000000000000e+00 1.666919601204780443e+00 6.777167067880754403e-02 8.334305234559324980e+08 6.363706188670947552e+08
1.220000000000000000e+02 6.600000000000100000e+13 0.000000000000000000e+00 1.224345991579014914e+00 5.382912005280536538e-02 1.051175815263472174e-01 3.387293465358214711e-02 0.000000000000000000e+00 1.342144344919960375e+00 5.455360645997527069e-02 1.260794492608677864e+09 4.241660452805479169e+08
1.230000000000000000e+02 6.600000000016200000e+13 0.000000000000000000e+00 1.025314601544761395e+00 4.114007021237661016e-02 -1.000000000000000000e+00 -1.000000000000000000e+00 1.000000000000000000e+00 1.013354248078319531e+00 2.823118045308396773e-02 -1.000000000000000000e+00 -1.000000000000000000e+00
1.240000000000000000e+02 6.600000000000100000e+13 0.000000000000000000e+00 1.788312313585591395e+00 8.601770783308265722e-02 1.718950029824424797e-01 9.097279493762805425e-02 0.000000000000000000e+00 1.698548853363528455e+00 1.190039227612836314e-01 1.799004222364130497e+09 1.298137574099753380e+09
1.250000000000000000e+02 6.600000000000400000e+13 0.000000000000000000e+00 1.209338293779335993e+00 2.527156860104512806e-02 1.329093996395684096e-01 6.682423046441311743e-02 0.000000000000000000e+00 1.242238385497266062e+00 3.706831155084502893e-02 6.221447990173530579e+08 2.882447989828984141e+08
1.260000000000000000e+02 6.600000000000100000e+13 0.000000000000000000e+00 1.364078927205709668e+00 4.660566276312964884e-02 1.100004941848080758e-01 4.631235888041579374e-02 0.000000000000000000e+00 1.590337936301832622e+00 4.078610382771733628e-02 6.420095150073939562e+08 2.418718811455544531e+08
1.270000000000000000e+02 6.600000000000800000e+13 0.000000000000000000e+00 1.228624411895665736e+00 8.123155044076099673e-02 6.720961527746256714e-02 3.158369675563208606e-02 0.000000000000000000e+00 1.121878641115883868e+00 7.693109818908838715e-02 5.484829447639034986e+08 2.392126594791733027e+08
1.280000000000000000e+02 6.600000000000100000e+13 0.000000000000000000e+00 1.636699302980052062e+00 1.003866181353992443e-01 1.726639820265620240e-01 7.302745174513794457e-02 0.000000000000000000e+00 1.730155547432229213e+00 9.633161691863148524e-02 1.072418469688862085e+09 2.880566755850322247e+08
1.290000000000000000e+02 6.600000000000100000e+13 0.000000000000000000e+00 1.166127082935595416e+00 2.749199517634406259e-02 5.670892046997862146e-02 7.320954722421489994e-03 0.000000000000000000e+00 1.285604744434262869e+00 2.491276821652230883e-02 4.746676738398915529e+08 1.118383874655277282e+08
1.300000000000000000e+02 6.600000000004100000e+13 0.000000000000000000e+00 1.302530603849577862e+00 3.218607767957223920e-02 1.558292750671234211e-02 1.558292750671234211e-02 0.000000000000000000e+00 1.279979438654650137e+00 2.449179514365176086e-02 2.104657537157258093e+08 2.104657537157258093e+08
1.310000000000000000e+02 6.600000000000300000e+13 0.000000000000000000e+00 1.062234941516179143e+00 7.398786573226667773e-02 4.716139177274979166e-02 1.682633817254454087e-02 0.000000000000000000e+00 1.263570512449906369e+00 3.811577299485979092e-02 6.090421330770172924e+07 4.442770284350167215e+07
1.320000000000000000e+02 6.600000000002800000e+13 0.000000000000000000e+00 1.177747015896905003e+00 5.139709109705605655e-02 2.135601019273471179e-02 1.751267991536265348e-02 0.000000000000000000e+00 1.404609169087984943e+00 4.936607104656495076e-02 6.574648248519600183e+07 6.574648248519600183e+07
1.330000000000000000e+02 6.600000000000100000e+13 0.000000000000000000e+00 1.193139696057498922e+00 9.457234695818651782e-02 1.241251767329507594e-01 4.527912313034080510e-02 0.000000000000000000e+00 1.404675935254254826e+00 7.202982564536267174e-02 1.219311607855826139e+09 7.065856741441404819e+08
1.340000000000000000e+02 6.600000000001300000e+13 0.000000000000000000e+00 1.275802551552473796e+00 1.285484403617282723e-01 1.585214612989626348e-01 7.083493086429824837e-02 0.000000000000000000e+00 1.158949458103991637e+00 1.442268066498436363e-01 2.033451542430572510e+09 9.086428944300479889e+08
1.350000000000000000e+02 6.600000000000100000e+13 0.000000000000000000e+00 1.134168233394118763e+00 2.263983783942093986e-01 1.936834112518511231e-01 6.047192102667703351e-02 0.000000000000000000e+00 1.122846207188493706e+00 2.323554757809923321e-01 1.703554387416222811e+09 9.123192460480341911e+08
1.360000000000000000e+02 6.600000000001600000e+13 0.000000000000000000e+00 1.335080795311685220e+00 1.214975325135019962e-01 1.822117765733827499e-01 8.363133850141252212e-02 0.000000000000000000e+00 1.316647046637611229e+00 9.440428458770852571e-02 1.601391526893332481e+09 1.149609149577884674e+09
1.370000000000000000e+02 6.600000000000100000e+13 0.000000000000000000e+00 1.138500712365354994e+00 1.289237786109768968e-01 3.280046122445486323e-01 2.408131653715811504e-01 0.000000000000000000e+00 1.455145975041129525e+00 8.278119094728889071e-02 9.653768811346403360e+08 3.428655840304198265e+08
1.380000000000000000e+02 6.600000000000100000e+13 0.000000000000000000e+00 1.167032491482878465e+00 1.405091830097001948e-01 1.788477700230911016e-01 4.196647899748333355e-02 0.000000000000000000e+00 1.142778146586797439e+00 1.730462011642928399e-01 2.344495060592482567e+09 6.146300805518679619e+08
1.390000000000000000e+02 6.600000000000300000e+13 0.000000000000000000e+00 1.227730420654604471e+00 6.153878243601080406e-02 1.791583622888776595e-01 5.322824614640708774e-02 0.000000000000000000e+00 1.601530025929782441e+00 1.581936594853205688e-02 1.860666313212992668e+09 6.481082659961498976e+08
1.400000000000000000e+02 6.600000000000400000e+13 0.000000000000000000e+00 1.831972820022387483e+00 8.566244588322427522e-02 1.091481065525829464e-01 3.310340850740162155e-02 0.000000000000000000e+00 1.918830371027317350e+00 9.504972339318719377e-02 8.414125777821756601e+08 3.794915817978035212e+08
1.410000000000000000e+02 6.600000000000300000e+13 0.000000000000000000e+00 9.620536151637174571e-01 1.367740559133853451e-01 2.897119512629641180e-01 2.691086418114304046e-01 0.000000000000000000e+00 1.220504216813869114e+00 2.326767577671312592e-02 -1.000000000000000000e+00 -1.000000000000000000e+00
1.420000000000000000e+02 6.600000000000800000e+13 0.000000000000000000e+00 1.345882914051214074e+00 2.650021753385154236e-02 3.298516670156379643e-02 1.437083938264960975e-02 0.000000000000000000e+00 1.346664176405835356e+00 2.725232178403295263e-02 4.875900072980512977e+08 2.124311737716046274e+08
1.430000000000000000e+02 6.600000000000100000e+13 0.000000000000000000e+00 1.148965005229817704e+00 1.155329043226945296e-01 1.626671593795712689e-01 6.258614187976810350e-02 0.000000000000000000e+00 1.129521331512488791e+00 1.436671180097533196e-01 1.881347925638751030e+09 7.912099101947435141e+08
1.440000000000000000e+02 6.600000000000200000e+13 0.000000000000000000e+00 1.450849238963532573e+00 1.068524511857373988e-01 1.307165533210272457e-01 6.196314647495061029e-02 0.000000000000000000e+00 1.592671453369595591e+00 1.072313459762014309e-01 1.681411665379961729e+09 8.056509366560817957e+08
1.450000000000000000e+02 6.600000000000100000e+13 0.000000000000000000e+00 1.520797601611070249e+00 4.815090214722062695e-02 9.657067903166281775e-02 2.278618153408538960e-02 0.000000000000000000e+00 1.491009575952417343e+00 7.722614327867889650e-02 8.589707393327988386e+08 2.953673592244176269e+08
1.460000000000000000e+02 6.600000000000100000e+13 0.000000000000000000e+00 1.149385890042895930e+00 7.739230915072942141e-02 1.517344618953742896e-01 3.946162308169866989e-02 0.000000000000000000e+00 1.136827404720490042e+00 8.760370015011620382e-02 2.036197666719359875e+09 5.295544851196603775e+08
1.470000000000000000e+02 6.600000000000400000e+13 0.000000000000000000e+00 1.150382701854901324e+00 1.349944588384722755e-01 1.565097749583507503e-01 6.395556689114756388e-02 0.000000000000000000e+00 9.944163460076080874e-01 1.875212324524426211e-01 2.097743852504716873e+09 9.678079186772706509e+08
1.480000000000000000e+02 6.600000000000300000e+13 0.000000000000000000e+00 1.238372149664490607e+00 4.551767299943217104e-02 4.741024338408030697e-02 1.611974262280051889e-02 0.000000000000000000e+00 1.371048497387302278e+00 4.125837728236977225e-02 4.844651609981070161e+08 2.325778010377513170e+08
1.490000000000000000e+02 6.600000000000300000e+13 0.000000000000000000e+00 1.316095782532426206e+00 7.187740074278466118e-02 1.535450692779219972e-01 4.302815348123474604e-02 0.000000000000000000e+00 1.287189859771386002e+00 9.070540112908892505e-02 1.651174547094219923e+09 5.096518712101522088e+08
1.500000000000000000e+02 6.600000000000200000e+13 0.000000000000000000e+00 1.516784394616301768e+00 1.843721024802489616e-01 2.903055028992457820e-01 1.908192004185377266e-01 0.000000000000000000e+00 1.715158496895037077e+00 1.250069639851844050e-01 7.703936915502977371e+08 1.816777311873744130e+08
1.510000000000000000e+02 6.600000000000100000e+13 0.000000000000000000e+00 1.264926148731704059e+00 8.114579893136132649e-02 9.863486679348748565e-02 4.558511730925524086e-02 0.000000000000000000e+00 1.312379464226893999e+00 8.443252814043925025e-02 1.208451741628641844e+09 5.584983910410945415e+08
1.520000000000000000e+02 6.600000000000100000e+13 0.000000000000000000e+00 2.116852418104296252e+00 6.740913234379314334e-02 6.471222781304547533e-02 1.765126914938224684e-02 0.000000000000000000e+00 2.188634665568926163e+00 8.119372719946363337e-02 7.150339449530514479e+08 2.175821648544238508e+08
1.530000000000000000e+02 6.600000000000100000e+13 0.000000000000000000e+00 1.058322406719660158e+00 1.938726077732987399e-02 1.731354364718525329e-01 7.464825989914855575e-02 0.000000000000000000e+00 1.227910767485939969e+00 2.144773300300791691e-02 9.389569556283719540e+08 3.413000375443310142e+08
1.540000000000000000e+02 6.600000000000200000e+13 0.000000000000000000e+00 1.141988864367209588e+00 5.301647428316718508e-02 1.665738510262173011e-01 1.065904174480924588e-01 0.000000000000000000e+00 1.017350660947507146e+00 9.568359615005946062e-02 1.777611879744153023e+09 1.578423937474674702e+09
1.550000000000000000e+02 6.600000000000400000e+13 0.000000000000000000e+00 7.877420655033298136e-01 9.006448692646451537e-02 1.810772461172300840e-01 1.085395273948362993e-01 0.000000000000000000e+00 1.124477711697360993e+00 6.826526916112968246e-02 6.307036887720568180e+08 4.070552422659217715e+08
1.560000000000000000e+02 6.600000000000100000e+13 0.000000000000000000e+00 1.134983325029749190e+00 1.024736528090347543e-01 1.252179289677122775e-01 2.688741582417736656e-02 0.000000000000000000e+00 1.194525443828037270e+00 8.463928050990711383e-02 1.026310255121986032e+09 3.360945858031960130e+08
1.570000000000000000e+02 6.600000000000100000e+13 0.000000000000000000e+00 1.007118218634652340e+00 4.350158400628941630e-02 1.457560659297573724e-01 3.618581575256737265e-02 0.000000000000000000e+00 1.319082378603792627e+00 5.469949546559557674e-02 1.445393899878817797e+09 6.145449389380604029e+08
1.580000000000000000e+02 6.600000000001600000e+13 0.000000000000000000e+00 1.246950481096100072e+00 7.639599292709856049e-02 5.695319365139537432e-02 4.065255105130007734e-02 0.000000000000000000e+00 1.465785066425213001e+00 1.169323240582323675e-01 7.202696286020176411e+08 5.961147820317565203e+08
1.590000000000000000e+02 6.600000000001200000e+13 0.000000000000000000e+00 1.442395542339248715e+00 1.167859673249978664e-01 1.070433107423021529e-01 2.884732376327445516e-02 0.000000000000000000e+00 1.639738585910507584e+00 6.342928302059515355e-02 9.938456555912563801e+08 4.569784852405042648e+08
1.600000000000000000e+02 6.600000000000100000e+13 0.000000000000000000e+00 8.542980898931981093e-01 8.502306981791499241e-02 2.723164922810444866e-01 4.924958795312568000e-02 0.000000000000000000e+00 1.063632181913817698e+00 1.414981601240755671e-01 1.978082972692197323e+09 8.226477911528387070e+08
1.610000000000000000e+02 6.600000000000100000e+13 0.000000000000000000e+00 1.154684683566314041e+00 1.048635222313925447e-01 1.530291595561011075e-01 3.054973403989900624e-02 0.000000000000000000e+00 1.246737442531245632e+00 1.090872268601920103e-01 1.856543218624218225e+09 4.146915686319904327e+08
1.620000000000000000e+02 6.600000000000900000e+13 0.000000000000000000e+00 1.184307963364158889e+00 5.271555211480383890e-02 9.921084941804540758e-02 4.579070384417578687e-02 0.000000000000000000e+00 1.117483092713847048e+00 7.616059054908368153e-02 1.200324631763535738e+09 6.230874524789714813e+08
1.630000000000000000e+02 6.600000000000100000e+13 1.000000000000000000e+00 1.144590760896296411e+00 3.994527361985373420e-02 9.093004415558186837e-02 4.950290545564704769e-02 0.000000000000000000e+00 1.345266305323354228e+00 6.610237737534975511e-02 9.666726886931402683e+08 6.832721718852845430e+08
1.640000000000000000e+02 6.600000000001700000e+13 0.000000000000000000e+00 1.207275454299735706e+00 1.948055296884085852e-01 1.695695398876675697e-01 1.622917907205047028e-01 0.000000000000000000e+00 8.700478895849337313e-01 2.400856577284315174e-01 2.819531455844760418e+09 2.698520083648095608e+09
1.650000000000000000e+02 6.600000000000200000e+13 0.000000000000000000e+00 1.071352839225684583e+00 4.503545895826391310e-02 3.236076218784578185e-01 1.438415308845544804e-01 0.000000000000000000e+00 1.457846950237517980e+00 7.111563298200583583e-02 1.165639333854660034e+09 7.128009782952616215e+08
1.660000000000000000e+02 6.600000000000300000e+13 0.000000000000000000e+00 1.237541086478526564e+00 7.486248437921967647e-02 3.742141456429602664e-02 2.340581168663128167e-02 0.000000000000000000e+00 1.234422703170961588e+00 7.173863869545987759e-02 5.007165838303487301e+08 3.131810543765033484e+08
1.670000000000000000e+02 6.600000000000300000e+13 0.000000000000000000e+00 1.052525709975733470e+00 6.012576891204878676e-02 8.685020906101945104e-02 1.689937977343789963e-02 0.000000000000000000e+00 1.209126040440913874e+00 1.015123056825261161e-01 1.181374627781970263e+09 2.398110882993343771e+08
1.680000000000000000e+02 6.600000000015200000e+13 0.000000000000000000e+00 1.578946427092101423e+00 3.112178701712179155e-02 2.504208155122200283e-02 2.504208155122200283e-02 0.000000000000000000e+00 1.578946427092101423e+00 3.116626892001412436e-02 2.452147992105755210e+08 2.452147992105755210e+08
1.690000000000000000e+02 6.600000000000400000e+13 0.000000000000000000e+00 1.313051898071418755e+00 9.266923881737973434e-02 1.840047971623021972e-01 1.066184457479050218e-01 0.000000000000000000e+00 1.199482840243825343e+00 1.454590940413078848e-01 2.481713132566673756e+09 1.536522947084443569e+09
1.700000000000000000e+02 6.600000000001200000e+13 0.000000000000000000e+00 1.009788992898281057e+00 9.161032126227171279e-02 2.460986573566650293e-01 7.015429532484221409e-02 0.000000000000000000e+00 1.462767282202861896e+00 7.369993919928290171e-02 1.234047343962921143e+09 9.315543066099226475e+08
1.710000000000000000e+02 6.600000000000700000e+13 0.000000000000000000e+00 1.396782398831663441e+00 8.215327051058457508e-02 8.158378123691191475e-02 3.134004607008236687e-02 0.000000000000000000e+00 1.431828076195463595e+00 5.334398893376145201e-02 1.066807766190060616e+09 4.098094502782289386e+08
1.720000000000000000e+02 6.600000000000200000e+13 0.000000000000000000e+00 1.133347335685521706e+00 4.443682309743903630e-02 5.814406951354028630e-02 1.534828054536313720e-02 0.000000000000000000e+00 1.167696163217606387e+00 6.459945765120952976e-02 3.756716835173770189e+08 1.452351601740138829e+08
1.730000000000000000e+02 6.600000000000100000e+13 0.000000000000000000e+00 1.760762433301340080e+00 8.543707627307978170e-02 1.556084356931741186e-01 4.538653456941575681e-02 0.000000000000000000e+00 1.880306343494899890e+00 9.158321624331594579e-02 1.799080403526976109e+09 5.887281989243346453e+08
1.740000000000000000e+02 6.600000000000100000e+13 0.000000000000000000e+00 1.103035261759876873e+00 9.493064042685978032e-02 1.680631500297566083e-01 8.881890174239034930e-02 0.000000000000000000e+00 1.515637744832427414e+00 7.266605948404469828e-02 7.041157094275974035e+08 2.138052971857994497e+08
1.750000000000000000e+02 6.600000000000600000e+13 0.000000000000000000e+00 1.138049996477973558e+00 3.608762167958530498e-02 1.282362987725564341e-01 6.299817670046338469e-02 0.000000000000000000e+00 1.380735147822438336e+00 3.741711805236559718e-02 8.408032694813419580e+08 1.944682803072280586e+08
1.760000000000000000e+02 6.600000000000100000e+13 0.000000000000000000e+00 1.227140309453913725e+00 4.688789415572097025e-02 1.158381889657164460e-01 2.863673701503854571e-02 0.000000000000000000e+00 1.419152527917844075e+00 4.689781529385311787e-02 9.592139625396729708e+08 2.584944760416428745e+08
1.770000000000000000e+02 6.600000000002000000e+13 0.000000000000000000e+00 1.055763153917130825e+00 2.449126427189419197e-01 2.397293270339184157e-01 1.424329597500421651e-01 0.000000000000000000e+00 9.811281866212863134e-01 3.064163762591355922e-01 3.992875783504037380e+09 2.372330172512781143e+09
1.780000000000000000e+02 6.600000000000100000e+13 0.000000000000000000e+00 1.689686139172886792e+00 1.691946912767155198e-01 3.661523998161034243e-01 1.738935957662300913e-01 0.000000000000000000e+00 1.972544802363046745e+00 1.423525275744844110e-01 1.139747690515818596e+09 3.442112001822093725e+08
1.790000000000000000e+02 6.600000000000100000e+13 0.000000000000000000e+00 1.191285994564906581e+00 1.859594996866542616e-02 1.089955378873925101e-01 3.582332150491361611e-02 0.000000000000000000e+00 1.264279508804638352e+00 2.949553344742137859e-02 9.020609754219695330e+08 3.493758320852533579e+08
1.800000000000000000e+02 6.600000000000100000e+13 0.000000000000000000e+00 1.129270621344162562e+00 7.078292931200406632e-03 1.623960018442892894e-01 3.564536951653273639e-02 0.000000000000000000e+00 1.214880484882572054e+00 4.616503432712290578e-02 1.751946168730051517e+09 5.067896548604766130e+08
1.810000000000000000e+02 6.600000000000300000e+13 0.000000000000000000e+00 1.216475182423870649e+00 2.738451341710952391e-01 3.039833766647211943e-01 1.548752232892944836e-01 0.000000000000000000e+00 1.637749107509873348e+00 1.014434867409560459e-01 8.376508414343554974e+08 5.956064062979882956e+08
1.820000000000000000e+02 6.600000000000100000e+13 1.000000000000000000e+00 1.127992635600747251e+00 2.174404588077151479e-02 7.580150424718916369e-02 2.282728097424196675e-02 0.000000000000000000e+00 1.215640838836973492e+00 4.040800819340169964e-02 6.129534751587868929e+08 3.490900205311495662e+08
1.830000000000000000e+02 6.600000000000100000e+13 0.000000000000000000e+00 1.157070865646000257e+00 3.140486960336406203e-02 6.108606042865970948e-02 1.481289231469736824e-02 0.000000000000000000e+00 1.369030136868298664e+00 7.015816447385142540e-02 4.821476635252044797e+08 2.443604370408822298e+08
1.840000000000000000e+02 6.600000000000200000e+13 0.000000000000000000e+00 2.669543416449747131e+00 1.113280337234997253e-01 1.902877906235001804e-01 8.135550384865403162e-02 0.000000000000000000e+00 2.691389629027264974e+00 1.373669811327459800e-01 2.222396680768991470e+09 9.501618633708003759e+08
1.850000000000000000e+02 6.600000000000200000e+13 0.000000000000000000e+00 1.139919265380928248e+00 5.768881272510212321e-02 7.929836163981542063e-02 4.183645502998405152e-02 0.000000000000000000e+00 1.307288177310678368e+00 8.435317474848388897e-02 7.702683225495576859e+08 5.920785582897918224e+08
1.860000000000000000e+02 6.600000000000200000e+13 0.000000000000000000e+00 1.248201765272793251e+00 5.687492227783095405e-02 7.089589002231019843e-02 6.557447695687124156e-02 0.000000000000000000e+00 1.274308924459011338e+00 8.453646654403347560e-02 9.462504135220098495e+08 9.054116915707876682e+08
1.870000000000000000e+02 6.600000000000100000e+13 0.000000000000000000e+00 1.196730625095211442e+00 7.675634173874788801e-02 2.708787168463786532e-01 1.701066302255294094e-01 0.000000000000000000e+00 1.125170969115983466e+00 1.132993902832972327e-01 1.706059580375151873e+09 1.401429774149723291e+09
1.880000000000000000e+02 6.600000000000100000e+13 0.000000000000000000e+00 1.186884997025002608e+00 6.115703690153282551e-02 1.137677697700834323e-01 3.025047980885981619e-02 0.000000000000000000e+00 1.344292291493552893e+00 2.606362126253045086e-02 5.874304485272380114e+08 1.494079525971702933e+08
1.890000000000000000e+02 6.600000000001000000e+13 0.000000000000000000e+00 1.580397807992667492e+00 4.649097461635590817e-02 6.458927868234971836e-02 3.323950896296676977e-02 0.000000000000000000e+00 1.738516381554767953e+00 6.168057622300378295e-02 7.850679230959748030e+08 4.477412443298135400e+08
1.900000000000000000e+02 6.600000000000100000e+13 0.000000000000000000e+00 1.217241414336759142e+00 4.284697946597456480e-02 1.152356256172653304e-01 3.430772601834885388e-02 0.000000000000000000e+00 1.346914690324789277e+00 6.162826862232941710e-02 7.175173703114800453e+08 3.534503744757276177e+08
1.910000000000000000e+02 6.600000000000100000e+13 0.000000000000000000e+00 1.242935135530174318e+00 9.892935902555373417e-02 1.281765603613908011e-01 4.466749346167933621e-02 0.000000000000000000e+00 1.275148771994158325e+00 1.278896888588849368e-01 1.452244658636490822e+09 5.767812688650387526e+08
1.920000000000000000e+02 6.600000000005700000e+13 0.000000000000000000e+00 2.094417469357257922e+00 9.492687109948771962e-02 1.409081610386776484e-01 1.409081610386776484e-01 0.000000000000000000e+00 1.894112984598629978e+00 1.136477549057215708e-01 1.702362476932746649e+09 1.702362476932746649e+09
1.930000000000000000e+02 6.600000000000100000e+13 0.000000000000000000e+00 1.089750013925463890e+00 9.136232620645666491e-02 1.079923767152256853e-01 6.416429760738397159e-02 0.000000000000000000e+00 9.398590916244613513e-01 7.770618984298519050e-02 1.457221077333853483e+09 9.207724625869735479e+08
1.940000000000000000e+02 6.600000000000100000e+13 0.000000000000000000e+00 1.038825624619975407e+00 1.088553930535515746e-01 3.128948941360982783e-01 6.869055837427362476e-02 0.000000000000000000e+00 7.884889239469905498e-01 1.105635939762592695e-01 2.541983751496315002e+09 1.313571002896800280e+09
1.950000000000000000e+02 6.600000000000200000e+13 0.000000000000000000e+00 1.093976907234255558e+00 1.582308677670135333e-01 2.152898782822467161e-01 6.133486863948797718e-02 0.000000000000000000e+00 9.069135007036182028e-01 2.098726566337845711e-01 2.603606056544563293e+09 7.793988944260848761e+08
1.960000000000000000e+02 6.600000000000100000e+13 0.000000000000000000e+00 1.451271179568213165e+00 8.775846909266066254e-02 1.440346721099229343e-01 6.522872144081010015e-02 0.000000000000000000e+00 1.254126922918911369e+00 7.976737649133168462e-02 1.952426579825648069e+09 9.490734688913023472e+08
1.970000000000000000e+02 6.600000000000100000e+13 0.000000000000000000e+00 1.286808467108119247e+00 2.843965318090093536e-02 5.163285898404515462e-02 1.878912048353406639e-02 0.000000000000000000e+00 1.362701854801050327e+00 1.304201264012771165e-02 2.961300305475344062e+08 1.496129619277089536e+08
1.980000000000000000e+02 6.600000000000100000e+13 0.000000000000000000e+00 1.140853185808179848e+00 1.030094285072861438e-01 1.466608216963578293e-01 5.413289180376190668e-02 0.000000000000000000e+00 1.025423461984580120e+00 1.032884039484567723e-01 2.068787660170610189e+09 7.635949211087403297e+08
1.990000000000000000e+02 6.600000000000500000e+13 0.000000000000000000e+00 1.290057666922265645e+00 4.519728258831166856e-02 1.183456792015804837e-01 8.503355133183460035e-02 0.000000000000000000e+00 1.356307872028759354e+00 3.479393090283732642e-02 2.990307414224392772e+08 1.361663241602507830e+08
2.000000000000000000e+02 6.600000000000100000e+13 0.000000000000000000e+00 1.168160751134411424e+00 7.591154034277744489e-02 2.146886411303053632e-01 1.249193766632086949e-01 0.000000000000000000e+00 1.408237408037170901e+00 8.408681944015526655e-02 6.738369508772176504e+08 4.603830615293722749e+08
2.010000000000000000e+02 6.600000000000100000e+13 0.000000000000000000e+00 1.047747819270684166e+00 5.699893725639353093e-02 1.510960667888507913e-01 6.912750125749438090e-02 0.000000000000000000e+00 1.371059276313695507e+00 4.011863203462797539e-02 5.790234720807379484e+08 3.095685048460782170e+08
2.020000000000000000e+02 6.600000000000800000e+13 0.000000000000000000e+00 9.068352104454271423e-01 4.274054474097210843e-02 3.168468340752906426e-02 2.631283226001642286e-02 0.000000000000000000e+00 1.531460654290979884e+00 2.312511583169411800e-02 3.672529883316081762e+08 3.049885698609535694e+08
2.030000000000000000e+02 6.600000000000100000e+13 0.000000000000000000e+00 1.229279271425419040e+00 1.801310184183312069e-01 1.353636877429034158e-01 9.558364656403872672e-02 0.000000000000000000e+00 1.069522872138590763e+00 1.657490236254300642e-01 4.894544796938436031e+08 1.679684431373206377e+08
2.040000000000000000e+02 6.600000000001600000e+13 0.000000000000000000e+00 1.228154678308038816e+00 7.922773874529880078e-02 8.318639921997847408e-02 5.014146344212679768e-02 0.000000000000000000e+00 1.286793541299573684e+00 4.582724635891411574e-02 5.416848998091945648e+08 4.110888792244856954e+08
2.050000000000000000e+02 6.600000000000600000e+13 0.000000000000000000e+00 1.207469849874299062e+00 7.045795040122816710e-02 1.016169120998943048e-01 4.491052360016230260e-02 0.000000000000000000e+00 1.490465716774420191e+00 6.382872891936224036e-02 1.394039689439897776e+09 6.881506844587365389e+08
2.060000000000000000e+02 6.600000000000300000e+13 0.000000000000000000e+00 2.015511372592705630e+00 3.109054571948335344e-01 4.686739350666191406e-01 2.783577009109475808e-01 0.000000000000000000e+00 1.612375525396768650e+00 2.507891030957606904e-01 2.784246148728478432e+09 1.530715256919708490e+09
2.070000000000000000e+02 6.600000000000400000e+13 0.000000000000000000e+00 9.259450495553788185e-01 8.801759765104499866e-02 1.319208463451831959e-01 6.437189077308544394e-02 0.000000000000000000e+00 1.412040871973987421e+00 5.920225604860086116e-02 8.241186327990709245e+07 4.416003516115508229e+07
2.080000000000000000e+02 6.600000000000800000e+13 0.000000000000000000e+00 1.313468598083271877e+00 7.037062898390307464e-02 1.278179895641824160e-01 5.510154199300736771e-02 0.000000000000000000e+00 1.276497324781632248e+00 9.464921816791285747e-02 1.228564691891746998e+09 7.595782358240250349e+08
2.090000000000000000e+02 6.600000000000100000e+13 0.000000000000000000e+00 1.365634176739959349e+00 1.171805631262596153e-01 1.522138465584205458e-01 6.676718092566620577e-02 0.000000000000000000e+00 1.455079184567882322e+00 1.764802578798139177e-01 1.899186932686125040e+09 8.813266083127495050e+08
2.100000000000000000e+02 6.600000000000700000e+13 0.000000000000000000e+00 1.139124574632860432e+00 1.358808956411611812e-01 1.502092258794844870e-01 6.820815917798676853e-02 0.000000000000000000e+00 1.168586518604666447e+00 7.310716256096845556e-02 1.186713587716701508e+09 5.119444434295423627e+08
2.110000000000000000e+02 6.600000000000200000e+13 0.000000000000000000e+00 1.219077664107968140e+00 1.011465317617890602e-01 9.035197328379615533e-02 4.414154083906239590e-02 0.000000000000000000e+00 1.338296908994011103e+00 6.220948959228397163e-02 1.347499717638934612e+09 7.121932891852363348e+08
2.120000000000000000e+02 6.600000000000200000e+13 0.000000000000000000e+00 1.219646287585926192e+00 1.238363105625326852e-02 1.525857224464394375e-02 8.036290678395110673e-03 0.000000000000000000e+00 1.330428564649928758e+00 2.797600087628009102e-02 1.554430906527795494e+08 1.142250059076576233e+08
2.130000000000000000e+02 6.600000000000500000e+13 1.000000000000000000e+00 1.116034352929145212e+00 3.128857292838790188e-02 2.953446973723223776e-02 5.433043731223881172e-03 0.000000000000000000e+00 1.436345814700773271e+00 2.880304544553156931e-02 2.567481180768907070e+08 8.628274423007346690e+07
2.140000000000000000e+02 6.600000000000100000e+13 0.000000000000000000e+00 1.404226799935536896e+00 4.797365531090525687e-02 7.783342413736173138e-02 2.918551538165208362e-02 0.000000000000000000e+00 1.421518798928202987e+00 6.792957011829439673e-02 9.431703244484351873e+08 3.771189452328020334e+08
2.150000000000000000e+02 6.600000000000200000e+13 0.000000000000000000e+00 1.284349211405338309e+00 9.623697720022313107e-02 1.704706577020099201e-01 3.456638050288875913e-02 0.000000000000000000e+00 1.200825151704018490e+00 1.044140228880224008e-01 1.692311311736169100e+09 4.231166964398823380e+08
2.160000000000000000e+02 6.600000000000300000e+13 0.000000000000000000e+00 2.418610279859774614e+00 1.584892273575257693e-01 1.643829990041257572e-01 9.572485417555839926e-02 0.000000000000000000e+00 2.386361431317547410e+00 1.949062811123472849e-01 2.036731859621294975e+09 1.240806889341877222e+09
2.170000000000000000e+02 6.600000000000600000e+13 0.000000000000000000e+00 1.076401075685383235e+00 1.079420297945302282e-01 1.838922516266266183e-01 4.457230668168168236e-02 0.000000000000000000e+00 1.218879438529288262e+00 4.858160005712716667e-02 1.702116182060749292e+09 6.186852011717855930e+08
2.180000000000000000e+02 6.600000000000200000e+13 0.000000000000000000e+00 1.126832183000626708e+00 8.448821577829333795e-02 1.351212242064371294e-01 7.954003633624318059e-02 0.000000000000000000e+00 9.122749229543878347e-01 7.641993491332092769e-02 1.259755862524797440e+09 1.259755862524797440e+09
2.190000000000000000e+02 6.600000000001000000e+13 0.000000000000000000e+00 8.624628186391860574e-01 4.082690340809805307e-02 4.457683630621836479e-02 3.192792734304535085e-02 0.000000000000000000e+00 1.419409884110221842e+00 5.069912874955878612e-02 4.904922534340105653e+08 4.904922534340105653e+08
2.200000000000000000e+02 6.600000000000100000e+13 0.000000000000000000e+00 1.221484587828887358e+00 1.370766795765116786e-01 3.441793820672693349e-01 2.125104477898721311e-01 0.000000000000000000e+00 1.457337193430551237e+00 6.118358135472296705e-02 1.555024555635379314e+09 7.114500979632345438e+08
2.210000000000000000e+02 6.600000000000100000e+13 0.000000000000000000e+00 1.207333734666362623e+00 1.374832542102426003e-01 1.584143042970704296e-01 9.320751570404135766e-02 0.000000000000000000e+00 1.453275668316678759e+00 1.476272811329044365e-01 1.005909710720463753e+09 5.932760381973066330e+08
2.220000000000000000e+02 6.600000000000100000e+13 0.000000000000000000e+00 2.629441582245468645e+00 1.312901015437488716e-01 1.470315863015950464e-01 3.856725669279156138e-02 0.000000000000000000e+00 2.420394123873304437e+00 1.334715867814133261e-01 1.346052949238234043e+09 2.898974454752489924e+08
2.230000000000000000e+02 6.600000000000200000e+13 0.000000000000000000e+00 1.040030517382734443e+00 1.584802184200402864e-01 2.745797172141269393e-01 1.356234343576897261e-01 0.000000000000000000e+00 1.131849196396925050e+00 1.312001137211013524e-01 1.574267387809903860e+09 5.907584200792667866e+08
2.240000000000000000e+02 6.600000000000700000e+13 0.000000000000000000e+00 1.312024938852946354e+00 5.580405891471669488e-02 1.489967883385329150e-01 6.415293780514838562e-02 0.000000000000000000e+00 1.366989861366219916e+00 7.044734636174820874e-02 1.952789775025098085e+09 9.231817018766745329e+08
2.250000000000000000e+02 6.600000000000100000e+13 0.000000000000000000e+00 1.421821436396177640e+00 6.724462307508281833e-02 9.216146823772397578e-02 3.335666970582215618e-02 0.000000000000000000e+00 1.452753870339455577e+00 1.008095514966319411e-01 9.770308116380748749e+08 4.125090640251982212e+08
2.260000000000000000e+02 6.600000000000300000e+13 0.000000000000000000e+00 1.317519838898998374e+00 4.151335874448271873e-02 1.626240247110334325e-01 2.845187603355353936e-02 0.000000000000000000e+00 1.330467500071586651e+00 6.068331954328759492e-02 1.840429977253709078e+09 4.137971136716724038e+08
2.270000000000000000e+02 6.600000000000200000e+13 0.000000000000000000e+00 2.021274983890300359e+00 1.985831824375004495e-01 2.140949293488321192e-01 1.680474931532207061e-01 0.000000000000000000e+00 1.971683016534775179e+00 2.641537482081943167e-01 3.006969940090166569e+09 2.490735172343018532e+09
2.280000000000000000e+02 6.600000000000100000e+13 0.000000000000000000e+00 1.340909749256544270e+00 5.300891656943762520e-02 7.823624882340486641e-02 2.898135559064437747e-02 0.000000000000000000e+00 1.444916172004543808e+00 6.155802263707014360e-02 8.246973186050146818e+08 3.766080913359429240e+08
2.290000000000000000e+02 6.600000000000600000e+13 0.000000000000000000e+00 1.053369031877278816e+00 1.483595981873615799e-01 2.113693248276899417e-01 7.238703626695451587e-02 0.000000000000000000e+00 1.156956498314860804e+00 1.514945590965696420e-01 2.055460103431473732e+09 9.278033758948105574e+08
2.300000000000000000e+02 6.600000000000300000e+13 0.000000000000000000e+00 1.165196328888529642e+00 6.319101199155466309e-02 5.771526932332737836e-02 2.992733592609998425e-02 0.000000000000000000e+00 1.442996647681476841e+00 3.945538096332064371e-02 3.606162480724604130e+08 3.101539536827472448e+08
2.310000000000000000e+02 6.600000000000100000e+13 0.000000000000000000e+00 1.190168497093455402e+00 3.392394279311757715e-02 2.382356644789538833e-02 9.918473030282332764e-03 0.000000000000000000e+00 1.244805648456772884e+00 2.334385749665100415e-02 3.044510638237178922e+08 1.372365354786542952e+08
2.320000000000000000e+02 6.600000000001500000e+13 0.000000000000000000e+00 1.504943956012981143e+00 9.719893680435819083e-02 2.856410220283747137e-01 1.127940383720075490e-01 0.000000000000000000e+00 1.555837787209519263e+00 1.659240074750569227e-01 2.132976878600039959e+09 7.367186582291003466e+08
2.330000000000000000e+02 6.600000000000500000e+13 0.000000000000000000e+00 9.434883408544403327e-01 5.565528121891800267e-02 1.204379041077093815e-01 3.421895725138150018e-02 0.000000000000000000e+00 1.175156975274317395e+00 8.496629847629270926e-02 5.635631165901960135e+08 1.480143373460278809e+08
2.340000000000000000e+02 6.600000000000100000e+13 0.000000000000000000e+00 1.224843418178851229e+00 6.754370132959362782e-02 1.080013669355805034e-01 4.738813386580433690e-02 0.000000000000000000e+00 1.306413697758435966e+00 5.371072453045527134e-02 1.234838745820254087e+09 6.613589230302373171e+08
2.350000000000000000e+02 6.600000000001200000e+13 0.000000000000000000e+00 1.024532702804707984e+00 7.981952467748783253e-02 1.279552679224502942e-01 7.998987660020635826e-02 0.000000000000000000e+00 1.058025113521128491e+00 1.344184974167779989e-01 1.793480845497989655e+09 1.169104008121734619e+09
2.360000000000000000e+02 6.600000000001000000e+13 0.000000000000000000e+00 1.272595330446490536e+00 1.782993077748603120e-02 1.113830170539425179e-01 4.892307237202147413e-02 0.000000000000000000e+00 1.306664570932150049e+00 3.442180578551407022e-02 1.501446540125576496e+09 6.594845398173274994e+08
2.370000000000000000e+02 6.600000000001400000e+13 0.000000000000000000e+00 1.322545305515447245e+00 8.389496521145850538e-02 1.005368840675468389e+00 1.000000000000000000e+00 0.000000000000000000e+00 1.623387945217671380e+00 5.868667039743430403e-02 1.111023849990384483e+10 1.105090793587685394e+10
2.380000000000000000e+02 6.600000000000100000e+13 0.000000000000000000e+00 1.687486069293843149e+00 1.468999777236076332e-01 1.511191370997650996e-01 5.822365605713361592e-02 0.000000000000000000e+00 1.465101783442513517e+00 1.953869149174557729e-01 1.697255006962166786e+09 7.960748393654389381e+08
2.390000000000000000e+02 6.600000000000300000e+13 1.000000000000000000e+00 1.127758422873407440e+00 2.356246935321936603e-02 1.807786380012861224e-02 5.694660904386016423e-03 0.000000000000000000e+00 1.079756274636698432e+00 1.497544891783680020e-02 1.293530904239601642e+08 5.440122117337866873e+07
2.400000000000000000e+02 6.600000000000100000e+13 0.000000000000000000e+00 1.193784507779920290e+00 8.179779284905967784e-02 1.006248252661331166e-01 3.578296133581160970e-02 0.000000000000000000e+00 1.352612789868767207e+00 1.016819934225960814e-01 1.489168321655364275e+09 5.295597019460753202e+08
2.410000000000000000e+02 6.600000000000100000e+13 0.000000000000000000e+00 1.017101940958385908e+00 2.011936749173165728e-01 2.398826227949540646e-01 1.393096656989082915e-01 0.000000000000000000e+00 1.153707454021207557e+00 1.904060021191384955e-01 1.301045342398223400e+09 4.329554915195738673e+08
2.420000000000000000e+02 6.600000000000200000e+13 0.000000000000000000e+00 1.519699982491205414e+00 3.141346762458376018e-02 6.800046208380808310e-02 2.075864033421952193e-02 0.000000000000000000e+00 1.711909776063860411e+00 5.264690563881024854e-02 7.987887802677332163e+08 3.041448832197729945e+08
2.430000000000000000e+02 6.600000000000100000e+13 0.000000000000000000e+00 1.197995206710324334e+00 1.278055495174977574e-01 2.822236192762538898e-01 1.200278258971805845e-01 0.000000000000000000e+00 1.182942239539221507e+00 3.001150232837286255e-02 1.889432584563588619e+09 9.328933010269807577e+08
2.440000000000000000e+02 6.600000000000400000e+13 0.000000000000000000e+00 1.252994292161086376e+00 1.517018686221830760e-02 6.952515907617409785e-02 3.599819086035072752e-02 0.000000000000000000e+00 1.338360664447965087e+00 3.676782687369797159e-02 1.035414360316333413e+09 5.361087160027599335e+08
2.450000000000000000e+02 6.600000000000700000e+13 0.000000000000000000e+00 1.268746849991102321e+00 7.183775574862265312e-02 7.788238731171800988e-02 4.059826058620941841e-02 0.000000000000000000e+00 1.595363565507822434e+00 9.397920555123387421e-02 1.290916105027443647e+09 6.729242674223123789e+08
2.460000000000000000e+02 6.600000000000100000e+13 0.000000000000000000e+00 1.281636607384067705e+00 3.685133992657635416e-02 8.287250745538987662e-02 3.868654770634726708e-02 0.000000000000000000e+00 1.412015116461160069e+00 3.132265491449967576e-02 3.206261488877320886e+08 9.323522125572259724e+07
2.470000000000000000e+02 6.600000000002500000e+13 0.000000000000000000e+00 1.450299997830863497e+00 1.185161677075978054e-01 7.572670488655475207e-02 7.572670488655475207e-02 0.000000000000000000e+00 1.349422466387081299e+00 1.767015742335934780e-01 1.139207152619283199e+09 1.139207152619283199e+09
2.480000000000000000e+02 6.600000000001200000e+13 0.000000000000000000e+00 1.426157446092020331e+00 7.529951362761777567e-02 4.920679545434415020e-02 2.396779422315521019e-02 0.000000000000000000e+00 1.396084783959783193e+00 9.450924298618786079e-02 5.784327053788295984e+08 3.513456679888387918e+08
2.490000000000000000e+02 6.600000000000100000e+13 0.000000000000000000e+00 1.280720296924590995e+00 1.526068069335088373e-01 1.281957400110103340e-01 5.232339987830672556e-02 0.000000000000000000e+00 1.359618960830874856e+00 1.915143736161904198e-01 1.545861323174856663e+09 6.592709676786817312e+08
2.500000000000000000e+02 6.600000000001000000e+13 1.000000000000000000e+00 1.117837897184251084e+00 3.875270699593832274e-02 8.294002204457461003e-02 4.658886072524263261e-02 0.000000000000000000e+00 1.289455240015430215e+00 5.785357180487504802e-02 1.045539387700623989e+09 7.405171297557160854e+08
2.510000000000000000e+02 6.600000000000100000e+13 0.000000000000000000e+00 1.288357828642734182e+00 1.941581643109893396e-01 1.992392141413345530e-01 1.185491373798044090e-01 0.000000000000000000e+00 1.119257888453218497e+00 1.822469602131204514e-01 2.628598613814160824e+09 1.911624636288768053e+09
2.520000000000000000e+02 6.600000000000800000e+13 0.000000000000000000e+00 1.301123092366068157e+00 7.755141429670328601e-02 9.090427935477815580e-02 4.233631451212807595e-02 0.000000000000000000e+00 1.430028512373217486e+00 1.018428220900969294e-01 1.401127497603712082e+09 6.525388554991476536e+08
2.530000000000000000e+02 6.600000000000100000e+13 0.000000000000000000e+00 1.156411786973307043e+00 1.435023551459877200e-01 1.519890929303552851e-01 9.179697950974693987e-02 0.000000000000000000e+00 1.443831952828031451e+00 1.053942724909522899e-01 7.135190113468778133e+08 3.467703831070386171e+08
2.540000000000000000e+02 6.600000000000100000e+13 0.000000000000000000e+00 1.163388611653838112e+00 6.739180458353685732e-02 1.105317170032295848e-01 3.052617382971927612e-02 0.000000000000000000e+00 1.409092895642280352e+00 7.106547182960416820e-02 6.875011883963290453e+08 3.576768994206339121e+08
2.550000000000000000e+02 6.600000000000100000e+13 0.000000000000000000e+00 1.386392242796897767e+00 6.694042027969217268e-02 9.198541847055138887e-02 2.657734750649398334e-02 0.000000000000000000e+00 1.477835835111994234e+00 8.227178124805221981e-02 1.223042120717215538e+09 3.533735672223654389e+08
2.560000000000000000e+02 6.600000000003200000e+13 0.000000000000000000e+00 9.863743052649381893e-01 4.003632633835937232e-02 1.859293805888997952e-01 9.351133352336912785e-02 0.000000000000000000e+00 1.303955611892988919e+00 4.118594183790058594e-02 1.166575772809560061e+09 6.506074202461214066e+08
2.570000000000000000e+02 6.600000000000200000e+13 0.000000000000000000e+00 1.445087863477698242e+00 5.005692076867133966e-02 6.483177487238350745e-02 2.474341386936924209e-02 0.000000000000000000e+00 1.593477788709589005e+00 8.314049628584017915e-02 7.328294978428803682e+08 3.653740977096868753e+08
2.580000000000000000e+02 6.600000000000100000e+13 0.000000000000000000e+00 1.348611407258926365e+00 5.996603263539500989e-02 9.759147523995163886e-02 3.834587579264230744e-02 0.000000000000000000e+00 1.337269005001408217e+00 7.948063616413984789e-02 1.247766328820630550e+09 5.089799050231545568e+08
2.590000000000000000e+02 6.600000000000100000e+13 0.000000000000000000e+00 1.667027877058304020e+00 7.670247922067854884e-02 9.433413717988796410e-02 2.616714053917263208e-02 0.000000000000000000e+00 1.593279181166488145e+00 1.249663373581962611e-01 1.063032032841332436e+09 3.225157507061680555e+08
2.600000000000000000e+02 6.600000000000200000e+13 0.000000000000000000e+00 1.336559644547804737e+00 8.507768461026457563e-02 1.515974840750716202e-01 8.341990509170194024e-02 0.000000000000000000e+00 1.117421120093904152e+00 1.069155760710086001e-01 1.915739176941499472e+09 1.085698656479440689e+09
2.610000000000000000e+02 6.600000000000100000e+13 0.000000000000000000e+00 1.099168805760719847e+00 1.000253334213627304e-01 1.749853529620432890e-01 7.102366594030304348e-02 0.000000000000000000e+00 1.489169782499722761e+00 1.144176420048587661e-01 1.609245846033131838e+09 1.140331945805982590e+09
2.620000000000000000e+02 6.600000000000100000e+13 0.000000000000000000e+00 9.509598048513778767e-01 5.750629472024358646e-02 2.001444829116247048e-01 7.685153737859556911e-02 0.000000000000000000e+00 1.197000222187641683e+00 1.077014792688475442e-01 1.723288291598729372e+09 1.367497769103287220e+09
2.630000000000000000e+02 6.600000000000100000e+13 0.000000000000000000e+00 1.034127424451371846e+00 4.937781998887526974e-02 1.208057380353611959e-01 2.277731917861690672e-02 0.000000000000000000e+00 1.392458481710381113e+00 1.124652232807827994e-02 8.649457000408245325e+08 4.245405231007735729e+08
2.640000000000000000e+02 6.600000000003400000e+13 0.000000000000000000e+00 1.400255326428483826e+00 1.090492891320845870e-01 2.257067580140404428e-01 6.630973526177788568e-02 0.000000000000000000e+00 1.332978846411275731e+00 1.670758291250945826e-01 2.385889549408711433e+09 9.135672636570348740e+08
2.650000000000000000e+02 6.600000000000400000e+13 0.000000000000000000e+00 1.860306040246224590e+00 1.384124719420226635e-01 1.119994344050296714e-01 8.665064771861089032e-02 0.000000000000000000e+00 1.963766913397493985e+00 1.990945316320250902e-01 1.482775786762245655e+09 1.147179742709946156e+09
2.660000000000000000e+02 6.600000000001000000e+13 0.000000000000000000e+00 1.452349018988388751e+00 1.276546509779251104e-01 2.464004471366843529e-01 1.424632855658261865e-01 0.000000000000000000e+00 1.129169388100111027e+00 1.315557681165092918e-01 3.263392265889564037e+09 1.991200096877783775e+09
2.670000000000000000e+02 6.600000000001100000e+13 0.000000000000000000e+00 1.616888090177684534e+00 2.237007538326286349e-01 1.426481281564481451e-01 8.873525809087734473e-02 0.000000000000000000e+00 1.156644365323258761e+00 2.273246083023471587e-01 2.307209642959890366e+09 1.435215770327318907e+09
2.680000000000000000e+02 6.600000000000100000e+13 0.000000000000000000e+00 1.119161109788099573e+00 4.529150297358670862e-02 8.927113979259945764e-02 3.186097708331608880e-02 0.000000000000000000e+00 1.395192136852045239e+00 3.113747417329165712e-02 5.476604590030219555e+08 2.147863251056990921e+08
2.690000000000000000e+02 6.600000000001600000e+13 0.000000000000000000e+00 1.121228343923303727e+00 1.416848185441763608e-01 1.406212737631419296e-01 1.301701352859408467e-01 0.000000000000000000e+00 9.399568579723739381e-01 1.464236156192783578e-01 1.996795539710219383e+09 1.848391346392217636e+09
2.700000000000000000e+02 6.600000000000100000e+13 0.000000000000000000e+00 1.094937758759149782e+00 5.584276130479910727e-02 1.967429678997248410e-01 4.923998777132375382e-02 0.000000000000000000e+00 1.244388702752545761e+00 8.314642151510126533e-02 1.007840022059061527e+09 5.413378101506050825e+08
2.710000000000000000e+02 6.600000000000100000e+13 0.000000000000000000e+00 1.495302388922505443e+00 1.057495665766810811e-01 1.515652615488781996e-01 3.805954225099254101e-02 0.000000000000000000e+00 1.549394476415489219e+00 1.447313903694501525e-01 1.789079221463846207e+09 5.062361673378338218e+08
2.720000000000000000e+02 6.600000000003600000e+13 0.000000000000000000e+00 1.549583169434814556e+00 9.286740638645314683e-02 2.736060740146474286e-03 2.736060740146474286e-03 0.000000000000000000e+00 1.366064775346104820e+00 2.716059017944779178e-02 -1.000000000000000000e+00 -1.000000000000000000e+00
2.730000000000000000e+02 6.600000000004100000e+13 0.000000000000000000e+00 1.057351890798101879e+00 1.815875742753047251e-01 1.509379615952732567e-01 7.946143289648742447e-02 0.000000000000000000e+00 1.106006365447316453e+00 2.060444267940089447e-01 1.803453734432670116e+09 1.246070429745440006e+09
2.740000000000000000e+02 6.600000000000100000e+13 0.000000000000000000e+00 1.695288409130998541e+00 9.350198004018375753e-02 1.610594770528907260e-01 3.988523523660006398e-02 0.000000000000000000e+00 1.702755431176514289e+00 1.041934433227154760e-01 1.685901376674540043e+09 5.022777057528288364e+08
2.750000000000000000e+02 6.600000000001700000e+13 0.000000000000000000e+00 1.309916066867904183e+00 5.405432849758717156e-02 3.216720609357431870e-02 2.507772946765713176e-02 0.000000000000000000e+00 1.454402586857988178e+00 8.104341092026264015e-02 3.816704070104758143e+08 3.667914207074528337e+08
2.760000000000000000e+02 6.600000000000100000e+13 0.000000000000000000e+00 1.226083661959219917e+00 9.579861265223771349e-02 1.528528239732892535e-01 4.634386910195925635e-02 0.000000000000000000e+00 1.188274981278299114e+00 8.328451220471093375e-02 1.867855009046766520e+09 6.298641814670239687e+08
2.770000000000000000e+02 -1.000000000000000000e+00 -1.000000000000000000e+00 -1.000000000000000000e+00 -1.000000000000000000e+00 -1.000000000000000000e+00 -1.000000000000000000e+00 -1.000000000000000000e+00 -1.000000000000000000e+00 -1.000000000000000000e+00 -1.000000000000000000e+00 -1.000000000000000000e+00
2.780000000000000000e+02 6.600000000003400000e+13 0.000000000000000000e+00 1.429011687165107736e+00 4.850727284970651754e-02 1.434822754418996205e-01 6.193487502833431441e-02 0.000000000000000000e+00 1.411327180295231187e+00 5.584458801151592766e-02 1.636587647245756388e+09 7.064416220951703787e+08
2.790000000000000000e+02 6.600000000013400000e+13 0.000000000000000000e+00 1.145165038662846690e+00 1.713794123235167777e-01 1.650302715585425239e-01 1.650302715585425239e-01 0.000000000000000000e+00 8.965423318113227014e-01 1.989312803107451677e-01 2.311216002189875126e+09 2.311216002189875126e+09
2.800000000000000000e+02 6.600000000000800000e+13 0.000000000000000000e+00 1.244215296385599911e+00 4.936469471660533820e-02 1.080953601244874773e-01 6.486069258509113977e-02 0.000000000000000000e+00 1.499435773187399290e+00 2.951459288194430153e-02 3.404753219151057005e+08 3.404753219151057005e+08
2.810000000000000000e+02 6.600000000000600000e+13 0.000000000000000000e+00 1.053693353107163055e+00 1.878262668495904453e-01 2.346564051845297094e-01 1.426578522721357600e-01 0.000000000000000000e+00 1.280733257545511039e+00 1.481773212057947431e-01 8.599032605891231298e+08 7.922564672578827143e+08
2.820000000000000000e+02 6.600000000000500000e+13 0.000000000000000000e+00 1.303698357849993439e+00 9.016462089056175022e-02 1.331506574069050430e-01 3.878004449026097034e-02 0.000000000000000000e+00 1.192209123955940253e+00 9.376691700301351129e-02 1.662701863254255772e+09 5.923413939488563538e+08
2.830000000000000000e+02 6.600000000000100000e+13 0.000000000000000000e+00 1.626758890972239469e+00 1.373430820498459382e-01 1.575096901487510470e-01 4.405529048554588517e-02 0.000000000000000000e+00 1.573234280962260367e+00 1.619199953190236518e-01 1.527547725407680511e+09 5.081125356074696779e+08
2.840000000000000000e+02 6.600000000000100000e+13 0.000000000000000000e+00 1.132415727524368254e+00 5.546040701916193916e-02 9.632176640230713516e-02 3.895558759913482494e-02 0.000000000000000000e+00 1.411478241960722579e+00 4.789361774260673249e-02 4.825338053196826577e+08 1.573749126735404730e+08
2.850000000000000000e+02 6.600000000000100000e+13 0.000000000000000000e+00 1.296645603025733173e+00 6.751607524053551690e-02 1.183923869418369995e-01 4.884918633213439915e-02 0.000000000000000000e+00 1.242654068341193074e+00 4.377639499217646224e-02 1.604963470836954832e+09 7.741652898908754587e+08
2.860000000000000000e+02 6.600000000000300000e+13 0.000000000000000000e+00 1.598681493264291653e+00 1.846595637485538288e-01 2.082123728539642671e-01 1.417625040198634279e-01 0.000000000000000000e+00 1.474844218767776605e+00 2.144194639350358866e-01 2.572657838392083645e+09 1.796985190299339533e+09
2.870000000000000000e+02 6.600000000001400000e+13 0.000000000000000000e+00 1.127913268104097977e+00 1.093937235729473545e-01 1.120703837947610582e-01 2.337954751234615561e-02 0.000000000000000000e+00 1.096304613545269202e+00 8.944387796706179672e-02 1.030261100215882778e+09 3.148659325633238554e+08
2.880000000000000000e+02 6.600000000000200000e+13 0.000000000000000000e+00 1.645969637713280420e+00 5.920886869242035500e-02 1.095544445613296919e-01 3.016261659302896248e-02 0.000000000000000000e+00 1.608687053988770321e+00 6.482937207980839223e-02 1.057766223596485853e+09 3.708708560360946059e+08
2.890000000000000000e+02 6.600000000000300000e+13 0.000000000000000000e+00 1.235352522029552036e+00 5.535937009304933015e-02 1.476348383356236860e-01 7.647739619777248199e-02 0.000000000000000000e+00 1.301863535200214805e+00 7.861366224161268901e-02 7.636284775583968163e+08 7.636284775583968163e+08
2.900000000000000000e+02 6.600000000000100000e+13 1.000000000000000000e+00 1.036184788364250542e+00 3.218593304434406999e-02 8.443443422485583105e-02 3.582092943614813285e-02 0.000000000000000000e+00 8.500882232989308562e-01 4.215275498306484542e-02 4.737968822068400383e+08 3.089970445908948779e+08
2.910000000000000000e+02 6.600000000002600000e+13 0.000000000000000000e+00 1.361028755899090559e+00 1.699516336536011779e-02 6.258645853163272155e-02 2.936205766017302432e-02 0.000000000000000000e+00 1.510261615840866378e+00 2.808284966720614104e-02 7.618039269530009031e+08 4.329881110055775642e+08
2.920000000000000000e+02 6.600000000000100000e+13 1.000000000000000000e+00 1.131950812935481610e+00 2.230405787304555118e-02 2.228991899663747278e-02 5.740618152386341676e-03 0.000000000000000000e+00 1.231349879115509305e+00 2.596479813212585613e-02 2.219583650561304390e+08 8.073129015430141985e+07
2.930000000000000000e+02 6.600000000000500000e+13 0.000000000000000000e+00 2.802682864760258852e+00 1.026389289234909269e-01 1.330751848570031759e-01 3.852557443167929641e-02 0.000000000000000000e+00 2.411747084124463480e+00 1.263856522829242546e-01 1.559746113371088982e+09 5.007207863963419199e+08
2.940000000000000000e+02 6.600000000000200000e+13 0.000000000000000000e+00 1.257854497191865040e+00 1.199012704433233267e-01 9.909649362435486719e-02 3.070952542466105079e-02 0.000000000000000000e+00 1.289868034959568366e+00 8.416253492166556049e-02 1.098567985868592262e+09 4.536239736724593639e+08
2.950000000000000000e+02 6.600000000000100000e+13 0.000000000000000000e+00 1.082433643544186808e+00 1.998731877043729288e-01 2.936568375187906810e-01 1.030866317179070374e-01 0.000000000000000000e+00 1.252801477720786316e+00 1.690814263154903629e-01 1.879741099188245058e+09 1.029770248500505209e+09
2.960000000000000000e+02 6.600000000000100000e+13 0.000000000000000000e+00 1.210510945774379898e+00 2.004073090433021453e-01 3.331673608441680923e-01 2.029779536461277512e-01 0.000000000000000000e+00 1.343990022971270903e+00 1.169497470302006403e-01 1.014526818813215375e+09 4.676881227372351885e+08
2.970000000000000000e+02 6.600000000000300000e+13 0.000000000000000000e+00 1.277665875198164436e+00 7.114296772489128728e-02 1.119197647531223194e-01 3.898586995652294357e-02 0.000000000000000000e+00 1.259283909158296133e+00 1.051797859456038015e-01 1.535176925886112928e+09 5.347599516928128004e+08
2.980000000000000000e+02 6.600000000002300000e+13 0.000000000000000000e+00 1.077454415669540699e+00 6.020126675581535802e-02 7.027081082482691810e-02 5.975983243587416893e-02 0.000000000000000000e+00 1.621355385070543331e+00 4.425153556051779347e-02 9.999153810255266726e+07 6.087616552866262943e+07
2.990000000000000000e+02 6.600000000000200000e+13 0.000000000000000000e+00 1.223369532719273733e+00 1.097648295473556967e-01 1.441891642296444509e-01 5.539905992114704109e-02 0.000000000000000000e+00 1.413939513093578126e+00 1.374625475081196202e-01 1.670179385375441551e+09 7.272221140383163691e+08
3.000000000000000000e+02 6.600000000001100000e+13 0.000000000000000000e+00 1.220861150309602294e+00 6.687020206638576159e-02 6.517862906971801096e-02 6.517862906971801096e-02 0.000000000000000000e+00 1.454827935277586581e+00 2.532520324466658659e-02 -1.000000000000000000e+00 -1.000000000000000000e+00
3.010000000000000000e+02 6.600000000000100000e+13 0.000000000000000000e+00 1.198567462086622459e+00 1.248623996991900520e-01 1.161144955656638750e-01 9.447103724110157696e-02 0.000000000000000000e+00 1.098319609629447857e+00 1.417126358401600839e-01 1.375191182656816483e+09 1.157310221935959101e+09
3.020000000000000000e+02 6.600000000000100000e+13 0.000000000000000000e+00 1.223995913175881967e+00 4.442728710713606671e-02 7.196649358680830277e-02 3.345707444912111167e-02 0.000000000000000000e+00 1.506821366785608740e+00 7.902283336520453394e-02 8.726675743468130827e+08 4.894913381438075304e+08
3.030000000000000000e+02 6.600000000000100000e+13 0.000000000000000000e+00 1.250397969537741405e+00 4.175222292730042251e-02 5.780517606877870473e-02 1.592843402818670817e-02 0.000000000000000000e+00 1.562165376125121519e+00 4.346610360403094231e-02 7.302626656083176136e+08 2.390897698953867257e+08
3.040000000000000000e+02 6.600000000001300000e+13 0.000000000000000000e+00 9.820063431309696833e-01 2.674158207714072422e-01 2.322294631094072026e-01 1.669284498482191681e-01 0.000000000000000000e+00 9.864722353186604620e-01 3.187834899570627933e-01 2.805090861628327370e+09 2.805090861628327370e+09
3.050000000000000000e+02 6.600000000000300000e+13 0.000000000000000000e+00 1.190927176039849655e+00 1.108190124200554016e-01 1.944345468628969897e-01 5.998608948295224702e-02 0.000000000000000000e+00 1.008599438767985079e+00 1.387883862330732410e-01 1.878696689851006985e+09 9.730780882077912092e+08
3.060000000000000000e+02 6.600000000000300000e+13 0.000000000000000000e+00 1.103860868359146652e+00 8.541766829102499792e-02 1.875840918409183988e-01 9.507929479294792430e-02 0.000000000000000000e+00 1.108743425180393816e+00 1.047213653352699059e-01 1.932130706565308571e+09 1.385139046994911432e+09
3.070000000000000000e+02 6.600000000000100000e+13 0.000000000000000000e+00 1.552208672317177296e+00 2.842797723710315319e-02 7.312924849736740507e-02 1.730439157354514770e-02 0.000000000000000000e+00 1.635900972919698049e+00 4.593646566844743900e-02 7.221007005044046640e+08 2.161226687466747463e+08
3.080000000000000000e+02 6.600000000000200000e+13 0.000000000000000000e+00 8.163245297113510546e-01 1.903806674922438047e-01 2.232809833737514349e-01 1.341714892391035474e-01 0.000000000000000000e+00 1.300376009510165742e+00 7.471140484543041527e-02 3.859634602996672392e+08 1.355745165162791312e+08
3.090000000000000000e+02 6.600000000001500000e+13 0.000000000000000000e+00 1.326682296725623322e+00 4.336588327963510070e-02 7.112237047405166324e-02 2.602598548053485644e-02 0.000000000000000000e+00 1.524678978016605901e+00 5.302501379413159660e-02 7.172150898898683786e+08 3.893678527235713005e+08
3.100000000000000000e+02 6.600000000000100000e+13 0.000000000000000000e+00 1.446529257484979736e+00 8.482652755046493631e-02 9.519367872239579975e-02 4.451069345430978819e-02 0.000000000000000000e+00 1.488088475578297709e+00 8.368976459548792268e-02 1.065661853154505014e+09 5.525439523770645857e+08
3.110000000000000000e+02 6.600000000001300000e+13 0.000000000000000000e+00 1.301714923282696335e+00 9.808023976368641927e-02 8.400985650988543330e-02 5.362041639512418745e-02 0.000000000000000000e+00 1.313329265065954710e+00 3.556278711725572445e-02 1.258810072767041445e+09 8.034523931867789030e+08
3.120000000000000000e+02 6.600000000000900000e+13 0.000000000000000000e+00 1.619741497045075196e+00 3.270031682050515698e-02 9.404277370156938209e-02 4.538315408067714052e-02 0.000000000000000000e+00 1.499796447026905621e+00 2.654168603779176808e-02 9.853472298217282295e+08 5.854509332476564646e+08
3.130000000000000000e+02 6.600000000000700000e+13 0.000000000000000000e+00 1.254016338630569605e+00 2.359866818488874987e-02 1.921258859371523936e-02 1.406559453704250146e-02 0.000000000000000000e+00 1.252488509442549969e+00 3.322161764872398615e-02 7.307341501227819920e+07 7.307341501227819920e+07
3.140000000000000000e+02 6.600000000000300000e+13 0.000000000000000000e+00 1.125218084080914061e+00 6.471123218211341510e-02 7.237964991184656083e-02 2.917708884798267052e-02 0.000000000000000000e+00 1.153585397007973246e+00 5.190885476452365005e-02 8.036749777007114887e+08 4.218391406060062051e+08
3.150000000000000000e+02 6.600000000079100000e+13 0.000000000000000000e+00 2.367430064134058210e+00 1.416169907713101805e-01 4.688935841541181510e-02 4.688935841541181510e-02 0.000000000000000000e+00 2.367430064134058210e+00 1.420718505053414626e-01 2.254776258529990315e+08 2.254776258529990315e+08
3.160000000000000000e+02 6.600000000000100000e+13 0.000000000000000000e+00 1.258714074950528561e+00 1.518374084545791591e-01 1.190724004764139032e-01 7.482369076406683583e-02 0.000000000000000000e+00 1.193615893616444712e+00 1.826782602516410781e-01 1.516659441813723326e+09 9.530508884899066687e+08
3.170000000000000000e+02 6.600000000001000000e+13 0.000000000000000000e+00 1.020887041063389233e+00 2.429763374466349657e-01 2.401055299656444930e-01 1.543837638376383825e-01 0.000000000000000000e+00 9.731545029213232167e-01 3.427269886217470529e-01 3.050775204471882343e+09 2.948085486847561359e+09
3.180000000000000000e+02 6.600000000002400000e+13 0.000000000000000000e+00 1.100396625905366133e+00 1.354086905343057368e-01 1.162186642523299479e-01 5.684055450325418979e-02 0.000000000000000000e+00 1.255419253328941664e+00 1.157935940760274757e-01 9.944282765115700960e+08 9.148495742597807646e+08
3.190000000000000000e+02 6.600000000000100000e+13 0.000000000000000000e+00 1.568564164105447301e+00 3.080986354085620688e-02 1.209016142402883631e-01 4.553403143520561719e-02 0.000000000000000000e+00 1.878904488013722451e+00 4.831099229522095584e-02 1.645555227285937786e+09 6.498373857739692926e+08
3.200000000000000000e+02 6.600000000000400000e+13 0.000000000000000000e+00 1.216033942645833976e+00 1.400333363391084718e-01 5.991395283840880021e-02 2.208582905430214044e-02 0.000000000000000000e+00 1.240569088357181604e+00 1.893777279747139441e-01 7.714157287849464417e+08 2.843637434788338542e+08
3.210000000000000000e+02 6.600000000000800000e+13 0.000000000000000000e+00 9.981009036902940279e-01 2.370196360854481266e-01 2.096139097193708001e-01 1.287210924537227075e-01 0.000000000000000000e+00 1.180865952317118106e+00 2.219703936824266866e-01 2.930334194439258099e+09 2.126958783980300903e+09
3.220000000000000000e+02 6.600000000000800000e+13 0.000000000000000000e+00 1.348337553097329611e+00 1.248966804399492259e-01 2.167483241425965101e-01 1.231483569422521102e-01 0.000000000000000000e+00 1.184847330927505604e+00 2.216787818469985460e-01 2.505689907770326138e+09 1.926140001102437735e+09
3.230000000000000000e+02 6.600000000001300000e+13 0.000000000000000000e+00 1.291471800409861759e+00 1.368688066134474968e-01 1.092255657927689305e-01 4.977104670014630833e-02 0.000000000000000000e+00 1.395546380695431798e+00 7.323068311303425337e-02 8.453663982052699327e+08 2.463500144073939621e+08
3.240000000000000000e+02 6.600000000000100000e+13 0.000000000000000000e+00 1.155985197671045350e+00 1.574442468510323656e-01 1.771694299005154571e-01 9.221522401255621837e-02 0.000000000000000000e+00 1.028852065135289706e+00 1.516323434150136928e-01 1.845425732619156361e+09 1.377739549481527328e+09
