# rID[0] Hid[1]   R200: DS[2], eta[3], detla[4], fm[5], fm2[6];   R500: DS[7], eta[8], detla[9], fm[10], fm2[11]
1.000000000000000000e+00 4.200000000043400000e+13 0.000000000000000000e+00 9.619327086717666120e-01 2.076327658195837034e-01 -1.000000000000000000e+00 -1.000000000000000000e+00 0.000000000000000000e+00 4.147882584373237536e-01 2.006146689920322301e-01 -1.000000000000000000e+00 -1.000000000000000000e+00
2.000000000000000000e+00 4.200000000001400000e+13 0.000000000000000000e+00 1.115811730952967151e+00 1.212302700365786023e-01 9.735930938273025526e-02 9.735930938273025526e-02 0.000000000000000000e+00 1.026322008453775636e+00 1.382215843834493363e-01 1.127677215602313757e+09 1.127677215602313757e+09
3.000000000000000000e+00 4.200000000000100000e+13 0.000000000000000000e+00 1.120759018000124563e+00 5.071904399326851443e-02 4.399431802108717121e-02 2.914232831815848773e-02 0.000000000000000000e+00 1.278788101741957561e+00 5.112201076775077513e-02 3.838545925813718438e+08 3.838545925813718438e+08
4.000000000000000000e+00 4.200000000016500000e+13 0.000000000000000000e+00 9.861651763935568304e-01 1.159073830309684805e-01 -1.000000000000000000e+00 -1.000000000000000000e+00 0.000000000000000000e+00 9.730143922648365473e-01 1.146967541172213695e-01 -1.000000000000000000e+00 -1.000000000000000000e+00
5.000000000000000000e+00 4.200000000007200000e+13 0.000000000000000000e+00 9.904968598823451487e-01 9.578900937532211501e-02 6.196261764524620824e-02 6.196261764524620824e-02 0.000000000000000000e+00 9.467114771795314132e-01 1.216482453006680065e-01 7.245044188667538166e+08 7.245044188667538166e+08
6.000000000000000000e+00 4.200000000000100000e+13 0.000000000000000000e+00 1.148705788336110478e+00 7.797067712085041513e-02 9.564144552539091682e-02 6.111292212091885834e-02 0.000000000000000000e+00 1.121080961323373648e+00 9.767031225120877125e-02 7.933734409687670469e+08 7.278049944645507336e+08
7.000000000000000000e+00 4.200000000005700000e+13 0.000000000000000000e+00 1.045109083958913665e+00 5.680922711048489587e-02 1.427478419325070857e-01 1.427478419325070857e-01 1.000000000000000000e+00 1.046512720358717230e+00 3.161812311783050722e-02 -1.000000000000000000e+00 -1.000000000000000000e+00
8.000000000000000000e+00 4.200000000035000000e+13 0.000000000000000000e+00 1.054051043009186062e+00 7.854731173929942190e-02 -1.000000000000000000e+00 -1.000000000000000000e+00 0.000000000000000000e+00 9.003112454806009302e-01 2.004198292612191790e-01 -1.000000000000000000e+00 -1.000000000000000000e+00
9.000000000000000000e+00 4.200000000000500000e+13 0.000000000000000000e+00 1.023571829589069226e+00 8.456976176424821356e-02 4.734820989044913331e-02 4.734820989044913331e-02 0.000000000000000000e+00 9.891181446936021526e-01 5.788762652028760225e-02 -1.000000000000000000e+00 -1.000000000000000000e+00
1.000000000000000000e+01 4.200000000022600000e+13 0.000000000000000000e+00 8.151280812889394323e-01 2.481905917479152734e-01 1.000000000000000000e+00 1.000000000000000000e+00 0.000000000000000000e+00 8.151280812889394323e-01 2.482154030481185381e-01 9.904644638587677002e+09 9.904644638587677002e+09
1.100000000000000000e+01 4.200000000058100000e+13 0.000000000000000000e+00 -2.024226542951947788e-02 1.127436281107967453e-01 -1.000000000000000000e+00 -1.000000000000000000e+00 0.000000000000000000e+00 1.098377655294154653e+00 1.319922851679047882e-01 -1.000000000000000000e+00 -1.000000000000000000e+00
1.200000000000000000e+01 4.200000000000500000e+13 0.000000000000000000e+00 1.668443436775487454e+00 1.256907882978423041e-01 1.390810817959982626e-01 1.148487941223798742e-01 0.000000000000000000e+00 1.585855628699462505e+00 1.457928850291786427e-01 1.563556688653387070e+09 1.291136061892421007e+09
1.300000000000000000e+01 4.200000000010600000e+13 0.000000000000000000e+00 1.004363819798188340e+00 1.768668054916862908e-01 -1.000000000000000000e+00 -1.000000000000000000e+00 0.000000000000000000e+00 8.611425944533291910e-01 1.577349914469000358e-01 -1.000000000000000000e+00 -1.000000000000000000e+00
1.400000000000000000e+01 4.200000000010900000e+13 0.000000000000000000e+00 8.856615306533603960e-01 1.548677284895300377e-01 1.225573099687128492e-01 1.225573099687128492e-01 0.000000000000000000e+00 8.358147088021714577e-01 1.187548915239347302e-01 -1.000000000000000000e+00 -1.000000000000000000e+00
1.500000000000000000e+01 4.200000000000100000e+13 0.000000000000000000e+00 1.169298259729554035e+00 5.320821546664691176e-02 6.801831478349203153e-02 4.367992031047355367e-02 0.000000000000000000e+00 1.119309102955975632e+00 7.866058854869931172e-02 5.180869500710150003e+08 5.180869500710150003e+08
1.600000000000000000e+01 4.200000000000100000e+13 0.000000000000000000e+00 1.667547079885959738e+00 6.954465976690372975e-02 1.111625590276034831e-01 7.346682677642679682e-02 0.000000000000000000e+00 1.564558689028176186e+00 1.007974471661267635e-01 1.251505336768631458e+09 8.271141523768222332e+08
1.700000000000000000e+01 4.200000000002300000e+13 0.000000000000000000e+00 6.269141448148835005e-01 7.197875202668073402e-02 1.092628543116959672e-01 8.502304724927080282e-02 0.000000000000000000e+00 8.645064313581246607e-01 9.688918761739868935e-02 3.747708401108908057e+08 3.747708401108908057e+08
1.800000000000000000e+01 4.200000000000400000e+13 1.000000000000000000e+00 1.088114157469715959e+00 1.742878403352005057e-02 -1.000000000000000000e+00 -1.000000000000000000e+00 0.000000000000000000e+00 1.175845858119864751e+00 3.492270063667329838e-02 -1.000000000000000000e+00 -1.000000000000000000e+00
1.900000000000000000e+01 4.200000000000200000e+13 0.000000000000000000e+00 1.010115225146020812e+00 1.238263593855658401e-01 8.188133197592242785e-02 6.600456643570913606e-02 0.000000000000000000e+00 9.890755802866298962e-01 1.418160776263266143e-01 9.563422778392004967e+08 7.709077990020545721e+08
2.000000000000000000e+01 4.200000000210000000e+13 0.000000000000000000e+00 9.547126209173465439e-01 1.407290455930304829e-01 -1.000000000000000000e+00 -1.000000000000000000e+00 0.000000000000000000e+00 1.383266745694707422e+00 6.655280300313798358e-02 -1.000000000000000000e+00 -1.000000000000000000e+00
2.100000000000000000e+01 4.200000000011000000e+13 0.000000000000000000e+00 1.049985343259427939e+00 1.087682098272611669e-01 6.215507106978732793e-02 6.215507106978732793e-02 0.000000000000000000e+00 7.554743240171759577e-01 1.432892084834395674e-01 9.217718813932049274e+08 9.217718813932049274e+08
2.200000000000000000e+01 4.200000000006800000e+13 0.000000000000000000e+00 1.183903797906903144e+00 1.755930149266926033e-01 -1.000000000000000000e+00 -1.000000000000000000e+00 0.000000000000000000e+00 1.032971457598724552e+00 1.530203506321720364e-01 -1.000000000000000000e+00 -1.000000000000000000e+00
2.300000000000000000e+01 4.200000000070900000e+13 0.000000000000000000e+00 1.469025010851673585e+00 1.319509828916107241e-01 -1.000000000000000000e+00 -1.000000000000000000e+00 0.000000000000000000e+00 9.771332499253821968e-01 3.987501680664319315e-01 -1.000000000000000000e+00 -1.000000000000000000e+00
2.400000000000000000e+01 4.200000000008100000e+13 0.000000000000000000e+00 1.092488241104050406e+00 1.538423829116463970e-01 -1.000000000000000000e+00 -1.000000000000000000e+00 0.000000000000000000e+00 1.166981096655020478e+00 7.208519780895319973e-02 -1.000000000000000000e+00 -1.000000000000000000e+00
2.500000000000000000e+01 -1.000000000000000000e+00 -1.000000000000000000e+00 -1.000000000000000000e+00 -1.000000000000000000e+00 -1.000000000000000000e+00 -1.000000000000000000e+00 -1.000000000000000000e+00 -1.000000000000000000e+00 -1.000000000000000000e+00 -1.000000000000000000e+00 -1.000000000000000000e+00
2.600000000000000000e+01 4.200000000001000000e+13 1.000000000000000000e+00 8.550544030986374500e-01 3.843572360889380146e-02 7.456462633481773794e-02 7.456462633481773794e-02 0.000000000000000000e+00 9.391835924082261311e-01 7.668962206441336249e-02 9.673590311887001991e+08 9.673590311887001991e+08
2.700000000000000000e+01 4.200000000002500000e+13 1.000000000000000000e+00 1.065539532364261799e+00 2.343045423273851582e-02 -1.000000000000000000e+00 -1.000000000000000000e+00 0.000000000000000000e+00 1.094995398429279732e+00 6.695167549626723780e-02 -1.000000000000000000e+00 -1.000000000000000000e+00
2.800000000000000000e+01 4.200000000014500000e+13 0.000000000000000000e+00 1.017108433242476018e+00 1.603686209596546230e-01 -1.000000000000000000e+00 -1.000000000000000000e+00 0.000000000000000000e+00 9.041409526583633616e-01 2.790884857135421671e-01 -1.000000000000000000e+00 -1.000000000000000000e+00
2.900000000000000000e+01 4.200000000000100000e+13 0.000000000000000000e+00 1.060081435421154517e+00 5.999289294297435043e-02 8.366523802234808460e-02 8.366523802234808460e-02 1.000000000000000000e+00 1.107881109707534728e+00 1.491447399907853098e-02 -1.000000000000000000e+00 -1.000000000000000000e+00
3.000000000000000000e+01 4.200000000008600000e+13 0.000000000000000000e+00 9.750541827969447795e-01 1.272377677432911247e-01 -1.000000000000000000e+00 -1.000000000000000000e+00 0.000000000000000000e+00 8.758104447099721579e-01 1.351999363635124074e-01 -1.000000000000000000e+00 -1.000000000000000000e+00
3.100000000000000000e+01 4.200000000015000000e+13 0.000000000000000000e+00 9.928116339138682855e-01 1.028831462880662184e-01 -1.000000000000000000e+00 -1.000000000000000000e+00 0.000000000000000000e+00 9.340346718892341693e-01 9.873819640491673932e-02 -1.000000000000000000e+00 -1.000000000000000000e+00
3.200000000000000000e+01 4.200000000000100000e+13 0.000000000000000000e+00 1.059656182719504347e+00 5.130070652966221140e-02 5.940731419338801667e-02 5.940731419338801667e-02 1.000000000000000000e+00 1.109642490271411042e+00 2.583852465838142043e-02 -1.000000000000000000e+00 -1.000000000000000000e+00
3.300000000000000000e+01 4.200000000005400000e+13 0.000000000000000000e+00 1.044055235464433906e+00 9.023153332122137160e-02 -1.000000000000000000e+00 -1.000000000000000000e+00 0.000000000000000000e+00 1.025599958776358900e+00 1.122258051694207809e-01 -1.000000000000000000e+00 -1.000000000000000000e+00
3.400000000000000000e+01 4.200000000000200000e+13 0.000000000000000000e+00 1.260301630766683223e+00 7.249885970706262950e-02 7.697380835995316917e-02 6.626973751520456868e-02 0.000000000000000000e+00 1.221747095288090668e+00 9.617767977985330896e-02 8.714067134861881733e+08 7.502278424586955309e+08
3.500000000000000000e+01 4.200000000003700000e+13 1.000000000000000000e+00 1.041010514141586407e+00 3.317490463848594973e-02 -1.000000000000000000e+00 -1.000000000000000000e+00 1.000000000000000000e+00 1.072925612220670510e+00 2.569193828815193731e-02 -1.000000000000000000e+00 -1.000000000000000000e+00
3.600000000000000000e+01 4.200000000000100000e+13 0.000000000000000000e+00 4.588315234080455607e-01 2.475210844682066424e-01 6.496826870625921346e-01 3.184810993372871879e-01 0.000000000000000000e+00 1.533771142947227162e+00 9.573816649615568553e-02 7.835453339537864923e+08 7.835453339537864923e+08
3.700000000000000000e+01 4.200000000001200000e+13 0.000000000000000000e+00 1.250687325750047707e+00 1.493921069361712484e-01 2.098416845790483098e-01 1.087117243509711367e-01 0.000000000000000000e+00 1.197844543722418331e+00 1.892239462776656445e-01 2.573608465255694389e+09 1.333297598251066208e+09
3.800000000000000000e+01 4.200000000000100000e+13 0.000000000000000000e+00 1.312488882672641965e+00 3.058866611773106495e-02 1.025835533331262706e-01 3.827362280129618932e-02 0.000000000000000000e+00 1.383691664401562216e+00 4.237826164166209192e-02 6.153449942717181444e+08 2.085277920436139405e+08
3.900000000000000000e+01 4.200000000002600000e+13 0.000000000000000000e+00 5.653490789642751091e-01 1.149293694584423708e-01 1.183149899046508635e-01 1.183149899046508635e-01 0.000000000000000000e+00 7.948503389329391045e-01 7.519225940102304551e-02 -1.000000000000000000e+00 -1.000000000000000000e+00
4.000000000000000000e+01 4.200000000112900000e+13 0.000000000000000000e+00 9.152861459574276326e-01 6.010402894307634303e-02 -1.000000000000000000e+00 -1.000000000000000000e+00 0.000000000000000000e+00 8.134212565377302306e-01 5.853066098126944589e-02 -1.000000000000000000e+00 -1.000000000000000000e+00
4.100000000000000000e+01 4.200000000001400000e+13 0.000000000000000000e+00 1.324832050783542936e+00 8.094125727067746912e-02 9.375488490067983294e-02 9.375488490067983294e-02 0.000000000000000000e+00 1.138219535500839541e+00 1.168797317304190314e-01 1.175389242177856445e+09 1.175389242177856445e+09
4.200000000000000000e+01 4.200000000000800000e+13 0.000000000000000000e+00 1.012639805428722450e+00 2.066391667075380689e-01 4.135970627749684381e-01 2.036078164551488046e-01 0.000000000000000000e+00 1.168309661111383013e+00 1.223779118698705703e-01 -1.000000000000000000e+00 -1.000000000000000000e+00
4.300000000000000000e+01 4.200000000015900000e+13 0.000000000000000000e+00 1.473747225415646289e+00 6.876873595789143034e-02 -1.000000000000000000e+00 -1.000000000000000000e+00 0.000000000000000000e+00 1.433809743560141348e+00 1.011941817638248309e-01 -1.000000000000000000e+00 -1.000000000000000000e+00
4.400000000000000000e+01 4.200000000003400000e+13 0.000000000000000000e+00 9.712968380702708959e-01 4.842186358030407811e-02 -1.000000000000000000e+00 -1.000000000000000000e+00 1.000000000000000000e+00 9.810278474394534820e-01 2.818591728456070269e-02 -1.000000000000000000e+00 -1.000000000000000000e+00
4.500000000000000000e+01 4.200000000000100000e+13 0.000000000000000000e+00 9.957203422429032891e-01 4.261337038873409117e-02 -1.000000000000000000e+00 -1.000000000000000000e+00 0.000000000000000000e+00 1.059253452470527712e+00 7.052541563311183481e-02 -1.000000000000000000e+00 -1.000000000000000000e+00
4.600000000000000000e+01 4.200000000002400000e+13 0.000000000000000000e+00 7.946235242255345055e-01 1.388550970426055131e-01 3.315000173343700673e-01 3.315000173343700673e-01 0.000000000000000000e+00 8.637581381362785526e-01 5.411177234561974358e-02 -1.000000000000000000e+00 -1.000000000000000000e+00
4.700000000000000000e+01 4.200000000002800000e+13 1.000000000000000000e+00 8.638533265930292693e-01 3.242036785179570196e-02 -1.000000000000000000e+00 -1.000000000000000000e+00 0.000000000000000000e+00 7.864785931579706402e-01 2.098099832482751975e-02 -1.000000000000000000e+00 -1.000000000000000000e+00
4.800000000000000000e+01 4.200000000000100000e+13 0.000000000000000000e+00 1.238062208268874587e+00 5.061387058039569509e-02 5.051247544918891635e-02 2.118780461191532849e-02 0.000000000000000000e+00 1.157727029867522406e+00 6.960675048628907347e-02 4.008754491807658672e+08 2.615464105359340310e+08
4.900000000000000000e+01 4.200000000000700000e+13 0.000000000000000000e+00 1.054354385173199349e+00 5.190659885193560363e-02 -1.000000000000000000e+00 -1.000000000000000000e+00 0.000000000000000000e+00 1.151099260681235359e+00 9.849898516133859250e-02 -1.000000000000000000e+00 -1.000000000000000000e+00
5.000000000000000000e+01 4.200000000012500000e+13 0.000000000000000000e+00 1.316686467553928486e+00 2.321990033728826841e-01 1.985333793650184697e-01 1.985333793650184697e-01 0.000000000000000000e+00 1.207728533588707576e+00 1.802908298154377587e-01 -1.000000000000000000e+00 -1.000000000000000000e+00
5.100000000000000000e+01 4.200000000012700000e+13 0.000000000000000000e+00 1.142672796669202739e+00 1.077175881144412650e-01 -1.000000000000000000e+00 -1.000000000000000000e+00 0.000000000000000000e+00 1.055246947665289037e+00 1.551208792199935682e-01 -1.000000000000000000e+00 -1.000000000000000000e+00
5.200000000000000000e+01 4.200000000000300000e+13 0.000000000000000000e+00 1.197029345600477246e+00 6.460468624771051327e-02 9.389590927996477321e-02 6.381535487974947241e-02 0.000000000000000000e+00 1.251143438186167911e+00 1.384406079731810013e-01 1.263952244566387653e+09 8.590316836653801203e+08
5.300000000000000000e+01 4.200000000082100000e+13 0.000000000000000000e+00 8.349805270181070993e-01 9.849242806053604138e-02 -1.000000000000000000e+00 -1.000000000000000000e+00 0.000000000000000000e+00 7.987164003593554273e-01 1.390730768655557004e-01 -1.000000000000000000e+00 -1.000000000000000000e+00
5.400000000000000000e+01 4.200000000000200000e+13 1.000000000000000000e+00 1.058176304190202810e+00 3.128717105723817504e-02 3.722025625381330388e-02 2.701477865907396178e-02 0.000000000000000000e+00 1.076338637201112336e+00 2.560642544779876892e-02 3.240818332502521873e+08 3.240818332502521873e+08
5.500000000000000000e+01 4.200000000000100000e+13 0.000000000000000000e+00 1.057528336726191176e+00 4.161974898855762273e-02 2.077179263665265008e-01 1.549687211568044343e-01 0.000000000000000000e+00 1.127632207316113355e+00 1.747724934702802463e-02 8.051510186185870171e+08 8.051510186185870171e+08
5.600000000000000000e+01 4.200000000003200000e+13 1.000000000000000000e+00 1.026674627790745253e+00 2.880690380237073758e-02 -1.000000000000000000e+00 -1.000000000000000000e+00 0.000000000000000000e+00 9.692247150459272209e-01 4.328728287843931766e-02 -1.000000000000000000e+00 -1.000000000000000000e+00
5.700000000000000000e+01 4.200000000003900000e+13 0.000000000000000000e+00 8.758923599882461053e-01 9.647370994685922074e-02 -1.000000000000000000e+00 -1.000000000000000000e+00 0.000000000000000000e+00 8.890402068144498404e-01 1.385411760540487813e-01 -1.000000000000000000e+00 -1.000000000000000000e+00
5.800000000000000000e+01 4.200000000001000000e+13 0.000000000000000000e+00 9.488674981566846967e-01 4.110448232344364461e-02 -1.000000000000000000e+00 -1.000000000000000000e+00 0.000000000000000000e+00 1.118542868426225967e+00 8.197447449285719112e-02 -1.000000000000000000e+00 -1.000000000000000000e+00
5.900000000000000000e+01 -1.000000000000000000e+00 -1.000000000000000000e+00 -1.000000000000000000e+00 -1.000000000000000000e+00 -1.000000000000000000e+00 -1.000000000000000000e+00 -1.000000000000000000e+00 -1.000000000000000000e+00 -1.000000000000000000e+00 -1.000000000000000000e+00 -1.000000000000000000e+00
6.000000000000000000e+01 4.200000000000200000e+13 1.000000000000000000e+00 1.006811392723572895e+00 2.188458510746478167e-02 -1.000000000000000000e+00 -1.000000000000000000e+00 1.000000000000000000e+00 1.049187230586580144e+00 3.006507388971614916e-02 -1.000000000000000000e+00 -1.000000000000000000e+00
6.100000000000000000e+01 4.200000000001400000e+13 0.000000000000000000e+00 7.810419479828016875e-01 4.420665057432685702e-02 -1.000000000000000000e+00 -1.000000000000000000e+00 0.000000000000000000e+00 9.136944266351049171e-01 6.455601745985203865e-02 -1.000000000000000000e+00 -1.000000000000000000e+00
6.200000000000000000e+01 4.200000000003000000e+13 0.000000000000000000e+00 1.223030635982058190e+00 1.496327038924204489e-01 -1.000000000000000000e+00 -1.000000000000000000e+00 0.000000000000000000e+00 1.267375801957908221e+00 2.054933273368531876e-01 -1.000000000000000000e+00 -1.000000000000000000e+00
6.300000000000000000e+01 4.200000000000100000e+13 0.000000000000000000e+00 1.106998118299530987e+00 7.956306188315179218e-02 1.140380864259277760e-01 8.869619219099063312e-02 0.000000000000000000e+00 1.149380347911235223e+00 8.736225718435311483e-02 3.398268409627526999e+08 2.776587664425965548e+08
6.400000000000000000e+01 4.200000000000400000e+13 0.000000000000000000e+00 1.023203957022057020e+00 1.301710380738365161e-02 1.343337442503299006e-01 1.073603923080682782e-01 0.000000000000000000e+00 1.061640128865683375e+00 4.432903336788646120e-02 -1.000000000000000000e+00 -1.000000000000000000e+00
6.500000000000000000e+01 4.200000000026500000e+13 0.000000000000000000e+00 6.417435614563276047e-01 1.919350394166667029e-01 -1.000000000000000000e+00 -1.000000000000000000e+00 0.000000000000000000e+00 1.081181542471760126e+00 2.074904612292703121e-01 -1.000000000000000000e+00 -1.000000000000000000e+00
6.600000000000000000e+01 4.200000000004800000e+13 0.000000000000000000e+00 1.202453663138575601e+00 1.097596140564830458e-01 1.149067437769801664e-01 1.149067437769801664e-01 0.000000000000000000e+00 1.206584830153167864e+00 1.328036266879328020e-01 1.339297169254104853e+09 1.339297169254104853e+09
6.700000000000000000e+01 4.200000000000800000e+13 0.000000000000000000e+00 7.634219070445258382e-01 1.640839016037624887e-01 2.109131081368175176e-01 2.109131081368175176e-01 0.000000000000000000e+00 8.843844677257264308e-01 1.004745612111055397e-01 -1.000000000000000000e+00 -1.000000000000000000e+00
6.800000000000000000e+01 4.200000000001000000e+13 0.000000000000000000e+00 1.120230943199054030e+00 4.100554881649018379e-02 1.457874791641725065e-02 1.457874791641725065e-02 1.000000000000000000e+00 1.126646455071504960e+00 3.389432155919260004e-02 -1.000000000000000000e+00 -1.000000000000000000e+00
6.900000000000000000e+01 4.200000000005300000e+13 0.000000000000000000e+00 8.308556038817224154e-01 7.254771689918292077e-02 -1.000000000000000000e+00 -1.000000000000000000e+00 0.000000000000000000e+00 1.074593532289063846e+00 4.738269424646305433e-02 -1.000000000000000000e+00 -1.000000000000000000e+00
7.000000000000000000e+01 4.200000000001600000e+13 0.000000000000000000e+00 1.010019601667693223e+00 7.222751213179764984e-02 -1.000000000000000000e+00 -1.000000000000000000e+00 0.000000000000000000e+00 1.064361178437984945e+00 8.552857853711309799e-02 -1.000000000000000000e+00 -1.000000000000000000e+00
7.100000000000000000e+01 4.200000000007500000e+13 0.000000000000000000e+00 1.026332120212080978e+00 1.221111912817317569e-01 -1.000000000000000000e+00 -1.000000000000000000e+00 0.000000000000000000e+00 4.644236690986759952e-01 1.089439726717784662e-01 -1.000000000000000000e+00 -1.000000000000000000e+00
7.200000000000000000e+01 4.200000000002100000e+13 0.000000000000000000e+00 7.737835382572403331e-01 2.605432293707313773e-01 4.100744515804709556e-01 2.128010782044948423e-01 0.000000000000000000e+00 1.032545935363110123e+00 2.260270042601894291e-01 1.685182451305365562e+09 1.685182451305365562e+09
7.300000000000000000e+01 4.200000000001600000e+13 1.000000000000000000e+00 9.779206731377966255e-01 3.795394088242249470e-02 -1.000000000000000000e+00 -1.000000000000000000e+00 0.000000000000000000e+00 1.127226939966919028e+00 8.396024771540121223e-02 -1.000000000000000000e+00 -1.000000000000000000e+00
7.400000000000000000e+01 4.200000000000100000e+13 0.000000000000000000e+00 1.091459886430829584e+00 6.084333740372528665e-02 4.730510371548881515e-02 3.005942373034474827e-02 0.000000000000000000e+00 1.134003935381346029e+00 5.875136450331569504e-02 -1.000000000000000000e+00 -1.000000000000000000e+00
7.500000000000000000e+01 4.200000000003800000e+13 0.000000000000000000e+00 8.851815652326791017e-01 7.130631594542650997e-02 -1.000000000000000000e+00 -1.000000000000000000e+00 0.000000000000000000e+00 9.158156573302340675e-01 6.172519143758683352e-02 -1.000000000000000000e+00 -1.000000000000000000e+00
7.600000000000000000e+01 4.200000000002000000e+13 0.000000000000000000e+00 9.006309972469295211e-01 1.207949101026836863e-01 -1.000000000000000000e+00 -1.000000000000000000e+00 0.000000000000000000e+00 8.064350311003336547e-01 1.102362559394869657e-01 -1.000000000000000000e+00 -1.000000000000000000e+00
7.700000000000000000e+01 4.200000000000600000e+13 0.000000000000000000e+00 9.067280672007748121e-01 1.908004439172481526e-01 -1.000000000000000000e+00 -1.000000000000000000e+00 0.000000000000000000e+00 7.973869073215841263e-01 2.454066319765689230e-01 -1.000000000000000000e+00 -1.000000000000000000e+00
7.800000000000000000e+01 4.200000000006600000e+13 0.000000000000000000e+00 7.893632449055388856e-01 5.797836815931232957e-02 -1.000000000000000000e+00 -1.000000000000000000e+00 0.000000000000000000e+00 8.551059377259642158e-01 5.035136809667454388e-02 -1.000000000000000000e+00 -1.000000000000000000e+00
7.900000000000000000e+01 4.200000000008600000e+13 0.000000000000000000e+00 9.720669530198053909e-01 1.481323290358446121e-01 -1.000000000000000000e+00 -1.000000000000000000e+00 0.000000000000000000e+00 8.224561813941363431e-01 2.160457815700108086e-01 -1.000000000000000000e+00 -1.000000000000000000e+00
8.000000000000000000e+01 4.200000000000600000e+13 0.000000000000000000e+00 1.106382813754090311e+00 8.502029928004528614e-02 8.000465065905572326e-02 4.092159498493314063e-02 0.000000000000000000e+00 1.096470493934919022e+00 8.041960677347917419e-02 9.508643968428335190e+08 4.863578231097599864e+08
8.100000000000000000e+01 4.200000000006000000e+13 0.000000000000000000e+00 9.645167896158434173e-01 1.020292890276429526e-01 -1.000000000000000000e+00 -1.000000000000000000e+00 0.000000000000000000e+00 3.416123187455473720e-01 1.522780910074576499e-01 -1.000000000000000000e+00 -1.000000000000000000e+00
8.200000000000000000e+01 4.200000000016000000e+13 0.000000000000000000e+00 1.024352008759818800e+00 1.597566410462289699e-01 1.284281862003719965e-01 1.284281862003719965e-01 0.000000000000000000e+00 8.960012456737400655e-01 1.313224011461225915e-01 2.142042656775330782e+09 2.142042656775330782e+09
8.300000000000000000e+01 4.200000000003700000e+13 0.000000000000000000e+00 1.045246045118935818e+00 8.515526268151481226e-02 -1.000000000000000000e+00 -1.000000000000000000e+00 0.000000000000000000e+00 1.130702667700987707e+00 1.073966955621202257e-01 -1.000000000000000000e+00 -1.000000000000000000e+00
8.400000000000000000e+01 4.200000000011300000e+13 0.000000000000000000e+00 9.286603585074981737e-01 4.281410079087434595e-02 -1.000000000000000000e+00 -1.000000000000000000e+00 0.000000000000000000e+00 9.303798044616311547e-01 5.619443778699965975e-02 -1.000000000000000000e+00 -1.000000000000000000e+00
8.500000000000000000e+01 4.200000000082400000e+13 0.000000000000000000e+00 1.101332024160041057e+00 2.019769656753691855e-01 -1.000000000000000000e+00 -1.000000000000000000e+00 0.000000000000000000e+00 1.156597348669462733e+00 1.629838576705407438e-01 -1.000000000000000000e+00 -1.000000000000000000e+00
8.600000000000000000e+01 -1.000000000000000000e+00 -1.000000000000000000e+00 -1.000000000000000000e+00 -1.000000000000000000e+00 -1.000000000000000000e+00 -1.000000000000000000e+00 -1.000000000000000000e+00 -1.000000000000000000e+00 -1.000000000000000000e+00 -1.000000000000000000e+00 -1.000000000000000000e+00
8.700000000000000000e+01 4.200000000000200000e+13 0.000000000000000000e+00 1.476599717815092472e+00 3.083649088181640296e-01 3.273554172940519313e-01 3.273554172940519313e-01 0.000000000000000000e+00 1.545769193797733365e+00 1.879238313244337988e-01 -1.000000000000000000e+00 -1.000000000000000000e+00
8.800000000000000000e+01 4.200000000000100000e+13 0.000000000000000000e+00 1.196782797722874214e+00 3.596184201047030599e-02 3.282206373154116646e-02 1.758860492641866821e-02 0.000000000000000000e+00 1.372043387015518645e+00 3.267528309310164386e-02 1.784976928670983911e+08 1.784976928670983911e+08
8.900000000000000000e+01 4.200000000000100000e+13 0.000000000000000000e+00 1.229840953871897513e+00 1.167591199131625679e-01 1.735154266369162146e-01 1.169465142843614802e-01 0.000000000000000000e+00 1.230428864760545915e+00 1.731306541721646663e-01 1.976876396727425575e+09 1.332381842059883118e+09
9.000000000000000000e+01 4.200000000004400000e+13 0.000000000000000000e+00 1.438777882154260279e+00 2.214691000480162042e-01 2.460954885696945149e-01 1.585657748330973060e-01 0.000000000000000000e+00 1.418109703532950627e+00 2.002005819024843813e-01 1.307255883481871367e+09 1.307255883481871367e+09
9.100000000000000000e+01 4.200000000083000000e+13 0.000000000000000000e+00 1.026516329474123079e+00 3.749332879492486281e-01 -1.000000000000000000e+00 -1.000000000000000000e+00 0.000000000000000000e+00 7.946353147520610616e-01 3.214620794413010629e-01 -1.000000000000000000e+00 -1.000000000000000000e+00
9.200000000000000000e+01 4.200000000000200000e+13 0.000000000000000000e+00 1.083603855514386316e+00 1.358606601536026526e-01 1.898464386275941218e-01 9.525289394097402607e-02 0.000000000000000000e+00 1.127598151998208564e+00 1.346998848969856999e-01 1.222221669097097874e+09 7.410209217202415466e+08
9.300000000000000000e+01 4.200000000004800000e+13 0.000000000000000000e+00 9.483693293627510901e-01 4.837899702906667265e-02 -1.000000000000000000e+00 -1.000000000000000000e+00 0.000000000000000000e+00 8.967657686093262193e-01 5.596086065574810975e-02 -1.000000000000000000e+00 -1.000000000000000000e+00
9.400000000000000000e+01 4.200000000004600000e+13 1.000000000000000000e+00 9.583140671079299899e-01 2.802206637358959848e-02 -1.000000000000000000e+00 -1.000000000000000000e+00 0.000000000000000000e+00 9.344924631441482443e-01 8.384399265486180974e-02 -1.000000000000000000e+00 -1.000000000000000000e+00
9.500000000000000000e+01 4.200000000000200000e+13 1.000000000000000000e+00 1.144837844887163669e+00 2.426865858257398409e-02 6.488601713755028089e-02 4.533873891413071899e-02 0.000000000000000000e+00 1.240893966225137479e+00 6.834035365397330038e-03 5.512316283119110763e+07 5.512316283119110763e+07
9.600000000000000000e+01 -1.000000000000000000e+00 -1.000000000000000000e+00 -1.000000000000000000e+00 -1.000000000000000000e+00 -1.000000000000000000e+00 -1.000000000000000000e+00 -1.000000000000000000e+00 -1.000000000000000000e+00 -1.000000000000000000e+00 -1.000000000000000000e+00 -1.000000000000000000e+00
9.700000000000000000e+01 4.200000000002300000e+13 1.000000000000000000e+00 9.351419915209988609e-01 2.705135559724249766e-02 -1.000000000000000000e+00 -1.000000000000000000e+00 0.000000000000000000e+00 9.836787687694353854e-01 5.686149944505396181e-02 -1.000000000000000000e+00 -1.000000000000000000e+00
9.800000000000000000e+01 4.200000000006900000e+13 0.000000000000000000e+00 1.024091114012808612e+00 1.572669912194190056e-01 -1.000000000000000000e+00 -1.000000000000000000e+00 0.000000000000000000e+00 9.191242727828869974e-01 2.206170959840341173e-01 -1.000000000000000000e+00 -1.000000000000000000e+00
9.900000000000000000e+01 4.200000000001300000e+13 0.000000000000000000e+00 1.239501980318556074e+00 5.400409256228481253e-02 1.485790039688324182e-02 1.485790039688324182e-02 0.000000000000000000e+00 1.231009240061249121e+00 5.664309507282216938e-02 1.485433171292508543e+08 1.485433171292508543e+08
1.000000000000000000e+02 4.200000000019600000e+13 0.000000000000000000e+00 1.038901412881870323e+00 5.956684844084913361e-02 -1.000000000000000000e+00 -1.000000000000000000e+00 0.000000000000000000e+00 9.184404797674987631e-01 7.691364645684854728e-02 -1.000000000000000000e+00 -1.000000000000000000e+00
1.010000000000000000e+02 4.200000000047400000e+13 0.000000000000000000e+00 5.600935396005973788e-01 6.684707200084760714e-02 -1.000000000000000000e+00 -1.000000000000000000e+00 0.000000000000000000e+00 1.097917830226929903e+00 1.427964929010617778e-01 -1.000000000000000000e+00 -1.000000000000000000e+00
1.020000000000000000e+02 4.200000000000100000e+13 0.000000000000000000e+00 9.788450723797024189e-01 6.311183566138052481e-02 1.547100904177148850e-01 1.254753779859018037e-01 0.000000000000000000e+00 1.168516937809377820e+00 6.939667549187844564e-02 2.789501378328024149e+08 2.789501378328024149e+08
1.030000000000000000e+02 4.200000000004600000e+13 0.000000000000000000e+00 1.026203109884801012e+00 7.130480733919217218e-02 -1.000000000000000000e+00 -1.000000000000000000e+00 0.000000000000000000e+00 1.026171205907910888e+00 6.785558380498941944e-02 -1.000000000000000000e+00 -1.000000000000000000e+00
1.040000000000000000e+02 4.200000000000200000e+13 1.000000000000000000e+00 1.066056236513050148e+00 2.008067946953530358e-02 9.007116870316418666e-03 9.007116870316418666e-03 0.000000000000000000e+00 1.198187179540733727e+00 2.221219294581010598e-02 1.143491398556256890e+08 1.143491398556256890e+08
1.050000000000000000e+02 4.200000000005200000e+13 0.000000000000000000e+00 1.153084372112199274e+00 6.461741902793370629e-02 -1.000000000000000000e+00 -1.000000000000000000e+00 0.000000000000000000e+00 1.137483989726340461e+00 6.732535421608662474e-02 -1.000000000000000000e+00 -1.000000000000000000e+00
1.060000000000000000e+02 4.200000000007600000e+13 0.000000000000000000e+00 9.988379561329377987e-01 1.643896148811863911e-01 -1.000000000000000000e+00 -1.000000000000000000e+00 0.000000000000000000e+00 9.477585018510146231e-01 1.727112701333204381e-01 -1.000000000000000000e+00 -1.000000000000000000e+00
1.070000000000000000e+02 4.200000000001400000e+13 0.000000000000000000e+00 8.395897053389476117e-01 8.642315598019467693e-02 1.524970314024712836e-01 1.524970314024712836e-01 0.000000000000000000e+00 6.149950498738152582e-01 1.052202897857889285e-01 -1.000000000000000000e+00 -1.000000000000000000e+00
1.080000000000000000e+02 4.200000000000900000e+13 0.000000000000000000e+00 1.029506568769541719e+00 1.137703519532638069e-01 2.904265426966863850e-01 1.818008873581160312e-01 0.000000000000000000e+00 8.062522042916504539e-01 9.724085412191703359e-02 4.354054450996124268e+09 2.725546210228261471e+09
1.090000000000000000e+02 4.200000000004300000e+13 0.000000000000000000e+00 8.500856154371843054e-01 9.177303946721826478e-02 -1.000000000000000000e+00 -1.000000000000000000e+00 0.000000000000000000e+00 9.186303922825571622e-01 4.312185072634076854e-02 -1.000000000000000000e+00 -1.000000000000000000e+00
1.100000000000000000e+02 4.200000000007400000e+13 0.000000000000000000e+00 8.588872674601836232e-01 5.021056891857986898e-02 9.549002810776592576e-02 9.549002810776592576e-02 0.000000000000000000e+00 7.302996939845612934e-01 5.228017862874770327e-02 1.383292021335653305e+09 1.383292021335653305e+09
1.110000000000000000e+02 4.200000000004200000e+13 0.000000000000000000e+00 9.561907606871363763e-01 9.359532242318858997e-02 2.136150621703089558e-01 2.136150621703089558e-01 0.000000000000000000e+00 8.556516880824810434e-01 1.914198890464278158e-01 3.090677118589819431e+09 3.090677118589819431e+09
1.120000000000000000e+02 4.200000000004500000e+13 0.000000000000000000e+00 1.027872944041154701e+00 1.121201792426093219e-01 7.642259179818804149e-02 7.642259179818804149e-02 0.000000000000000000e+00 1.011748757328027715e+00 1.382461226528024500e-01 -1.000000000000000000e+00 -1.000000000000000000e+00
1.130000000000000000e+02 4.200000000002400000e+13 0.000000000000000000e+00 1.072954092207370591e+00 1.147095627080027408e-01 -1.000000000000000000e+00 -1.000000000000000000e+00 0.000000000000000000e+00 8.577678280317239112e-01 1.534362084259816850e-01 -1.000000000000000000e+00 -1.000000000000000000e+00
1.140000000000000000e+02 4.200000000000300000e+13 0.000000000000000000e+00 1.042559939339801955e+00 4.140909412908499315e-02 1.072755954937394673e-02 1.072755954937394673e-02 0.000000000000000000e+00 1.163088644918906622e+00 4.506064060420062606e-02 1.417756140557027757e+08 1.417756140557027757e+08
1.150000000000000000e+02 4.200000000008100000e+13 1.000000000000000000e+00 9.514140954118075477e-01 2.692090008483827637e-02 -1.000000000000000000e+00 -1.000000000000000000e+00 0.000000000000000000e+00 7.954354598264953280e-01 2.401136371264640107e-02 -1.000000000000000000e+00 -1.000000000000000000e+00
1.160000000000000000e+02 4.200000000000900000e+13 0.000000000000000000e+00 8.644044143572540140e-01 4.871176267922466829e-02 6.790908463064440626e-02 6.790908463064440626e-02 0.000000000000000000e+00 9.589438848367191071e-01 4.718942192147762560e-02 -1.000000000000000000e+00 -1.000000000000000000e+00
1.170000000000000000e+02 4.200000000000300000e+13 0.000000000000000000e+00 9.601935326080422994e-01 1.393830962515669736e-01 2.810773390447112718e-01 1.221369059825165027e-01 0.000000000000000000e+00 1.024352145370216460e+00 1.694728830675896469e-01 2.219983548737930775e+09 1.021124901127549767e+09
1.180000000000000000e+02 4.200000000000500000e+13 0.000000000000000000e+00 1.119848415121838858e+00 1.315781043758831037e-01 1.259272350559191567e-01 1.259272350559191567e-01 0.000000000000000000e+00 9.922670210476920438e-01 1.696422192657345285e-01 -1.000000000000000000e+00 -1.000000000000000000e+00
1.190000000000000000e+02 4.200000000020000000e+13 0.000000000000000000e+00 1.256763136585683727e+00 1.012913149507719685e-01 -1.000000000000000000e+00 -1.000000000000000000e+00 0.000000000000000000e+00 1.265376962016503626e+00 1.091925698636831282e-01 -1.000000000000000000e+00 -1.000000000000000000e+00
1.200000000000000000e+02 4.200000000000200000e+13 0.000000000000000000e+00 1.121720252993561706e+00 6.062271054801621900e-02 7.815308597463044293e-02 4.087998623357042005e-02 0.000000000000000000e+00 1.131439145039525584e+00 6.726674843341441667e-02 4.946395128583624959e+08 4.946395128583624959e+08
1.210000000000000000e+02 4.200000000006000000e+13 0.000000000000000000e+00 7.492414187275273640e-01 1.090015131594654768e-01 -1.000000000000000000e+00 -1.000000000000000000e+00 0.000000000000000000e+00 7.492414187275273640e-01 1.090067573458397554e-01 -1.000000000000000000e+00 -1.000000000000000000e+00
1.220000000000000000e+02 4.200000000000300000e+13 0.000000000000000000e+00 1.086567500193121427e+00 2.211803244745844110e-02 1.064322932003384903e+00 1.000000000000000000e+00 0.000000000000000000e+00 1.086567500193121427e+00 2.214057621818165886e-02 1.064322367402806664e+10 9.999994695213632584e+09
1.230000000000000000e+02 4.200000000027800000e+13 0.000000000000000000e+00 1.045294550473737205e+00 5.567898513370958535e-02 -1.000000000000000000e+00 -1.000000000000000000e+00 0.000000000000000000e+00 9.616110155977048990e-01 9.010514034551167506e-02 -1.000000000000000000e+00 -1.000000000000000000e+00
1.240000000000000000e+02 4.200000000000400000e+13 0.000000000000000000e+00 9.583727746138100967e-01 5.991505305907503243e-02 -1.000000000000000000e+00 -1.000000000000000000e+00 0.000000000000000000e+00 9.416213026093946947e-01 5.246410923296007667e-02 -1.000000000000000000e+00 -1.000000000000000000e+00
1.250000000000000000e+02 4.200000000000600000e+13 0.000000000000000000e+00 1.054643468045384003e+00 1.485464411586523148e-01 -1.000000000000000000e+00 -1.000000000000000000e+00 0.000000000000000000e+00 1.119363976136558358e+00 1.448343279164784336e-01 -1.000000000000000000e+00 -1.000000000000000000e+00
1.260000000000000000e+02 4.200000000006300000e+13 0.000000000000000000e+00 9.231036835627979276e-01 8.917312308113702068e-02 -1.000000000000000000e+00 -1.000000000000000000e+00 0.000000000000000000e+00 7.823080038911253142e-01 7.355727401295854284e-02 -1.000000000000000000e+00 -1.000000000000000000e+00
1.270000000000000000e+02 4.200000000001000000e+13 0.000000000000000000e+00 1.032068452130082692e+00 5.193324381669030959e-02 6.969493396960342591e-02 6.969493396960342591e-02 0.000000000000000000e+00 9.221893246570233016e-01 1.038757687943719574e-02 9.349856757938512564e+08 9.349856757938512564e+08
1.280000000000000000e+02 4.200000000002200000e+13 0.000000000000000000e+00 5.650587925666445965e-01 3.417207590109749837e-01 4.520904192035831715e-01 4.520904192035831715e-01 0.000000000000000000e+00 9.479184655858819974e-01 1.561782930694657345e-01 -1.000000000000000000e+00 -1.000000000000000000e+00
1.290000000000000000e+02 4.200000000000100000e+13 0.000000000000000000e+00 1.227113433067439363e+00 8.253378873254266224e-02 8.616024999793321648e-02 3.210263363122549396e-02 0.000000000000000000e+00 1.246876148856431721e+00 9.540958289162654316e-02 1.219887891318201065e+09 4.545206640776439905e+08
1.300000000000000000e+02 4.200000000005900000e+13 0.000000000000000000e+00 8.485883445168638239e-01 7.281099037368433946e-02 -1.000000000000000000e+00 -1.000000000000000000e+00 0.000000000000000000e+00 8.870346527294448169e-01 6.622377093543438398e-02 -1.000000000000000000e+00 -1.000000000000000000e+00
1.310000000000000000e+02 4.200000000000100000e+13 0.000000000000000000e+00 1.048021818187224730e+00 6.840657746245142057e-02 1.342687899648732815e-02 1.342687899648732815e-02 0.000000000000000000e+00 1.058148233241474667e+00 5.004437016046288378e-02 -1.000000000000000000e+00 -1.000000000000000000e+00
1.320000000000000000e+02 4.200000000002200000e+13 0.000000000000000000e+00 8.219766095946917650e-01 1.729221754354904050e-01 2.613221184309160172e-01 2.613221184309160172e-01 0.000000000000000000e+00 1.225047501103908365e+00 9.305278739166722435e-02 -1.000000000000000000e+00 -1.000000000000000000e+00
1.330000000000000000e+02 4.200000000000100000e+13 0.000000000000000000e+00 1.154921833570482281e+00 5.400734967467697017e-02 1.531510810707016335e-01 8.280463919505356984e-02 0.000000000000000000e+00 1.321315500866934389e+00 1.498296175955657894e-01 1.505924810164010286e+09 1.209648344895887375e+09
1.340000000000000000e+02 4.200000000004100000e+13 0.000000000000000000e+00 1.000479147822673109e+00 1.207335166775516805e-01 -1.000000000000000000e+00 -1.000000000000000000e+00 0.000000000000000000e+00 1.138477051743800539e+00 1.804966694086505286e-01 -1.000000000000000000e+00 -1.000000000000000000e+00
1.350000000000000000e+02 4.200000000000100000e+13 0.000000000000000000e+00 1.057852424801474012e+00 8.328527712033327590e-02 1.374711583088381595e-01 5.778283643114460327e-02 0.000000000000000000e+00 1.148039814285020777e+00 7.944755775795100949e-02 1.793255749508128881e+09 7.537537686286888123e+08
1.360000000000000000e+02 4.200000000038200000e+13 0.000000000000000000e+00 9.209412583143191666e-01 1.335108238821097193e-01 -1.000000000000000000e+00 -1.000000000000000000e+00 0.000000000000000000e+00 9.962057138788580346e-01 2.205117634318211062e-01 -1.000000000000000000e+00 -1.000000000000000000e+00
1.370000000000000000e+02 4.200000000000100000e+13 1.000000000000000000e+00 1.128496816313196316e+00 2.011866217909111937e-02 2.918490617906635207e-02 1.530528791543611655e-02 0.000000000000000000e+00 1.218174815762320673e+00 4.292268604034849694e-02 2.652146261931176484e+08 1.998692221486943960e+08
1.380000000000000000e+02 4.200000000000200000e+13 1.000000000000000000e+00 9.917655386076068558e-01 3.920566460025984301e-02 -1.000000000000000000e+00 -1.000000000000000000e+00 0.000000000000000000e+00 1.078168454735354720e+00 5.922043252918117451e-02 -1.000000000000000000e+00 -1.000000000000000000e+00
1.390000000000000000e+02 4.200000000000400000e+13 0.000000000000000000e+00 9.840716026474066735e-01 6.649946851115555446e-02 -1.000000000000000000e+00 -1.000000000000000000e+00 0.000000000000000000e+00 9.561159077828322861e-01 7.510926424491584652e-02 -1.000000000000000000e+00 -1.000000000000000000e+00
1.400000000000000000e+02 4.200000000000400000e+13 0.000000000000000000e+00 1.101746141608284990e+00 6.991859880981043940e-02 6.053280077214526905e-02 6.053280077214526905e-02 0.000000000000000000e+00 1.137324165554229216e+00 8.797761489496010168e-02 7.492564092175683975e+08 7.492564092175683975e+08
1.410000000000000000e+02 4.200000000000100000e+13 0.000000000000000000e+00 1.124079185052101915e+00 6.456141584737984385e-02 -1.000000000000000000e+00 -1.000000000000000000e+00 0.000000000000000000e+00 1.138134149527214367e+00 4.548039956573637910e-02 -1.000000000000000000e+00 -1.000000000000000000e+00
1.420000000000000000e+02 4.200000000009100000e+13 0.000000000000000000e+00 1.129953520286959057e+00 6.643331815142231034e-02 -1.000000000000000000e+00 -1.000000000000000000e+00 0.000000000000000000e+00 1.168781330901172089e+00 5.913138443500504798e-02 -1.000000000000000000e+00 -1.000000000000000000e+00
1.430000000000000000e+02 4.200000000000100000e+13 0.000000000000000000e+00 9.892729732064874382e-01 6.839200183401500377e-02 1.522227463231314026e-01 8.447673249717758959e-02 0.000000000000000000e+00 1.014624964316401146e+00 3.517225245986958793e-02 5.479238252857034206e+08 5.479238252857034206e+08
1.440000000000000000e+02 4.200000000005000000e+13 0.000000000000000000e+00 9.309059180108419929e-01 6.880930510194276095e-02 -1.000000000000000000e+00 -1.000000000000000000e+00 0.000000000000000000e+00 8.167549247007540592e-01 1.078869473783028443e-01 -1.000000000000000000e+00 -1.000000000000000000e+00
1.450000000000000000e+02 4.200000000000100000e+13 0.000000000000000000e+00 1.512892384041174543e+00 9.365848609382006196e-02 1.704380584023954537e-01 6.122506333362312536e-02 0.000000000000000000e+00 1.508372237937757543e+00 1.054289803963221611e-01 1.332710403839260101e+09 7.388972260112140179e+08
1.460000000000000000e+02 4.200000000001600000e+13 0.000000000000000000e+00 6.047075928532306133e-01 1.334212974028995968e-01 1.349054208621136286e-01 1.349054208621136286e-01 1.000000000000000000e+00 8.550081828880312651e-01 3.373519435430942515e-02 -1.000000000000000000e+00 -1.000000000000000000e+00
1.470000000000000000e+02 4.200000000001000000e+13 0.000000000000000000e+00 1.192272017117683935e+00 1.600687911678021491e-01 1.478200599887357358e-01 1.478200599887357358e-01 0.000000000000000000e+00 9.433716409684148596e-01 2.052177260783318580e-01 1.932101805972145796e+09 1.932101805972145796e+09
1.480000000000000000e+02 4.200000000000100000e+13 1.000000000000000000e+00 9.547324134661469008e-01 9.876513742499181889e-03 4.230703437152527613e-02 4.230703437152527613e-02 1.000000000000000000e+00 1.043089194364238637e+00 2.429060028539866203e-02 -1.000000000000000000e+00 -1.000000000000000000e+00
1.490000000000000000e+02 4.200000000011700000e+13 0.000000000000000000e+00 1.302406150361792747e+00 1.555713589986498502e-01 1.550167903296854055e-01 1.550167903296854055e-01 0.000000000000000000e+00 1.309291419169873905e+00 1.730989137427137725e-01 -1.000000000000000000e+00 -1.000000000000000000e+00
1.500000000000000000e+02 4.200000000001800000e+13 1.000000000000000000e+00 9.317866149682876298e-01 3.052540792876985362e-02 -1.000000000000000000e+00 -1.000000000000000000e+00 0.000000000000000000e+00 1.018331369769552186e+00 4.042588965763801306e-02 -1.000000000000000000e+00 -1.000000000000000000e+00
1.510000000000000000e+02 4.200000000006000000e+13 0.000000000000000000e+00 8.703275218805400781e-01 6.165719801923641441e-02 -1.000000000000000000e+00 -1.000000000000000000e+00 0.000000000000000000e+00 7.790571838121429504e-01 7.437132801127036008e-02 -1.000000000000000000e+00 -1.000000000000000000e+00
1.520000000000000000e+02 4.200000000000100000e+13 0.000000000000000000e+00 1.102536215026453936e+00 4.793197082610375220e-02 1.001127277493773782e-01 5.434800224025548160e-02 0.000000000000000000e+00 9.932204395855416257e-01 8.115181047925500157e-02 5.674419121319739819e+08 5.674419121319739819e+08
1.530000000000000000e+02 4.200000000000400000e+13 0.000000000000000000e+00 9.930176520556021069e-01 4.994135420810453391e-02 -1.000000000000000000e+00 -1.000000000000000000e+00 1.000000000000000000e+00 1.022158381012501893e+00 3.837182462144596296e-02 -1.000000000000000000e+00 -1.000000000000000000e+00
1.540000000000000000e+02 4.200000000002900000e+13 0.000000000000000000e+00 9.002574986107894084e-01 7.577559706966517650e-02 -1.000000000000000000e+00 -1.000000000000000000e+00 0.000000000000000000e+00 1.037988757937225781e+00 9.915387100407069276e-02 -1.000000000000000000e+00 -1.000000000000000000e+00
1.550000000000000000e+02 4.200000000002900000e+13 0.000000000000000000e+00 9.766232137950779935e-01 5.123427378943663790e-02 -1.000000000000000000e+00 -1.000000000000000000e+00 0.000000000000000000e+00 9.421116189137902497e-01 5.381361596360983296e-02 -1.000000000000000000e+00 -1.000000000000000000e+00
1.560000000000000000e+02 4.200000000000300000e+13 0.000000000000000000e+00 9.697165142127279758e-01 6.867036068486982725e-02 1.162470467929052481e-01 1.162470467929052481e-01 0.000000000000000000e+00 1.143379779335636393e+00 5.009348693240298772e-02 1.551768626584858179e+09 1.551768626584858179e+09
1.570000000000000000e+02 4.200000000000200000e+13 0.000000000000000000e+00 1.054417707281764427e+00 1.436704427646464666e-01 1.375115306104230661e-01 8.870601258101183662e-02 0.000000000000000000e+00 1.033425907766796215e+00 1.639255394809364663e-01 1.080838074128823757e+09 1.080838074128823757e+09
1.580000000000000000e+02 4.200000000029500000e+13 0.000000000000000000e+00 6.863778068548891387e-01 6.883224380124086661e-02 -1.000000000000000000e+00 -1.000000000000000000e+00 0.000000000000000000e+00 9.658957493264026528e-01 6.735070071694804206e-02 -1.000000000000000000e+00 -1.000000000000000000e+00
1.590000000000000000e+02 4.200000000135400000e+13 0.000000000000000000e+00 6.117777268333496332e-01 2.442092557777740258e-01 -1.000000000000000000e+00 -1.000000000000000000e+00 0.000000000000000000e+00 9.879460241976708579e-01 1.515313431033782632e-01 -1.000000000000000000e+00 -1.000000000000000000e+00
1.600000000000000000e+02 4.200000000000100000e+13 0.000000000000000000e+00 1.165273772139220565e+00 1.756128604370897628e-02 5.700612879155588647e-02 2.915725493889319633e-02 0.000000000000000000e+00 1.306883027199797542e+00 2.063400299041709754e-02 3.066477614938658476e+08 2.338766895528272688e+08
1.610000000000000000e+02 4.200000000011700000e+13 0.000000000000000000e+00 8.457601439329568427e-01 9.706049406031687365e-02 -1.000000000000000000e+00 -1.000000000000000000e+00 0.000000000000000000e+00 7.895292135977709513e-01 1.174303472245952079e-01 -1.000000000000000000e+00 -1.000000000000000000e+00
1.620000000000000000e+02 4.200000000005500000e+13 0.000000000000000000e+00 8.214785513887964408e-01 6.188198779058113469e-02 -1.000000000000000000e+00 -1.000000000000000000e+00 0.000000000000000000e+00 8.072007808035129850e-01 5.715957019770774583e-02 -1.000000000000000000e+00 -1.000000000000000000e+00
1.630000000000000000e+02 4.200000000000500000e+13 0.000000000000000000e+00 9.771716374527767979e-01 1.537739494571013221e-01 1.661197974126492061e-01 1.661197974126492061e-01 1.000000000000000000e+00 1.110982030760241379e+00 3.963925134076407703e-02 -1.000000000000000000e+00 -1.000000000000000000e+00
1.640000000000000000e+02 4.200000000039200000e+13 0.000000000000000000e+00 9.465927554896037543e-01 1.044142572532668761e-01 -1.000000000000000000e+00 -1.000000000000000000e+00 0.000000000000000000e+00 1.138648999853312027e+00 2.487612230028769522e-01 -1.000000000000000000e+00 -1.000000000000000000e+00
1.650000000000000000e+02 4.200000000012100000e+13 0.000000000000000000e+00 7.947843550002364754e-01 1.849380921480225648e-01 1.192464285429730153e-01 1.192464285429730153e-01 0.000000000000000000e+00 8.744935430307331226e-01 1.597668654025217461e-01 -1.000000000000000000e+00 -1.000000000000000000e+00
1.660000000000000000e+02 4.200000000001500000e+13 0.000000000000000000e+00 1.138554270277183145e+00 1.272202066661858033e-01 -1.000000000000000000e+00 -1.000000000000000000e+00 0.000000000000000000e+00 1.038256267177076309e+00 1.236146716310716070e-01 -1.000000000000000000e+00 -1.000000000000000000e+00
1.670000000000000000e+02 4.200000000015100000e+13 0.000000000000000000e+00 1.370009455698893097e+00 1.338055752322835634e-01 -1.000000000000000000e+00 -1.000000000000000000e+00 0.000000000000000000e+00 1.116924992067650946e+00 1.847107271036414755e-01 -1.000000000000000000e+00 -1.000000000000000000e+00
1.680000000000000000e+02 4.200000000014500000e+13 0.000000000000000000e+00 9.221046392126737157e-01 1.432171246311963742e-01 5.092793819487696494e-01 5.092793819487696494e-01 0.000000000000000000e+00 9.497790186557076852e-01 2.161948122495402913e-01 -1.000000000000000000e+00 -1.000000000000000000e+00
1.690000000000000000e+02 4.200000000007500000e+13 1.000000000000000000e+00 9.383541975361195941e-01 3.827134436664125089e-02 -1.000000000000000000e+00 -1.000000000000000000e+00 1.000000000000000000e+00 8.670760995218739220e-01 3.505727794562952387e-02 -1.000000000000000000e+00 -1.000000000000000000e+00
1.700000000000000000e+02 4.200000000000900000e+13 1.000000000000000000e+00 1.012244753882558523e+00 3.831845949022386066e-02 8.229918965346667836e-02 8.229918965346667836e-02 1.000000000000000000e+00 1.008287458992737307e+00 3.521690286376816942e-02 -1.000000000000000000e+00 -1.000000000000000000e+00
1.710000000000000000e+02 4.200000000002100000e+13 0.000000000000000000e+00 1.038062727957644649e+00 7.780587331941959950e-02 1.433760243791953326e-01 1.433760243791953326e-01 0.000000000000000000e+00 1.027404569074660268e+00 4.728435690406623815e-02 -1.000000000000000000e+00 -1.000000000000000000e+00
1.720000000000000000e+02 4.200000000000400000e+13 0.000000000000000000e+00 1.107670459526513218e+00 4.226626781200906735e-02 2.839155357793225753e-02 2.839155357793225753e-02 0.000000000000000000e+00 1.095334050825212069e+00 5.908020271561477410e-02 3.376522433957322240e+08 3.376522433957322240e+08
1.730000000000000000e+02 4.200000000000600000e+13 0.000000000000000000e+00 9.776408845775693690e-01 6.972888775585554810e-02 1.059087312054866753e-01 1.059087312054866753e-01 0.000000000000000000e+00 9.189343561557621332e-01 1.662307995455629128e-01 1.254425328851051807e+09 1.254425328851051807e+09
1.740000000000000000e+02 4.200000000000100000e+13 0.000000000000000000e+00 1.129847352046129849e+00 6.384165485422237107e-02 -1.000000000000000000e+00 -1.000000000000000000e+00 0.000000000000000000e+00 1.202655538185644968e+00 5.445521515003014928e-02 -1.000000000000000000e+00 -1.000000000000000000e+00
1.750000000000000000e+02 4.200000000001700000e+13 0.000000000000000000e+00 1.135802095022853120e+00 1.012357545322352531e-01 8.490186720891575167e-02 8.490186720891575167e-02 0.000000000000000000e+00 1.036524298013062673e+00 1.580035767092012600e-01 9.272676796381964684e+08 9.272676796381964684e+08
1.760000000000000000e+02 4.200000000000100000e+13 0.000000000000000000e+00 1.153878051825315554e+00 1.653150991884180798e-02 2.962075361376036164e-02 1.859240500447242872e-02 0.000000000000000000e+00 1.258549720200148769e+00 4.164148141008984505e-02 2.407726982431969345e+08 2.407726982431969345e+08
1.770000000000000000e+02 4.200000000019700000e+13 0.000000000000000000e+00 9.104123227377844962e-01 4.026234887211217056e-02 -1.000000000000000000e+00 -1.000000000000000000e+00 0.000000000000000000e+00 8.596586280010236614e-01 9.926978329078559038e-02 -1.000000000000000000e+00 -1.000000000000000000e+00
1.780000000000000000e+02 4.200000000000100000e+13 0.000000000000000000e+00 1.244587090711331889e+00 1.077492755912008576e-01 3.524181354069581135e-02 3.417683308525881064e-02 0.000000000000000000e+00 1.377878745022704798e+00 7.909046830990414112e-02 4.373442417263443470e+08 4.373442417263443470e+08
1.790000000000000000e+02 4.200000000001100000e+13 0.000000000000000000e+00 1.082702488591368528e+00 4.825561456410690231e-02 -1.000000000000000000e+00 -1.000000000000000000e+00 0.000000000000000000e+00 1.151462946068043669e+00 3.232346855629462251e-02 -1.000000000000000000e+00 -1.000000000000000000e+00
1.800000000000000000e+02 4.200000000000200000e+13 0.000000000000000000e+00 1.144507129609452001e+00 4.931136191654450496e-02 6.405830486576691296e-02 3.313837816741396075e-02 0.000000000000000000e+00 1.009636752727833153e+00 5.687400225142303506e-02 7.215597509376846552e+08 3.732743154390954971e+08
1.810000000000000000e+02 4.200000000001400000e+13 0.000000000000000000e+00 1.061529031923445832e+00 9.190379212735017012e-02 3.476084415727611482e-02 3.476084415727611482e-02 0.000000000000000000e+00 1.094342606096753601e+00 7.395726927233277348e-02 -1.000000000000000000e+00 -1.000000000000000000e+00
1.820000000000000000e+02 4.200000000000100000e+13 0.000000000000000000e+00 1.100771801293877417e+00 5.065101260840414177e-02 6.793084423507442238e-02 6.793084423507442238e-02 0.000000000000000000e+00 1.342486808281760036e+00 7.426800630343113885e-02 8.897405727176911831e+08 8.897405727176911831e+08
1.830000000000000000e+02 4.200000000000400000e+13 0.000000000000000000e+00 1.140119491885935865e+00 2.935650643671648408e-01 3.977098492931022133e-01 3.215250848085658419e-01 0.000000000000000000e+00 6.667448904892542272e-01 1.926507607591347593e-01 -1.000000000000000000e+00 -1.000000000000000000e+00
1.840000000000000000e+02 4.200000000005500000e+13 0.000000000000000000e+00 1.191628388351379408e+00 9.990513567419290197e-02 1.127732009667610918e-01 1.127732009667610918e-01 0.000000000000000000e+00 1.120715653257898126e+00 1.320484193109488502e-01 1.331138313224138260e+09 1.331138313224138260e+09
1.850000000000000000e+02 4.200000000000100000e+13 0.000000000000000000e+00 1.141295878241432193e+00 1.108366090202505955e-01 1.669699743816126514e-01 1.008951961905313333e-01 0.000000000000000000e+00 1.183632783822490264e+00 9.080889671590007539e-02 8.356438519877406359e+08 4.983333518607949018e+08
1.860000000000000000e+02 4.200000000000200000e+13 0.000000000000000000e+00 9.585042700383895609e-01 4.261461618828368825e-02 2.153693442835481753e-02 1.607314172336240035e-02 0.000000000000000000e+00 9.895325216407370172e-01 4.910243956831283896e-02 7.442503455963803828e+07 7.442503455963803828e+07
1.870000000000000000e+02 4.200000000000100000e+13 0.000000000000000000e+00 1.213857673620859057e+00 1.903631825958111354e-02 2.233090151533154155e-02 2.233090151533154155e-02 0.000000000000000000e+00 1.368880097777219973e+00 2.781677326747320281e-02 -1.000000000000000000e+00 -1.000000000000000000e+00
1.880000000000000000e+02 4.200000000000200000e+13 0.000000000000000000e+00 1.067511065261364855e+00 6.774330851278165255e-02 3.696535370963766054e-01 2.128015775203352111e-01 0.000000000000000000e+00 1.201269484967046441e+00 1.070019628692656100e-01 -1.000000000000000000e+00 -1.000000000000000000e+00
1.890000000000000000e+02 4.200000000003300000e+13 0.000000000000000000e+00 9.990299647014089235e-01 9.000946068804145661e-02 -1.000000000000000000e+00 -1.000000000000000000e+00 0.000000000000000000e+00 8.042228865331124688e-01 9.176590614987144290e-02 -1.000000000000000000e+00 -1.000000000000000000e+00
1.900000000000000000e+02 4.200000000000100000e+13 0.000000000000000000e+00 1.208573633213602339e+00 3.273053412462218620e-02 7.568808132797880117e-02 3.982760350189034487e-02 0.000000000000000000e+00 1.150532960956374806e+00 2.872379297793026601e-02 9.597731067881500721e+08 5.050393942910731435e+08
1.910000000000000000e+02 4.200000000000200000e+13 0.000000000000000000e+00 1.149069993035463977e+00 1.191381494299585397e-01 3.432667435158501257e-01 1.918040345821325765e-01 0.000000000000000000e+00 1.202460144848852552e+00 7.741820048257254394e-02 6.854281514839521646e+08 6.854281514839521646e+08
1.920000000000000000e+02 -1.000000000000000000e+00 -1.000000000000000000e+00 -1.000000000000000000e+00 -1.000000000000000000e+00 -1.000000000000000000e+00 -1.000000000000000000e+00 -1.000000000000000000e+00 -1.000000000000000000e+00 -1.000000000000000000e+00 -1.000000000000000000e+00 -1.000000000000000000e+00
1.930000000000000000e+02 4.200000000009900000e+13 0.000000000000000000e+00 1.114211431515389705e+00 1.113716381377047732e-01 -1.000000000000000000e+00 -1.000000000000000000e+00 0.000000000000000000e+00 9.654217842079162448e-01 1.900500654134786305e-01 -1.000000000000000000e+00 -1.000000000000000000e+00
1.940000000000000000e+02 4.200000000001200000e+13 0.000000000000000000e+00 9.100197660313299464e-01 8.182102718867030611e-02 -1.000000000000000000e+00 -1.000000000000000000e+00 0.000000000000000000e+00 8.724004938659870589e-01 1.090806482512406972e-01 -1.000000000000000000e+00 -1.000000000000000000e+00
1.950000000000000000e+02 4.200000000008500000e+13 0.000000000000000000e+00 8.725555974791266989e-01 1.702312382426134085e-01 -1.000000000000000000e+00 -1.000000000000000000e+00 0.000000000000000000e+00 9.181609705493770646e-01 2.115606639676171907e-01 -1.000000000000000000e+00 -1.000000000000000000e+00
1.960000000000000000e+02 4.200000000001000000e+13 0.000000000000000000e+00 1.192527586728963529e+00 2.183029689851120336e-01 1.005290652788174005e-01 1.005290652788174005e-01 0.000000000000000000e+00 7.672006847062561308e-01 3.025888198493312808e-01 1.510777911011916876e+09 1.510777911011916876e+09
1.970000000000000000e+02 4.200000000000800000e+13 0.000000000000000000e+00 1.099775676927694734e+00 7.371584550425673565e-02 2.138719860452142213e-02 2.138719860452142213e-02 0.000000000000000000e+00 9.829205925292758828e-01 7.812117545546896913e-02 -1.000000000000000000e+00 -1.000000000000000000e+00
1.980000000000000000e+02 4.200000000001900000e+13 0.000000000000000000e+00 6.649918165609696175e-01 7.662949128122543974e-02 1.252763356731987909e-01 1.252763356731987909e-01 0.000000000000000000e+00 7.730683558003387246e-01 5.083832021440982951e-02 -1.000000000000000000e+00 -1.000000000000000000e+00
1.990000000000000000e+02 4.200000000000100000e+13 0.000000000000000000e+00 1.070444107536503653e+00 6.828220555264935543e-02 2.263005806609903053e-02 2.263005806609903053e-02 0.000000000000000000e+00 1.078554823266688834e+00 7.368153372122659972e-02 2.544853735714336336e+08 2.544853735714336336e+08
2.000000000000000000e+02 4.200000000000100000e+13 0.000000000000000000e+00 1.246069572587254370e+00 1.529733759508387220e-02 -1.000000000000000000e+00 -1.000000000000000000e+00 0.000000000000000000e+00 1.340506497618930037e+00 3.493946882162794060e-02 -1.000000000000000000e+00 -1.000000000000000000e+00
2.010000000000000000e+02 4.200000000000100000e+13 0.000000000000000000e+00 9.979157895330358352e-01 7.524701921794443860e-02 2.202727698783628618e-01 1.267468408312086015e-01 0.000000000000000000e+00 1.091161268933944273e+00 5.141316198686524119e-02 7.074154068495117426e+08 5.959450494036855698e+08
2.020000000000000000e+02 4.200000000001400000e+13 0.000000000000000000e+00 1.016155249411105022e+00 7.951923969832083716e-02 -1.000000000000000000e+00 -1.000000000000000000e+00 0.000000000000000000e+00 7.324601557774218508e-01 1.053809162991406617e-01 -1.000000000000000000e+00 -1.000000000000000000e+00
2.030000000000000000e+02 4.200000000000300000e+13 0.000000000000000000e+00 1.717812650824747323e+00 1.681795640876319886e-01 2.090852348901474644e-01 1.360923007469424517e-01 0.000000000000000000e+00 1.335807284058302624e+00 1.156270934017731289e-01 1.049527936943024278e+09 5.704933806908459663e+08
2.040000000000000000e+02 4.200000000007000000e+13 0.000000000000000000e+00 5.661131740145880498e-01 2.262424185986191272e-01 -1.000000000000000000e+00 -1.000000000000000000e+00 0.000000000000000000e+00 1.182787836092733524e+00 2.389119943872933804e-01 -1.000000000000000000e+00 -1.000000000000000000e+00
2.050000000000000000e+02 4.200000000000400000e+13 0.000000000000000000e+00 1.039188327664713363e+00 5.392151641019455460e-02 1.078328945718941972e-01 8.518628557101667886e-02 0.000000000000000000e+00 7.931098854976685875e-01 7.015435429454111582e-02 1.287181853901438475e+09 1.016853358370833278e+09
2.060000000000000000e+02 -1.000000000000000000e+00 -1.000000000000000000e+00 -1.000000000000000000e+00 -1.000000000000000000e+00 -1.000000000000000000e+00 -1.000000000000000000e+00 -1.000000000000000000e+00 -1.000000000000000000e+00 -1.000000000000000000e+00 -1.000000000000000000e+00 -1.000000000000000000e+00
2.070000000000000000e+02 4.200000000000600000e+13 0.000000000000000000e+00 1.214212373965751102e+00 6.534205946850482616e-02 6.624168950722122973e-02 6.624168950722122973e-02 0.000000000000000000e+00 1.191406452764150581e+00 4.093115421792038050e-02 -1.000000000000000000e+00 -1.000000000000000000e+00
2.080000000000000000e+02 4.200000000005000000e+13 0.000000000000000000e+00 1.118884608978701234e+00 1.929231628734325854e-01 1.364261395709850389e-01 1.364261395709850389e-01 0.000000000000000000e+00 9.257460246490810674e-01 1.949183708009680771e-01 1.928293873241772652e+09 1.928293873241772652e+09
2.090000000000000000e+02 4.200000000005500000e+13 0.000000000000000000e+00 1.357218173416744555e+00 1.834176974092274759e-01 -1.000000000000000000e+00 -1.000000000000000000e+00 0.000000000000000000e+00 1.213691782996256352e+00 2.503834250448754295e-01 -1.000000000000000000e+00 -1.000000000000000000e+00
2.100000000000000000e+02 4.200000000032000000e+13 0.000000000000000000e+00 7.967158505375400157e-01 1.111253945537406529e-01 -1.000000000000000000e+00 -1.000000000000000000e+00 0.000000000000000000e+00 8.188284147653911438e-01 9.742145439040884869e-02 -1.000000000000000000e+00 -1.000000000000000000e+00
2.110000000000000000e+02 4.200000000000100000e+13 1.000000000000000000e+00 1.058380824064390380e+00 3.394458031806066312e-02 2.532292971864677153e-02 2.532292971864677153e-02 1.000000000000000000e+00 1.016543670159354873e+00 9.366339038357467811e-03 -1.000000000000000000e+00 -1.000000000000000000e+00
2.120000000000000000e+02 4.200000000001600000e+13 0.000000000000000000e+00 8.265244848653144905e-01 2.633098889226751296e-02 -1.000000000000000000e+00 -1.000000000000000000e+00 0.000000000000000000e+00 5.835444888861159862e-01 3.202337560214933709e-02 -1.000000000000000000e+00 -1.000000000000000000e+00
2.130000000000000000e+02 4.200000000000500000e+13 0.000000000000000000e+00 1.031951015910919311e+00 8.012546306489913561e-02 7.430462819568915689e-02 7.430462819568915689e-02 0.000000000000000000e+00 1.066393903892995709e+00 4.902551656980637385e-02 -1.000000000000000000e+00 -1.000000000000000000e+00
2.140000000000000000e+02 4.200000000005000000e+13 0.000000000000000000e+00 8.960546935832396365e-01 5.037849987229139209e-02 -1.000000000000000000e+00 -1.000000000000000000e+00 0.000000000000000000e+00 9.676516691948164883e-01 8.263031579960286588e-02 -1.000000000000000000e+00 -1.000000000000000000e+00
2.150000000000000000e+02 4.200000000000300000e+13 0.000000000000000000e+00 1.085042058253307351e+00 5.735548447714625131e-02 3.183594192821892488e-02 1.771385817607448732e-02 0.000000000000000000e+00 1.026687070125019918e+00 7.122225430736747742e-02 2.123056646118663847e+08 2.123056646118663847e+08
2.160000000000000000e+02 4.200000000004600000e+13 0.000000000000000000e+00 8.965357250511940546e-01 1.868284814655628290e-01 1.841502216088291566e-01 1.841502216088291566e-01 0.000000000000000000e+00 6.233415462501937787e-01 1.152513096637886453e-01 -1.000000000000000000e+00 -1.000000000000000000e+00
2.170000000000000000e+02 4.200000000006800000e+13 1.000000000000000000e+00 9.690439982007263975e-01 9.836691481574335802e-03 -1.000000000000000000e+00 -1.000000000000000000e+00 1.000000000000000000e+00 9.160502222982289666e-01 2.003030966205079227e-02 -1.000000000000000000e+00 -1.000000000000000000e+00
2.180000000000000000e+02 4.200000000017100000e+13 0.000000000000000000e+00 8.986633250758944147e-01 8.415787571639515852e-02 -1.000000000000000000e+00 -1.000000000000000000e+00 0.000000000000000000e+00 1.065719112860164408e+00 8.366508194256357112e-02 -1.000000000000000000e+00 -1.000000000000000000e+00
2.190000000000000000e+02 4.200000000001300000e+13 0.000000000000000000e+00 1.145269780988171560e+00 6.866444607937664812e-02 5.095119878779004463e-02 5.095119878779004463e-02 0.000000000000000000e+00 1.029887139714058986e+00 9.512421209523212740e-02 5.806561528132731915e+08 5.806561528132731915e+08
2.200000000000000000e+02 4.200000000002100000e+13 0.000000000000000000e+00 1.199297195232856383e+00 1.339184127779902422e-01 -1.000000000000000000e+00 -1.000000000000000000e+00 0.000000000000000000e+00 1.153351621605984700e+00 1.728737008193566849e-01 -1.000000000000000000e+00 -1.000000000000000000e+00
2.210000000000000000e+02 4.200000000020100000e+13 0.000000000000000000e+00 9.964609314609443880e-01 1.196935509051661045e-01 -1.000000000000000000e+00 -1.000000000000000000e+00 0.000000000000000000e+00 8.421385220784303183e-01 1.292739339183588965e-01 -1.000000000000000000e+00 -1.000000000000000000e+00
2.220000000000000000e+02 4.200000000005400000e+13 0.000000000000000000e+00 1.294403546750729328e+00 1.060674369642497783e-01 -1.000000000000000000e+00 -1.000000000000000000e+00 0.000000000000000000e+00 1.169610563782621293e+00 1.493002805971444524e-01 -1.000000000000000000e+00 -1.000000000000000000e+00
2.230000000000000000e+02 4.200000000010700000e+13 0.000000000000000000e+00 9.584852695253304189e-01 9.586067569541674438e-02 -1.000000000000000000e+00 -1.000000000000000000e+00 0.000000000000000000e+00 9.840206290302592196e-01 1.271826311032775159e-01 -1.000000000000000000e+00 -1.000000000000000000e+00
2.240000000000000000e+02 4.200000000005100000e+13 0.000000000000000000e+00 9.360660528536995928e-01 9.314983464065761110e-02 -1.000000000000000000e+00 -1.000000000000000000e+00 0.000000000000000000e+00 8.666139717819921762e-01 8.318929389550473730e-02 -1.000000000000000000e+00 -1.000000000000000000e+00
2.250000000000000000e+02 4.200000000000500000e+13 0.000000000000000000e+00 1.059667720913600508e+00 1.803023091171074843e-01 2.681960543603427172e-01 1.932653237220297304e-01 0.000000000000000000e+00 1.082788804232464930e+00 1.842133130588395895e-01 1.089029662901882172e+09 7.377331012700593472e+08
2.260000000000000000e+02 4.200000000000900000e+13 1.000000000000000000e+00 9.777395277060677570e-01 2.636233686043164964e-02 1.738341640412395181e-02 1.738341640412395181e-02 1.000000000000000000e+00 1.005261616711827788e+00 2.565942961464000999e-02 -1.000000000000000000e+00 -1.000000000000000000e+00
2.270000000000000000e+02 4.200000000000100000e+13 0.000000000000000000e+00 1.124298421154865890e+00 5.139419467443759326e-02 5.095341018251681175e-02 2.731951525899652816e-02 0.000000000000000000e+00 1.137278438776422318e+00 4.742261188831799201e-02 2.708093925355446935e+08 2.708093925355446935e+08
2.280000000000000000e+02 4.200000000000100000e+13 1.000000000000000000e+00 1.108707569786350211e+00 2.544971173601178263e-02 -1.000000000000000000e+00 -1.000000000000000000e+00 0.000000000000000000e+00 1.192048982637563093e+00 4.769057625880350482e-02 -1.000000000000000000e+00 -1.000000000000000000e+00
2.290000000000000000e+02 4.200000000000100000e+13 1.000000000000000000e+00 9.663280770669292474e-01 3.176552548951395993e-02 -1.000000000000000000e+00 -1.000000000000000000e+00 1.000000000000000000e+00 1.021054696002949624e+00 2.511169735909239698e-02 -1.000000000000000000e+00 -1.000000000000000000e+00
2.300000000000000000e+02 4.200000000000100000e+13 0.000000000000000000e+00 1.018897292186798031e+00 1.462420710868346796e-01 3.767598173767914282e-01 1.403764189850894573e-01 0.000000000000000000e+00 9.433197851931363065e-01 1.163925057858510720e-01 1.698694623385402918e+09 9.903473203964872360e+08
2.310000000000000000e+02 4.200000000000200000e+13 0.000000000000000000e+00 1.071734075400102126e+00 6.356382570608060112e-02 3.592343348393758212e-02 3.592343348393758212e-02 0.000000000000000000e+00 1.176719578177553904e+00 6.721533207542110255e-02 5.614768112633965015e+08 5.614768112633965015e+08
2.320000000000000000e+02 4.200000000019700000e+13 0.000000000000000000e+00 1.084373831501758367e+00 9.729726277196856787e-02 -1.000000000000000000e+00 -1.000000000000000000e+00 0.000000000000000000e+00 9.296421208038471162e-01 8.207587044351441485e-02 -1.000000000000000000e+00 -1.000000000000000000e+00
2.330000000000000000e+02 4.200000000000200000e+13 0.000000000000000000e+00 1.111607009097524745e+00 1.230826166880280431e-01 1.465760258317309328e-01 1.465760258317309328e-01 0.000000000000000000e+00 1.137554515566492119e+00 1.620160041984247123e-01 1.936171085133149862e+09 1.936171085133149862e+09
2.340000000000000000e+02 4.200000000000100000e+13 0.000000000000000000e+00 1.354577708117607804e+00 6.826075004078015207e-02 2.635502184993950836e-01 8.399847281814636080e-02 0.000000000000000000e+00 1.449652884007740061e+00 1.374994891720593970e-01 1.402033555277282238e+09 5.112766189372911453e+08
2.350000000000000000e+02 4.200000000001200000e+13 0.000000000000000000e+00 8.138605064277892875e-01 1.119790103113219304e-01 -1.000000000000000000e+00 -1.000000000000000000e+00 0.000000000000000000e+00 9.027974442549853151e-01 1.005090666597103499e-01 -1.000000000000000000e+00 -1.000000000000000000e+00
2.360000000000000000e+02 4.200000000000700000e+13 0.000000000000000000e+00 8.202041038995949718e-01 1.120982787036516604e-01 2.259495580944169135e-01 2.259495580944169135e-01 0.000000000000000000e+00 7.463315473068422579e-01 6.481206910731410198e-02 -1.000000000000000000e+00 -1.000000000000000000e+00
2.370000000000000000e+02 4.200000000013700000e+13 0.000000000000000000e+00 1.812162834606765749e+00 2.900265130434963035e-01 -1.000000000000000000e+00 -1.000000000000000000e+00 0.000000000000000000e+00 1.998445942945802800e+00 1.755558673764680833e-01 -1.000000000000000000e+00 -1.000000000000000000e+00
2.380000000000000000e+02 4.200000000000500000e+13 1.000000000000000000e+00 1.028282444532068629e+00 3.679440628589537160e-02 -1.000000000000000000e+00 -1.000000000000000000e+00 1.000000000000000000e+00 1.058200493567055700e+00 3.908660170605844641e-02 -1.000000000000000000e+00 -1.000000000000000000e+00
2.390000000000000000e+02 4.200000000055700000e+13 0.000000000000000000e+00 9.172382279263865401e-01 1.788231451513015158e-01 -1.000000000000000000e+00 -1.000000000000000000e+00 0.000000000000000000e+00 8.222397736691653414e-01 1.662398819169182973e-01 -1.000000000000000000e+00 -1.000000000000000000e+00
2.400000000000000000e+02 4.200000000000200000e+13 0.000000000000000000e+00 8.785395208821971114e-01 4.061439406847132394e-02 1.155403393336364715e-01 9.084708588546820673e-02 0.000000000000000000e+00 1.120827798564824285e+00 2.175162899555218438e-02 1.465534607785604596e+08 1.465534607785604596e+08
2.410000000000000000e+02 4.200000000001500000e+13 0.000000000000000000e+00 1.023576150735022283e+00 1.866616284841091100e-01 2.718794409946864721e-01 2.003596151900685629e-01 0.000000000000000000e+00 1.073041378707549232e+00 9.352086897164937906e-02 1.040470223740739822e+09 1.040470223740739822e+09
2.420000000000000000e+02 4.200000000020000000e+13 0.000000000000000000e+00 8.378546562531457020e-01 1.821835730138239851e-01 -1.000000000000000000e+00 -1.000000000000000000e+00 0.000000000000000000e+00 7.321313593231599803e-01 1.897056625552084597e-01 -1.000000000000000000e+00 -1.000000000000000000e+00
2.430000000000000000e+02 4.200000000000400000e+13 1.000000000000000000e+00 1.010494716213375055e+00 2.184905253133566372e-02 7.857202733532196726e-02 7.857202733532196726e-02 0.000000000000000000e+00 9.264250101754407662e-01 2.968662526148096656e-02 9.372863443254604340e+08 9.372863443254604340e+08
2.440000000000000000e+02 4.200000000069100000e+13 0.000000000000000000e+00 1.174579428485954535e+00 1.575788186492243503e-01 -1.000000000000000000e+00 -1.000000000000000000e+00 0.000000000000000000e+00 5.596457461139469070e-01 4.803579135223481206e-02 -1.000000000000000000e+00 -1.000000000000000000e+00
2.450000000000000000e+02 4.200000000004800000e+13 0.000000000000000000e+00 8.453095257408054231e-01 2.034950953421811870e-01 3.495023497435161830e-01 3.495023497435161830e-01 0.000000000000000000e+00 1.327736472119820377e+00 7.597708353207591192e-02 -1.000000000000000000e+00 -1.000000000000000000e+00
2.460000000000000000e+02 4.200000000000100000e+13 0.000000000000000000e+00 1.225322376623467324e+00 7.944350751857970350e-02 7.584620940490623131e-02 7.584620940490623131e-02 0.000000000000000000e+00 1.186737485337392428e+00 1.317690721452587921e-01 9.177831120924634933e+08 9.177831120924634933e+08
2.470000000000000000e+02 4.200000000003900000e+13 0.000000000000000000e+00 9.781076102881565149e-01 1.100710156347181612e-01 -1.000000000000000000e+00 -1.000000000000000000e+00 0.000000000000000000e+00 8.648026265337840357e-01 1.147259773331454624e-01 -1.000000000000000000e+00 -1.000000000000000000e+00
2.480000000000000000e+02 4.200000000000200000e+13 0.000000000000000000e+00 8.094597334111354181e-01 2.791091938129884251e-02 6.075777986829727223e-02 6.075777986829727223e-02 1.000000000000000000e+00 9.539817012495227511e-01 2.311514231463018473e-02 -1.000000000000000000e+00 -1.000000000000000000e+00
2.490000000000000000e+02 4.200000000000900000e+13 1.000000000000000000e+00 9.840739360025502203e-01 2.330751978576624597e-02 8.075511536088393616e-02 4.843142010335935860e-02 0.000000000000000000e+00 1.032214709983440004e+00 5.006052104913648326e-02 7.107733519213910103e+08 7.107733519213910103e+08
2.500000000000000000e+02 4.200000000000800000e+13 1.000000000000000000e+00 9.441114807628383510e-01 2.734690897287821859e-02 -1.000000000000000000e+00 -1.000000000000000000e+00 1.000000000000000000e+00 9.598259040282905996e-01 3.437841895204474946e-02 -1.000000000000000000e+00 -1.000000000000000000e+00
2.510000000000000000e+02 4.200000000000300000e+13 0.000000000000000000e+00 9.710586990181111489e-01 1.027096135571789054e-01 1.608840967159585189e-01 1.160384338407205312e-01 0.000000000000000000e+00 1.217523887027399221e+00 1.177060477134205252e-01 2.210104532391506195e+09 1.594048596461117506e+09
2.520000000000000000e+02 4.200000000007400000e+13 0.000000000000000000e+00 7.101566589690854192e-01 1.364948362071105870e-01 -1.000000000000000000e+00 -1.000000000000000000e+00 0.000000000000000000e+00 9.363104933071736413e-01 8.109990443206162303e-02 -1.000000000000000000e+00 -1.000000000000000000e+00
2.530000000000000000e+02 4.200000000005200000e+13 0.000000000000000000e+00 1.211049513724065330e+00 1.709426370328741285e-01 -1.000000000000000000e+00 -1.000000000000000000e+00 0.000000000000000000e+00 1.161719455525733968e+00 2.221604247936533882e-01 -1.000000000000000000e+00 -1.000000000000000000e+00
2.540000000000000000e+02 4.200000000000100000e+13 0.000000000000000000e+00 1.189558512885315222e+00 7.625383805883340083e-02 8.866236339449592996e-02 2.541587383554390692e-02 0.000000000000000000e+00 1.292914119679963392e+00 9.632079470357836348e-02 5.184023228349747062e+08 3.024368881265578270e+08
2.550000000000000000e+02 4.200000000000200000e+13 0.000000000000000000e+00 1.010899689047822569e+00 5.933242380411572758e-02 9.505139354710397115e-02 9.505139354710397115e-02 0.000000000000000000e+00 1.053931676859100941e+00 4.381634834239603316e-02 -1.000000000000000000e+00 -1.000000000000000000e+00
2.560000000000000000e+02 4.200000000002700000e+13 0.000000000000000000e+00 1.005227863961766666e+00 1.131006257114452879e-01 7.144348202144867876e-02 7.144348202144867876e-02 0.000000000000000000e+00 9.462295304711657584e-01 9.828128465584345941e-02 9.399933328282572031e+08 9.399933328282572031e+08
2.570000000000000000e+02 4.200000000000200000e+13 0.000000000000000000e+00 9.986451597985790407e-01 6.026963525611469391e-02 2.480177113266056679e-02 2.480177113266056679e-02 1.000000000000000000e+00 1.006234258739989285e+00 3.488093008706270870e-02 -1.000000000000000000e+00 -1.000000000000000000e+00
2.580000000000000000e+02 4.200000000000100000e+13 0.000000000000000000e+00 1.293464844022677918e+00 3.593385620312460754e-02 1.503246054121251118e-01 7.351987923724109808e-02 0.000000000000000000e+00 1.221238998779212270e+00 7.080887796429970182e-02 7.402887095467329025e+08 5.055724744127982855e+08
2.590000000000000000e+02 4.200000000003600000e+13 0.000000000000000000e+00 7.712224829251989044e-01 9.159351236846086097e-02 -1.000000000000000000e+00 -1.000000000000000000e+00 0.000000000000000000e+00 7.517246344634296307e-01 5.808735506655144515e-02 -1.000000000000000000e+00 -1.000000000000000000e+00
2.600000000000000000e+02 4.200000000003300000e+13 0.000000000000000000e+00 8.872803923635677048e-01 1.125740548511569017e-01 -1.000000000000000000e+00 -1.000000000000000000e+00 0.000000000000000000e+00 7.486897442253847013e-01 1.379151437815683834e-01 -1.000000000000000000e+00 -1.000000000000000000e+00
2.610000000000000000e+02 4.200000000000700000e+13 0.000000000000000000e+00 8.123484428355295384e-01 1.310860593134341445e-01 2.196796563443366990e-01 2.196796563443366990e-01 1.000000000000000000e+00 9.191735787220073339e-01 3.790446915125146587e-02 -1.000000000000000000e+00 -1.000000000000000000e+00
2.620000000000000000e+02 4.200000000000600000e+13 1.000000000000000000e+00 1.036789599764780689e+00 2.904794934979306950e-02 8.526785791695927486e-02 8.526785791695927486e-02 0.000000000000000000e+00 1.075629198409182807e+00 8.142483106293844919e-02 1.001781487474597573e+09 1.001781487474597573e+09
2.630000000000000000e+02 4.200000000058300000e+13 0.000000000000000000e+00 7.730418032901017478e-01 5.193782673568399927e-02 1.000000000000000000e+00 1.000000000000000000e+00 0.000000000000000000e+00 7.730418032901017478e-01 5.194769432717785684e-02 9.809203370449121475e+09 9.809203370449121475e+09
2.640000000000000000e+02 -1.000000000000000000e+00 -1.000000000000000000e+00 -1.000000000000000000e+00 -1.000000000000000000e+00 -1.000000000000000000e+00 -1.000000000000000000e+00 -1.000000000000000000e+00 -1.000000000000000000e+00 -1.000000000000000000e+00 -1.000000000000000000e+00 -1.000000000000000000e+00
2.650000000000000000e+02 -1.000000000000000000e+00 -1.000000000000000000e+00 -1.000000000000000000e+00 -1.000000000000000000e+00 -1.000000000000000000e+00 -1.000000000000000000e+00 -1.000000000000000000e+00 -1.000000000000000000e+00 -1.000000000000000000e+00 -1.000000000000000000e+00 -1.000000000000000000e+00
2.660000000000000000e+02 4.200000000013900000e+13 0.000000000000000000e+00 8.577921461592946661e-01 1.373532375159556562e-01 -1.000000000000000000e+00 -1.000000000000000000e+00 0.000000000000000000e+00 8.338194703044822242e-01 1.714981891293899385e-01 -1.000000000000000000e+00 -1.000000000000000000e+00
2.670000000000000000e+02 4.200000000006500000e+13 0.000000000000000000e+00 9.721241239789731869e-01 1.330880325732750613e-01 -1.000000000000000000e+00 -1.000000000000000000e+00 0.000000000000000000e+00 9.142371671343114681e-01 1.100624557375771695e-01 -1.000000000000000000e+00 -1.000000000000000000e+00
2.680000000000000000e+02 4.200000000000100000e+13 0.000000000000000000e+00 1.333161764423678841e+00 1.385382606084508972e-01 2.795245987067025428e-01 1.425698562213291443e-01 0.000000000000000000e+00 1.148492523573296342e+00 1.704588452025497802e-01 1.849890416116164207e+09 9.807670184028799534e+08
2.690000000000000000e+02 4.200000000032500000e+13 0.000000000000000000e+00 1.002193725438110583e+00 1.247657285025316753e-01 -1.000000000000000000e+00 -1.000000000000000000e+00 0.000000000000000000e+00 9.969949801910593656e-01 9.870711109676244543e-02 -1.000000000000000000e+00 -1.000000000000000000e+00
2.700000000000000000e+02 4.200000000002400000e+13 1.000000000000000000e+00 9.755264524641126256e-01 1.978575589129570253e-02 -1.000000000000000000e+00 -1.000000000000000000e+00 0.000000000000000000e+00 9.010710914898865109e-01 4.163547806222425707e-02 -1.000000000000000000e+00 -1.000000000000000000e+00
2.710000000000000000e+02 4.200000000001400000e+13 0.000000000000000000e+00 9.076818569204566645e-01 6.011638278513822820e-02 -1.000000000000000000e+00 -1.000000000000000000e+00 0.000000000000000000e+00 9.341040353768254034e-01 7.572290881369868332e-02 -1.000000000000000000e+00 -1.000000000000000000e+00
2.720000000000000000e+02 4.200000000000100000e+13 0.000000000000000000e+00 1.106955314909837895e+00 6.781575997813933665e-02 4.847061771259317253e-02 4.847061771259317253e-02 0.000000000000000000e+00 1.094930628463880673e+00 9.060324921866397263e-02 6.231443885833693743e+08 6.231443885833693743e+08
2.730000000000000000e+02 4.200000000003900000e+13 0.000000000000000000e+00 7.821929234948146181e-01 1.728269786727532412e-02 -1.000000000000000000e+00 -1.000000000000000000e+00 0.000000000000000000e+00 7.469623487433098008e-01 5.342981024993014721e-02 -1.000000000000000000e+00 -1.000000000000000000e+00
2.740000000000000000e+02 4.200000000001200000e+13 0.000000000000000000e+00 8.114818692694671931e-01 9.109369571074553418e-02 1.574032368098764734e-01 1.574032368098764734e-01 0.000000000000000000e+00 8.331096613390286398e-01 6.040552238180186412e-02 -1.000000000000000000e+00 -1.000000000000000000e+00
2.750000000000000000e+02 4.200000000000300000e+13 0.000000000000000000e+00 1.191064948886850106e+00 6.542892926890461758e-02 6.675942907531524917e-02 6.675942907531524917e-02 0.000000000000000000e+00 9.428738548878450310e-01 1.073631403399553930e-01 8.673335529749028683e+08 8.673335529749028683e+08
2.760000000000000000e+02 4.200000000000100000e+13 0.000000000000000000e+00 1.165300829914333702e+00 6.340835903038923027e-02 1.351451108512153054e-01 8.968333672327875872e-02 0.000000000000000000e+00 1.196294841882359572e+00 5.085500211060869219e-02 2.434289392729789913e+08 2.434289392729789913e+08
2.770000000000000000e+02 -1.000000000000000000e+00 -1.000000000000000000e+00 -1.000000000000000000e+00 -1.000000000000000000e+00 -1.000000000000000000e+00 -1.000000000000000000e+00 -1.000000000000000000e+00 -1.000000000000000000e+00 -1.000000000000000000e+00 -1.000000000000000000e+00 -1.000000000000000000e+00
2.780000000000000000e+02 4.200000000004400000e+13 0.000000000000000000e+00 9.280732233962255551e-01 5.563816031456561562e-02 -1.000000000000000000e+00 -1.000000000000000000e+00 0.000000000000000000e+00 8.346095338937098429e-01 4.384488600375209544e-02 -1.000000000000000000e+00 -1.000000000000000000e+00
2.790000000000000000e+02 4.200000000090400000e+13 0.000000000000000000e+00 9.540665133194056180e-01 7.676361720006272260e-02 -1.000000000000000000e+00 -1.000000000000000000e+00 0.000000000000000000e+00 1.310499606376909654e+00 1.880050335084112734e-01 -1.000000000000000000e+00 -1.000000000000000000e+00
2.800000000000000000e+02 4.200000000002300000e+13 0.000000000000000000e+00 9.103814348998099382e-01 1.486267998280086655e-01 1.525334082730041008e-01 1.525334082730041008e-01 0.000000000000000000e+00 9.682790041587748808e-01 8.416181505444500499e-02 -1.000000000000000000e+00 -1.000000000000000000e+00
2.810000000000000000e+02 4.200000000003000000e+13 0.000000000000000000e+00 1.169784735700342138e+00 5.678230511128554148e-02 -1.000000000000000000e+00 -1.000000000000000000e+00 0.000000000000000000e+00 1.121354849513805707e+00 7.240246169948159893e-02 -1.000000000000000000e+00 -1.000000000000000000e+00
2.820000000000000000e+02 4.200000000000300000e+13 1.000000000000000000e+00 1.005340979587837413e+00 2.137518695225731555e-02 -1.000000000000000000e+00 -1.000000000000000000e+00 1.000000000000000000e+00 1.006132462957025853e+00 3.625726515085752472e-02 -1.000000000000000000e+00 -1.000000000000000000e+00
2.830000000000000000e+02 4.200000000001800000e+13 0.000000000000000000e+00 1.022417381570930317e+00 8.947586644211930063e-02 8.610372269210583851e-02 8.610372269210583851e-02 0.000000000000000000e+00 9.606105103956923408e-01 8.756429864561762755e-02 -1.000000000000000000e+00 -1.000000000000000000e+00
2.840000000000000000e+02 4.200000000000300000e+13 0.000000000000000000e+00 1.110191377286723569e+00 5.470123045425880071e-02 4.225975548626628026e-02 4.225975548626628026e-02 0.000000000000000000e+00 1.099343616739424601e+00 6.223025344275993909e-02 4.809723146573579311e+08 4.809723146573579311e+08
2.850000000000000000e+02 4.200000000000300000e+13 0.000000000000000000e+00 7.329442946547223281e-01 1.044352016699867242e-01 2.094094407929422419e-01 1.097683736951249461e-01 0.000000000000000000e+00 1.008320485404714528e+00 6.343961598787883904e-02 -1.000000000000000000e+00 -1.000000000000000000e+00
2.860000000000000000e+02 4.200000000013300000e+13 0.000000000000000000e+00 8.277670510382404423e-01 4.431619166123198367e-02 -1.000000000000000000e+00 -1.000000000000000000e+00 0.000000000000000000e+00 9.375708901315197297e-01 1.258872937601077935e-01 -1.000000000000000000e+00 -1.000000000000000000e+00
2.870000000000000000e+02 4.200000000073500000e+13 0.000000000000000000e+00 8.942575334807841836e-01 2.129123234654794750e-01 -1.000000000000000000e+00 -1.000000000000000000e+00 0.000000000000000000e+00 1.035593900791899280e+00 2.480438582974525963e-01 -1.000000000000000000e+00 -1.000000000000000000e+00
2.880000000000000000e+02 4.200000000000200000e+13 0.000000000000000000e+00 1.058110643792625760e+00 4.345884018721051650e-02 3.582214157956225414e-02 3.582214157956225414e-02 0.000000000000000000e+00 1.103048899115586901e+00 5.662300066651986680e-02 -1.000000000000000000e+00 -1.000000000000000000e+00
2.890000000000000000e+02 4.200000000002300000e+13 0.000000000000000000e+00 1.040349263551965109e+00 4.096604406085802008e-02 -1.000000000000000000e+00 -1.000000000000000000e+00 0.000000000000000000e+00 9.165120540233990809e-01 5.344821304442950310e-02 -1.000000000000000000e+00 -1.000000000000000000e+00
2.900000000000000000e+02 4.200000000013900000e+13 0.000000000000000000e+00 9.657634684509592837e-01 1.191706273745613276e-01 -1.000000000000000000e+00 -1.000000000000000000e+00 0.000000000000000000e+00 8.135300201231407957e-01 1.062310284158492768e-01 -1.000000000000000000e+00 -1.000000000000000000e+00
2.910000000000000000e+02 4.200000000007400000e+13 0.000000000000000000e+00 9.021295150241289695e-01 1.452152496325929687e-01 -1.000000000000000000e+00 -1.000000000000000000e+00 0.000000000000000000e+00 8.772770447243410930e-01 9.361294036740375191e-02 -1.000000000000000000e+00 -1.000000000000000000e+00
2.920000000000000000e+02 4.200000000002400000e+13 0.000000000000000000e+00 1.109979685701800500e+00 5.481370737492483047e-02 -1.000000000000000000e+00 -1.000000000000000000e+00 0.000000000000000000e+00 1.014482436109152674e+00 4.501252551471700281e-02 -1.000000000000000000e+00 -1.000000000000000000e+00
2.930000000000000000e+02 4.200000000003700000e+13 0.000000000000000000e+00 9.979488731998035211e-01 1.075546844408512975e-01 -1.000000000000000000e+00 -1.000000000000000000e+00 0.000000000000000000e+00 5.533483180427458681e-01 1.021575456063168880e-01 -1.000000000000000000e+00 -1.000000000000000000e+00
2.940000000000000000e+02 4.200000000000200000e+13 0.000000000000000000e+00 8.873313195412325660e-01 4.482922265433682274e-02 -1.000000000000000000e+00 -1.000000000000000000e+00 1.000000000000000000e+00 9.934789449705125897e-01 2.909473338238201257e-02 -1.000000000000000000e+00 -1.000000000000000000e+00
2.950000000000000000e+02 -1.000000000000000000e+00 -1.000000000000000000e+00 -1.000000000000000000e+00 -1.000000000000000000e+00 -1.000000000000000000e+00 -1.000000000000000000e+00 -1.000000000000000000e+00 -1.000000000000000000e+00 -1.000000000000000000e+00 -1.000000000000000000e+00 -1.000000000000000000e+00
2.960000000000000000e+02 4.200000000000400000e+13 0.000000000000000000e+00 1.427568540696392940e+00 8.685738458059437395e-02 7.967195270890563286e-02 7.967195270890563286e-02 0.000000000000000000e+00 1.342958629355870626e+00 1.056686475248347773e-01 8.802533435428665876e+08 8.802533435428665876e+08
2.970000000000000000e+02 4.200000000000400000e+13 0.000000000000000000e+00 9.866208751809718569e-01 9.170094659009897509e-02 -1.000000000000000000e+00 -1.000000000000000000e+00 0.000000000000000000e+00 1.062007830462569080e+00 1.089244765809050941e-01 -1.000000000000000000e+00 -1.000000000000000000e+00
2.980000000000000000e+02 4.200000000000700000e+13 0.000000000000000000e+00 1.052333778032671807e+00 9.854806318837269763e-02 1.589838732122976772e-01 1.124539693414404323e-01 0.000000000000000000e+00 9.341367990648242747e-01 1.066343063445091277e-01 6.301065672843728065e+08 6.301065672843728065e+08
2.990000000000000000e+02 4.200000000002300000e+13 0.000000000000000000e+00 9.547413537832194486e-01 1.431034149255684951e-01 8.153135788262370898e-02 8.153135788262370898e-02 0.000000000000000000e+00 8.708902381496147482e-01 1.781125464485106558e-01 9.864483710317778587e+08 9.864483710317778587e+08
3.000000000000000000e+02 4.200000000000200000e+13 0.000000000000000000e+00 1.153097119753138777e+00 5.947252519405300808e-02 8.065209836301320823e-02 6.841190710159864019e-02 0.000000000000000000e+00 1.180454590498971612e+00 4.104804869096508046e-02 1.435245819360703826e+08 1.435245819360703826e+08
3.010000000000000000e+02 4.200000000001900000e+13 0.000000000000000000e+00 8.245832998275341996e-01 1.234248386926420638e-01 -1.000000000000000000e+00 -1.000000000000000000e+00 0.000000000000000000e+00 8.824508237042366643e-01 7.068550773654126707e-02 -1.000000000000000000e+00 -1.000000000000000000e+00
3.020000000000000000e+02 4.200000000000800000e+13 0.000000000000000000e+00 1.378714231183536087e+00 1.176874093437500074e-01 1.289702601890621858e-01 1.289702601890621858e-01 0.000000000000000000e+00 1.300913109279647317e+00 1.654099654973706923e-01 1.494594108835292101e+09 1.494594108835292101e+09
3.030000000000000000e+02 4.200000000000300000e+13 0.000000000000000000e+00 9.753691168925934241e-01 1.233098418017107428e-01 2.315289730205011831e-01 1.667342122683699579e-01 0.000000000000000000e+00 1.167862425831865725e+00 1.006918462066411085e-01 -1.000000000000000000e+00 -1.000000000000000000e+00
3.040000000000000000e+02 4.200000000000400000e+13 0.000000000000000000e+00 9.916892209428738170e-01 6.745638421507590965e-02 6.254829352672955367e-02 6.254829352672955367e-02 0.000000000000000000e+00 1.061527352956183279e+00 8.571484681555258112e-02 7.438364865394250154e+08 7.438364865394250154e+08
3.050000000000000000e+02 4.200000000000700000e+13 0.000000000000000000e+00 8.458294182271905992e-01 5.383862519588654416e-02 3.431670288161053212e-02 3.431670288161053212e-02 0.000000000000000000e+00 1.038991559618989813e+00 4.604671586292256869e-02 4.777581587858797312e+08 4.777581587858797312e+08
3.060000000000000000e+02 4.200000000003100000e+13 0.000000000000000000e+00 8.656428707181320625e-01 1.352243608816817988e-01 1.227443519619500628e-01 1.227443519619500628e-01 0.000000000000000000e+00 7.818908294353299482e-01 1.933215368028437242e-01 -1.000000000000000000e+00 -1.000000000000000000e+00
3.070000000000000000e+02 4.200000000001700000e+13 1.000000000000000000e+00 1.025531889179692957e+00 2.716021894160734404e-02 -1.000000000000000000e+00 -1.000000000000000000e+00 1.000000000000000000e+00 9.798236920927189120e-01 2.978152576443151428e-02 -1.000000000000000000e+00 -1.000000000000000000e+00
3.080000000000000000e+02 4.200000000002000000e+13 0.000000000000000000e+00 8.559843832374568473e-01 4.337733660964381704e-02 -1.000000000000000000e+00 -1.000000000000000000e+00 0.000000000000000000e+00 8.331207854028392923e-01 3.277676367102352190e-02 -1.000000000000000000e+00 -1.000000000000000000e+00
3.090000000000000000e+02 4.200000000000400000e+13 0.000000000000000000e+00 1.005554723416612006e+00 6.059380431700325809e-02 4.100950710401683741e-02 4.100950710401683741e-02 0.000000000000000000e+00 9.499990992089905051e-01 6.860907672323028617e-02 5.268128236991332173e+08 5.268128236991332173e+08
3.100000000000000000e+02 4.200000000001800000e+13 0.000000000000000000e+00 1.193357055082815199e+00 2.888008911612127000e-02 -1.000000000000000000e+00 -1.000000000000000000e+00 0.000000000000000000e+00 1.153222771298875182e+00 3.862775749895915739e-02 -1.000000000000000000e+00 -1.000000000000000000e+00
3.110000000000000000e+02 -1.000000000000000000e+00 -1.000000000000000000e+00 -1.000000000000000000e+00 -1.000000000000000000e+00 -1.000000000000000000e+00 -1.000000000000000000e+00 -1.000000000000000000e+00 -1.000000000000000000e+00 -1.000000000000000000e+00 -1.000000000000000000e+00 -1.000000000000000000e+00
3.120000000000000000e+02 4.200000000059700000e+13 0.000000000000000000e+00 8.344121579537751021e-01 1.082820094054760957e-01 -1.000000000000000000e+00 -1.000000000000000000e+00 0.000000000000000000e+00 5.627022317503191928e-01 9.436901908686214091e-02 -1.000000000000000000e+00 -1.000000000000000000e+00
3.130000000000000000e+02 4.200000000000800000e+13 0.000000000000000000e+00 1.065936792961860613e+00 4.161882904900055663e-02 -1.000000000000000000e+00 -1.000000000000000000e+00 0.000000000000000000e+00 9.597648459358824047e-01 5.829828344777064630e-02 -1.000000000000000000e+00 -1.000000000000000000e+00
3.140000000000000000e+02 4.200000000012200000e+13 0.000000000000000000e+00 1.113702000679429149e+00 1.215151054882054743e-01 -1.000000000000000000e+00 -1.000000000000000000e+00 0.000000000000000000e+00 1.156846524279961708e+00 8.460632166627582440e-02 -1.000000000000000000e+00 -1.000000000000000000e+00
3.150000000000000000e+02 4.200000000109600000e+13 0.000000000000000000e+00 8.922903214081443490e-01 2.207907120361384257e-01 -1.000000000000000000e+00 -1.000000000000000000e+00 0.000000000000000000e+00 8.212782754423721965e-01 2.475725540905144850e-01 -1.000000000000000000e+00 -1.000000000000000000e+00
3.160000000000000000e+02 4.200000000000200000e+13 1.000000000000000000e+00 1.109175470313736644e+00 3.333561939018517273e-02 -1.000000000000000000e+00 -1.000000000000000000e+00 1.000000000000000000e+00 1.139410870062660841e+00 3.650617275955502644e-02 -1.000000000000000000e+00 -1.000000000000000000e+00
3.170000000000000000e+02 4.200000000000400000e+13 0.000000000000000000e+00 9.564758772214495552e-01 8.274294449040173194e-02 1.033725289678221332e-01 1.033725289678221332e-01 0.000000000000000000e+00 9.793971306934327048e-01 4.443130171078028823e-02 -1.000000000000000000e+00 -1.000000000000000000e+00
3.180000000000000000e+02 4.200000000073400000e+13 0.000000000000000000e+00 1.091773832104851349e+00 9.494178619618574844e-02 -1.000000000000000000e+00 -1.000000000000000000e+00 0.000000000000000000e+00 1.216916400528590625e+00 8.096684703272798156e-02 -1.000000000000000000e+00 -1.000000000000000000e+00
3.190000000000000000e+02 4.200000000000200000e+13 0.000000000000000000e+00 1.170811936410492304e+00 5.942521515011605499e-02 4.112874597184166398e-02 4.112874597184166398e-02 0.000000000000000000e+00 1.162787129475590042e+00 7.200373922245681402e-02 5.158731346181373000e+08 5.158731346181373000e+08
3.200000000000000000e+02 4.200000000004700000e+13 0.000000000000000000e+00 1.543056209510792920e+00 2.012406603670191807e-01 1.078872586799563132e-01 1.078872586799563132e-01 0.000000000000000000e+00 1.842406776004197999e+00 2.934099833781287359e-01 -1.000000000000000000e+00 -1.000000000000000000e+00
3.210000000000000000e+02 4.200000000034300000e+13 0.000000000000000000e+00 1.414116942264582510e+00 7.637959143273159723e-02 -1.000000000000000000e+00 -1.000000000000000000e+00 0.000000000000000000e+00 1.266569021667309558e+00 1.118747034723122091e-01 -1.000000000000000000e+00 -1.000000000000000000e+00
3.220000000000000000e+02 4.200000000001100000e+13 1.000000000000000000e+00 9.604557242779783177e-01 3.079204882469674734e-02 -1.000000000000000000e+00 -1.000000000000000000e+00 0.000000000000000000e+00 9.026757783426795356e-01 4.297917621810261324e-02 -1.000000000000000000e+00 -1.000000000000000000e+00
3.230000000000000000e+02 4.200000000087100000e+13 1.000000000000000000e+00 8.694573983963933550e-01 2.568123767435784299e-02 -1.000000000000000000e+00 -1.000000000000000000e+00 0.000000000000000000e+00 7.851032549040974917e-01 1.063945670597286619e-01 -1.000000000000000000e+00 -1.000000000000000000e+00
3.240000000000000000e+02 4.200000000001300000e+13 0.000000000000000000e+00 1.071768843197306920e+00 1.129710472482674949e-01 -1.000000000000000000e+00 -1.000000000000000000e+00 0.000000000000000000e+00 9.761866253427629037e-01 1.769792554974384813e-01 -1.000000000000000000e+00 -1.000000000000000000e+00
