# rID[0] Hid[1]   R200: DS[2], eta[3], detla[4], fm[5], fm2[6];   R500: DS[7], eta[8], detla[9], fm[10], fm2[11]
1.000000000000000000e+00 6.500000000000300000e+13 0.000000000000000000e+00 1.173296783744434135e+00 6.440638068143036965e-02 4.407164645859265595e-02 1.111835938100287288e-02 0.000000000000000000e+00 1.409059629200232422e+00 2.700926024568595443e-02 3.588454352348923683e+08 1.680209167432315648e+08
2.000000000000000000e+00 6.500000000000200000e+13 0.000000000000000000e+00 1.194513641702949602e+00 9.281988181280936834e-02 2.372595057660626117e-01 1.389493643343383822e-01 0.000000000000000000e+00 1.458436569318736442e+00 6.316466154944536116e-02 1.131508029164266586e+09 5.718381016821258068e+08
3.000000000000000000e+00 6.500000000000400000e+13 0.000000000000000000e+00 1.224765593375305883e+00 3.894449844673004285e-02 1.002941779523919552e-01 4.119214236191356265e-02 0.000000000000000000e+00 1.130672826372656203e+00 4.946420303216611525e-02 1.046145686072451234e+09 6.195589065734230280e+08
4.000000000000000000e+00 6.500000000000500000e+13 0.000000000000000000e+00 1.095081408243752774e+00 5.881618723560034373e-02 5.335395331345821335e-02 2.040178985060960709e-02 0.000000000000000000e+00 1.379218474415273343e+00 5.771099559500929288e-02 9.242520588535922766e+08 3.534207889515066147e+08
5.000000000000000000e+00 6.500000000001000000e+13 0.000000000000000000e+00 1.119053133679484446e+00 1.296000545664905690e-01 3.362581126359756034e-01 1.511153440124844982e-01 0.000000000000000000e+00 1.173192574560163681e+00 7.448165811057892716e-02 2.564697377382090092e+09 1.019084771800210953e+09
6.000000000000000000e+00 6.500000000000100000e+13 0.000000000000000000e+00 1.025716396573494116e+00 6.114453167628267072e-02 6.482486845916199392e-02 1.551786662483104796e-02 0.000000000000000000e+00 1.228136647728546471e+00 4.524871260813609353e-02 2.893833430921107531e+08 8.894636096961708367e+07
7.000000000000000000e+00 6.500000000000100000e+13 0.000000000000000000e+00 1.228844731520535083e+00 1.044906020990340467e-01 2.002799229021971772e-01 9.389059974664744346e-02 0.000000000000000000e+00 1.127404689822140593e+00 8.614109879631917654e-02 1.512384361352158070e+09 6.311403059367077351e+08
8.000000000000000000e+00 6.500000000005900000e+13 0.000000000000000000e+00 1.741556681360838965e+00 1.374402207483665650e-01 1.094280790192657671e-01 8.980329826904358270e-02 0.000000000000000000e+00 1.646651139214076354e+00 1.564330877030092326e-01 1.458051611668121576e+09 1.196565314385526896e+09
9.000000000000000000e+00 6.500000000000100000e+13 0.000000000000000000e+00 1.801758387682354634e+00 6.329182527447174689e-02 1.820116426235280083e-01 3.860244044806403901e-02 0.000000000000000000e+00 1.666758492228737509e+00 5.859111346654628794e-02 1.965867265275084496e+09 5.056024554890757799e+08
1.000000000000000000e+01 6.500000000000100000e+13 0.000000000000000000e+00 1.284922517764846006e+00 6.245036496584797231e-02 1.138025839766746705e-01 2.544506995764032886e-02 0.000000000000000000e+00 1.415998595192956344e+00 8.199957078494250762e-02 1.258141200045490742e+09 3.345628918474538326e+08
1.100000000000000000e+01 6.500000000000100000e+13 0.000000000000000000e+00 1.007943531473890042e+00 1.560442877553245289e-01 5.472674665054588772e-01 2.165021003518670661e-01 0.000000000000000000e+00 8.413556343803175741e-01 2.422565584422804730e-01 2.084831091912543058e+09 8.321056771048644781e+08
1.200000000000000000e+01 6.500000000000300000e+13 0.000000000000000000e+00 1.109840868738414255e+00 3.681063086589039107e-02 1.071548295273860030e-01 3.660620776698754464e-02 0.000000000000000000e+00 1.464950667991994360e+00 5.397042629012929749e-02 1.308301504603893995e+09 5.400402845821472406e+08
1.300000000000000000e+01 6.500000000005700000e+13 0.000000000000000000e+00 2.471241299702618299e+00 1.172662873007396106e-01 9.603387626316463310e-02 8.913198737901334434e-02 0.000000000000000000e+00 2.373587929873449909e+00 1.825818280100582058e-01 1.199324356778993368e+09 1.113129737040210485e+09
1.400000000000000000e+01 6.500000000011000000e+13 0.000000000000000000e+00 1.311338554996955841e+00 1.149120640449261682e-01 1.323003464886334836e-02 1.323003464886334836e-02 0.000000000000000000e+00 1.302147722291685072e+00 7.664624178077515670e-02 2.186179532530782223e+08 2.186179532530782223e+08
1.500000000000000000e+01 6.500000000000200000e+13 0.000000000000000000e+00 1.265396006043337129e+00 1.551745983056355971e-01 1.822891920922463938e-01 9.513633409775668071e-02 0.000000000000000000e+00 1.172289499972251736e+00 1.894128132381660556e-01 2.302036536332625866e+09 1.246865153845492840e+09
1.600000000000000000e+01 6.500000000000400000e+13 0.000000000000000000e+00 1.337519509600241019e+00 5.873741279992964609e-02 6.750601021239395483e-02 2.247948580397766613e-02 0.000000000000000000e+00 1.249588176692659314e+00 2.991221557296977474e-02 9.447825181247148514e+08 3.605125944354140162e+08
1.700000000000000000e+01 6.500000000000200000e+13 1.000000000000000000e+00 9.945856310395826405e-01 3.844599919109363551e-02 7.180866670975247223e-02 3.665768019868711342e-02 0.000000000000000000e+00 1.146856730841385508e+00 5.934755450105531904e-02 8.212353439283360243e+08 4.997953239769437313e+08
1.800000000000000000e+01 6.500000000000400000e+13 0.000000000000000000e+00 1.291355205010394913e+00 9.852126138141656386e-02 2.903138302598727294e-01 1.085645989900443642e-01 0.000000000000000000e+00 9.704885808551988458e-01 1.636285760840522907e-01 3.509648668614762306e+09 1.699059893184677362e+09
1.900000000000000000e+01 6.500000000000100000e+13 0.000000000000000000e+00 1.114599378778886152e+00 4.336774754148492450e-02 1.757230552784831701e-01 4.066368154436521970e-02 0.000000000000000000e+00 1.145619622156979212e+00 6.273256224878669129e-02 2.030330140896987677e+09 5.540623780077770948e+08
2.000000000000000000e+01 6.500000000005000000e+13 1.000000000000000000e+00 1.128338140778213816e+00 2.908827486397749795e-02 5.779496485813097328e-02 4.064594102115949570e-02 0.000000000000000000e+00 1.178380070311525696e+00 2.281399620159823075e-02 6.503139543071637154e+08 5.110238680163558722e+08
2.100000000000000000e+01 6.500000000001900000e+13 0.000000000000000000e+00 1.051589843682434910e+00 1.598719237438354646e-01 2.146765069151126137e-01 1.565002058523047856e-01 0.000000000000000000e+00 1.137524788968278466e+00 7.150334671438429712e-02 6.620587622476433516e+08 5.153696917130425572e+08
2.200000000000000000e+01 6.500000000001000000e+13 0.000000000000000000e+00 1.617020838655870207e+00 9.813070808996726679e-02 5.481095290802978637e-02 4.740369457301938511e-02 0.000000000000000000e+00 1.825283975962713523e+00 1.213319923794786426e-01 7.572799649554704428e+08 6.549396837754470110e+08
2.300000000000000000e+01 6.500000000005500000e+13 0.000000000000000000e+00 1.139320567635641934e+00 3.326549262578479826e-01 2.813524244330957713e-01 2.262880639166508223e-01 0.000000000000000000e+00 7.520221468527300557e-01 2.470828747208653475e-01 8.001126768281811476e+08 8.001126768281811476e+08
2.400000000000000000e+01 6.500000000000500000e+13 0.000000000000000000e+00 1.137233117947638927e+00 8.546194763717582243e-02 8.779499060055070969e-02 2.616969376850499310e-02 0.000000000000000000e+00 1.404217449916613125e+00 1.058519012568025358e-01 1.155266945811939478e+09 3.686392779319642782e+08
2.500000000000000000e+01 6.500000000007000000e+13 0.000000000000000000e+00 1.308027335237892164e+00 8.301402049638180458e-02 3.312973213337581102e-01 2.041042794945311656e-01 0.000000000000000000e+00 1.151087266345981908e+00 1.364845165539842198e-01 2.059819121272260904e+09 1.436703423688902378e+09
2.600000000000000000e+01 6.500000000000600000e+13 0.000000000000000000e+00 1.466675465703693115e+00 1.164077000620961366e-01 1.355019474249216371e-01 7.675983018023120608e-02 0.000000000000000000e+00 1.509530042116711046e+00 1.488904962003683996e-01 1.322322294479089260e+09 9.789370393869676590e+08
2.700000000000000000e+01 6.500000000000100000e+13 0.000000000000000000e+00 1.421449724046090823e+00 1.094922027613619286e-01 2.813875576439521242e-01 1.489888644020077035e-01 0.000000000000000000e+00 1.487564522387200494e+00 1.493466829943581597e-01 4.253464325928631783e+09 2.319412081277368546e+09
2.800000000000000000e+01 6.500000000003400000e+13 0.000000000000000000e+00 1.793581214297882864e+00 1.522902345318366268e-01 1.595126312785388190e-01 1.317808219178082108e-01 0.000000000000000000e+00 1.491404576442752816e+00 1.772319245745906380e-01 2.120909725141260147e+09 2.048151639778640270e+09
2.900000000000000000e+01 6.500000000000100000e+13 0.000000000000000000e+00 1.389591205295250598e+00 1.226609244584899311e-01 1.500799387768725346e-01 5.499496164812913562e-02 0.000000000000000000e+00 1.268633217435209737e+00 1.273289503483558405e-01 1.572430553744614601e+09 7.180634811873760223e+08
3.000000000000000000e+01 6.500000000000200000e+13 0.000000000000000000e+00 1.200967245302410946e+00 2.255091292899981115e-01 1.736897889498970615e-01 9.804649965682910029e-02 0.000000000000000000e+00 1.308832889369390573e+00 2.576386010398496462e-01 1.965118747272803545e+09 1.404362413353923082e+09
3.100000000000000000e+01 6.500000000000100000e+13 0.000000000000000000e+00 1.350135469060971261e+00 9.474289069478716852e-02 2.170633444856324423e-01 5.102662176258749432e-02 0.000000000000000000e+00 1.148606489471750480e+00 1.448430942985689807e-01 2.529017724450872898e+09 6.437437591380856037e+08
3.200000000000000000e+01 6.500000000000100000e+13 0.000000000000000000e+00 1.565683991610185899e+00 9.011840901419361505e-02 1.240266485556972831e-01 2.213541246185394065e-02 0.000000000000000000e+00 1.604681053539607216e+00 1.237659200086756867e-01 1.289746506528534889e+09 2.551018066194405556e+08
3.300000000000000000e+01 6.500000000000200000e+13 0.000000000000000000e+00 1.289942177224304931e+00 1.231018732287033762e-01 2.430982404252555462e-01 1.363735374346779217e-01 0.000000000000000000e+00 1.620890622059383057e+00 7.286714782446707117e-02 1.583365275780141592e+09 7.388624028173981905e+08
3.400000000000000000e+01 6.500000000000100000e+13 0.000000000000000000e+00 1.222418430609147677e+00 1.139601640149720957e-01 1.397998448163861041e-01 6.959443744937485188e-02 0.000000000000000000e+00 1.046191250625346347e+00 1.414970551037805224e-01 1.579386601403504133e+09 1.003228313720420837e+09
3.500000000000000000e+01 6.500000000000200000e+13 0.000000000000000000e+00 1.289625905096908776e+00 4.068640799889357285e-02 2.580777701348217490e-01 7.088302346605872273e-02 0.000000000000000000e+00 1.530078714630803693e+00 7.904529444987096198e-02 1.915822619768855333e+09 8.182431397925426960e+08
3.600000000000000000e+01 6.500000000000100000e+13 0.000000000000000000e+00 1.158500426338924694e+00 7.572770351501287300e-02 6.807739594334769051e-02 2.868226500934275766e-02 0.000000000000000000e+00 1.571579758934726678e+00 3.755882869036700211e-02 5.900551306976542473e+08 4.541108526017409563e+08
3.700000000000000000e+01 6.500000000000100000e+13 0.000000000000000000e+00 1.773244495485803762e+00 4.894463072404018483e-02 8.949749247938650065e-02 2.183892638371495026e-02 0.000000000000000000e+00 1.857360849430697680e+00 5.723059948018819482e-02 1.009055231679697275e+09 3.050672230430176258e+08
3.800000000000000000e+01 6.500000000000100000e+13 0.000000000000000000e+00 1.190099277455346272e+00 3.310915753183788640e-02 7.861053832223081905e-02 1.513756182286095549e-02 0.000000000000000000e+00 1.357164735371700459e+00 3.077663033704109569e-02 4.870789772041467428e+08 1.115360466124875098e+08
3.900000000000000000e+01 6.500000000000100000e+13 0.000000000000000000e+00 1.168069182070570644e+00 7.358477008336677949e-02 8.341818820196049422e-02 2.104687289488403265e-02 0.000000000000000000e+00 1.318368160611860462e+00 7.569313021897972060e-02 8.892496150692342520e+08 3.167126688522092104e+08
4.000000000000000000e+01 6.500000000017700000e+13 1.000000000000000000e+00 1.062024133114068736e+00 3.414479035592945383e-02 -1.000000000000000000e+00 -1.000000000000000000e+00 1.000000000000000000e+00 1.045518203079501163e+00 3.751728149113812971e-02 -1.000000000000000000e+00 -1.000000000000000000e+00
4.100000000000000000e+01 6.500000000000700000e+13 0.000000000000000000e+00 1.604830063954247876e+00 1.578018694475467054e-01 1.112234913750280302e-01 5.790369325358864921e-02 0.000000000000000000e+00 1.581295287939556093e+00 1.682962503351238537e-01 1.041435836898107171e+09 6.339794348071779013e+08
4.200000000000000000e+01 6.500000000000100000e+13 0.000000000000000000e+00 1.626148743964135113e+00 1.220257258584883514e-01 1.737795613618929036e-01 9.802755543955889161e-02 0.000000000000000000e+00 1.564189530309588072e+00 1.421214072910081117e-01 2.203597808996404648e+09 1.513978335759287119e+09
4.300000000000000000e+01 6.500000000000200000e+13 0.000000000000000000e+00 1.196529643740625426e+00 8.928305976135858524e-02 9.467328963039615963e-02 3.347008805669992454e-02 0.000000000000000000e+00 1.383249678702988206e+00 7.915310762960657553e-02 1.389745723647682190e+09 5.005162744586346149e+08
4.400000000000000000e+01 6.500000000000300000e+13 0.000000000000000000e+00 1.080772434971795315e+00 1.617426701911153231e-01 2.958258823841621865e-01 9.526652866974505418e-02 0.000000000000000000e+00 1.173391050106367794e+00 1.555899243213093863e-01 1.851325529931575775e+09 5.149621505017651916e+08
4.500000000000000000e+01 6.500000000000400000e+13 0.000000000000000000e+00 1.534547850450001194e+00 8.658036246241153366e-02 2.967036175920906294e-01 1.087665603466942271e-01 0.000000000000000000e+00 1.604208570982461390e+00 1.625418469572513513e-01 2.004739891264037371e+09 1.227844899759791851e+09
4.600000000000000000e+01 6.500000000000100000e+13 0.000000000000000000e+00 1.319475485769172618e+00 6.239354154604224989e-02 1.937868057820435197e-01 4.895197549270838278e-02 0.000000000000000000e+00 1.342134202202140525e+00 8.516998382478374596e-02 1.493900394479156017e+09 3.108320402765888572e+08
4.700000000000000000e+01 6.500000000006500000e+13 0.000000000000000000e+00 1.102425481574057953e+00 6.578498314825824422e-02 8.154400004642579913e-02 5.976682644877493594e-02 0.000000000000000000e+00 1.320758530946696485e+00 6.520161388977248340e-02 3.135548619094398618e+08 1.687519861996775568e+08
4.800000000000000000e+01 6.500000000000100000e+13 0.000000000000000000e+00 1.237580076872299095e+00 4.502742193775095131e-02 3.929617602939902699e-02 1.465706456569414694e-02 0.000000000000000000e+00 1.222200560152086224e+00 4.062212196136374270e-02 5.698522269329885244e+08 2.335016034496333897e+08
4.900000000000000000e+01 6.500000000000400000e+13 0.000000000000000000e+00 1.283796202663082031e+00 7.106553678165807020e-02 1.260885759776028958e-01 3.937713378961035099e-02 0.000000000000000000e+00 1.561166193960487281e+00 5.570111949071843149e-02 1.651765663955640554e+09 5.616637867949955463e+08
5.000000000000000000e+01 6.500000000000500000e+13 0.000000000000000000e+00 1.706982966390572898e+00 1.284017606070317341e-01 1.509896098367680128e-01 7.627121966793486141e-02 0.000000000000000000e+00 1.713606368975249650e+00 1.624580567776001683e-01 1.887417606421127319e+09 9.534142317481403351e+08
5.100000000000000000e+01 6.500000000000400000e+13 0.000000000000000000e+00 1.308240396366231906e+00 6.682037672199599154e-02 1.017365857009554508e-01 2.612370217288841404e-02 0.000000000000000000e+00 1.301691282703948183e+00 9.318030983107120080e-02 8.386927576809034348e+08 3.083008331184514761e+08
5.200000000000000000e+01 6.500000000000100000e+13 0.000000000000000000e+00 1.164488343673132587e+00 1.925263369014475201e-02 6.155806750976074160e-02 1.748170031904320090e-02 0.000000000000000000e+00 1.338649303387366762e+00 4.243090039168450484e-02 8.078088439530416727e+08 2.485006778618366122e+08
5.300000000000000000e+01 6.500000000026500000e+13 0.000000000000000000e+00 8.321193880561725820e-01 3.104991523109506754e-02 -1.000000000000000000e+00 -1.000000000000000000e+00 0.000000000000000000e+00 1.110934506389486431e+00 6.766470363513876762e-02 -1.000000000000000000e+00 -1.000000000000000000e+00
5.400000000000000000e+01 6.500000000000200000e+13 0.000000000000000000e+00 1.364310907028996489e+00 7.481239260597248586e-02 1.296172636764856834e-01 4.144009374251599737e-02 0.000000000000000000e+00 1.495191792167381406e+00 1.000776048204856244e-01 1.162490425395042181e+09 5.987487279115672112e+08
5.500000000000000000e+01 6.500000000000100000e+13 0.000000000000000000e+00 1.179074475625297325e+00 1.331490945328298314e-01 1.706461105238456510e-01 6.559452951264764520e-02 0.000000000000000000e+00 1.127712767179576359e+00 8.801507964481289359e-02 1.067885086893516541e+09 4.057923070873861313e+08
5.600000000000000000e+01 6.500000000000100000e+13 0.000000000000000000e+00 1.377733040625248151e+00 9.030617201046768627e-02 1.231823937411973546e-01 4.327783244261799306e-02 0.000000000000000000e+00 1.320617501639774316e+00 1.205649630915540532e-01 1.320557157247401714e+09 4.842312596079208255e+08
5.700000000000000000e+01 6.500000000000600000e+13 0.000000000000000000e+00 1.206983898237596220e+00 1.190771559558782139e-01 1.423784649172319672e-01 5.353624244414569022e-02 0.000000000000000000e+00 9.545617700846632525e-01 1.092064249877721105e-01 1.886920998520589828e+09 8.355098906150506735e+08
5.800000000000000000e+01 6.500000000000100000e+13 0.000000000000000000e+00 2.041454078189280708e+00 9.652148709182524489e-02 2.179966878619386261e-01 3.802612662901621449e-02 0.000000000000000000e+00 1.971417075105062811e+00 1.848839140576010176e-01 2.241569051508900166e+09 5.124623962599723339e+08
5.900000000000000000e+01 6.500000000000100000e+13 0.000000000000000000e+00 1.120258381673390424e+00 2.088279537389438056e-01 2.126125164405185397e-01 9.413103552164704679e-02 0.000000000000000000e+00 1.127426616812251314e+00 2.142354061028579060e-01 1.527114557561011314e+09 1.099856639620218754e+09
6.000000000000000000e+01 6.500000000000100000e+13 0.000000000000000000e+00 1.197661566602663097e+00 7.325439219875651276e-02 1.397558147339426349e-01 6.814938786539576077e-02 0.000000000000000000e+00 1.100043381183411384e+00 9.744475654633312500e-02 1.580713201942241430e+09 9.581014938403459787e+08
6.100000000000000000e+01 6.500000000001100000e+13 0.000000000000000000e+00 1.461748757477051797e+00 4.612242289885013641e-02 8.919002563635600178e-02 3.644621268369219874e-02 0.000000000000000000e+00 1.360643425252782146e+00 5.773943701590816130e-02 5.531642958840007782e+08 5.189375900877157450e+08
6.200000000000000000e+01 6.500000000001400000e+13 0.000000000000000000e+00 1.124035554893339395e+00 4.876081127633753731e-02 3.298408416243704677e-02 3.298408416243704677e-02 0.000000000000000000e+00 1.184777278106621035e+00 4.473359427516627324e-02 4.188300782838746309e+08 4.188300782838746309e+08
6.300000000000000000e+01 6.500000000000100000e+13 0.000000000000000000e+00 1.166219578975175253e+00 1.172973705602570194e-01 1.022662797236221499e-01 2.400347229544032637e-02 0.000000000000000000e+00 1.235574787115425455e+00 1.234532967217658039e-01 8.413563069103367329e+08 1.925795442697803080e+08
6.400000000000000000e+01 6.500000000000200000e+13 0.000000000000000000e+00 1.262919228199299804e+00 6.636291072875205588e-02 2.315058748185466753e-01 7.457233939600944883e-02 0.000000000000000000e+00 1.281105372497039596e+00 1.470526162622830812e-01 1.949069261830629826e+09 7.239543749209340811e+08
6.500000000000000000e+01 6.500000000000100000e+13 0.000000000000000000e+00 1.477162812757704335e+00 7.813725892530211381e-02 1.252963615098839634e-01 4.219676191349814448e-02 0.000000000000000000e+00 1.471590932377077499e+00 8.594558462889409500e-02 1.407166177914953947e+09 5.114542960954975486e+08
6.600000000000000000e+01 6.500000000000500000e+13 0.000000000000000000e+00 1.895694397857741409e+00 1.638357441056301489e-01 1.710222110936692463e-01 5.938666692347942949e-02 0.000000000000000000e+00 1.760154988273659571e+00 1.953314287872119914e-01 2.268387528533256054e+09 8.208192673984142542e+08
6.700000000000000000e+01 6.500000000000100000e+13 0.000000000000000000e+00 1.272539580990632802e+00 5.017461480270522800e-02 1.298627366053969612e-01 2.685295267892061008e-02 0.000000000000000000e+00 1.269111383195780096e+00 6.685938270291767738e-02 1.405088127052167177e+09 3.315616025898345709e+08
6.800000000000000000e+01 6.500000000000100000e+13 0.000000000000000000e+00 1.260652357381670585e+00 1.437858728789647433e-01 1.015385928387986109e-01 2.117192429656006639e-02 0.000000000000000000e+00 1.166284737083231438e+00 1.670320968922755223e-01 1.126721934991351604e+09 2.784326198414037824e+08
6.900000000000000000e+01 6.500000000000500000e+13 0.000000000000000000e+00 1.140441082094599823e+00 6.389350541565318176e-02 5.382807797545820921e-02 1.948942813361054932e-02 0.000000000000000000e+00 1.204523555017723124e+00 3.112412781511404714e-02 3.282657726759381890e+08 2.757246845390267372e+08
7.000000000000000000e+01 6.500000000000100000e+13 0.000000000000000000e+00 1.462114605569910575e+00 3.958712278353803543e-02 1.125988570435990932e-01 3.820767760986625017e-02 0.000000000000000000e+00 1.507446609611265087e+00 6.147900089715292726e-02 1.225389181850755453e+09 4.654323469960858822e+08
7.100000000000000000e+01 6.500000000000300000e+13 0.000000000000000000e+00 1.020684566785208913e+00 9.982823178310604173e-02 2.735479189644969833e-01 1.656604832458652976e-01 0.000000000000000000e+00 1.276222698007744460e+00 3.737111563660384245e-02 1.033197584757881999e+09 5.056565880489155054e+08
7.200000000000000000e+01 6.500000000000300000e+13 1.000000000000000000e+00 1.044913870800676881e+00 2.011043813484614945e-02 1.925356025723222800e-02 1.925356025723222800e-02 0.000000000000000000e+00 1.130717780542387585e+00 2.984682296204090382e-02 2.562092893914896250e+08 2.562092893914896250e+08
7.300000000000000000e+01 6.500000000000100000e+13 0.000000000000000000e+00 1.282134104885730874e+00 8.872144074532020697e-02 1.462362901237611590e-01 4.241797193870563282e-02 0.000000000000000000e+00 1.407280531756418096e+00 1.276913057088341075e-01 1.698236275637484550e+09 5.537755331059267521e+08
7.400000000000000000e+01 6.500000000000100000e+13 0.000000000000000000e+00 1.136313345297859323e+00 7.386422423989248698e-02 1.461840227057994157e-01 8.434364642541129775e-02 0.000000000000000000e+00 1.259252672799141770e+00 6.086002809294155380e-02 8.639874803185840845e+08 4.539926729542872906e+08
7.500000000000000000e+01 6.500000000000100000e+13 0.000000000000000000e+00 1.642985864851586264e+00 2.543677676624765960e-01 1.848170250747946108e-01 1.219977189705614973e-01 0.000000000000000000e+00 1.501459271761647507e+00 3.087892184563624243e-01 2.204785027673601627e+09 1.491823804824128628e+09
7.600000000000000000e+01 6.500000000000100000e+13 0.000000000000000000e+00 1.066248653495991183e+00 4.382534490254200166e-02 1.195449767279716524e-01 2.789119620110047659e-02 0.000000000000000000e+00 1.219623013871924178e+00 3.008633388055815400e-02 5.347157415139444470e+08 2.447698677300892174e+08
7.700000000000000000e+01 6.500000000000100000e+13 0.000000000000000000e+00 1.172654194952532869e+00 2.403176851982412321e-01 2.712085869066201416e-01 8.839977963456065180e-02 0.000000000000000000e+00 1.276368960291117016e+00 2.023421491947789974e-01 2.960683173227950573e+09 1.395665762760333061e+09
7.800000000000000000e+01 6.500000000000100000e+13 0.000000000000000000e+00 1.340209624888702988e+00 4.023689082310521331e-02 1.667061813959472560e-01 4.076033732751626476e-02 0.000000000000000000e+00 1.303625589179817856e+00 5.736130420627154336e-02 1.580373929467979908e+09 4.879364203703922629e+08
7.900000000000000000e+01 6.500000000000100000e+13 0.000000000000000000e+00 1.164852935766714115e+00 1.758738838526561488e-01 2.656532579982189279e-01 1.313925404053421786e-01 0.000000000000000000e+00 6.868853564385634103e-01 1.501547529617798804e-01 3.655082210334491730e+09 2.415249867265235424e+09
8.000000000000000000e+01 6.500000000000500000e+13 0.000000000000000000e+00 1.550982490755529630e+00 8.080535485605642998e-02 3.328877481999380217e-02 1.161193256168254438e-02 0.000000000000000000e+00 1.696724788287388153e+00 8.177966798068320164e-02 4.508979623336488008e+08 1.731214622362028956e+08
8.100000000000000000e+01 6.500000000000100000e+13 0.000000000000000000e+00 1.464670146585164590e+00 1.260362274152142803e-01 2.119399674283344304e-01 1.089072194038582519e-01 0.000000000000000000e+00 1.322072418867773713e+00 1.755869281141884120e-01 2.622493456423808098e+09 1.347591366128269911e+09
8.200000000000000000e+01 6.500000000000400000e+13 0.000000000000000000e+00 6.362015757118454351e-01 1.416142160932704341e-01 3.034063010303191255e-01 1.201263322340939133e-01 0.000000000000000000e+00 1.170787361227480838e+00 1.498730289779276748e-01 1.066753969954026580e+09 6.772415507578804493e+08
8.300000000000000000e+01 6.500000000000100000e+13 0.000000000000000000e+00 1.877567434491890008e+00 6.867487910983396948e-02 2.192429583044881725e-01 7.852952215725689245e-02 0.000000000000000000e+00 1.803907758635294956e+00 8.571327947744201980e-02 2.883927662789702892e+09 1.111626428459164858e+09
8.400000000000000000e+01 6.500000000005200000e+13 0.000000000000000000e+00 1.409392537732582218e+00 1.725746721975056699e-02 4.386078431372548991e-02 4.386078431372548991e-02 0.000000000000000000e+00 1.508744958104855094e+00 1.256601850432945838e-02 5.653249995950876474e+08 5.653249995950876474e+08
8.500000000000000000e+01 6.500000000000100000e+13 0.000000000000000000e+00 2.195680890758360260e+00 1.549086757840924256e-01 1.854241176032356830e-01 8.499991588782800089e-02 0.000000000000000000e+00 1.926461312434351703e+00 1.712079713657808089e-01 2.430177005873308182e+09 1.197332175173589706e+09
8.600000000000000000e+01 6.500000000002200000e+13 0.000000000000000000e+00 1.229406249643756999e+00 8.999574364580448238e-02 8.913705559417926805e-02 6.985831755088341144e-02 0.000000000000000000e+00 1.209151443348081889e+00 1.317661845913120355e-01 1.054084219647818208e+09 8.261048073741955757e+08
8.700000000000000000e+01 6.500000000000100000e+13 0.000000000000000000e+00 1.208954325082225001e+00 6.668820740200737118e-02 3.838210375225068471e-01 1.997090218838977749e-01 0.000000000000000000e+00 1.157358988189772342e+00 1.577560560146235025e-01 2.738715313535025120e+09 1.009708131626092196e+09
8.800000000000000000e+01 6.500000000000200000e+13 0.000000000000000000e+00 1.297901169840185887e+00 4.248210439639581171e-02 1.284595987035866416e-01 2.450853292809209230e-02 0.000000000000000000e+00 1.325648155632902947e+00 2.602377102070275311e-02 1.164904438759752989e+09 3.472714935570233464e+08
8.900000000000000000e+01 6.500000000000200000e+13 0.000000000000000000e+00 1.147729115997474958e+00 4.178503379881219615e-02 7.291189812860560115e-02 2.952741428638431739e-02 0.000000000000000000e+00 1.479543794779989652e+00 4.139103701337741581e-02 2.639204183488370776e+08 2.039492994404063821e+08
9.000000000000000000e+01 6.500000000000600000e+13 0.000000000000000000e+00 1.124895892765530148e+00 1.620527480229706496e-01 1.927724574939580771e-01 5.123606664079528861e-02 0.000000000000000000e+00 1.144935785148376128e+00 1.372651125567378450e-01 1.697205441286460161e+09 7.986811402844768763e+08
9.100000000000000000e+01 6.500000000000800000e+13 0.000000000000000000e+00 1.432645636783782761e+00 1.262062706126221012e-01 1.340135027135757606e-01 1.054175611507430083e-01 0.000000000000000000e+00 1.424397288973094700e+00 1.567648347302789957e-01 1.716629726874794245e+09 1.350333477909126520e+09
9.200000000000000000e+01 6.500000000000900000e+13 0.000000000000000000e+00 1.535448854148891318e+00 6.738291143839678088e-02 1.003847342059352332e+00 1.000000000000000000e+00 0.000000000000000000e+00 1.535448854148891318e+00 6.738552411483463012e-02 9.533979680725769043e+09 9.497439781199394226e+09
9.300000000000000000e+01 6.500000000000200000e+13 0.000000000000000000e+00 1.462483774410231918e+00 6.743625938809684472e-02 1.064298703528164802e-01 5.443606833906806247e-02 0.000000000000000000e+00 1.624176065978453209e+00 9.983657102679270590e-02 1.492427409415716648e+09 7.782555474186902046e+08
9.400000000000000000e+01 6.500000000000600000e+13 0.000000000000000000e+00 1.403297275155070745e+00 1.904219416488171779e-01 1.490836132694592087e-01 6.380401550115868958e-02 0.000000000000000000e+00 1.198794749819930727e+00 2.442251685210515555e-01 1.807621715968099594e+09 8.062484772693862915e+08
9.500000000000000000e+01 6.500000000000200000e+13 0.000000000000000000e+00 1.050977325691590858e+00 7.550973714831285544e-02 1.461943184979137556e-01 5.205096363997615411e-02 0.000000000000000000e+00 1.089431908661836257e+00 5.769562962653381616e-02 1.455537400577345133e+09 8.253036350292009115e+08
9.600000000000000000e+01 6.500000000005500000e+13 0.000000000000000000e+00 9.378009410387216915e-01 1.139052261994896731e-01 1.557187083991207754e-01 1.101606761400575896e-01 0.000000000000000000e+00 1.079048179895770510e+00 3.670973974936542900e-02 4.487210302533899546e+08 4.487210302533899546e+08
9.700000000000000000e+01 6.500000000000800000e+13 0.000000000000000000e+00 1.456695647547219030e+00 7.898425804285104379e-02 9.564006455044216093e-02 2.351985957447668904e-02 0.000000000000000000e+00 1.552153840756392178e+00 1.058902889685413434e-01 1.211478426951887131e+09 2.979274701805350184e+08
9.800000000000000000e+01 6.500000000000100000e+13 0.000000000000000000e+00 1.688198408379570248e+00 7.797175599527118861e-02 1.270010579064587974e-01 6.131562201718103455e-02 0.000000000000000000e+00 1.719166890435336548e+00 1.096237787719324119e-01 1.426331487747234821e+09 7.228681641148538589e+08
9.900000000000000000e+01 6.500000000000200000e+13 0.000000000000000000e+00 9.662955412286478030e-01 2.085799583064182339e-01 3.584511766098665841e-01 2.854987894017276817e-01 0.000000000000000000e+00 1.375859699105956624e+00 1.025592720489222481e-01 1.049677700008429885e+09 5.041085874110153913e+08
1.000000000000000000e+02 6.500000000002200000e+13 0.000000000000000000e+00 1.253291010510929393e+00 1.944482389278096024e-01 1.376480629924074772e-01 1.073060646279935526e-01 0.000000000000000000e+00 1.041874119145142608e+00 1.331333909328789866e-01 1.989539209807926893e+09 1.550981673017458200e+09
1.010000000000000000e+02 6.500000000001500000e+13 0.000000000000000000e+00 1.251430441335472654e+00 1.553065022551825547e-01 2.329208724146089871e-01 5.938597940169376005e-02 0.000000000000000000e+00 1.228205710634043824e+00 1.456899038632003540e-01 1.695209616171225309e+09 9.045989665533772707e+08
1.020000000000000000e+02 6.500000000000400000e+13 0.000000000000000000e+00 1.171554981123955841e+00 5.028983656292766724e-02 8.216072568232157813e-02 4.334393888200623046e-02 0.000000000000000000e+00 1.064413564539754997e+00 5.837566265371622182e-02 1.086752915116799116e+09 6.623572610840266943e+08
1.030000000000000000e+02 6.500000000000600000e+13 0.000000000000000000e+00 1.388819638556266778e+00 1.398840609961138348e-01 1.470541441367719249e-01 6.480395057376481249e-02 0.000000000000000000e+00 1.210463611120721650e+00 1.449380484824748794e-01 1.694445577992662668e+09 1.218073990036809921e+09
1.040000000000000000e+02 6.500000000000100000e+13 0.000000000000000000e+00 1.343123465181674137e+00 6.495028783785998516e-02 1.303037349562989056e-01 4.194005399716286414e-02 0.000000000000000000e+00 1.278054977360468136e+00 7.856577562140877602e-02 1.516510343291058064e+09 5.318513383202120662e+08
1.050000000000000000e+02 6.500000000000400000e+13 0.000000000000000000e+00 1.192177354144648982e+00 1.637454850460864364e-01 2.799388049550404212e-01 8.408068820553511735e-02 0.000000000000000000e+00 1.105783740336880872e+00 5.698724680433048945e-02 2.023962098492549658e+09 8.503616230017352104e+08
1.060000000000000000e+02 6.500000000000300000e+13 0.000000000000000000e+00 1.254180417928620672e+00 8.394376281616222624e-02 1.324284632958961372e-01 7.312145022846650022e-02 0.000000000000000000e+00 1.256944097253240189e+00 1.700082132316584060e-02 6.710989824790513515e+08 4.119933390483510494e+08
1.070000000000000000e+02 6.500000000000100000e+13 0.000000000000000000e+00 6.359572801536395037e-01 1.591806600746310252e-01 3.588724042724583674e-01 3.128991594054961745e-01 0.000000000000000000e+00 1.345944675195671181e+00 2.266770013669675010e-02 4.394319181953194141e+08 1.703992978011844158e+08
1.080000000000000000e+02 6.500000000000100000e+13 0.000000000000000000e+00 1.706461280976601325e+00 6.888289221065349577e-02 1.552853600934221145e-01 2.988609823264893467e-02 0.000000000000000000e+00 1.890203771759408458e+00 8.308710420477892489e-02 1.936608110342759371e+09 4.019417207805911303e+08
1.090000000000000000e+02 6.500000000001400000e+13 0.000000000000000000e+00 1.954338774958984892e+00 1.134443821903381999e-01 1.138400071625220999e-01 5.480992137213459153e-02 0.000000000000000000e+00 1.990518586931530942e+00 1.722525431678273433e-01 8.332072555477396250e+08 8.332072555477396250e+08
1.100000000000000000e+02 6.500000000000300000e+13 0.000000000000000000e+00 1.115808558357668234e+00 3.310164432469647061e-02 1.133418419862570331e-01 3.510816110900679549e-02 0.000000000000000000e+00 1.118524029378248574e+00 3.172988224753521547e-02 9.079274001908175945e+08 4.729178983835710287e+08
1.110000000000000000e+02 6.500000000001300000e+13 0.000000000000000000e+00 1.286997337732839863e+00 8.795280168914680619e-02 8.929115160394347772e-02 8.682603088850227024e-02 0.000000000000000000e+00 1.302360691168327866e+00 1.510625494753743414e-01 1.484113634712347746e+09 1.443140714111819029e+09
1.120000000000000000e+02 6.500000000000600000e+13 0.000000000000000000e+00 1.118292073378432727e+00 7.129682752656370248e-02 1.160013985959111871e-01 4.164765950323295884e-02 0.000000000000000000e+00 1.062186007510704355e+00 8.564885080629731917e-02 1.160599996964894295e+09 6.399740784503200054e+08
1.130000000000000000e+02 6.500000000000900000e+13 0.000000000000000000e+00 1.084472311423507529e+00 5.718546927370110611e-02 1.059060565567131462e-01 4.958376341036219853e-02 0.000000000000000000e+00 1.058659096568617786e+00 6.066936108533724920e-02 5.450639083654390574e+08 3.167303642656632662e+08
1.140000000000000000e+02 6.500000000000100000e+13 0.000000000000000000e+00 1.297454443426479864e+00 1.890730724799194185e-01 2.159123440270135919e-01 6.998120836493451624e-02 0.000000000000000000e+00 1.027665744953239146e+00 2.177746371144415050e-01 2.701495490679672241e+09 9.509699933057045937e+08
1.150000000000000000e+02 6.500000000000200000e+13 0.000000000000000000e+00 1.283474771270038284e+00 1.545961553174134140e-01 1.841795551568644607e-01 7.169519354761198782e-02 0.000000000000000000e+00 1.271174527711818714e+00 2.013935460780773845e-01 1.831840535650527000e+09 9.641764857670658827e+08
1.160000000000000000e+02 6.500000000000200000e+13 1.000000000000000000e+00 1.129130650809195169e+00 3.793708493970340823e-02 8.510105740810123762e-03 8.510105740810123762e-03 0.000000000000000000e+00 1.172413642279485080e+00 1.996028056724519564e-02 -1.000000000000000000e+00 -1.000000000000000000e+00
1.170000000000000000e+02 6.500000000000200000e+13 0.000000000000000000e+00 1.184279452766029195e+00 1.220199902876963061e-01 1.844332581704660745e-01 7.537471813924775943e-02 0.000000000000000000e+00 9.116181077408697098e-01 1.114672511438957320e-01 1.732122043126239777e+09 1.309756875715485096e+09
1.180000000000000000e+02 6.500000000000100000e+13 0.000000000000000000e+00 1.135598108539679796e+00 5.580372177676898998e-02 9.623653216836570989e-02 4.935895373528086799e-02 0.000000000000000000e+00 1.176183374526962533e+00 5.464694060110982660e-02 1.229656681513212442e+09 6.703288237474632263e+08
1.190000000000000000e+02 6.500000000000100000e+13 0.000000000000000000e+00 1.301049871412114367e+00 1.328190959129043613e-01 2.138900128202891882e-01 7.716287872180845053e-02 0.000000000000000000e+00 1.447890117994284020e+00 1.260214066533648092e-01 1.371111851488579750e+09 3.148195199142096639e+08
1.200000000000000000e+02 6.500000000000100000e+13 0.000000000000000000e+00 9.215726240406166836e-01 1.392214506549441788e-01 2.453874447655252644e-01 1.140677823446070160e-01 0.000000000000000000e+00 7.223600342651277373e-01 8.001763224686002374e-02 3.595585272153397560e+09 2.069780896001861811e+09
1.210000000000000000e+02 6.500000000000200000e+13 0.000000000000000000e+00 1.590051823684864862e+00 1.475656642717487199e-01 1.084950582959993554e-01 7.933690674342556981e-02 0.000000000000000000e+00 1.357665082965868297e+00 1.731167337481625546e-01 1.361409490864478350e+09 9.955293772150760889e+08
1.220000000000000000e+02 6.500000000000100000e+13 0.000000000000000000e+00 1.254782520994782713e+00 3.288964606454410772e-02 1.451242406999075363e-01 6.016430756099296062e-02 0.000000000000000000e+00 1.194530553085897395e+00 3.864093452149826302e-02 1.801668204916949749e+09 7.573775231817934513e+08
1.230000000000000000e+02 6.500000000015600000e+13 1.000000000000000000e+00 1.030374605657291998e+00 3.050845783833476890e-02 -1.000000000000000000e+00 -1.000000000000000000e+00 0.000000000000000000e+00 1.025518646843568860e+00 5.167062192006201954e-02 -1.000000000000000000e+00 -1.000000000000000000e+00
1.240000000000000000e+02 6.500000000000100000e+13 0.000000000000000000e+00 1.381558651883268762e+00 1.829516489163056925e-01 3.430747269228930363e-01 2.462761126248864674e-01 0.000000000000000000e+00 1.461164481563877349e+00 1.214593234380959841e-01 3.664880473228268027e+08 1.976923048320064545e+08
1.250000000000000000e+02 6.500000000000400000e+13 0.000000000000000000e+00 1.222448954641068619e+00 4.547053928264144923e-02 6.520611829673148008e-02 1.586171192558735385e-02 0.000000000000000000e+00 1.371384384881419116e+00 7.108929015634210535e-02 7.108377154485734701e+08 2.338884390417944491e+08
1.260000000000000000e+02 6.500000000000100000e+13 0.000000000000000000e+00 1.478200645438085825e+00 2.590297635614119409e-02 9.525007239780590440e-02 1.858274809808369704e-02 0.000000000000000000e+00 1.447164331877249577e+00 1.318009166415625918e-02 1.061052375182321787e+09 2.584249454966401160e+08
1.270000000000000000e+02 6.500000000000800000e+13 0.000000000000000000e+00 1.157889584617042722e+00 7.421602316951675382e-02 6.819594119091132445e-02 3.110935326368620760e-02 0.000000000000000000e+00 1.394954094336712691e+00 4.434867931066563407e-02 3.142213728599139452e+08 2.776204129770265222e+08
1.280000000000000000e+02 6.500000000000100000e+13 0.000000000000000000e+00 1.639187995602420900e+00 1.071125952324376296e-01 1.379267301220147013e-01 5.031931995605157942e-02 0.000000000000000000e+00 1.591894198481815126e+00 1.006892650272958184e-01 1.335274006604331970e+09 6.742164018119010925e+08
1.290000000000000000e+02 6.500000000000100000e+13 0.000000000000000000e+00 1.217069488754294770e+00 3.112198769408942856e-02 6.553161992277309333e-02 8.897379590874256172e-03 0.000000000000000000e+00 1.246992653848885357e+00 2.513845636711323564e-02 5.940660640352926254e+08 1.313241768764145970e+08
1.300000000000000000e+02 6.500000000003800000e+13 0.000000000000000000e+00 1.362136089485594947e+00 2.601011014465275800e-02 2.375676158102644001e-02 2.375676158102644001e-02 0.000000000000000000e+00 1.387890119972086111e+00 2.209962507861159414e-02 3.304735488424979448e+08 3.304735488424979448e+08
1.310000000000000000e+02 6.500000000000200000e+13 0.000000000000000000e+00 1.010463260597747048e+00 7.775151532258514631e-02 5.714377877805918576e-02 2.128792989673999186e-02 0.000000000000000000e+00 1.463090353630257967e+00 7.208367650743435773e-02 4.603129879417635202e+08 3.723757031041211486e+08
1.320000000000000000e+02 6.500000000002600000e+13 0.000000000000000000e+00 1.228023211057413411e+00 3.536337150072196150e-02 4.148781220003039047e-03 4.148781220003039047e-03 0.000000000000000000e+00 1.234479866551245975e+00 3.578979174984441708e-02 6.384573795682837814e+07 6.384573795682837814e+07
1.330000000000000000e+02 6.500000000000100000e+13 0.000000000000000000e+00 1.232857520805797247e+00 8.989262631975319939e-02 1.830859410592255154e-01 1.175439966198839059e-01 0.000000000000000000e+00 1.362910563935572750e+00 5.097949268818756374e-02 8.663527225150789022e+08 5.351409813800695539e+08
1.340000000000000000e+02 6.500000000001600000e+13 0.000000000000000000e+00 1.038015485911148561e+00 1.822376899925277627e-01 2.269011849311950990e-01 1.165046805540805031e-01 0.000000000000000000e+00 1.146303310901513495e+00 1.521202336762911556e-01 1.548852696115063906e+09 8.110554263262548447e+08
1.350000000000000000e+02 6.500000000000100000e+13 0.000000000000000000e+00 1.122816177929942816e+00 1.820685157816379351e-01 2.753724103476594687e-01 1.344497673145360062e-01 0.000000000000000000e+00 1.166998765719609477e+00 1.767377653116483371e-01 1.597704187351998806e+09 9.386392215533933640e+08
1.360000000000000000e+02 6.500000000001600000e+13 0.000000000000000000e+00 1.189417356865371866e+00 1.292908346187877366e-01 1.558319358804277632e-01 1.059594744063393074e-01 0.000000000000000000e+00 9.069856241180611622e-01 1.496826122663826308e-01 1.789532974881217957e+09 1.658148351341523409e+09
1.370000000000000000e+02 6.500000000000100000e+13 0.000000000000000000e+00 1.229220207250940167e+00 6.008408377766782937e-02 8.549618575737998050e-02 1.909046744565797912e-02 0.000000000000000000e+00 1.493289126698288616e+00 4.155810354147410068e-02 8.077416969522188902e+08 2.701356742479619980e+08
1.380000000000000000e+02 6.500000000000100000e+13 0.000000000000000000e+00 1.409230854452184989e+00 1.012395017194902963e-01 2.086172387279825458e-01 6.406328682120172868e-02 0.000000000000000000e+00 1.412189537345534429e+00 1.199381183464148237e-01 2.716194956127651215e+09 9.513462137584675550e+08
1.390000000000000000e+02 6.500000000000300000e+13 0.000000000000000000e+00 1.321779804757025500e+00 1.490071194406459298e-01 8.764065895452886890e-02 4.370878549181082817e-02 0.000000000000000000e+00 1.346564096427755874e+00 1.506236831494726092e-01 1.410969985819571733e+09 7.708246950409260988e+08
1.400000000000000000e+02 6.500000000000400000e+13 0.000000000000000000e+00 1.133146587758973922e+00 4.290251047476387886e-02 1.290622177983583585e-01 3.551174968624226658e-02 0.000000000000000000e+00 1.335137369738821800e+00 4.826004392565564488e-02 1.358735148307098866e+09 4.093166620192455053e+08
1.410000000000000000e+02 6.500000000000500000e+13 0.000000000000000000e+00 1.177600152462822791e+00 1.115389833477722220e-02 1.104048180443099880e-02 9.831568644897233436e-03 0.000000000000000000e+00 1.215150952104456783e+00 3.864925885095340380e-02 1.471666707343369424e+08 1.310521815257129669e+08
1.420000000000000000e+02 6.500000000000600000e+13 0.000000000000000000e+00 1.264291623062508085e+00 4.991616337324396302e-02 6.938027906386994015e-02 3.183707413671257869e-02 0.000000000000000000e+00 1.317858375249794989e+00 6.675339975721820973e-02 8.731087561454811096e+08 4.332099284122200012e+08
1.430000000000000000e+02 6.500000000000100000e+13 0.000000000000000000e+00 1.149872929444281100e+00 1.160699454719718582e-01 1.780311735651666782e-01 5.323372883518326382e-02 0.000000000000000000e+00 1.284723387183969168e+00 1.399111801235604358e-01 1.198422708889420748e+09 6.693012369574905634e+08
1.440000000000000000e+02 6.500000000000200000e+13 0.000000000000000000e+00 1.855808165239864582e+00 7.123686631968378924e-02 1.148105329841329209e-01 6.362714919814288494e-02 0.000000000000000000e+00 2.053358611416998603e+00 6.981397779038862883e-02 5.804147283629091978e+08 3.000126469604439139e+08
1.450000000000000000e+02 6.500000000000100000e+13 0.000000000000000000e+00 1.673660253633674877e+00 7.093053150175543387e-02 1.052649384337198818e-01 3.195411349507398802e-02 0.000000000000000000e+00 1.697344292509886721e+00 7.440797615895251849e-02 1.213471881850416899e+09 4.161567204231758714e+08
1.460000000000000000e+02 6.500000000000100000e+13 0.000000000000000000e+00 1.276826158855066007e+00 6.592889026025880450e-02 1.903722892741920858e-01 5.966762009892113972e-02 0.000000000000000000e+00 1.256468888569031384e+00 1.048324545618021242e-01 1.694584543648582220e+09 4.877746205540075302e+08
1.470000000000000000e+02 6.500000000000400000e+13 0.000000000000000000e+00 9.865198829736513408e-01 1.392747860543920579e-01 2.531095197743392089e-01 1.143388626417635029e-01 0.000000000000000000e+00 1.057438140883068201e+00 1.166906322010998059e-01 1.740236300925188780e+09 1.155500167300843477e+09
1.480000000000000000e+02 6.500000000000300000e+13 0.000000000000000000e+00 1.206676463546304978e+00 3.846870658678492455e-02 6.830600344186427142e-02 2.854765283104347684e-02 0.000000000000000000e+00 1.267717273473071282e+00 4.719334137978448140e-02 8.084225503874273300e+08 3.966501521587979794e+08
1.490000000000000000e+02 6.500000000000300000e+13 0.000000000000000000e+00 1.311331919179463013e+00 5.097762429579194565e-02 2.270769029119483751e-01 5.138312821773131228e-02 0.000000000000000000e+00 1.366786611858654465e+00 1.021476011170616288e-01 1.794119522044075966e+09 6.137082426732468605e+08
1.500000000000000000e+02 6.500000000001200000e+13 0.000000000000000000e+00 1.558928536146608312e+00 9.727770215067886583e-02 1.070873566191925974e+00 1.000000000000000000e+00 0.000000000000000000e+00 1.558928536146608312e+00 9.728049206586622533e-02 1.046973122692166710e+10 9.776813582347072601e+09
1.510000000000000000e+02 6.500000000000100000e+13 0.000000000000000000e+00 1.249498271184843690e+00 8.684618026824375558e-02 1.131263360718609418e-01 6.677928822926004759e-02 0.000000000000000000e+00 1.326926408408765301e+00 1.047083731134706569e-01 1.276138827947933912e+09 8.238583823190277815e+08
1.520000000000000000e+02 6.500000000000100000e+13 0.000000000000000000e+00 1.573254866084351500e+00 2.190966878697087616e-01 2.084232267435462971e-01 1.484957855586610531e-01 0.000000000000000000e+00 1.716450846844142619e+00 2.243387214032519505e-01 2.615357992102763653e+09 2.182182817628476143e+09
1.530000000000000000e+02 6.500000000000100000e+13 0.000000000000000000e+00 1.068709806581553901e+00 5.784092207097173838e-02 1.947506763646548456e-01 9.759738469415889239e-02 0.000000000000000000e+00 1.234377162571564490e+00 1.036753772323129597e-01 1.286753870400288820e+09 4.268920902537054420e+08
1.540000000000000000e+02 6.500000000000200000e+13 0.000000000000000000e+00 9.992714913098841301e-01 8.773587005790926818e-02 2.036393037595499722e-01 1.656725676384978863e-01 0.000000000000000000e+00 1.027715624887388879e+00 2.503425431506597562e-02 3.530960237759042382e+08 2.781724392110184431e+08
1.550000000000000000e+02 6.500000000000500000e+13 0.000000000000000000e+00 1.107780706353650224e+00 8.139908494969957942e-02 8.003129327383981528e-02 3.349147922771148617e-02 0.000000000000000000e+00 1.178508340383010555e+00 9.555477486720700964e-02 7.885025526707870960e+08 5.233851229443985224e+08
1.560000000000000000e+02 6.500000000000100000e+13 0.000000000000000000e+00 1.230357324456628598e+00 9.261673591728690480e-02 1.062484240383448630e-01 3.305314130566678471e-02 0.000000000000000000e+00 1.117280777415464055e+00 9.125540833239539906e-02 1.182311731588176727e+09 3.865583713256582022e+08
1.570000000000000000e+02 6.500000000000100000e+13 0.000000000000000000e+00 1.276938410267544954e+00 1.613932152877954052e-01 2.009369502492658610e-01 7.635158437478659077e-02 0.000000000000000000e+00 1.667954042837234363e+00 2.477304674744927326e-01 1.989750063185779810e+09 1.515455855840576410e+09
1.580000000000000000e+02 6.500000000001500000e+13 0.000000000000000000e+00 1.462976153066157359e+00 1.133602307046936986e-01 1.188242494790004294e-01 6.850721889491767636e-02 0.000000000000000000e+00 1.568539325731947542e+00 1.302238163571319274e-01 1.609168741225499630e+09 9.987667551050350666e+08
1.590000000000000000e+02 6.500000000001300000e+13 0.000000000000000000e+00 1.284455884980278295e+00 2.860029677731429007e-02 1.068288253266356097e-01 4.793844490472748410e-02 0.000000000000000000e+00 1.459530075488471246e+00 7.056969945139922318e-02 1.418621554152272224e+09 7.134021789099491835e+08
1.600000000000000000e+02 6.500000000000100000e+13 0.000000000000000000e+00 1.622743034505311766e+00 6.522462954948127223e-02 1.312859811256555653e-01 2.588256919484846832e-02 0.000000000000000000e+00 1.606324219439977385e+00 9.625525287200382973e-02 1.249973133285464525e+09 3.667564408808459640e+08
1.610000000000000000e+02 6.500000000000100000e+13 0.000000000000000000e+00 1.213301099256040905e+00 1.160599486205897285e-01 1.821504602888207314e-01 4.252232664546742869e-02 0.000000000000000000e+00 1.276304424190381148e+00 9.868263769416638076e-02 1.209993629529224634e+09 4.730335884780134559e+08
1.620000000000000000e+02 6.500000000000500000e+13 0.000000000000000000e+00 1.242139266965502475e+00 3.408563020473948796e-02 1.270337148336606881e-01 5.952766135143913034e-02 0.000000000000000000e+00 1.211646094626775971e+00 7.998516517227780009e-02 1.472515820921860933e+09 7.559849500850721598e+08
1.630000000000000000e+02 6.500000000000100000e+13 0.000000000000000000e+00 1.258876915399575580e+00 5.024668781561220793e-02 8.615068883036555714e-02 4.176984222861146456e-02 0.000000000000000000e+00 1.555584112672482755e+00 6.144805749138010365e-02 9.052055871789350510e+08 5.892187094461528063e+08
1.640000000000000000e+02 6.500000000002000000e+13 0.000000000000000000e+00 1.791445724484545199e+00 2.110127492971944074e-01 1.527655605949296280e-01 1.455923561835466284e-01 0.000000000000000000e+00 1.136074958360238307e+00 2.332392669497538595e-01 2.527303339359561443e+09 2.408632197826116085e+09
1.650000000000000000e+02 6.500000000000200000e+13 0.000000000000000000e+00 8.986077166540775707e-01 8.481507075799261941e-02 4.603752048320377543e-01 1.939709438260626417e-01 0.000000000000000000e+00 1.600513471674448684e+00 1.422595222999473163e-01 1.721824170939452648e+09 9.664177131629084349e+08
1.660000000000000000e+02 6.500000000000200000e+13 0.000000000000000000e+00 1.333201714598011511e+00 5.232621189118567134e-02 4.044301707724789335e-02 2.270575034946760787e-02 0.000000000000000000e+00 1.433972783249415794e+00 3.369700364002462672e-02 2.775928766873613596e+08 1.788188254629756212e+08
1.670000000000000000e+02 6.500000000000200000e+13 0.000000000000000000e+00 1.230291417652029207e+00 3.058694894999694144e-02 8.350529675307616362e-02 1.695905311663507137e-02 0.000000000000000000e+00 1.325839638251510966e+00 4.994916686769978326e-02 7.998345064483770132e+08 1.828820286663628519e+08
1.680000000000000000e+02 6.500000000005800000e+13 0.000000000000000000e+00 1.217639084145637485e+00 7.512073345719398609e-02 -1.000000000000000000e+00 -1.000000000000000000e+00 0.000000000000000000e+00 1.444064268973265897e+00 7.894131248840292880e-02 -1.000000000000000000e+00 -1.000000000000000000e+00
1.690000000000000000e+02 6.500000000000400000e+13 0.000000000000000000e+00 1.245168877748751957e+00 1.325357601578261990e-01 3.328786556178485734e-01 1.666660519327235190e-01 0.000000000000000000e+00 9.435934880692915527e-01 1.800021335298820913e-01 1.864134182176721096e+09 1.585579010845811129e+09
1.700000000000000000e+02 6.500000000001200000e+13 0.000000000000000000e+00 1.028573767173494469e+00 5.947473471210840829e-02 1.005720094971993689e-01 2.886545196961945448e-02 0.000000000000000000e+00 1.456521094016441031e+00 1.262082357191317283e-02 7.749815656769458055e+08 4.094916343621776104e+08
1.710000000000000000e+02 6.500000000000700000e+13 0.000000000000000000e+00 1.540547126152473245e+00 9.660494716134715443e-02 1.383088557258808637e-01 3.774851114130485519e-02 0.000000000000000000e+00 1.643843703402063205e+00 1.356127093570526909e-01 1.137227603254652023e+09 5.256355178811446428e+08
1.720000000000000000e+02 6.500000000000200000e+13 0.000000000000000000e+00 1.163877761019242563e+00 4.855521799339969358e-02 6.377704149495214137e-02 1.562627650218413600e-02 0.000000000000000000e+00 1.204243360682073050e+00 5.518695717944815254e-02 4.556893330966844559e+08 1.538071846684189439e+08
1.730000000000000000e+02 6.500000000000100000e+13 0.000000000000000000e+00 1.293448614375899419e+00 1.487430871771037166e-01 2.848456290966494553e-01 1.143555748750271633e-01 0.000000000000000000e+00 1.175512520179721410e+00 1.631267022163737090e-01 3.354391137301772118e+09 1.574635216338296413e+09
1.740000000000000000e+02 6.500000000000100000e+13 0.000000000000000000e+00 1.162546078207325584e+00 1.020467918279261005e-01 9.611250573731119906e-02 2.053738592090515944e-02 0.000000000000000000e+00 1.467003658027857815e+00 9.464887750418113366e-02 5.219626396181668639e+08 2.548430781906834543e+08
1.750000000000000000e+02 6.500000000000500000e+13 0.000000000000000000e+00 1.119223193661231575e+00 3.482283229549486270e-02 1.802736931595561309e-01 7.910356400949219990e-02 0.000000000000000000e+00 1.143365617949831714e+00 4.663478687100615361e-02 1.345377617845431805e+09 4.368899724372043610e+08
1.760000000000000000e+02 6.500000000000100000e+13 0.000000000000000000e+00 1.192328598287085928e+00 4.779607960907771708e-02 8.102042076027438089e-02 1.863967027101824658e-02 0.000000000000000000e+00 1.312578495264162370e+00 5.104030551590732490e-02 7.814920051424690485e+08 2.547306774462631941e+08
1.770000000000000000e+02 6.500000000001900000e+13 0.000000000000000000e+00 1.168331448603656009e+00 2.237285682550596844e-01 2.679251920956364774e-01 1.570759456006161070e-01 0.000000000000000000e+00 9.512487299666236851e-01 2.554906749988734016e-01 4.235071723482501030e+09 2.482886698519153118e+09
1.780000000000000000e+02 6.500000000000100000e+13 0.000000000000000000e+00 1.247685832018875729e+00 5.689522025200231814e-02 1.081087714353257817e-01 2.632526231565165270e-02 0.000000000000000000e+00 1.232227250443482358e+00 8.458712839227242042e-02 1.152126351250172853e+09 3.534715748410756588e+08
1.790000000000000000e+02 6.500000000000100000e+13 0.000000000000000000e+00 1.437796382291651742e+00 4.059205960037849670e-02 8.205206500576150974e-02 1.520324234116104435e-02 0.000000000000000000e+00 1.306152714968601858e+00 4.993897157069100007e-02 1.115911535708110332e+09 2.174833454110268950e+08
1.800000000000000000e+02 6.500000000000100000e+13 0.000000000000000000e+00 1.018268689821621775e+00 3.259925287291059320e-02 1.964337441393791683e-01 5.486146353727750641e-02 0.000000000000000000e+00 1.152651443588125435e+00 5.569359076907302863e-02 1.535046317091709852e+09 3.556091184883888364e+08
1.810000000000000000e+02 6.500000000000400000e+13 0.000000000000000000e+00 1.377292533711533151e+00 1.356202826930647254e-01 8.192629743731311143e-02 4.067274066414218459e-02 0.000000000000000000e+00 1.503248296597159861e+00 1.076890692130117316e-01 1.240989414009182453e+09 6.160957126319833994e+08
1.820000000000000000e+02 6.500000000000100000e+13 1.000000000000000000e+00 1.147078515680727273e+00 1.764739273877348122e-02 3.668236282128620879e-02 1.347757945660787993e-02 0.000000000000000000e+00 1.130081273284885945e+00 1.678233619322502118e-02 1.365953025725328922e+08 4.862367388286961615e+07
1.830000000000000000e+02 6.500000000000100000e+13 0.000000000000000000e+00 1.123115207626145029e+00 7.796150277045342525e-02 6.738810529736756483e-02 1.841258755765148511e-02 0.000000000000000000e+00 1.111684982081338369e+00 9.815923350165360606e-02 5.802452167240931988e+08 2.975560394237132668e+08
1.840000000000000000e+02 6.500000000000200000e+13 0.000000000000000000e+00 1.380267603408717125e+00 1.936773432548013207e-01 2.793157697291684949e-01 1.756329594644397418e-01 0.000000000000000000e+00 1.363955626796583109e+00 2.415647155695173076e-01 3.353369811877264500e+09 2.108589374705867767e+09
1.850000000000000000e+02 6.500000000000200000e+13 0.000000000000000000e+00 1.267210393693578352e+00 4.049358504304919476e-02 8.376193245330076920e-02 4.906620920480464498e-02 0.000000000000000000e+00 1.156044686223254070e+00 8.259553704007853436e-02 9.067146404407935143e+08 7.119127906863635778e+08
1.860000000000000000e+02 6.500000000000200000e+13 0.000000000000000000e+00 1.435539959326680659e+00 4.625857203201563100e-02 4.822960280952333367e-02 3.705997106537382152e-02 0.000000000000000000e+00 1.376958410691310197e+00 4.357039403298593877e-02 5.768978411323479414e+08 5.327027049089065790e+08
1.870000000000000000e+02 6.500000000000100000e+13 0.000000000000000000e+00 7.055933230172666271e-01 5.385480441783590394e-02 3.639030486358244554e-01 2.787046263345195896e-01 0.000000000000000000e+00 1.457043530120906150e+00 1.020178507704176951e-01 1.418828339187363148e+09 1.051691539511174560e+09
1.880000000000000000e+02 6.500000000000100000e+13 0.000000000000000000e+00 1.076471002523992970e+00 9.378875933831869183e-02 1.009039898563685311e-01 2.881794784594779446e-02 0.000000000000000000e+00 1.083502941262269204e+00 5.674385762299241631e-02 8.236852957877502441e+08 4.133033839743370414e+08
1.890000000000000000e+02 6.500000000001000000e+13 0.000000000000000000e+00 1.499005013506391482e+00 9.948544931923511414e-02 1.024816736386681831e-01 5.356611159382641818e-02 0.000000000000000000e+00 1.388194521593694164e+00 1.246131273266906231e-01 1.145153540490648985e+09 7.558890057721830606e+08
1.900000000000000000e+02 6.500000000000100000e+13 0.000000000000000000e+00 1.600262447978039848e+00 2.064271121365930661e-02 8.075120606969035664e-02 3.588195292500827999e-02 0.000000000000000000e+00 1.961532811483090777e+00 2.758817217052356163e-02 1.011223637389734149e+09 5.388388539865261316e+08
1.910000000000000000e+02 6.500000000000100000e+13 0.000000000000000000e+00 1.528287940353764363e+00 4.667783610067990224e-02 1.254371269062449779e-01 2.597030553616495874e-02 0.000000000000000000e+00 1.518122114611527129e+00 5.071415973774140440e-02 1.370303252764153004e+09 3.405952900171135068e+08
1.920000000000000000e+02 6.500000000006200000e+13 0.000000000000000000e+00 1.632628411699240001e+00 2.263900226789599124e-01 1.781855561412757083e-01 1.386685744408464593e-01 0.000000000000000000e+00 1.379813101825083432e+00 2.831195620072391450e-01 2.152155397548621178e+09 1.674862583792274714e+09
1.930000000000000000e+02 6.500000000000100000e+13 0.000000000000000000e+00 1.107722728275867707e+00 1.135101036233372718e-01 1.312575874547647903e-01 7.969788353986183294e-02 0.000000000000000000e+00 1.174490678673942856e+00 1.278291728822690543e-01 1.569131193225934505e+09 1.007234499876626134e+09
1.940000000000000000e+02 6.500000000000100000e+13 0.000000000000000000e+00 1.031990030573163297e+00 4.952259912765659411e-02 1.813400522084522293e-01 7.794010771245457603e-02 0.000000000000000000e+00 1.013872834895996888e+00 1.190635775904641674e-01 1.673535244792341232e+09 1.232201325106079102e+09
1.950000000000000000e+02 6.500000000000200000e+13 0.000000000000000000e+00 1.221284909076372216e+00 1.259737830346049636e-01 2.780325474600781610e-01 7.412371927017630258e-02 0.000000000000000000e+00 1.367979303782231204e+00 1.439744223747187746e-01 2.023785898981226683e+09 6.614763065528699160e+08
1.960000000000000000e+02 6.500000000000100000e+13 0.000000000000000000e+00 1.010893504128610676e+00 1.112361798939841689e-01 1.672896887889013806e-01 8.171366971985644101e-02 0.000000000000000000e+00 1.081462217534931103e+00 7.230603357012146959e-02 1.869224319226238489e+09 1.349234651080703020e+09
1.970000000000000000e+02 6.500000000000100000e+13 0.000000000000000000e+00 1.281055935464568307e+00 2.598398058170305405e-02 5.179999999999999882e-02 1.888782349989246573e-02 0.000000000000000000e+00 1.579770764504805358e+00 6.817817532591201497e-03 2.915175058020604849e+08 1.395409726672191024e+08
1.980000000000000000e+02 6.500000000000100000e+13 0.000000000000000000e+00 1.138203364479365209e+00 1.121545562305690386e-01 1.772997730180141951e-01 5.232283209804029084e-02 0.000000000000000000e+00 1.267025078723957421e+00 9.943429781303977921e-02 1.800887513886070728e+09 6.913685082414581776e+08
1.990000000000000000e+02 6.500000000000500000e+13 0.000000000000000000e+00 1.174281870497418279e+00 5.928461386107714004e-02 9.703206490640071957e-02 5.396264203384288499e-02 0.000000000000000000e+00 1.448528809792081651e+00 8.185455896979296209e-02 9.644099442868422270e+08 9.284156848387718201e+08
2.000000000000000000e+02 6.500000000000100000e+13 0.000000000000000000e+00 1.246081914021818005e+00 1.396476992297957485e-02 3.708312465071719743e-02 1.308686164409079977e-02 0.000000000000000000e+00 1.535655569737188975e+00 1.022181322854484077e-02 3.034999365600838065e+08 1.972410572992960811e+08
2.010000000000000000e+02 6.500000000000100000e+13 0.000000000000000000e+00 1.029939126096842461e+00 4.048014945642128271e-02 1.510422524739783723e-01 9.043224119366251312e-02 0.000000000000000000e+00 1.345644958306356775e+00 4.555882140022490118e-02 7.108217217999534607e+08 3.442933292314954400e+08
2.020000000000000000e+02 6.500000000000600000e+13 0.000000000000000000e+00 1.592116997445987892e+00 5.963269018849169656e-02 6.977981769869409656e-02 5.654364662465367897e-02 0.000000000000000000e+00 1.667156186590109890e+00 6.441605071211563283e-02 8.028418909234739542e+08 6.505549838473600149e+08
2.030000000000000000e+02 6.500000000000100000e+13 0.000000000000000000e+00 1.654364968989948448e+00 9.791113293456059352e-02 1.137628140013726835e-01 6.591675077718114895e-02 0.000000000000000000e+00 1.440292233797645816e+00 1.093369728865914159e-01 1.287853980202292681e+09 8.250646226386287212e+08
2.040000000000000000e+02 6.500000000001400000e+13 0.000000000000000000e+00 1.261290788770365046e+00 6.634221132715879821e-02 1.104791681209693482e-01 5.358886102594118128e-02 0.000000000000000000e+00 1.341097105883470642e+00 3.560892375485589373e-02 4.709795133386142254e+08 4.146568970118312240e+08
2.050000000000000000e+02 6.500000000000600000e+13 0.000000000000000000e+00 1.153484994796484697e+00 1.113234063196389678e-01 1.410140006178560446e-01 6.383565029348162168e-02 0.000000000000000000e+00 1.218697616657015148e+00 1.190528467279780012e-01 1.147929953834460258e+09 4.071669136597623825e+08
2.060000000000000000e+02 6.500000000001400000e+13 0.000000000000000000e+00 1.722987634478309493e+00 1.245348950317415049e-01 7.747283331983197130e-02 3.395372116975847732e-02 0.000000000000000000e+00 1.252417320428412140e+00 9.988584438785330644e-02 5.984958714140514135e+08 4.415617666605581641e+08
2.070000000000000000e+02 6.500000000000600000e+13 0.000000000000000000e+00 1.129960576390637517e+00 4.422897887710427328e-02 9.993893856300610501e-02 7.053576021977796262e-02 0.000000000000000000e+00 1.416450877596951985e+00 3.369680344213721312e-02 4.433329282419791222e+08 2.185939143501838446e+08
2.080000000000000000e+02 6.500000000000800000e+13 0.000000000000000000e+00 1.096673827964023573e+00 9.411176890857068933e-02 1.204624118013758738e-01 6.756221485433090701e-02 0.000000000000000000e+00 9.052397055085776856e-01 1.417519857363391256e-01 1.569143212982101202e+09 9.539584744866243601e+08
2.090000000000000000e+02 6.500000000000100000e+13 0.000000000000000000e+00 1.639037633198811239e+00 1.105546881432191431e-01 1.134510803603924756e-01 4.577823829578626241e-02 0.000000000000000000e+00 1.705778116278846568e+00 1.450448888824414917e-01 1.422018236422121763e+09 5.956164913490622044e+08
2.100000000000000000e+02 6.500000000000800000e+13 0.000000000000000000e+00 1.137115274233152062e+00 1.653584860386137778e-01 1.916641726577952287e-01 8.003597037400692060e-02 0.000000000000000000e+00 1.036458403439172171e+00 1.137103332246006959e-01 1.413925264879971504e+09 5.849762228543454409e+08
2.110000000000000000e+02 6.500000000000200000e+13 0.000000000000000000e+00 1.218735558454734580e+00 9.142323873251859134e-02 8.572557401074742955e-02 4.528423990252065240e-02 0.000000000000000000e+00 1.286193174804390438e+00 1.044129247052884707e-01 1.268844513697869062e+09 6.860139579848250151e+08
2.120000000000000000e+02 6.500000000000200000e+13 0.000000000000000000e+00 1.184743442162468074e+00 1.692425907315976003e-02 1.398999491161836799e-02 9.473329301809082018e-03 0.000000000000000000e+00 1.329484741171424123e+00 2.663602530924267034e-02 1.957883728944347501e+08 1.325781561474357545e+08
2.130000000000000000e+02 6.500000000000500000e+13 0.000000000000000000e+00 1.052268108541545510e+00 4.615667860569375863e-02 6.951604323963771204e-02 1.782363086855388856e-02 0.000000000000000000e+00 1.345472546499428601e+00 3.686915679015276281e-02 7.978288680100264549e+08 2.822295412741292715e+08
2.140000000000000000e+02 6.500000000000100000e+13 0.000000000000000000e+00 1.147863872010765673e+00 1.094033461205188434e-01 1.271092099912866646e-01 5.512421337980443620e-02 0.000000000000000000e+00 1.019454806073181397e+00 1.221168108767615168e-01 1.330901456213316441e+09 7.205165487211775780e+08
2.150000000000000000e+02 6.500000000000200000e+13 0.000000000000000000e+00 1.241856301933762730e+00 1.259363019972016551e-01 2.084162638271810641e-01 4.338395912687966621e-02 0.000000000000000000e+00 1.186231301288996898e+00 1.378276302564622191e-01 2.095837938189599037e+09 5.281576750678207278e+08
2.160000000000000000e+02 6.500000000000300000e+13 0.000000000000000000e+00 1.747564449441884715e+00 2.864651361946312091e-01 3.331313938540395592e-01 2.395796657632503213e-01 0.000000000000000000e+00 1.094799259191987284e+00 2.611207807109499068e-01 1.255756982008414268e+09 7.437687116559467316e+08
2.170000000000000000e+02 6.500000000000600000e+13 0.000000000000000000e+00 1.226227081213014047e+00 1.417934240787125932e-01 1.749606789059066081e-01 6.172521441209949389e-02 0.000000000000000000e+00 1.279416984938713364e+00 1.222242931560841434e-01 2.118847015873188734e+09 8.723894184963985682e+08
2.180000000000000000e+02 6.500000000000200000e+13 0.000000000000000000e+00 1.162522556225566994e+00 8.751523478522545141e-02 1.964717025007171325e-01 1.298103542215832684e-01 0.000000000000000000e+00 1.109496237995762247e+00 4.855320669599331312e-02 3.287245537930749059e+08 3.287245537930749059e+08
2.190000000000000000e+02 6.500000000000900000e+13 1.000000000000000000e+00 1.125112954376310537e+00 3.489192777524897926e-02 5.905640531397302745e-02 4.119185242986333345e-02 0.000000000000000000e+00 1.506149288088912908e+00 3.676015017232530518e-02 1.288911164479524791e+08 8.239669002526217699e+07
2.200000000000000000e+02 6.500000000000200000e+13 0.000000000000000000e+00 1.227843848308892927e+00 1.134903387375581912e-01 2.347166301504169383e-01 1.056989110154018530e-01 0.000000000000000000e+00 1.112398208561200530e+00 9.762500200472688794e-02 3.190377380001708031e+09 1.551857394103794575e+09
2.210000000000000000e+02 6.500000000000100000e+13 0.000000000000000000e+00 1.251746384371763110e+00 1.042477469135353330e-01 2.117550550191438230e-01 8.771270048431691058e-02 0.000000000000000000e+00 9.991336049923045248e-01 1.344017063128119527e-01 2.937723375918384075e+09 1.261217065635523081e+09
2.220000000000000000e+02 6.500000000000100000e+13 0.000000000000000000e+00 1.786877459174755156e+00 1.518309104243536489e-01 1.631202683016297339e-01 4.242975423151496006e-02 0.000000000000000000e+00 1.790712962350745396e+00 1.656929963004783457e-01 1.856901618774131060e+09 5.918270315336246490e+08
2.230000000000000000e+02 6.500000000000200000e+13 0.000000000000000000e+00 1.326126135253410832e+00 7.123683002142207343e-02 1.777973396014065066e-01 7.692371277360118831e-02 0.000000000000000000e+00 1.542604896710643381e+00 7.762218224140707279e-03 1.037386940253212094e+09 4.389372207135227919e+08
2.240000000000000000e+02 6.500000000000700000e+13 0.000000000000000000e+00 1.686459042298906530e+00 1.366349764966559854e-01 2.004923195578121875e-01 7.254293042904136346e-02 0.000000000000000000e+00 1.783042760156564377e+00 1.442883885675795841e-01 2.378274458095504284e+09 1.001305838255430698e+09
2.250000000000000000e+02 6.500000000000100000e+13 0.000000000000000000e+00 1.431221634150658284e+00 1.706504909124368502e-02 1.040241112951596353e-01 2.227257800464575027e-02 0.000000000000000000e+00 1.527184333183116749e+00 5.116834670655896061e-02 1.043349950977296948e+09 2.888123278223752975e+08
2.260000000000000000e+02 6.500000000000400000e+13 0.000000000000000000e+00 1.158156055891775393e+00 6.271487561012986656e-02 1.543015947722587433e-01 2.360856120424753915e-02 0.000000000000000000e+00 1.414731909426874656e+00 6.951038070101872579e-02 1.308692824196022272e+09 3.653042240291352868e+08
2.270000000000000000e+02 6.500000000000200000e+13 0.000000000000000000e+00 1.271636821895244296e+00 5.106411594367448598e-02 9.848154863581884411e-02 4.939907135644246161e-02 0.000000000000000000e+00 1.278133446057733380e+00 8.994034201465059275e-02 1.183398431392591715e+09 6.717405558758842945e+08
2.280000000000000000e+02 6.500000000000100000e+13 0.000000000000000000e+00 1.216209049029155720e+00 7.336123596415367043e-02 1.112850960710978082e-01 6.893842324830411206e-02 0.000000000000000000e+00 1.239106503859455533e+00 6.579092994275277662e-02 1.279421638072026014e+09 9.278371531150007248e+08
2.290000000000000000e+02 6.500000000000400000e+13 0.000000000000000000e+00 1.089773699113430583e+00 1.825803249837588682e-01 2.535587193889176083e-01 9.145710741320756121e-02 0.000000000000000000e+00 9.877864410857039035e-01 1.998063227167483080e-01 2.237957474417964935e+09 1.588117489390430689e+09
2.300000000000000000e+02 6.500000000000300000e+13 0.000000000000000000e+00 1.234391217727393464e+00 4.160141165585825446e-02 2.807755086637417005e-02 2.253593178028465843e-02 0.000000000000000000e+00 1.343705200066057648e+00 1.951114182745098194e-02 1.762093027088138834e+07 1.762093027088138834e+07
2.310000000000000000e+02 6.500000000000100000e+13 0.000000000000000000e+00 1.200218798413475119e+00 1.522675688745014216e-02 3.254072110892901326e-02 1.644619012209150993e-02 0.000000000000000000e+00 1.315344141031816738e+00 2.521719777112187144e-02 4.356727937919184566e+08 2.333756572119449973e+08
2.320000000000000000e+02 6.500000000002100000e+13 0.000000000000000000e+00 1.002840269848960464e+00 1.389044634308140846e-01 4.272023926645940883e-01 1.717595457944125770e-01 0.000000000000000000e+00 1.520862057926687827e+00 1.789332522281279758e-01 3.991648408612664223e+09 1.846639027171502352e+09
2.330000000000000000e+02 6.500000000000500000e+13 0.000000000000000000e+00 1.161204262545888710e+00 8.347448334745376231e-02 1.263258620173869362e-01 4.720570549908158914e-02 0.000000000000000000e+00 1.290987765918197194e+00 1.255535396218056265e-01 1.512603914597306013e+09 6.397294238551768064e+08
2.340000000000000000e+02 6.500000000000100000e+13 0.000000000000000000e+00 9.874289739582045033e-01 8.599168098525221404e-02 1.735137801029950078e-01 8.455015762431934701e-02 0.000000000000000000e+00 1.316634616655180556e+00 6.521564137081928801e-03 9.413377529609236717e+08 4.565764276495335698e+08
2.350000000000000000e+02 6.500000000001200000e+13 0.000000000000000000e+00 1.076557264900530608e+00 1.011036333761427403e-01 1.445853672609774265e-01 9.151318446713981036e-02 0.000000000000000000e+00 1.275118135888686499e+00 1.453973822938285920e-01 1.929167614336313963e+09 1.349845225761023521e+09
2.360000000000000000e+02 6.500000000001200000e+13 0.000000000000000000e+00 1.223336758682520564e+00 1.185607611073636602e-01 1.426345556809619497e-01 5.323605826499379357e-02 0.000000000000000000e+00 1.546290341843631788e+00 1.134585046628494021e-01 9.448542644736320972e+08 4.505819049221587181e+08
2.370000000000000000e+02 6.500000000000300000e+13 0.000000000000000000e+00 8.960999356681004224e-01 1.343506870471523340e-01 1.818679246222523194e-01 1.759043163694395950e-01 0.000000000000000000e+00 1.423329312242047617e+00 5.053040027541189083e-02 4.455428950165535510e+07 4.455428950165535510e+07
2.380000000000000000e+02 6.500000000000100000e+13 0.000000000000000000e+00 1.154690534388420176e+00 2.548912953001690185e-01 3.304863007368856187e-01 1.962966565875196856e-01 0.000000000000000000e+00 1.646257410852786096e+00 1.180571309579112049e-01 6.447914790321735144e+08 2.231465653171283901e+08
2.390000000000000000e+02 6.500000000000300000e+13 1.000000000000000000e+00 1.106850347998185935e+00 3.728983449288451185e-02 1.867831499490612418e-02 4.658165889808954518e-03 0.000000000000000000e+00 1.135059698303243492e+00 2.241060058111239706e-02 1.524611333345934451e+08 6.623488384817641973e+07
2.400000000000000000e+02 6.500000000000100000e+13 0.000000000000000000e+00 1.279665013977978161e+00 4.580475320301627407e-02 1.511208252509922134e-01 5.019641103472904237e-02 0.000000000000000000e+00 1.536700915802072132e+00 2.869466370640064157e-02 9.961048631346598864e+08 5.901157930424315929e+08
2.410000000000000000e+02 6.500000000000100000e+13 0.000000000000000000e+00 1.178643898893147357e+00 1.816723462578725967e-01 2.864438357711639460e-01 1.864978068936955224e-01 0.000000000000000000e+00 1.274450332781483120e+00 1.421404060107236134e-01 1.262606094229117155e+09 4.613429657039811015e+08
2.420000000000000000e+02 6.500000000000200000e+13 0.000000000000000000e+00 1.170050489249725878e+00 1.094629347261015517e-01 1.396021478611455813e-01 5.511549912061494694e-02 0.000000000000000000e+00 1.123019271924930340e+00 1.593783923365261479e-01 1.841252052341896534e+09 7.521601623950265646e+08
2.430000000000000000e+02 6.500000000000100000e+13 0.000000000000000000e+00 1.168987097603370273e+00 1.120869566388132121e-01 2.948301035618373644e-01 1.845609914341795055e-01 0.000000000000000000e+00 1.193832514978995896e+00 5.726705888346292350e-02 1.449876588515583277e+09 8.975977069687598944e+08
2.440000000000000000e+02 6.500000000000200000e+13 0.000000000000000000e+00 1.191336703152788612e+00 3.828816543645394144e-02 7.847149763627740693e-02 4.440164925110536703e-02 0.000000000000000000e+00 1.482265050770418702e+00 3.372473716339832034e-02 9.479343359231307507e+08 6.882974107272584438e+08
2.450000000000000000e+02 6.500000000000600000e+13 0.000000000000000000e+00 1.411117163873635283e+00 7.262107308592043176e-02 8.228193988705105599e-02 3.035670439072300775e-02 0.000000000000000000e+00 1.297146016484703512e+00 6.784939369559628286e-02 1.244632261165444136e+09 4.591886588870099187e+08
2.460000000000000000e+02 6.500000000000100000e+13 0.000000000000000000e+00 1.260987101858132009e+00 4.658696752513114686e-02 3.975911745084395599e-02 1.002342130370221553e-02 0.000000000000000000e+00 1.371087298668910437e+00 4.393826885138761573e-02 3.582830503045220375e+08 1.478518206223533750e+08
2.470000000000000000e+02 6.500000000002600000e+13 0.000000000000000000e+00 1.311679113229346161e+00 1.141366346475279209e-01 9.073823155707134991e-02 4.611825285369629962e-02 0.000000000000000000e+00 1.301528848319790210e+00 1.691945034663591696e-01 1.199017466307087421e+09 6.094078508943479061e+08
2.480000000000000000e+02 6.500000000001000000e+13 0.000000000000000000e+00 1.293812630581052003e+00 6.774856274831696223e-02 5.087952557560209560e-02 2.263536060530009497e-02 0.000000000000000000e+00 1.437253663551086635e+00 7.798864840594213477e-02 5.206649138261582851e+08 3.245295111428228021e+08
2.490000000000000000e+02 6.500000000000100000e+13 0.000000000000000000e+00 1.465299602411565205e+00 1.757309656238737472e-01 2.077350481607887767e-01 1.304641638225255973e-01 0.000000000000000000e+00 1.377852446792761754e+00 2.277822188086103816e-01 2.403359664896081924e+09 1.558427932994256973e+09
2.500000000000000000e+02 6.500000000000900000e+13 0.000000000000000000e+00 1.160418911096082306e+00 3.867561835283045424e-02 8.542799588883373541e-02 5.651329435002996893e-02 0.000000000000000000e+00 1.022765345219032396e+00 6.944627663621935620e-02 1.336218201124203920e+09 8.839501820253998041e+08
2.510000000000000000e+02 6.500000000000100000e+13 0.000000000000000000e+00 9.825787582660201469e-01 2.111798695444395413e-01 3.267908324536382136e-01 2.280132366043018943e-01 0.000000000000000000e+00 1.446630757607092033e+00 9.079043626595574568e-02 1.167211354610733271e+09 5.153527941168908477e+08
2.520000000000000000e+02 6.500000000000800000e+13 0.000000000000000000e+00 1.234053649479121662e+00 1.377958078292975397e-01 1.525771988233014520e-01 5.957230178442459584e-02 0.000000000000000000e+00 1.561704732042813459e+00 1.441037574076149408e-01 1.808428082869639397e+09 9.924209376616749763e+08
2.530000000000000000e+02 6.500000000000100000e+13 0.000000000000000000e+00 1.123612747578117910e+00 1.478206075597092717e-01 1.547650863021891587e-01 9.053165965032312912e-02 0.000000000000000000e+00 1.379060119578552124e+00 1.066321987574723462e-01 6.252993370307344198e+08 4.237307934970034957e+08
2.540000000000000000e+02 6.500000000000100000e+13 0.000000000000000000e+00 1.224351587054800072e+00 7.479102443204659056e-02 7.370712423040720607e-02 2.008181986513802447e-02 0.000000000000000000e+00 1.225729071503601331e+00 7.461628474447419557e-02 9.559748582944265604e+08 2.752419105187684894e+08
2.550000000000000000e+02 6.500000000000100000e+13 0.000000000000000000e+00 1.171747872231242882e+00 1.497035469318552525e-01 1.521357635496854432e-01 3.249853464108475726e-02 0.000000000000000000e+00 1.262858267133675882e+00 2.011816940941101861e-01 1.649500607073420048e+09 3.665577766761782169e+08
2.560000000000000000e+02 6.500000000003400000e+13 0.000000000000000000e+00 1.056269436855491017e+00 7.752542756071185981e-02 8.973465452279941190e-02 5.264063844305336831e-02 0.000000000000000000e+00 1.426029787098689772e+00 6.876205705547705493e-02 1.642919175723370552e+09 9.637783170875152349e+08
2.570000000000000000e+02 6.500000000000200000e+13 0.000000000000000000e+00 1.299974624284557789e+00 6.820898640526291967e-02 1.565554389395290014e-01 5.989801688855661554e-02 0.000000000000000000e+00 1.193493010833674761e+00 7.858509442687744428e-02 2.179031003317966938e+09 9.394839944798426628e+08
2.580000000000000000e+02 6.500000000000100000e+13 0.000000000000000000e+00 1.572608955764240868e+00 3.219717800686176801e-02 1.228547474085444763e-01 5.068990496559099002e-02 0.000000000000000000e+00 1.756872623449968529e+00 5.085172271875269823e-02 1.691447905952822447e+09 6.978919041840245724e+08
2.590000000000000000e+02 6.500000000000100000e+13 0.000000000000000000e+00 1.606610950743684985e+00 1.246401084865216558e-01 7.934931044967367952e-02 2.146602742998620847e-02 0.000000000000000000e+00 1.568545768164959497e+00 1.551240116186381468e-01 8.268886111098313332e+08 2.763222279384726882e+08
2.600000000000000000e+02 6.500000000000200000e+13 0.000000000000000000e+00 1.415570183462854903e+00 9.730621012343314280e-02 2.034035701298423371e-01 1.165568094657487008e-01 0.000000000000000000e+00 1.235841596117257968e+00 9.997459174666942228e-02 1.038478719518990993e+09 3.508363712951627970e+08
2.610000000000000000e+02 6.500000000000100000e+13 0.000000000000000000e+00 1.171420967089572329e+00 1.127167599698863654e-01 2.217294613038250928e-01 1.041056240815781270e-01 0.000000000000000000e+00 1.502738138339227314e+00 7.060588965983814747e-02 1.076144000457664490e+09 4.308074319985519648e+08
2.620000000000000000e+02 6.500000000000100000e+13 0.000000000000000000e+00 1.073815436248415356e+00 8.998752274025821618e-02 1.371013239235248371e-01 1.003793210955435666e-01 0.000000000000000000e+00 9.519473645348909274e-01 1.020569608525305066e-01 2.110768906429912090e+09 1.545408488799151659e+09
2.630000000000000000e+02 6.500000000000100000e+13 0.000000000000000000e+00 1.085324786453870871e+00 3.733643631066675683e-02 1.354609428854499642e-01 3.041897492429845168e-02 0.000000000000000000e+00 1.403509717732615014e+00 2.833413413216733304e-02 1.766522515172538519e+09 5.121669600172310472e+08
2.640000000000000000e+02 6.500000000004100000e+13 0.000000000000000000e+00 1.107270277857538510e+00 1.625442906874092763e-01 3.787077015715075157e-01 1.101279317697228116e-01 0.000000000000000000e+00 7.845927535723016266e-01 1.222713090200654162e-01 3.643620936425271034e+09 1.520846349754653215e+09
2.650000000000000000e+02 6.500000000000400000e+13 0.000000000000000000e+00 1.276718811148702448e+00 1.885885612629319419e-01 1.818472498241378854e-01 1.652188954706377555e-01 0.000000000000000000e+00 8.642462292559510706e-01 2.780429900311111591e-01 2.722505148830494404e+09 2.473555657497725487e+09
2.660000000000000000e+02 6.500000000010200000e+13 0.000000000000000000e+00 1.338747136822843187e+00 9.049038315975548030e-02 1.000000000000000000e+00 1.000000000000000000e+00 0.000000000000000000e+00 1.338747136822843187e+00 9.050521389157999141e-02 9.281114945836332321e+09 9.281114945836332321e+09
2.670000000000000000e+02 6.500000000000800000e+13 0.000000000000000000e+00 8.797342907562157865e-01 2.543343237844434834e-01 2.282640427402932506e-02 1.181895194582599853e-02 0.000000000000000000e+00 8.407089750143261764e-01 2.278481036595930154e-01 6.036625462379231453e+08 3.125616518409960270e+08
2.680000000000000000e+02 6.500000000000100000e+13 0.000000000000000000e+00 8.285275793912216802e-01 4.346066935311317103e-02 8.237462116404802026e-02 3.641732450017344525e-02 0.000000000000000000e+00 1.120380578928110271e+00 3.301020512048168792e-02 4.249188875986524820e+08 2.603292845086307824e+08
2.690000000000000000e+02 6.500000000001400000e+13 0.000000000000000000e+00 1.428424419262882328e+00 1.882275623477280002e-01 1.426499281020616183e-01 1.221282625779590986e-01 0.000000000000000000e+00 1.266783070824061275e+00 2.234552157335506217e-01 1.727940338353124619e+09 1.637570747378793955e+09
2.700000000000000000e+02 6.500000000000100000e+13 0.000000000000000000e+00 1.234132654897802661e+00 6.970670051908982312e-02 1.347183965600554645e-01 5.291729986764057148e-02 0.000000000000000000e+00 1.290101997541696521e+00 9.426611668759792007e-02 1.274301461846538067e+09 6.892937957655246258e+08
2.710000000000000000e+02 6.500000000000100000e+13 0.000000000000000000e+00 1.266460807591557325e+00 1.527821495283929465e-01 2.789516553861018933e-01 1.085730743681102978e-01 0.000000000000000000e+00 1.366491593054006248e+00 1.296950125993226177e-01 9.254395384146931171e+08 6.775742411787385941e+08
2.720000000000000000e+02 6.500000000003900000e+13 0.000000000000000000e+00 1.391599167461978759e+00 4.307819746483981804e-02 -1.000000000000000000e+00 -1.000000000000000000e+00 0.000000000000000000e+00 1.202651094147834554e+00 4.193338382743978798e-02 -1.000000000000000000e+00 -1.000000000000000000e+00
2.730000000000000000e+02 6.500000000004000000e+13 0.000000000000000000e+00 1.125677423016646639e+00 2.303440609517694304e-01 1.973452935747410653e-01 1.012100771395690602e-01 0.000000000000000000e+00 1.183334144532460774e+00 2.666262610339933947e-01 2.728742298646589279e+09 1.399456827864148855e+09
2.740000000000000000e+02 6.500000000000100000e+13 0.000000000000000000e+00 1.242158421131058121e+00 1.477069464921817177e-01 1.832306397681199017e-01 5.860709255080939761e-02 0.000000000000000000e+00 1.227406298425379294e+00 1.928565505296078175e-01 2.041179891045231819e+09 7.578489374105474949e+08
2.750000000000000000e+02 6.500000000001300000e+13 0.000000000000000000e+00 1.302790170586370699e+00 5.703432499338771666e-02 -1.000000000000000000e+00 -1.000000000000000000e+00 0.000000000000000000e+00 1.406599559711962044e+00 3.792659294239476148e-02 -1.000000000000000000e+00 -1.000000000000000000e+00
2.760000000000000000e+02 6.500000000000100000e+13 0.000000000000000000e+00 2.058684673234497442e+00 1.817624195264479769e-01 1.850135374814493028e-01 7.193832120751439407e-02 0.000000000000000000e+00 2.312248795320824613e+00 1.716354263567179128e-01 1.572739645495939255e+09 6.303601552230398655e+08
2.770000000000000000e+02 -1.000000000000000000e+00 -1.000000000000000000e+00 -1.000000000000000000e+00 -1.000000000000000000e+00 -1.000000000000000000e+00 -1.000000000000000000e+00 -1.000000000000000000e+00 -1.000000000000000000e+00 -1.000000000000000000e+00 -1.000000000000000000e+00 -1.000000000000000000e+00
2.780000000000000000e+02 6.500000000003100000e+13 0.000000000000000000e+00 1.487980964938776074e+00 8.171942690506135698e-02 1.273049744327338084e-01 6.922162947427158708e-02 0.000000000000000000e+00 1.483089504459784269e+00 1.191510913865449772e-01 1.458026605457540989e+09 7.927968085798587799e+08
2.790000000000000000e+02 6.500000000013400000e+13 0.000000000000000000e+00 7.367836981124971096e-01 2.162506072013392622e-01 2.899539942234055645e-01 2.899539942234055645e-01 0.000000000000000000e+00 1.187599902334699253e+00 9.602188891820795380e-02 -1.000000000000000000e+00 -1.000000000000000000e+00
2.800000000000000000e+02 6.500000000000800000e+13 0.000000000000000000e+00 1.249516962469575887e+00 7.723299112947994149e-02 9.762613540951071978e-02 5.947192326285525438e-02 0.000000000000000000e+00 1.438972772737217909e+00 1.227361376144395083e-01 8.841242231436249018e+08 8.841242231436249018e+08
2.810000000000000000e+02 6.500000000000600000e+13 0.000000000000000000e+00 1.216902430816499070e+00 1.467893240394858301e-01 2.639845164509165287e-01 1.761133230241962444e-01 0.000000000000000000e+00 1.368842791071995579e+00 8.694120570876648357e-02 1.053106657144542813e+09 8.002725972559344769e+08
2.820000000000000000e+02 6.500000000000400000e+13 0.000000000000000000e+00 1.527095900730398803e+00 2.604045488269801298e-02 1.232221807157499599e-01 6.255330665942189505e-02 0.000000000000000000e+00 1.391384755430594700e+00 4.837571165525116068e-02 1.721935255953792572e+09 9.084449127774392366e+08
2.830000000000000000e+02 6.500000000000100000e+13 0.000000000000000000e+00 2.020835474905167573e+00 7.281275539539625030e-02 2.017686037941613664e-01 8.777263793681990001e-02 0.000000000000000000e+00 1.829960882799054112e+00 1.092204181224214199e-01 2.125277025665938854e+09 1.036558046291359782e+09
2.840000000000000000e+02 6.500000000000100000e+13 0.000000000000000000e+00 1.117037743268349148e+00 5.222660044706753379e-02 8.249709248220528368e-02 3.838134761940692474e-02 0.000000000000000000e+00 1.257582891917647494e+00 4.468847182677364305e-02 4.286185055544457436e+08 1.283798505496541709e+08
2.850000000000000000e+02 6.500000000000300000e+13 0.000000000000000000e+00 1.121545035701165816e+00 2.688503488742359851e-02 1.400382129809871756e-01 7.889256286499027326e-02 0.000000000000000000e+00 9.982584079768573870e-01 6.007323410035036310e-02 2.020160866237653494e+09 1.138086988861286879e+09
2.860000000000000000e+02 6.500000000000300000e+13 0.000000000000000000e+00 1.817534693844554017e+00 1.166709996425854823e-01 2.247458300646429930e-01 9.218117850988828688e-02 0.000000000000000000e+00 1.675698295705528418e+00 1.612697655823188136e-01 2.293506012526124001e+09 1.179374070455267429e+09
2.870000000000000000e+02 6.500000000001900000e+13 0.000000000000000000e+00 1.229351532403877512e+00 6.419818732882681678e-02 1.681581291002413325e-01 4.447533906658961839e-02 0.000000000000000000e+00 1.313526767708581788e+00 9.108467371556182302e-02 1.248336636507315397e+09 5.846546841995453835e+08
2.880000000000000000e+02 6.500000000000200000e+13 0.000000000000000000e+00 1.456209825113297329e+00 6.811230043412601354e-02 1.258686358926048021e-01 3.541017428167687192e-02 0.000000000000000000e+00 1.419327167151201996e+00 8.717092158111663935e-02 1.165537292272594213e+09 4.120598905188511610e+08
2.890000000000000000e+02 6.500000000000200000e+13 0.000000000000000000e+00 1.239317658322945936e+00 3.049550211047350953e-02 6.721567171107603600e-02 5.603531800727975382e-02 0.000000000000000000e+00 1.284593288840058189e+00 7.725432635000829829e-02 9.049464980714867115e+08 7.544217517750988007e+08
2.900000000000000000e+02 6.500000000000100000e+13 0.000000000000000000e+00 1.037458105051529911e+00 4.852805269429705942e-02 1.001296755043551978e-01 4.067439445835840939e-02 0.000000000000000000e+00 1.130095048753966047e+00 4.515251604493629445e-02 1.458142944846024215e+08 1.458142944846024215e+08
2.910000000000000000e+02 6.500000000002300000e+13 0.000000000000000000e+00 1.222853211637304316e+00 8.163513952754501701e-02 8.760510473929240816e-02 4.240083100407085470e-02 0.000000000000000000e+00 1.271528869508166570e+00 1.187142243633538402e-01 1.082401959527306557e+09 6.076663406858229637e+08
2.920000000000000000e+02 6.500000000000100000e+13 0.000000000000000000e+00 1.203652109771433665e+00 3.342994195960155568e-02 2.116653338798879166e-02 7.135964411233040525e-03 0.000000000000000000e+00 1.100389720932330784e+00 4.597214282495504234e-02 2.149501487738893032e+08 9.905544117541563511e+07
2.930000000000000000e+02 6.500000000000500000e+13 0.000000000000000000e+00 1.671251869050621952e+00 1.252808763699558015e-01 2.843808590062273378e-01 1.254744974406499236e-01 0.000000000000000000e+00 1.708274595635678184e+00 1.508957584967629273e-01 3.999106396749703407e+09 1.899417640865479231e+09
2.940000000000000000e+02 6.500000000000200000e+13 0.000000000000000000e+00 1.223562419721621053e+00 8.437908105026535599e-02 1.113512263917211392e-01 3.341217053229402628e-02 0.000000000000000000e+00 1.372285025486205789e+00 6.962701650781495666e-02 1.466816891328298330e+09 4.401346774601336122e+08
2.950000000000000000e+02 6.500000000000100000e+13 0.000000000000000000e+00 9.991645830909496873e-01 1.038628390219014791e-01 2.152541603149888683e-01 5.926143913394363999e-02 0.000000000000000000e+00 1.068843111067168783e+00 1.610377168361896427e-01 2.097777545204045773e+09 1.073835711563589573e+09
2.960000000000000000e+02 6.500000000000100000e+13 0.000000000000000000e+00 1.016892606904512553e+00 1.480980818902982166e-01 1.492982118443012818e-01 4.340460195974279317e-02 0.000000000000000000e+00 1.199098820807449117e+00 1.419638048952811538e-01 9.561085722344866991e+08 7.140688830785082579e+08
2.970000000000000000e+02 6.500000000000300000e+13 0.000000000000000000e+00 1.206462763987217857e+00 9.009319658553173460e-02 1.330026006342381883e-01 5.608756388854634761e-02 0.000000000000000000e+00 1.297833956640250141e+00 1.118753118581054390e-01 1.274647614283564806e+09 8.210246338954706192e+08
2.980000000000000000e+02 6.500000000002300000e+13 0.000000000000000000e+00 1.217965540803076729e+00 4.963086569130164410e-02 1.766731942986802043e-02 1.443065954490287649e-02 0.000000000000000000e+00 1.255510274662989589e+00 3.583342295132038030e-02 3.107027278558674455e+08 2.537818656168446541e+08
2.990000000000000000e+02 6.500000000000100000e+13 0.000000000000000000e+00 1.418219937961573862e+00 1.195658237793284229e-01 2.212202451640060408e-01 8.281237045021141996e-02 0.000000000000000000e+00 1.359928357466733573e+00 1.394896374960829799e-01 1.684777074658703566e+09 6.370008845483362675e+08
3.000000000000000000e+02 6.500000000001300000e+13 0.000000000000000000e+00 1.243155338392653242e+00 4.864466457578639491e-02 1.658986470372571936e-02 8.387461335022905820e-03 0.000000000000000000e+00 1.468638560397339310e+00 3.468703590655410063e-02 2.659277912878741622e+08 1.344470920750892758e+08
3.010000000000000000e+02 6.500000000000100000e+13 0.000000000000000000e+00 1.415711047868058570e+00 8.974933580317177861e-02 9.805416770675319527e-02 7.071900382111791228e-02 0.000000000000000000e+00 1.253885807138009012e+00 1.071572605120605787e-01 1.117585918198333502e+09 8.462120509133555889e+08
3.020000000000000000e+02 6.500000000000100000e+13 0.000000000000000000e+00 1.273559193068603435e+00 3.405323139445876057e-02 4.930317514803055079e-02 3.425916073114219224e-02 0.000000000000000000e+00 1.513259354686453007e+00 3.843379372608028699e-02 1.335098748500039577e+08 7.785897101599349082e+07
3.030000000000000000e+02 6.500000000000100000e+13 0.000000000000000000e+00 1.133654941373001712e+00 9.480436971531258639e-02 8.546259290812290021e-02 2.637305709966792852e-02 0.000000000000000000e+00 1.135458556692101384e+00 1.054925510231422697e-01 9.982180031051912308e+08 4.154446205868733525e+08
3.040000000000000000e+02 6.500000000000800000e+13 0.000000000000000000e+00 1.391271656870668894e+00 5.967337507981432948e-02 1.517450045619059829e-01 7.943305478516746176e-02 0.000000000000000000e+00 1.389992584939651499e+00 1.057264628413189245e-01 1.241984825645859241e+09 1.241984825645859241e+09
3.050000000000000000e+02 6.500000000000300000e+13 0.000000000000000000e+00 9.343440426199038917e-01 1.395463464192304714e-01 2.210179667061625275e-01 9.349080841379148188e-02 0.000000000000000000e+00 1.336933887637977936e+00 8.998974229838078986e-02 1.061553272716466308e+09 3.099814787763856053e+08
3.060000000000000000e+02 6.500000000000300000e+13 0.000000000000000000e+00 9.224185542801647264e-01 5.438915748392871702e-02 2.052319726123188470e-01 1.346319172685611909e-01 0.000000000000000000e+00 1.232834482542878973e+00 6.661054403789416767e-02 9.927370536802780628e+08 8.758708738608227968e+08
3.070000000000000000e+02 6.500000000000100000e+13 0.000000000000000000e+00 1.265837515402848279e+00 7.711301926554638142e-02 1.157753943650918216e-01 3.702883602036011190e-02 0.000000000000000000e+00 1.375472197524226559e+00 1.084655800534714554e-01 1.340429910321802378e+09 4.812887006111515760e+08
3.080000000000000000e+02 6.500000000000300000e+13 0.000000000000000000e+00 1.302464441513320415e+00 1.203914657755635331e-01 6.574269454960468551e-02 1.809902271033670199e-02 0.000000000000000000e+00 1.140283325834840822e+00 5.671891359088476747e-02 9.868606726538972855e+08 2.716836273393732309e+08
3.090000000000000000e+02 6.500000000001500000e+13 0.000000000000000000e+00 1.235748672252612534e+00 5.822542789393149454e-02 1.095396724281228057e-01 5.780011247530271457e-02 0.000000000000000000e+00 1.330780729622619951e+00 8.331083011854235887e-02 1.185015977864909410e+09 8.569543164833804369e+08
3.100000000000000000e+02 6.500000000000100000e+13 0.000000000000000000e+00 1.897681461967027250e+00 1.307791393778689158e-02 1.087488633610531608e-01 4.459987687066910289e-02 0.000000000000000000e+00 1.911660765783241400e+00 1.148770352535580241e-02 1.184154109505022764e+09 5.720527338486864567e+08
3.110000000000000000e+02 6.500000000001300000e+13 0.000000000000000000e+00 1.433469180221800698e+00 3.853332426101195585e-02 1.405875784179324017e-01 7.877563619526632699e-02 0.000000000000000000e+00 1.355060741269895397e+00 1.568340248802048767e-02 1.191634301003434181e+09 1.191634301003434181e+09
3.120000000000000000e+02 6.500000000000900000e+13 0.000000000000000000e+00 1.595012885956013982e+00 1.032130366153542339e-01 1.922832148600032154e-01 8.821758388095995995e-02 0.000000000000000000e+00 1.576288527422653463e+00 7.481010405072002767e-02 1.169082220808290720e+09 9.537227788941733837e+08
3.130000000000000000e+02 6.500000000000700000e+13 0.000000000000000000e+00 1.246061662856440488e+00 2.184319729815151212e-02 1.732098061573546233e-02 1.481616875712656739e-02 0.000000000000000000e+00 1.282660781916083126e+00 3.947898360648733479e-02 3.537129177969454974e+07 2.678258848901320994e+07
3.140000000000000000e+02 6.500000000000200000e+13 0.000000000000000000e+00 1.102099199165852417e+00 9.809133383294131592e-02 9.351568747709501639e-02 4.437604607318765965e-02 0.000000000000000000e+00 1.086809107437010313e+00 6.479221574258647864e-02 9.532529196480832100e+08 6.548678696691818237e+08
3.150000000000000000e+02 6.500000000090500000e+13 0.000000000000000000e+00 1.025443770937549903e+00 1.142927674949230366e-01 1.051659477271569942e+00 1.000000000000000000e+00 0.000000000000000000e+00 1.025443770937549903e+00 1.142970462814987542e-01 5.050188674980540276e+09 4.802113977123823166e+09
3.160000000000000000e+02 6.500000000000100000e+13 0.000000000000000000e+00 1.355590168319311228e+00 3.148743675496785965e-02 1.012189111918962714e-01 2.716794935915140680e-02 0.000000000000000000e+00 1.283674271978113568e+00 1.198333256269187852e-02 1.183849471031290293e+09 3.364139893267474174e+08
3.170000000000000000e+02 6.500000000001000000e+13 0.000000000000000000e+00 1.487241199124937907e+00 1.788163565700318092e-01 1.389449229628964277e-01 1.175192031264037373e-01 0.000000000000000000e+00 1.563945690602039473e+00 2.862723153067051607e-01 2.050515862475027800e+09 1.941378319923966885e+09
3.180000000000000000e+02 6.500000000002600000e+13 0.000000000000000000e+00 1.061574146948663699e+00 1.378542507379887372e-01 1.257170928572687307e-01 9.061734487073296040e-02 0.000000000000000000e+00 9.500411541717302955e-01 1.082838720739188604e-01 1.391057255442005098e+08 1.391057255442005098e+08
3.190000000000000000e+02 6.500000000000100000e+13 0.000000000000000000e+00 1.926559550528966547e+00 1.446274812437680357e-01 1.423134937392134536e-01 6.176284287445378551e-02 0.000000000000000000e+00 2.039102921214479114e+00 1.214543183599662568e-01 6.220713908278137445e+08 4.724906850601594448e+08
3.200000000000000000e+02 6.500000000000400000e+13 0.000000000000000000e+00 1.735056074594921727e+00 6.584850833073734033e-02 5.309096773315859219e-02 3.441426080568472934e-02 0.000000000000000000e+00 1.821726575692648176e+00 7.151038597248209061e-02 6.895415586735377312e+08 4.469698717081134319e+08
3.210000000000000000e+02 6.500000000000700000e+13 0.000000000000000000e+00 1.373389061556991697e+00 1.713661276454979954e-01 1.833022418383823127e-01 1.297785429387170175e-01 0.000000000000000000e+00 1.506423339688789387e+00 2.149453605874893924e-01 2.516236951424783707e+09 1.781503390080685139e+09
3.220000000000000000e+02 6.500000000000900000e+13 0.000000000000000000e+00 1.225139072065825951e+00 6.843179719407814499e-02 8.036137821418214144e-02 6.600791704801828308e-02 0.000000000000000000e+00 1.240976075685467972e+00 8.339861871735762544e-02 1.161955251538026810e+09 9.544167554296078682e+08
3.230000000000000000e+02 6.500000000001700000e+13 0.000000000000000000e+00 1.169797961085590199e+00 8.477023946336707805e-02 1.485240078752663173e-01 5.962337767415935852e-02 0.000000000000000000e+00 1.202157134926522986e+00 6.710916696490942801e-02 9.309796219231446981e+08 4.223264618407559395e+08
3.240000000000000000e+02 6.500000000000100000e+13 0.000000000000000000e+00 1.732605332024317546e+00 5.327075980473211514e-02 1.493631059696605978e-01 8.344166757612135610e-02 0.000000000000000000e+00 1.547033395725657900e+00 6.948145357933285804e-02 1.748348497814372063e+09 9.841181516233580112e+08
