# rID[0] Hid[1]   R200: DS[2], eta[3], detla[4], fm[5], fm2[6];   R500: DS[7], eta[8], detla[9], fm[10], fm2[11]
1.000000000000000000e+00 8.400000000000300000e+13 0.000000000000000000e+00 1.219456527005393198e+00 6.045753992075941080e-02 1.043648719930501817e-01 3.355492455412666108e-02 0.000000000000000000e+00 1.302671596533554244e+00 4.552749018231157241e-02 6.386656139091289043e+08 1.548417243205372095e+08
2.000000000000000000e+00 8.400000000000100000e+13 0.000000000000000000e+00 1.213332604395483738e+00 6.770142872959229730e-02 1.177149094951333991e-01 2.043776112783885282e-02 0.000000000000000000e+00 1.388548495474467792e+00 6.597334075318674051e-02 1.283734877601697445e+09 2.849813473884714842e+08
3.000000000000000000e+00 8.400000000000400000e+13 0.000000000000000000e+00 1.107890703075105732e+00 1.271568043532778636e-01 1.503060209146876991e-01 4.317877838544084690e-02 0.000000000000000000e+00 1.232545013020352354e+00 1.438568535231378731e-01 1.775718260279289007e+09 6.174057423795655966e+08
4.000000000000000000e+00 8.400000000000200000e+13 0.000000000000000000e+00 1.233652312301970699e+00 2.896902891952929382e-02 1.159639035525151379e-01 1.935060191883577682e-02 0.000000000000000000e+00 1.143825289044052784e+00 3.232103199769004870e-02 1.117295517068714857e+09 2.500727866292074621e+08
5.000000000000000000e+00 8.400000000000700000e+13 0.000000000000000000e+00 1.190253893660063289e+00 1.215855716685041304e-01 2.122947410509480326e-01 1.178974024425317596e-01 0.000000000000000000e+00 1.260841876017701590e+00 1.565486585145781373e-01 1.068118863062799811e+09 7.546029133594263792e+08
6.000000000000000000e+00 8.400000000000100000e+13 0.000000000000000000e+00 1.138632682234244742e+00 6.888811580634382481e-02 8.134306052091772044e-02 1.104200782583214177e-02 0.000000000000000000e+00 1.242820623106648981e+00 6.325331071734711930e-02 5.762527934852708578e+08 6.441224950607880950e+07
7.000000000000000000e+00 8.400000000000100000e+13 0.000000000000000000e+00 1.303728306040894847e+00 6.806202164129325494e-02 1.934456952955542763e-01 4.976302128347672576e-02 0.000000000000000000e+00 1.283589693279120203e+00 1.188688105619308821e-01 2.072738086027165174e+09 6.454953956549764872e+08
8.000000000000000000e+00 8.400000000001500000e+13 0.000000000000000000e+00 1.073781943735931721e+00 1.818307903400681602e-01 2.429917905953492829e-01 1.003410599282237858e-01 0.000000000000000000e+00 9.468782137221922746e-01 1.284026131440460239e-01 1.822004348402902603e+09 1.336426387640379190e+09
9.000000000000000000e+00 8.400000000000100000e+13 0.000000000000000000e+00 1.021106430852807723e+00 8.909492128273738265e-02 1.940066447390167703e-01 8.571165634954024115e-02 0.000000000000000000e+00 1.330031988905863605e+00 4.190879733507435478e-02 7.553241241783792973e+08 6.661776230353099853e+07
1.000000000000000000e+01 8.400000000000100000e+13 0.000000000000000000e+00 1.042398514740386695e+00 1.137150095712510939e-01 1.617293739361403693e-01 5.547439566537600703e-02 0.000000000000000000e+00 9.195667490207467543e-01 1.163736314101524866e-01 1.403601463383802652e+09 8.297335306573165655e+08
1.100000000000000000e+01 8.400000000000400000e+13 0.000000000000000000e+00 1.197999611619200433e+00 5.764178711829168189e-02 2.273305737487045855e-02 1.179919541980629233e-02 0.000000000000000000e+00 1.201507926896585809e+00 5.691198617603945159e-02 3.522866146730908751e+08 1.843937339704073370e+08
1.200000000000000000e+01 8.400000000000600000e+13 0.000000000000000000e+00 1.119173444166919218e+00 8.955857754784585234e-02 1.630673452503894061e-01 1.079370332121848408e-01 0.000000000000000000e+00 1.175578461225989635e+00 1.149453739788337675e-01 2.134563345574783564e+09 1.640723645874269962e+09
1.300000000000000000e+01 8.400000000003300000e+13 0.000000000000000000e+00 1.093472021894863699e+00 1.260431900154665441e-01 1.677138079206654808e-01 8.590535591845194219e-02 0.000000000000000000e+00 1.056893055025375450e+00 9.533862655957066334e-02 6.433708371496772766e+08 4.135139014546251893e+08
1.400000000000000000e+01 8.400000000001600000e+13 0.000000000000000000e+00 1.111047106117225125e+00 3.142503499050264965e-02 1.018726673707773117e-01 2.983865882686759924e-02 0.000000000000000000e+00 1.099962186251210339e+00 3.326602937053556308e-02 1.201853325609947681e+09 5.022878060366632938e+08
1.500000000000000000e+01 8.400000000000300000e+13 1.000000000000000000e+00 1.088246612637197908e+00 2.908819131645395267e-02 1.719713160553548378e-02 4.811975690404752051e-03 0.000000000000000000e+00 1.237083118256412373e+00 1.043762138349922132e-02 2.272117993770153224e+08 7.435370951352086663e+07
1.600000000000000000e+01 8.400000000000100000e+13 0.000000000000000000e+00 1.196727818689990341e+00 2.139856022294227278e-02 1.364851632072722754e-01 3.608627961435143666e-02 0.000000000000000000e+00 1.211646832830287179e+00 3.602748137268088624e-02 1.509517687888765574e+09 4.782266429652400613e+08
1.700000000000000000e+01 8.400000000000100000e+13 0.000000000000000000e+00 1.125870084540483651e+00 4.067532870733201605e-02 1.506157636764665908e-01 3.511958682411887162e-02 0.000000000000000000e+00 1.118166177381694659e+00 4.777025658449502582e-02 9.251249172726777792e+08 3.234480874148580432e+08
1.800000000000000000e+01 8.400000000000300000e+13 0.000000000000000000e+00 1.108410008048293482e+00 9.095094145975080036e-02 1.094763538801184488e-01 3.353179261647364073e-02 0.000000000000000000e+00 1.066225491965854033e+00 1.171984419106774367e-01 1.408829906976734638e+09 5.429256418530515432e+08
1.900000000000000000e+01 8.400000000000100000e+13 0.000000000000000000e+00 1.154359417377337937e+00 9.150373452689518350e-02 2.554349556789809461e-01 1.715834731804891378e-01 0.000000000000000000e+00 1.283200818724788084e+00 3.062305689657539992e-02 3.911952813184459209e+08 1.472763747759185731e+08
2.000000000000000000e+01 8.400000000000100000e+13 0.000000000000000000e+00 1.676285351147363212e+00 1.022711254187997632e-01 2.733862099904712517e-01 8.672946683805612955e-02 0.000000000000000000e+00 1.539988209114998119e+00 8.599214051223404154e-02 1.823645335742054701e+09 2.768561292441331744e+08
2.100000000000000000e+01 8.400000000000200000e+13 0.000000000000000000e+00 1.075591570320951318e+00 5.045906304999645681e-02 1.359018390247405672e-01 5.066627167941398224e-02 0.000000000000000000e+00 1.108815736126807172e+00 6.056726430732031763e-02 1.656772515035661936e+09 7.999655180861873627e+08
2.200000000000000000e+01 8.400000000000100000e+13 0.000000000000000000e+00 1.216964963976836067e+00 4.225607326954105430e-02 9.445319906014174038e-02 2.029901877283063483e-02 0.000000000000000000e+00 1.157503926922628379e+00 6.680395149234794050e-02 7.575201310181024075e+08 1.491317844756154120e+08
2.300000000000000000e+01 8.400000000000800000e+13 0.000000000000000000e+00 1.123241235628470003e+00 6.632920332830734289e-02 1.239181508121881270e-01 3.989044749973457565e-02 0.000000000000000000e+00 1.081514914042439157e+00 8.198927498693070470e-02 1.555339681143677711e+09 5.979056768969302177e+08
2.400000000000000000e+01 8.400000000000800000e+13 0.000000000000000000e+00 1.264987195431411582e+00 5.990157822048870762e-02 9.699772080522765794e-02 4.262162731871838028e-02 0.000000000000000000e+00 1.317284575854710704e+00 4.623290415158221728e-02 9.064309288508760929e+08 6.151325913469291925e+08
2.500000000000000000e+01 8.400000000000100000e+13 0.000000000000000000e+00 1.453565731871617306e+00 1.932765916120414706e-01 3.016028607875011480e-01 1.361938950600559972e-01 0.000000000000000000e+00 1.258544333539975968e+00 1.829837206951200335e-01 3.356771610676686287e+09 1.756199989992312193e+09
2.600000000000000000e+01 8.400000000000100000e+13 1.000000000000000000e+00 1.139947279395950863e+00 3.811044671598363270e-02 8.373307855856833293e-02 1.806503270634856120e-02 0.000000000000000000e+00 1.232152423686658338e+00 4.199132410991903569e-02 9.109703900995769501e+08 2.578544942595582902e+08
2.700000000000000000e+01 8.400000000000100000e+13 0.000000000000000000e+00 1.133062986951085982e+00 1.804039948102556246e-01 2.569972234055064031e-01 1.134471899541350387e-01 0.000000000000000000e+00 1.311326165964018964e+00 1.793591449354658696e-01 2.462680123962404251e+09 1.575963666766438007e+09
2.800000000000000000e+01 8.400000000000100000e+13 0.000000000000000000e+00 1.007354088310295159e+00 8.994699470226620586e-02 2.371171714144547638e-01 1.444899603923506248e-01 0.000000000000000000e+00 8.456911705730748574e-01 3.243767332703723777e-02 1.011323345225670815e+09 4.309975167064220309e+08
2.900000000000000000e+01 8.400000000000100000e+13 0.000000000000000000e+00 1.388801432859176677e+00 4.785848337038151046e-02 1.793703545463599114e-01 4.229869300573530638e-02 0.000000000000000000e+00 1.447717632776075458e+00 1.157085789181168944e-01 1.483221591724788189e+09 5.603264128193333149e+08
3.000000000000000000e+01 8.400000000000100000e+13 0.000000000000000000e+00 1.313277063298215364e+00 6.273568208466866192e-02 1.117967357291153874e-01 3.591703944692964390e-02 0.000000000000000000e+00 1.467322609947089740e+00 1.099615057111979211e-01 1.160334919382553577e+09 4.803082507816329002e+08
3.100000000000000000e+01 8.400000000000200000e+13 0.000000000000000000e+00 1.068177785812323144e+00 6.205816206730341983e-02 9.205594793143445642e-02 1.620480003586298109e-02 0.000000000000000000e+00 1.301482310652950058e+00 2.349941635653834265e-02 6.509875347130784988e+08 1.940400239883833826e+08
3.200000000000000000e+01 8.400000000000100000e+13 0.000000000000000000e+00 1.277299010019836034e+00 3.469101851901352368e-02 9.041451249839214943e-02 1.956023381783361312e-02 0.000000000000000000e+00 1.344283107313469561e+00 5.222806728740930077e-02 8.374338800730588436e+08 2.432845594759750664e+08
3.300000000000000000e+01 8.400000000000100000e+13 0.000000000000000000e+00 1.574195674242853338e+00 1.207587898189404069e-01 1.966001894427175933e-01 2.780817051509769031e-02 0.000000000000000000e+00 1.548429989513914862e+00 1.071112745074242062e-01 1.218072253166046143e+09 2.523722378872764707e+08
3.400000000000000000e+01 8.400000000000100000e+13 0.000000000000000000e+00 1.128241330768134931e+00 3.142626478527300871e-02 1.290667373745541524e-01 2.413942121955383116e-02 0.000000000000000000e+00 1.194376277812860154e+00 4.672243480965152657e-02 1.275501790219261646e+09 3.390704783149216175e+08
3.500000000000000000e+01 8.400000000000100000e+13 0.000000000000000000e+00 9.928047359748684020e-01 1.782755196696926836e-01 2.110777472648233954e-01 1.190776399168052835e-01 0.000000000000000000e+00 1.111181356179320900e+00 1.791988005449611232e-01 2.702499121858267784e+09 2.101051865767397642e+09
3.600000000000000000e+01 8.400000000000200000e+13 0.000000000000000000e+00 1.077325394070504982e+00 5.597456168478443655e-02 8.728449306360692994e-02 3.566745292447927318e-02 0.000000000000000000e+00 1.021036372586315855e+00 5.625578045574133185e-02 1.034980639172711015e+09 5.047840256436201334e+08
3.700000000000000000e+01 8.400000000000100000e+13 0.000000000000000000e+00 1.145763730629639765e+00 9.590962650458124961e-02 1.609090661070304296e-01 5.234225253585169518e-02 0.000000000000000000e+00 1.246144189569174054e+00 1.019852682751117151e-01 1.761972156323951006e+09 7.855878143109663725e+08
3.800000000000000000e+01 8.400000000000100000e+13 1.000000000000000000e+00 1.067386285447604166e+00 1.287677912695151146e-02 6.877497066759256927e-02 8.929349044797928875e-03 0.000000000000000000e+00 1.223095352691088600e+00 1.283422706163953736e-02 6.178556294191845655e+08 1.380102938387528658e+08
3.900000000000000000e+01 8.400000000000100000e+13 0.000000000000000000e+00 1.150031074799140685e+00 3.727640953517119549e-02 1.184256931629476678e-01 2.519358851503770633e-02 0.000000000000000000e+00 1.289110193806429550e+00 4.972194523196090538e-02 1.341030037423834324e+09 3.386092123008065224e+08
4.000000000000000000e+01 8.400000000001300000e+13 0.000000000000000000e+00 1.344764022703541340e+00 1.013470682293473868e-01 1.804363500768718931e-01 5.440343973014525464e-02 0.000000000000000000e+00 1.287380090562050050e+00 1.299184592508939307e-01 2.067371945569416285e+09 7.794193585475707054e+08
4.100000000000000000e+01 8.400000000000100000e+13 0.000000000000000000e+00 1.179538927779419488e+00 7.664274893079371653e-02 8.999329941627860763e-02 8.272753109901401225e-03 0.000000000000000000e+00 1.304564086025810754e+00 6.025473758984173367e-02 8.350754686714870930e+08 1.145699491473966241e+08
4.200000000000000000e+01 8.400000000000300000e+13 0.000000000000000000e+00 1.307681695160986646e+00 1.201851509427305092e-01 1.379069193743873434e-01 2.787285666943985565e-02 0.000000000000000000e+00 1.192405600133269017e+00 1.448650456677907372e-01 1.310637261686143160e+09 3.633603789803059101e+08
4.300000000000000000e+01 8.400000000000100000e+13 0.000000000000000000e+00 1.060990170966249257e+00 5.145059376717107946e-02 9.464352705002691823e-02 2.541326389596031479e-02 0.000000000000000000e+00 1.078854751097142461e+00 7.373260160780278905e-02 7.066798960222052336e+08 1.682625182970372438e+08
4.400000000000000000e+01 8.400000000000100000e+13 0.000000000000000000e+00 1.091006930722364210e+00 1.801913896662142300e-01 1.158738800407530384e-01 2.222988006322713234e-02 0.000000000000000000e+00 1.033179379110998442e+00 1.878274712070980568e-01 1.205687843225045919e+09 3.384311951652489305e+08
4.500000000000000000e+01 8.400000000000100000e+13 0.000000000000000000e+00 1.353287782798377137e+00 4.518534473973788435e-02 1.698823101540821168e-01 2.172080507235324073e-02 0.000000000000000000e+00 1.782545623563256409e+00 5.700936866426858235e-02 1.763060183904250383e+09 3.231933670516881347e+08
4.600000000000000000e+01 8.400000000000100000e+13 0.000000000000000000e+00 1.217616313520661464e+00 3.285035460993140921e-02 1.440215791197563544e-01 4.881016049316327238e-02 0.000000000000000000e+00 1.256541551703840076e+00 7.811553620404913800e-02 1.473939707363082409e+09 6.437419727337551117e+08
4.700000000000000000e+01 8.400000000000500000e+13 0.000000000000000000e+00 1.313370881934240453e+00 8.526938323684388199e-02 9.569429858868175320e-02 2.101393353967297498e-02 0.000000000000000000e+00 1.255104683642305652e+00 4.926556536742466436e-02 1.235382744002316952e+09 3.121985470804061890e+08
4.800000000000000000e+01 8.400000000000100000e+13 0.000000000000000000e+00 1.093095786611945286e+00 5.940120956093870863e-02 9.240390100464548895e-02 9.982261141046885194e-03 0.000000000000000000e+00 1.198704220002914766e+00 5.531076993320529350e-02 7.926756544586578608e+08 9.147874347869077325e+07
4.900000000000000000e+01 8.400000000000300000e+13 0.000000000000000000e+00 1.209720486174771015e+00 9.280611315744534406e-02 1.271397951614134103e-01 4.559169655804014287e-02 0.000000000000000000e+00 1.414333726793202128e+00 9.115924803588415504e-02 9.846369563626610041e+08 2.248023984175116420e+08
5.000000000000000000e+01 8.400000000000100000e+13 0.000000000000000000e+00 2.263964856529804948e+00 2.004777938324067421e-01 2.643092044064716539e-01 1.275238494601111106e-01 0.000000000000000000e+00 1.885325817974465412e+00 2.664487109271106990e-01 3.070765678070012093e+09 1.647908999606426477e+09
5.100000000000000000e+01 8.400000000000200000e+13 0.000000000000000000e+00 9.684642916199166507e-01 1.959748018512565138e-01 3.283288815569838648e-01 1.545079686846782818e-01 0.000000000000000000e+00 1.242926622405495785e+00 1.454094281338103867e-01 1.865196769850530863e+09 1.228648304162937403e+09
5.200000000000000000e+01 8.400000000000100000e+13 0.000000000000000000e+00 1.156776494310553627e+00 1.316892119957901730e-01 1.125066315604662248e-01 3.844296158104504313e-02 0.000000000000000000e+00 1.192653850488041511e+00 1.311651625720962056e-01 1.180393427005842924e+09 5.905749164163053036e+08
5.300000000000000000e+01 8.400000000000700000e+13 0.000000000000000000e+00 1.291391545457544421e+00 3.215830706307127307e-01 3.625145626829500145e-01 1.332536701946056557e-01 0.000000000000000000e+00 1.466074710082599708e+00 1.541917108744229881e-01 1.582001296658188820e+09 9.948718042448003292e+08
5.400000000000000000e+01 8.400000000000100000e+13 0.000000000000000000e+00 1.331065813046787838e+00 5.914908009894547652e-02 1.491714013989584031e-01 4.003981030769024341e-02 0.000000000000000000e+00 1.419243679489560650e+00 7.900232676623221428e-02 1.681123543008477926e+09 5.238282813286224604e+08
5.500000000000000000e+01 8.400000000000100000e+13 0.000000000000000000e+00 9.633108307808029291e-01 4.986728768772468595e-02 8.684417677102360122e-02 2.272708226314833907e-02 0.000000000000000000e+00 1.257586474923290565e+00 6.714226155607395941e-02 8.894652694936652184e+08 3.858577493170686364e+08
5.600000000000000000e+01 8.400000000000100000e+13 0.000000000000000000e+00 1.145646219927219267e+00 1.230448943365681086e-01 1.485829705146324564e-01 4.330841642570958105e-02 0.000000000000000000e+00 9.390017532637051634e-01 1.292630412660441819e-01 1.391784182507331610e+09 6.562788247397301197e+08
5.700000000000000000e+01 8.400000000000400000e+13 0.000000000000000000e+00 1.961921872005067069e+00 1.115695906985270242e-01 1.653850442183187330e-01 4.514463008382589571e-02 0.000000000000000000e+00 2.118290584021375267e+00 1.241751940549560007e-01 1.347336560874119282e+09 6.141245013957197666e+08
5.800000000000000000e+01 8.400000000000100000e+13 0.000000000000000000e+00 1.083388285862647349e+00 2.065327490305482114e-02 1.122943663839440082e-01 1.642452915074279693e-02 0.000000000000000000e+00 1.051549032285425289e+00 1.585222002704782598e-02 9.302315657183649540e+08 2.370269818236861229e+08
5.900000000000000000e+01 8.400000000000100000e+13 0.000000000000000000e+00 1.285118837508414380e+00 5.971735450907650344e-02 9.775306404019717954e-02 1.620419077441419622e-02 0.000000000000000000e+00 1.199836705928586822e+00 9.444755057794121389e-02 1.163679286896212578e+09 2.241114034086581767e+08
6.000000000000000000e+01 8.400000000000100000e+13 0.000000000000000000e+00 1.273198042067933189e+00 1.436164704049718022e-01 2.411448349911509415e-01 1.590255628850758551e-01 0.000000000000000000e+00 1.589322020576370953e+00 6.451469232369727580e-02 8.603769322025570869e+08 2.584087111222677529e+08
6.100000000000000000e+01 8.400000000000100000e+13 0.000000000000000000e+00 1.507572492156721733e+00 9.115918049225402164e-02 1.313384312084401873e-01 2.240447962897553630e-02 0.000000000000000000e+00 1.604634101466848817e+00 7.801795579320452978e-02 1.084712161863838434e+09 2.911826673204014301e+08
6.200000000000000000e+01 8.400000000001200000e+13 0.000000000000000000e+00 1.315030156615285994e+00 3.092492185805988461e-02 1.263963054646117801e-01 2.378645514475587197e-02 0.000000000000000000e+00 1.148850339758842765e+00 6.159857132856876721e-02 1.725559477551273346e+09 3.957801724736047983e+08
6.300000000000000000e+01 8.400000000000100000e+13 0.000000000000000000e+00 1.060579910661140657e+00 6.180448072495934447e-02 1.163082892284939551e-01 3.862484594527976212e-02 0.000000000000000000e+00 1.288421322787467904e+00 4.980093852438913227e-02 6.519976006457142830e+08 1.217900777619650066e+08
6.400000000000000000e+01 8.400000000000300000e+13 0.000000000000000000e+00 1.351327017194097202e+00 7.606012901712509711e-02 1.173811917066756305e-01 1.292600634027501680e-02 0.000000000000000000e+00 1.339738674312747069e+00 8.263231414101408767e-02 1.200275113758152723e+09 1.767578613412853479e+08
6.500000000000000000e+01 8.400000000000100000e+13 0.000000000000000000e+00 1.111650719701540835e+00 1.447612262619413573e-02 1.415708679078646060e-01 4.107051276809255830e-02 0.000000000000000000e+00 1.242988605699933968e+00 2.327689989343123544e-02 8.690697702694686651e+08 1.433494305841134787e+08
6.600000000000000000e+01 8.400000000000300000e+13 0.000000000000000000e+00 1.266889156824116736e+00 4.731222308149891920e-02 1.482763988495542362e-01 4.092030345399545743e-02 0.000000000000000000e+00 1.454536153359470951e+00 6.594530280197027916e-02 1.705420705104680777e+09 5.783528528213148117e+08
6.700000000000000000e+01 8.400000000000100000e+13 0.000000000000000000e+00 1.237183815689909316e+00 5.582867004580772952e-02 8.522516428063621474e-02 1.240552295189372226e-02 0.000000000000000000e+00 1.163052454361567900e+00 5.207403196732236783e-02 7.024242321304707527e+08 7.790676867121553421e+07
6.800000000000000000e+01 8.400000000000100000e+13 0.000000000000000000e+00 9.361257292638017757e-01 4.854384002778574375e-02 1.635691535682063380e-01 9.712018150618288714e-02 0.000000000000000000e+00 1.167377760353828453e+00 1.871751470174536774e-02 6.219300493257830143e+08 1.763704227575142980e+08
6.900000000000000000e+01 8.400000000000200000e+13 0.000000000000000000e+00 1.499854425776547151e+00 7.530360119000151231e-02 1.602692609261053558e-01 9.716658592143063988e-02 0.000000000000000000e+00 1.568062369180949434e+00 1.216079630126572358e-01 2.007597465762246609e+09 1.419950703427205801e+09
7.000000000000000000e+01 8.400000000000100000e+13 0.000000000000000000e+00 1.264322141760652274e+00 7.226369304133527238e-02 9.801448928317647857e-02 2.382698638281827846e-02 0.000000000000000000e+00 1.247495271008055351e+00 1.175133414724893605e-01 1.235928723717594624e+09 3.069390703824126720e+08
7.100000000000000000e+01 8.400000000000100000e+13 0.000000000000000000e+00 1.103131850937825176e+00 1.243638961212582411e-01 1.803754736974683970e-01 2.203316679961375354e-02 0.000000000000000000e+00 1.485489756686410923e+00 1.206309956451784016e-01 1.414584675335493565e+09 2.305683152706819177e+08
7.200000000000000000e+01 8.400000000000100000e+13 0.000000000000000000e+00 1.094391601368196909e+00 4.005587475590236674e-02 2.064627087345725642e-01 5.465653920783651587e-02 0.000000000000000000e+00 1.271287145666433638e+00 8.165666669967738822e-02 1.430370203945910454e+09 3.228377829172174335e+08
7.300000000000000000e+01 8.400000000000200000e+13 0.000000000000000000e+00 1.069752159882774389e+00 3.735735039435000848e-02 1.034643274681911890e-01 4.630382146649373448e-02 0.000000000000000000e+00 1.076282493553955000e+00 5.727076567307176624e-02 1.010021753932441950e+09 6.498005474792064428e+08
7.400000000000000000e+01 8.400000000000200000e+13 0.000000000000000000e+00 1.030894388119013350e+00 5.079470561200070261e-02 9.664506237217719564e-02 1.532357507682753119e-02 0.000000000000000000e+00 1.200392419659651155e+00 2.001796741208347954e-02 6.286253394790729284e+08 2.536372445527697206e+08
7.500000000000000000e+01 8.400000000000100000e+13 0.000000000000000000e+00 1.429234766129718670e+00 1.144294542769488665e-01 1.564932717257001560e-01 5.417559033498078186e-02 0.000000000000000000e+00 1.331634113166159095e+00 1.342870258986158527e-01 1.585216550467216730e+09 6.391779258981450796e+08
7.600000000000000000e+01 8.400000000000200000e+13 0.000000000000000000e+00 1.105819097176156118e+00 4.629281401833794385e-02 1.752331138163331359e-01 9.884188625052484078e-02 0.000000000000000000e+00 1.379626567806487847e+00 4.413107434953739139e-02 5.142453034473797679e+08 8.696539412072712183e+07
7.700000000000000000e+01 8.400000000000100000e+13 0.000000000000000000e+00 1.679572414497926491e+00 2.774370071814665287e-02 8.680533121469367897e-02 8.749251907505530348e-03 0.000000000000000000e+00 1.873950338123799630e+00 3.835105419801655008e-02 8.310003339921572208e+08 1.154164799998925477e+08
7.800000000000000000e+01 8.400000000000200000e+13 0.000000000000000000e+00 1.192664561698835612e+00 1.962461651847206140e-02 2.203512881022221259e-01 6.662462882726458147e-02 0.000000000000000000e+00 1.275696076808418677e+00 5.610269651944066460e-02 6.346972522991751432e+08 1.296379376542674750e+08
7.900000000000000000e+01 8.400000000000100000e+13 0.000000000000000000e+00 2.322194109872341983e+00 1.627438471501913286e-01 3.354799508001354846e-01 2.304731023055166805e-01 0.000000000000000000e+00 2.910127515090546346e+00 7.034112940117835666e-02 1.345235537168411493e+09 3.996778847937679887e+08
8.000000000000000000e+01 8.400000000000500000e+13 0.000000000000000000e+00 1.212597685609698939e+00 7.340140950712775725e-02 1.065087326601684842e-01 6.058467415059955868e-02 0.000000000000000000e+00 1.341638962273461022e+00 9.810801135584382160e-02 1.293467677446369171e+09 8.025183629935855865e+08
8.100000000000000000e+01 8.400000000000100000e+13 0.000000000000000000e+00 1.211268221518497112e+00 1.506422282959174463e-01 2.533663203291309785e-01 1.583516980466121715e-01 0.000000000000000000e+00 1.465848723835845302e+00 9.422034600893477996e-02 9.026043118042416573e+08 3.189540596877232790e+08
8.200000000000000000e+01 8.400000000000300000e+13 0.000000000000000000e+00 9.016209191711775928e-01 5.059393574550039019e-02 4.639971505278357722e-02 2.438979938033618983e-02 0.000000000000000000e+00 1.235930566599990010e+00 6.518563811419222920e-02 6.253432979502882957e+08 3.960669168505620956e+08
8.300000000000000000e+01 8.400000000000100000e+13 0.000000000000000000e+00 1.240051117906128209e+00 2.847508629627107032e-02 1.341470118510642018e-01 2.863181093179206771e-02 0.000000000000000000e+00 1.092604806318217214e+00 2.940874379179478706e-02 1.480895278458411455e+09 3.730969376831518412e+08
8.400000000000000000e+01 8.400000000000200000e+13 0.000000000000000000e+00 1.329041664045918170e+00 1.884402201023570034e-01 3.626168266764382420e-01 1.417845364602418334e-01 0.000000000000000000e+00 1.385832801261191127e+00 1.615006185735104183e-01 2.851237275285583496e+09 1.061637082939380288e+09
8.500000000000000000e+01 8.400000000000100000e+13 0.000000000000000000e+00 1.345677330755740364e+00 1.136594713662432594e-02 1.001285920818191372e-01 2.135692240792665120e-02 0.000000000000000000e+00 1.523127200660279179e+00 2.648581059031112489e-02 7.547849270703374147e+08 3.302078935321256518e+08
8.600000000000000000e+01 8.400000000000200000e+13 0.000000000000000000e+00 1.290422133373753333e+00 7.367668416755993044e-02 1.109643461964103239e-01 2.857434818926150172e-02 0.000000000000000000e+00 1.386788741255947421e+00 8.671625006303411431e-02 1.025401934245634794e+09 3.543284572024700046e+08
8.700000000000000000e+01 8.400000000000100000e+13 0.000000000000000000e+00 1.083670419487659409e+00 4.342274647276044702e-02 1.135285039519543654e-01 1.690234269956183283e-02 0.000000000000000000e+00 1.233319069701499293e+00 3.530261482670431217e-02 1.208543822843860626e+09 2.419022359483400583e+08
8.800000000000000000e+01 8.400000000000100000e+13 0.000000000000000000e+00 1.108893611212031782e+00 6.464389872718274976e-02 1.159797332300581130e-01 3.610221738598697050e-02 0.000000000000000000e+00 1.028756350754717719e+00 7.400675684525540032e-02 1.205297909356186390e+09 5.171469430655499697e+08
8.900000000000000000e+01 8.400000000000100000e+13 0.000000000000000000e+00 1.128632045370712822e+00 8.004190587651728583e-02 1.791972798535727551e-01 9.074632646555771953e-02 0.000000000000000000e+00 1.019800634536477402e+00 6.756766406602603137e-02 2.172275100115092278e+09 1.394589163695048332e+09
9.000000000000000000e+01 8.400000000000500000e+13 0.000000000000000000e+00 1.029742688094884118e+00 8.935531161606026507e-02 1.158691637994749835e-01 2.837729693911359222e-02 0.000000000000000000e+00 1.292703672595400199e+00 7.622161435081468983e-02 6.921682551437338591e+08 2.479262031587406695e+08
9.100000000000000000e+01 8.400000000000200000e+13 0.000000000000000000e+00 1.322830116893989105e+00 1.178754214706174697e-01 1.407257278096203656e-01 3.293764208653789105e-02 0.000000000000000000e+00 1.271534882611452533e+00 8.169677270636918620e-02 1.839121321709753752e+09 4.343275037747541070e+08
9.200000000000000000e+01 8.400000000000100000e+13 0.000000000000000000e+00 1.219658196825730956e+00 3.890759259786776003e-02 1.074286648330267380e-01 2.534889274090844705e-02 0.000000000000000000e+00 1.499447951873210449e+00 5.656328482260153390e-02 1.047543183511161923e+09 3.673910869257996678e+08
9.300000000000000000e+01 8.400000000000100000e+13 0.000000000000000000e+00 1.256303425136493512e+00 8.270371532916974411e-02 1.006262173536067034e-01 1.311428088058028650e-02 0.000000000000000000e+00 1.325740834928573753e+00 6.274476216634850001e-02 6.547656042258805037e+08 1.163792699529242665e+08
9.400000000000000000e+01 8.400000000000200000e+13 0.000000000000000000e+00 1.160959715573800954e+00 7.610350339529060870e-02 1.342977060741815942e-01 2.481891895663824316e-02 0.000000000000000000e+00 1.004336580570177606e+00 8.454291579483141916e-02 1.148481992665249825e+09 3.927508871884505749e+08
9.500000000000000000e+01 8.400000000000100000e+13 0.000000000000000000e+00 1.118310433276836102e+00 6.377905303895461953e-02 1.058051142566653890e-01 2.977859377930449150e-02 0.000000000000000000e+00 1.074428841916773125e+00 3.395381675875125405e-02 1.096568811394417048e+09 4.379738929691413045e+08
9.600000000000000000e+01 8.400000000000100000e+13 0.000000000000000000e+00 2.106452526504710487e+00 1.827342336601592010e-01 3.533312042188102575e-01 2.555747813833291748e-01 0.000000000000000000e+00 2.959856140191785556e+00 1.210590847113676566e-01 1.269011225489277601e+09 3.310275290833255053e+08
9.700000000000000000e+01 8.400000000000500000e+13 0.000000000000000000e+00 1.134325341379735841e+00 1.511237340020417097e-01 2.121381374663253994e-01 5.058985159656300551e-02 0.000000000000000000e+00 1.055027353538799950e+00 1.083304202399205662e-01 1.343812506464705706e+09 4.078243036114898324e+08
9.800000000000000000e+01 8.400000000000100000e+13 0.000000000000000000e+00 1.710891628869703140e+00 1.804792511274752598e-01 2.813016116263841737e-01 1.102825477184100761e-01 0.000000000000000000e+00 1.318298444995936070e+00 2.089136910510512590e-01 3.512899299672440529e+09 1.670000844046753168e+09
9.900000000000000000e+01 8.400000000000200000e+13 0.000000000000000000e+00 1.245152021805372211e+00 9.040633443140692893e-02 1.040032409548967557e-01 1.894126862733922639e-02 0.000000000000000000e+00 1.126482993925175924e+00 9.940685140465863046e-02 1.045224993526317120e+09 2.672679377817796171e+08
1.000000000000000000e+02 8.400000000000700000e+13 0.000000000000000000e+00 1.228064910210599381e+00 5.878008142640767097e-02 1.052146441479778483e-01 4.058553380566577717e-02 0.000000000000000000e+00 1.146516089140831696e+00 7.003200799206546479e-02 1.726750145985690117e+09 6.999718625875221491e+08
1.010000000000000000e+02 8.400000000000500000e+13 0.000000000000000000e+00 1.161983622827380547e+00 1.002820902842750522e-01 1.777292905073706852e-01 4.474559512010565371e-02 0.000000000000000000e+00 1.141893347807264147e+00 1.541813850927576668e-01 1.877364996096976995e+09 6.241158064366207123e+08
1.020000000000000000e+02 8.400000000000100000e+13 0.000000000000000000e+00 1.139849699068717470e+00 2.893935099260873112e-01 1.866986824026238834e-01 7.469894180860062183e-02 0.000000000000000000e+00 9.738425409388239418e-01 2.984965538182722811e-01 2.228682649966935158e+09 1.163272608888216734e+09
1.030000000000000000e+02 8.400000000000300000e+13 0.000000000000000000e+00 1.315680609323988337e+00 9.583626917856739869e-02 1.647729858093953947e-01 9.974110491690388325e-02 0.000000000000000000e+00 1.652299300669023419e+00 5.926796658426915221e-02 4.860080995000142455e+08 8.901504993132123351e+07
1.040000000000000000e+02 8.400000000000100000e+13 0.000000000000000000e+00 1.392303655283777086e+00 4.094002027051628356e-02 1.019265291081771635e-01 2.615409672526644580e-02 0.000000000000000000e+00 1.616565773899686809e+00 2.535200005008616392e-02 8.898922216021072865e+08 3.783918953679279685e+08
1.050000000000000000e+02 8.400000000000300000e+13 1.000000000000000000e+00 1.137839533146896009e+00 3.866810630018528705e-02 9.740914838938942444e-02 1.763877512990192839e-02 0.000000000000000000e+00 1.185520251393629820e+00 4.687154566330040822e-02 6.230400610792554617e+08 1.570404196755921543e+08
1.060000000000000000e+02 8.400000000000100000e+13 0.000000000000000000e+00 1.250055479377839784e+00 6.362438964767572203e-02 1.527915249448076884e-01 3.860886351392747023e-02 0.000000000000000000e+00 1.329678365874867874e+00 7.554462952029940281e-02 2.026630267337319136e+09 5.859260059394377470e+08
1.070000000000000000e+02 8.400000000000100000e+13 0.000000000000000000e+00 7.922940246284772003e-01 9.955412319930269371e-02 2.378763714882748959e-01 1.450736011144648230e-01 0.000000000000000000e+00 1.416217201420592042e+00 7.446056711908716208e-02 4.331819182718630433e+08 2.353906034672041237e+08
1.080000000000000000e+02 8.400000000000100000e+13 0.000000000000000000e+00 1.699818676066952250e+00 1.556749186818563446e-01 1.764173058359797541e-01 7.194877034989308195e-02 0.000000000000000000e+00 1.582368795998674305e+00 1.488024313099473028e-01 1.675309568259916306e+09 1.035758796186373711e+09
1.090000000000000000e+02 8.400000000000100000e+13 0.000000000000000000e+00 1.029899836239579258e+00 1.582512230942690890e-01 2.764623474106658874e-01 1.407973395333267930e-01 0.000000000000000000e+00 1.250343715596955008e+00 7.574892852904489826e-02 1.261871275054091215e+09 4.203500653725381494e+08
1.100000000000000000e+02 8.400000000000400000e+13 0.000000000000000000e+00 1.179430825344411238e+00 4.861732428896806124e-02 1.489065219781633698e-01 3.400959651138035778e-02 0.000000000000000000e+00 1.307454550501975010e+00 9.226194266524738452e-02 1.475769436509411573e+09 4.843096421040645242e+08
1.110000000000000000e+02 8.400000000000100000e+13 0.000000000000000000e+00 1.307211931223574597e+00 9.049297515714410656e-02 1.328977770301939809e-01 4.459123966192413135e-02 0.000000000000000000e+00 1.573780538748221103e+00 6.694839219049168733e-02 7.026703571644449234e+08 2.186027165230984092e+08
1.120000000000000000e+02 8.400000000000200000e+13 0.000000000000000000e+00 1.173032156648457391e+00 8.094392542283304626e-02 1.934065605664349041e-01 6.877144861899597839e-02 0.000000000000000000e+00 1.340373497452777007e+00 3.874132464138075466e-02 6.239677703647265434e+08 2.575123846631245613e+08
1.130000000000000000e+02 8.400000000000200000e+13 0.000000000000000000e+00 2.465040768207803712e+00 4.893032389624351469e-02 1.106895743998379256e-01 1.853687634354143562e-02 0.000000000000000000e+00 2.164418301465329098e+00 9.519178078065201887e-02 1.281541119441076040e+09 2.843425145591742992e+08
1.140000000000000000e+02 8.400000000000200000e+13 0.000000000000000000e+00 1.042080028720195894e+00 9.517076253251301188e-02 1.124578201422047896e-01 2.198434929234049581e-02 0.000000000000000000e+00 1.342154618654606724e+00 4.929893411691309985e-02 1.026915999699519753e+09 3.688405752143759131e+08
1.150000000000000000e+02 8.400000000000100000e+13 0.000000000000000000e+00 1.260968062600201778e+00 1.124629373314212921e-01 1.400579037889020384e-01 8.151887907948421330e-02 0.000000000000000000e+00 1.166471511485414947e+00 1.155969700412131235e-01 1.622401849532568693e+09 1.278501728586120605e+09
1.160000000000000000e+02 8.400000000001100000e+13 0.000000000000000000e+00 1.073468599397745082e+00 5.189818758768826451e-02 5.223213831988288147e-02 3.416060690389478155e-02 0.000000000000000000e+00 1.262149738613920213e+00 2.335171418839158616e-02 2.727030854363375306e+08 1.642668397390007377e+08
1.170000000000000000e+02 8.400000000000200000e+13 0.000000000000000000e+00 1.099713129753380869e+00 1.072003843099937626e-01 1.953513665493046836e-01 8.766732140677782614e-02 0.000000000000000000e+00 1.201020751983942869e+00 2.788237088968320912e-02 4.871221824851286411e+08 9.542402540923622251e+07
1.180000000000000000e+02 8.400000000000100000e+13 0.000000000000000000e+00 1.231961336805073026e+00 4.822096694314618320e-02 1.717812935743820435e-01 3.668578154709806194e-02 0.000000000000000000e+00 1.495555977186441732e+00 2.969197198516003444e-02 1.386952487813737869e+09 5.306752039783940911e+08
1.190000000000000000e+02 8.400000000000100000e+13 0.000000000000000000e+00 1.144841707857068736e+00 7.183745763112112104e-02 1.257399906450298310e-01 1.764782705346226374e-02 0.000000000000000000e+00 1.395895143243152114e+00 6.325881974917876849e-02 1.048245661990017653e+09 2.855066883553605676e+08
1.200000000000000000e+02 8.400000000000100000e+13 0.000000000000000000e+00 1.023084493007279994e+00 5.260813982141563511e-02 1.169221073586213661e-01 6.431504407249678812e-02 0.000000000000000000e+00 1.084157764583832728e+00 2.788597887465284891e-02 2.734690980934116840e+08 5.414990361569223553e+07
1.210000000000000000e+02 8.400000000000100000e+13 0.000000000000000000e+00 1.050854513076076469e+00 1.147415183657394117e-01 1.532705821938198376e-01 6.247866513187925325e-02 0.000000000000000000e+00 1.251869558685084316e+00 1.024535610234893618e-01 3.892990017922564149e+08 1.042887913864308447e+08
1.220000000000000000e+02 8.400000000000100000e+13 0.000000000000000000e+00 1.141575187131368629e+00 3.617158200238982518e-02 1.111303937809380998e-01 2.224802350989407360e-02 0.000000000000000000e+00 1.328892433871715406e+00 3.338953434239756712e-02 6.287184958462840319e+08 1.174238511360219568e+08
1.230000000000000000e+02 8.400000000000600000e+13 0.000000000000000000e+00 1.562148364951670310e+00 7.810880688101880243e-02 1.650174778045019330e-01 8.046351942225070386e-02 0.000000000000000000e+00 1.711747386665393389e+00 8.754333243276736509e-02 2.151764995640748024e+09 1.052870121056539536e+09
1.240000000000000000e+02 8.400000000000100000e+13 0.000000000000000000e+00 1.175775238342034124e+00 3.927860675837022142e-02 6.591512013213332577e-02 1.020032895979342165e-02 0.000000000000000000e+00 1.234295428630766578e+00 5.109764462395234574e-02 7.576976067658830881e+08 1.387292077889383137e+08
1.250000000000000000e+02 8.400000000000100000e+13 0.000000000000000000e+00 1.779822989880135209e+00 9.352639992937034075e-02 2.081219026417882867e-01 8.824515056345834385e-02 0.000000000000000000e+00 1.580973013293763607e+00 1.005410551056085122e-01 2.346256253545153618e+09 1.028886267951893449e+09
1.260000000000000000e+02 8.400000000000100000e+13 0.000000000000000000e+00 1.257092452271092231e+00 6.312812529792775906e-02 1.491042071899861265e-01 2.128658491249361268e-02 0.000000000000000000e+00 1.248216131099144199e+00 1.008833280861652776e-01 1.350290246315949678e+09 3.118573752509127855e+08
1.270000000000000000e+02 8.400000000000100000e+13 0.000000000000000000e+00 1.953803072245638761e+00 8.125246364152249878e-02 2.085695202869451148e-01 5.140463861450763478e-02 0.000000000000000000e+00 1.771688249275065630e+00 9.539519148077292565e-02 2.059466891139701366e+09 6.951520907537618876e+08
1.280000000000000000e+02 8.400000000000100000e+13 0.000000000000000000e+00 1.150563540271416274e+00 3.033159021127576627e-02 9.523298080694340972e-02 1.302920077430129442e-02 0.000000000000000000e+00 1.213429841041703039e+00 5.023962273958288566e-02 1.076679769156149387e+09 1.781687001723937094e+08
1.290000000000000000e+02 8.400000000000100000e+13 1.000000000000000000e+00 1.046502075798857012e+00 9.646125630168346510e-03 8.133563000744643834e-02 2.031619347289330413e-02 0.000000000000000000e+00 1.154409317309217364e+00 2.447814103366040966e-02 4.971658174791918993e+08 5.722103642693091929e+07
1.300000000000000000e+02 8.400000000001300000e+13 0.000000000000000000e+00 7.860031514595249291e-01 1.631082906356513818e-01 1.140750476884865972e+00 1.000000000000000000e+00 0.000000000000000000e+00 7.860031514595249291e-01 1.631265351835943789e-01 1.049499572991226196e+10 9.200080072350042343e+09
1.310000000000000000e+02 8.400000000000100000e+13 0.000000000000000000e+00 1.084729653081771827e+00 1.508142184114090456e-01 1.741316764438970710e-01 8.378670512737408649e-02 0.000000000000000000e+00 1.086306087344632187e+00 1.131028942623446415e-01 1.995453853232915640e+09 1.275043319680347919e+09
1.320000000000000000e+02 8.400000000000400000e+13 0.000000000000000000e+00 1.029775503643622470e+00 1.066880709797676935e-01 2.851268775123385057e-01 9.113111316625614744e-02 0.000000000000000000e+00 8.246603049321785672e-01 9.102184552905163983e-02 1.759380613022907734e+09 8.595474681398990154e+08
1.330000000000000000e+02 8.400000000000100000e+13 0.000000000000000000e+00 1.146525237088723781e+00 4.765544040159971906e-02 6.554528902969267157e-02 2.260656286000966089e-02 0.000000000000000000e+00 1.275265308234117656e+00 3.368756622474800011e-02 6.838314836350699663e+08 2.962607735353175998e+08
1.340000000000000000e+02 8.400000000000100000e+13 0.000000000000000000e+00 1.420207645679962605e+00 1.239235901566299869e-01 1.872913456569617607e-01 4.449228717868096428e-02 0.000000000000000000e+00 1.261155961492886668e+00 1.029358263773565568e-01 1.534746964070866108e+09 5.910674766423517466e+08
1.350000000000000000e+02 8.400000000000100000e+13 1.000000000000000000e+00 1.118933661318865846e+00 3.669633758308605415e-02 5.292762726681331936e-02 6.873260297063865654e-03 0.000000000000000000e+00 1.030880082130343878e+00 3.424885944083785189e-02 5.461130300101324320e+08 7.537723816461791098e+07
1.360000000000000000e+02 8.400000000000300000e+13 0.000000000000000000e+00 1.422932610218808680e+00 7.381998004754736220e-02 1.188710905133308765e-01 3.144571580352615442e-02 0.000000000000000000e+00 1.290610425370517067e+00 9.675454283723554372e-02 1.396429761215784073e+09 3.870692294056362510e+08
1.370000000000000000e+02 8.400000000000100000e+13 0.000000000000000000e+00 1.218613888815532453e+00 9.483284428489734824e-03 8.829367788655984040e-02 9.126745045535053502e-03 0.000000000000000000e+00 1.397788077753981062e+00 2.939755234161488609e-02 7.123853228443557024e+08 1.251329339450046718e+08
1.380000000000000000e+02 8.400000000000100000e+13 0.000000000000000000e+00 1.088757791609483938e+00 1.072813694882600033e-01 9.069936438521902788e-02 1.589701259639521302e-02 0.000000000000000000e+00 1.313678916517362794e+00 5.571252060632948810e-02 4.669796492238705158e+08 4.912398261416848749e+07
1.390000000000000000e+02 8.400000000000100000e+13 0.000000000000000000e+00 1.488133311981248097e+00 1.099806551219798673e-01 2.071293423309200077e-01 5.165000111777875297e-02 0.000000000000000000e+00 1.313248838564438969e+00 1.369939122485031302e-01 2.332483923405676365e+09 6.671154749803168774e+08
1.400000000000000000e+02 8.400000000000100000e+13 0.000000000000000000e+00 1.077753447393644093e+00 8.526123269635152435e-02 1.883718891822666885e-01 4.133786140753985955e-02 0.000000000000000000e+00 1.098868783904875412e+00 8.730300330684206966e-02 1.944178717105979204e+09 5.688257058482284546e+08
1.410000000000000000e+02 8.400000000000200000e+13 0.000000000000000000e+00 1.227010566412084724e+00 1.665551910355748400e-01 1.741826490277909034e-01 6.125660107237881902e-02 0.000000000000000000e+00 1.353592605506677593e+00 2.293524279556509726e-01 1.885522305206314325e+09 8.401470236307359934e+08
1.420000000000000000e+02 8.400000000000100000e+13 0.000000000000000000e+00 1.223614093505361433e+00 8.592559140015032515e-02 1.499578861393474072e-01 7.371188098272234146e-02 0.000000000000000000e+00 1.316721399376528989e+00 1.023883448948186004e-01 1.651089515003173828e+09 9.916977945444037914e+08
1.430000000000000000e+02 8.400000000000100000e+13 0.000000000000000000e+00 1.116732843017852472e+00 2.671908367127796835e-02 1.033925972645150237e-01 1.504503346376031420e-02 0.000000000000000000e+00 1.409554676022081843e+00 2.767434745869294666e-02 6.775576218784251213e+08 1.933436555276218057e+08
1.440000000000000000e+02 8.400000000000400000e+13 0.000000000000000000e+00 1.184435612357767065e+00 3.512338141036921990e-02 7.012846128651906152e-02 2.340600026202017611e-02 0.000000000000000000e+00 1.312464151402446655e+00 3.127524341282587189e-02 7.454617376632866859e+08 3.279578843630561233e+08
1.450000000000000000e+02 8.400000000000100000e+13 0.000000000000000000e+00 1.182088085859238191e+00 4.636455243527311948e-02 1.213401157474684605e-01 2.523949899660923174e-02 0.000000000000000000e+00 1.189172284447435501e+00 9.725757423561623427e-02 1.048673022400259614e+09 3.198977851897016168e+08
1.460000000000000000e+02 8.400000000000100000e+13 0.000000000000000000e+00 1.336029883565612586e+00 1.091529186250484729e-01 1.380887306405968740e-01 5.154118555062879581e-02 0.000000000000000000e+00 1.433814517096363650e+00 1.214434184816679529e-01 1.635195083579190016e+09 7.168165429401916265e+08
1.470000000000000000e+02 8.400000000000100000e+13 0.000000000000000000e+00 1.143535219660373414e+00 5.731822614126509674e-02 1.380397140529800171e-01 2.251167707244493277e-02 0.000000000000000000e+00 1.270072757254810503e+00 9.026785079679131019e-02 1.264631202029508591e+09 3.347859067138194442e+08
1.480000000000000000e+02 8.400000000000300000e+13 0.000000000000000000e+00 2.276277039979756278e+00 1.550849602594007448e-01 1.700034879863513704e-01 4.699903638058228195e-02 0.000000000000000000e+00 2.372496843394293453e+00 1.438927434392635318e-01 1.341647505354552984e+09 5.040976239248889685e+08
1.490000000000000000e+02 8.400000000000100000e+13 0.000000000000000000e+00 2.132071342184795881e+00 2.383721060678485326e-01 2.394955831306751493e-01 1.088571828472453124e-01 0.000000000000000000e+00 1.799843521610643649e+00 2.939461632881484321e-01 2.616842806853501797e+09 1.370777123280995607e+09
1.500000000000000000e+02 8.400000000000200000e+13 0.000000000000000000e+00 1.052242594902032868e+00 1.165029495978322505e-01 2.637794380878700218e-01 1.199989820432428023e-01 0.000000000000000000e+00 1.425793086688757372e+00 1.129458182953640144e-01 1.184406000912650585e+09 6.005766594323221445e+08
1.510000000000000000e+02 8.400000000000100000e+13 0.000000000000000000e+00 1.403243238562137174e+00 1.031778151769536800e-01 1.140531744699018052e-01 6.057421374697594812e-02 0.000000000000000000e+00 1.427777971641110533e+00 1.444941813063664315e-01 1.438036941919866323e+09 7.924865987313908339e+08
1.520000000000000000e+02 8.400000000000100000e+13 0.000000000000000000e+00 9.269859792949081134e-01 4.352482366277023867e-02 1.748355417456077809e-01 5.564719105371290775e-02 0.000000000000000000e+00 1.160240444811357907e+00 1.765241562952732379e-02 5.496282300624701977e+08 1.896426500557503402e+08
1.530000000000000000e+02 8.400000000000200000e+13 0.000000000000000000e+00 1.216985148208890477e+00 2.580134098750298116e-02 7.507950886048454786e-02 2.427154209733548007e-02 0.000000000000000000e+00 1.279583391266230441e+00 3.917927972863485125e-02 8.059823202013316154e+08 3.589791736801979542e+08
1.540000000000000000e+02 8.400000000000100000e+13 0.000000000000000000e+00 1.706030064016571757e+00 6.716301678180511270e-02 1.477839156384120056e-01 5.507309549356223521e-02 0.000000000000000000e+00 1.731286846858846928e+00 9.877577331848950981e-02 1.814120029091718912e+09 6.950276127739093304e+08
1.550000000000000000e+02 8.400000000000200000e+13 0.000000000000000000e+00 1.172987444023512182e+00 7.639033777362636002e-02 1.479572531928106116e-01 3.934007126351223016e-02 0.000000000000000000e+00 1.154815894832043943e+00 8.185437647323694221e-02 1.757059439399686575e+09 6.104514423544065952e+08
1.560000000000000000e+02 8.400000000000100000e+13 0.000000000000000000e+00 1.256992542118193779e+00 1.445321616642105400e-01 1.592766706389567855e-01 5.641135214731377023e-02 0.000000000000000000e+00 1.190305760542896829e+00 1.885995390699726770e-01 1.607145405461182117e+09 7.736822726341595650e+08
1.570000000000000000e+02 8.400000000000100000e+13 1.000000000000000000e+00 1.110741061772534843e+00 2.641437470034640675e-02 9.503509948944177665e-02 9.897888355879132238e-03 0.000000000000000000e+00 1.215603472501923354e+00 4.469671251320642136e-02 8.268382364833854437e+08 1.401715894707459807e+08
1.580000000000000000e+02 8.400000000000400000e+13 0.000000000000000000e+00 1.458581116610029538e+00 4.671383113933385428e-02 2.176674555247631038e-01 5.294877525478276087e-02 0.000000000000000000e+00 1.294514614691886667e+00 7.721768229913257564e-02 2.660520003053655148e+09 6.865769875945608616e+08
1.590000000000000000e+02 8.400000000000100000e+13 0.000000000000000000e+00 1.258412894425617656e+00 9.521322868641020343e-02 1.874759452656016012e-01 3.994154978913966314e-02 0.000000000000000000e+00 1.337062719146088874e+00 1.133786578464996142e-01 1.987413530364441633e+09 5.580688720908560753e+08
1.600000000000000000e+02 8.400000000000100000e+13 0.000000000000000000e+00 1.258683341611410489e+00 1.849905963032956110e-02 1.412772582036444791e-01 3.057398555152212108e-02 0.000000000000000000e+00 1.316785711859868480e+00 4.651680893063824679e-02 1.332391381657325745e+09 4.229990987164478898e+08
1.610000000000000000e+02 8.400000000000500000e+13 0.000000000000000000e+00 1.014415067473190435e+00 9.885423662575550108e-02 1.168684411881337620e-01 4.995373605000283379e-02 0.000000000000000000e+00 1.470119500732602225e+00 3.954420951155500352e-02 4.330816665317358375e+08 1.577125345756742954e+08
1.620000000000000000e+02 8.400000000000400000e+13 0.000000000000000000e+00 1.101748211821580670e+00 7.934630712039335287e-02 1.057638659968787032e-01 3.183708967619996305e-02 0.000000000000000000e+00 1.007300694992575574e+00 2.877105261104017167e-02 1.456782637904286623e+09 5.015566127450578809e+08
1.630000000000000000e+02 8.400000000000200000e+13 0.000000000000000000e+00 1.114729336939097148e+00 4.940742158609379153e-02 7.886707108875282146e-02 2.473234542046998108e-02 0.000000000000000000e+00 1.189277263590040379e+00 1.851441002399783695e-02 7.691538088235765696e+08 1.819331834593399167e+08
1.640000000000000000e+02 8.400000000000100000e+13 0.000000000000000000e+00 1.165519528243272429e+00 4.635274067887461963e-02 9.009253915348822139e-02 2.604712056165003897e-02 0.000000000000000000e+00 1.133469744839902926e+00 5.093588333673981783e-02 8.194388803041836023e+08 2.237360331710233092e+08
1.650000000000000000e+02 8.400000000000100000e+13 0.000000000000000000e+00 1.137027336832947544e+00 8.996009325889979535e-02 1.375855217896737870e-01 3.606730572243952576e-02 0.000000000000000000e+00 1.256671014574970879e+00 7.860861955826356495e-02 9.864035161486774683e+08 3.238737176446046233e+08
1.660000000000000000e+02 8.400000000000100000e+13 1.000000000000000000e+00 1.103972486189163549e+00 2.907117978483063706e-02 9.631832043055317538e-02 2.182508357959016959e-02 0.000000000000000000e+00 1.233304837912596819e+00 3.208803818807488134e-02 9.049908569282677174e+08 3.086569486158684492e+08
1.670000000000000000e+02 8.400000000000300000e+13 0.000000000000000000e+00 1.055361648757748849e+00 5.398725629237795948e-02 9.377096885631075462e-02 3.609561133188287502e-02 0.000000000000000000e+00 1.152150967677444404e+00 7.366712473832461028e-02 9.361034196251802444e+08 5.468199818822828531e+08
1.680000000000000000e+02 8.400000000001200000e+13 0.000000000000000000e+00 1.458328909296914722e+00 3.531362024095215102e-02 2.132787606140271464e-01 1.092345813313993913e-01 0.000000000000000000e+00 1.353536073939595852e+00 5.083799819617235843e-02 2.706354889909300327e+09 1.451533662461718321e+09
1.690000000000000000e+02 8.400000000000100000e+13 0.000000000000000000e+00 1.081257398367541533e+00 6.718638303272199408e-02 1.125788749781028303e-01 3.600497065779101336e-02 0.000000000000000000e+00 1.349756775383847751e+00 8.642732570061378850e-02 1.167591852888854742e+09 5.301072038537936211e+08
1.700000000000000000e+02 8.400000000000300000e+13 0.000000000000000000e+00 1.399721091366369130e+00 1.188788218492628779e-01 2.288484983386017413e-01 1.008030653303587654e-01 0.000000000000000000e+00 1.475999808898453614e+00 1.127211338599639484e-01 1.041611387120823860e+09 2.552415506383323967e+08
1.710000000000000000e+02 8.400000000001200000e+13 0.000000000000000000e+00 1.156454032135795229e+00 1.148271619725726445e-01 1.194582652068312961e-01 6.886022510477562975e-02 0.000000000000000000e+00 1.204187440107727047e+00 1.373426474804650688e-01 1.429626251304924011e+09 1.079950112703479767e+09
1.720000000000000000e+02 8.400000000000200000e+13 0.000000000000000000e+00 1.276884674721603830e+00 8.168671404875869901e-02 1.135177613401135432e-01 2.646183802737685567e-02 0.000000000000000000e+00 1.286548027680198381e+00 1.357646529687522863e-01 1.151374560178743601e+09 3.449878824138577580e+08
1.730000000000000000e+02 8.400000000000100000e+13 0.000000000000000000e+00 1.172294507955104148e+00 5.809965992479137337e-02 1.138281579567233109e-01 3.246287433484298240e-02 0.000000000000000000e+00 1.287283935572195004e+00 5.840429408753318452e-02 1.010047261075924277e+09 4.493121473940797448e+08
1.740000000000000000e+02 8.400000000000300000e+13 1.000000000000000000e+00 1.066671640883269045e+00 2.403498662996546645e-02 5.968530912231342911e-02 1.376845207357680831e-02 0.000000000000000000e+00 1.277767456311481808e+00 2.661509928858553017e-02 5.544900408083659410e+08 1.981930109402549267e+08
1.750000000000000000e+02 8.400000000000200000e+13 0.000000000000000000e+00 1.203313353423023147e+00 1.098189498915141948e-01 1.520117328974156523e-01 7.198672311667858592e-02 0.000000000000000000e+00 1.260326005318106235e+00 1.487828178947628865e-01 1.654735634981247187e+09 9.147429191651312113e+08
1.760000000000000000e+02 8.400000000000100000e+13 1.000000000000000000e+00 1.117748416268776745e+00 2.762269397716235822e-02 5.791158533195243235e-02 1.140251794328744558e-02 0.000000000000000000e+00 1.356804269379437100e+00 2.483053879529815988e-02 4.394054364690560102e+08 1.007753791058310568e+08
1.770000000000000000e+02 8.400000000000200000e+13 0.000000000000000000e+00 9.529472217940417877e-01 4.196899106452037925e-02 2.323139713061023459e-01 1.370907679290369885e-01 0.000000000000000000e+00 1.346960601554092918e+00 3.856884491149353833e-02 1.341751062580543607e+08 6.076165483003298938e+07
1.780000000000000000e+02 8.400000000000100000e+13 0.000000000000000000e+00 1.100695929761091207e+00 6.808108684996003190e-02 1.277065278092133493e-01 1.842501845379386147e-02 0.000000000000000000e+00 1.169989966930851555e+00 6.137179643244147775e-02 5.684800844288827181e+08 7.273892142621353269e+07
1.790000000000000000e+02 8.400000000000100000e+13 0.000000000000000000e+00 1.169853007790048194e+00 2.757939845558234765e-02 1.027431528067670047e-01 1.000409455424285630e-02 0.000000000000000000e+00 1.333539117191849810e+00 4.044918843947166442e-02 1.074840957068357229e+09 1.395044823649762273e+08
1.800000000000000000e+02 8.400000000000200000e+13 0.000000000000000000e+00 1.126988677062561006e+00 5.207510580554534918e-02 9.965757686480364308e-02 3.777968228704355752e-02 0.000000000000000000e+00 1.184646278189240620e+00 3.299627749308797764e-02 4.432357247670134306e+08 1.492699661573876441e+08
1.810000000000000000e+02 8.400000000000200000e+13 0.000000000000000000e+00 9.933686937186806398e-01 5.074611472988782568e-02 9.318245264525372440e-02 3.848550682857833360e-02 0.000000000000000000e+00 1.248798682401832449e+00 8.906168703093705896e-02 1.492599825562067032e+09 6.544160305592312813e+08
1.820000000000000000e+02 8.400000000000200000e+13 1.000000000000000000e+00 9.946491100922942863e-01 2.853818793635849727e-02 4.369500029672533647e-02 1.486546473122618735e-02 0.000000000000000000e+00 1.025523812499117504e+00 3.411389528385311287e-02 3.284838309453107715e+08 2.244670413329136372e+08
1.830000000000000000e+02 8.400000000000100000e+13 0.000000000000000000e+00 1.391700720262234681e+00 4.403046599027830854e-02 1.113201567304530210e-01 1.862367566404337857e-02 0.000000000000000000e+00 1.468400931078009286e+00 1.003662031648725333e-01 1.224675927777071476e+09 2.488060550496082306e+08
1.840000000000000000e+02 8.400000000000400000e+13 0.000000000000000000e+00 1.026890704440609259e+00 6.672581997970189471e-02 1.256395887165710212e-01 7.767932592502137246e-02 0.000000000000000000e+00 1.217362811766945274e+00 4.410279184985899104e-02 4.614844199362725019e+08 1.498345155745921731e+08
1.850000000000000000e+02 8.400000000000400000e+13 1.000000000000000000e+00 1.141624659298100086e+00 3.105016567693685836e-02 1.443217588596512786e-02 4.536225307652469972e-03 0.000000000000000000e+00 1.193806727908654164e+00 1.909142825916204655e-02 1.638863517097809911e+08 5.938087258734791726e+07
1.860000000000000000e+02 8.400000000000700000e+13 0.000000000000000000e+00 1.197540507546754895e+00 4.733256106897217041e-02 3.163549042208683298e-02 1.268538339096547500e-02 0.000000000000000000e+00 1.197540507546754895e+00 4.733325985007857256e-02 3.148166336532263160e+08 1.262370092090029418e+08
1.870000000000000000e+02 8.400000000000300000e+13 0.000000000000000000e+00 1.180390606897209205e+00 5.535510228392005044e-02 8.794249637530773822e-02 2.281833326699909612e-02 0.000000000000000000e+00 1.086069919608156020e+00 5.246340749807808235e-02 1.142929046302097321e+09 3.953360751838796139e+08
1.880000000000000000e+02 8.400000000000100000e+13 1.000000000000000000e+00 1.037855629297388393e+00 1.684618666135489704e-02 5.202457091488579127e-02 2.149291055448861870e-02 0.000000000000000000e+00 1.319764488682114711e+00 4.006428323532803398e-02 5.406416253681377172e+08 3.075278880260739326e+08
1.890000000000000000e+02 8.400000000000300000e+13 0.000000000000000000e+00 1.032210956823730319e+00 1.113714133853833804e-01 1.243680667658418754e-01 2.338365792742012547e-02 0.000000000000000000e+00 1.341395650819279695e+00 1.153914951039327064e-01 1.558430377111011744e+09 3.508761144093426466e+08
1.900000000000000000e+02 8.400000000000100000e+13 0.000000000000000000e+00 9.882952637696934550e-01 4.445227971038557407e-02 1.295039272652194484e-01 2.731437785118766629e-02 0.000000000000000000e+00 1.147984262919545584e+00 3.139697617024162640e-02 5.993824020433336496e+08 1.158754872181881666e+08
1.910000000000000000e+02 8.400000000000100000e+13 0.000000000000000000e+00 1.149583451676456702e+00 8.211354626931781364e-02 1.689558052309504399e-01 1.040478723199494970e-01 0.000000000000000000e+00 9.000992143267760870e-01 6.568380236050452847e-02 2.028017180512828112e+09 1.617997171578406334e+09
1.920000000000000000e+02 8.400000000002100000e+13 0.000000000000000000e+00 1.575046944282552763e+00 5.927513492096326414e-02 6.152837192617881257e-02 1.938350403245757414e-02 0.000000000000000000e+00 1.689298865028953545e+00 4.611111159300650131e-02 6.373258331510076523e+08 2.753587456681570411e+08
1.930000000000000000e+02 8.400000000000100000e+13 0.000000000000000000e+00 1.145094670756793720e+00 4.177723078895537179e-02 8.204646652079400360e-02 1.706851367198672711e-02 0.000000000000000000e+00 1.354855727043317692e+00 4.042712828893160748e-02 5.035546810737224817e+08 1.101816028031321615e+08
1.940000000000000000e+02 8.400000000000100000e+13 0.000000000000000000e+00 1.115514603243453307e+00 7.660890003444446872e-02 1.809050643828200022e-01 3.396333185514477382e-02 0.000000000000000000e+00 1.071310793837159769e+00 9.193680471338412652e-02 1.667271445608059645e+09 5.106702276210455894e+08
1.950000000000000000e+02 8.400000000000200000e+13 0.000000000000000000e+00 1.301353748386327558e+00 8.853532026675198230e-02 1.764711735650543456e-01 2.954460224313344360e-02 0.000000000000000000e+00 1.278507997213981007e+00 9.031580445432804694e-02 1.929492721098833084e+09 3.714658305146457553e+08
1.960000000000000000e+02 8.400000000000100000e+13 0.000000000000000000e+00 1.119603827494717985e+00 5.376918570150218679e-02 4.113481499119940599e-02 9.882364204546849329e-03 0.000000000000000000e+00 1.248528542250505691e+00 3.144846393356626885e-02 3.667166881958745718e+08 1.398493358592898548e+08
1.970000000000000000e+02 8.400000000000100000e+13 0.000000000000000000e+00 1.153369311807772135e+00 4.895393517231046154e-02 2.189942614166182633e-01 2.965438842581866186e-02 0.000000000000000000e+00 1.239450022994093237e+00 6.107892041817671036e-02 2.259468180030525684e+09 4.382439449929055572e+08
1.980000000000000000e+02 8.400000000000300000e+13 0.000000000000000000e+00 1.087497733566020086e+00 7.238864461207736301e-02 1.632707183130067130e-01 7.658695994636556537e-02 0.000000000000000000e+00 1.072152796112971318e+00 4.685932002238440280e-02 9.834810590508114100e+08 6.935121297350461483e+08
1.990000000000000000e+02 8.400000000000100000e+13 0.000000000000000000e+00 1.517006161586731183e+00 1.729539430290494562e-01 3.265891286451532705e-01 2.051017844929428624e-01 0.000000000000000000e+00 9.100698052288915818e-01 1.125724304736519660e-01 1.316338689310393810e+09 2.828172394141902328e+08
2.000000000000000000e+02 8.400000000000100000e+13 0.000000000000000000e+00 1.034933907070289649e+00 1.323092803114327975e-01 1.221513187993404775e-01 1.167010939992235014e-02 0.000000000000000000e+00 1.176047223345061621e+00 7.123770898585274347e-02 6.302326927898985147e+08 7.494241205331258476e+07
2.010000000000000000e+02 8.400000000000100000e+13 0.000000000000000000e+00 9.466006774177792016e-01 8.144853154494138825e-02 1.095256688824346736e-01 1.605223325380333160e-02 0.000000000000000000e+00 1.282376632510850989e+00 1.514134594603436940e-02 1.072377612223900914e+09 1.769026356409969628e+08
2.020000000000000000e+02 8.400000000000100000e+13 0.000000000000000000e+00 1.135088698313662547e+00 5.389888854806936663e-02 1.505713356315568630e-01 4.577605575328164839e-02 0.000000000000000000e+00 1.105194622157266160e+00 6.843050808731221402e-02 1.336463828353567600e+09 6.624433949229494333e+08
2.030000000000000000e+02 8.400000000000100000e+13 0.000000000000000000e+00 1.062760877300894746e+00 1.276402478496747039e-01 1.153975945466288594e-01 2.887794123496354934e-02 0.000000000000000000e+00 1.116670193496558383e+00 1.108536976507995264e-01 1.376948779746243238e+09 4.326907757017498016e+08
2.040000000000000000e+02 8.400000000000400000e+13 0.000000000000000000e+00 1.217827471220723323e+00 9.683730690320777046e-02 2.145646521016031094e-01 5.026648870894058485e-02 0.000000000000000000e+00 1.145673329354954140e+00 1.083657989380542447e-01 2.561029424554107666e+09 6.922080952661552429e+08
2.050000000000000000e+02 8.400000000000300000e+13 0.000000000000000000e+00 1.196676938974187587e+00 7.248926627692184321e-02 1.823551233518704850e-01 7.001039621115859313e-02 0.000000000000000000e+00 1.139213085835052874e+00 1.188107497454623240e-01 2.142989947446771622e+09 9.268136325216461420e+08
2.060000000000000000e+02 8.400000000000100000e+13 0.000000000000000000e+00 1.093648932159142717e+00 9.135784101077563946e-02 1.405662662892842030e-01 4.305313173679039401e-02 0.000000000000000000e+00 1.153152495469921934e+00 7.295786983957623650e-02 8.882135053971755505e+08 4.513601970903708339e+08
2.070000000000000000e+02 8.400000000000300000e+13 0.000000000000000000e+00 1.224408059283679018e+00 5.890528842246234298e-02 1.002827936720515623e-01 4.150933288691721623e-02 0.000000000000000000e+00 1.279732331325747374e+00 5.815232635385311766e-02 1.194904792198407173e+09 5.574475091021838188e+08
2.080000000000000000e+02 8.400000000000500000e+13 0.000000000000000000e+00 1.844157620673963160e+00 1.566860262138053683e-01 1.565220663797559919e-01 6.352476628820198645e-02 0.000000000000000000e+00 1.726998935031045734e+00 1.991119649991338891e-01 1.994074158436718702e+09 8.092986363258177042e+08
2.090000000000000000e+02 8.400000000000100000e+13 0.000000000000000000e+00 1.906701312359068368e+00 1.260690625589884206e-01 1.768831722491442382e-01 3.202202423772895767e-02 0.000000000000000000e+00 1.993336345442892066e+00 1.715602534691056114e-01 1.682940941399487019e+09 4.310345821598166227e+08
2.100000000000000000e+02 8.400000000000100000e+13 0.000000000000000000e+00 1.592909258205891687e+00 8.956777779122410132e-02 2.175403074727592645e-01 3.681983449460018293e-02 0.000000000000000000e+00 1.750921881697972138e+00 2.030991238209909136e-02 1.870425787771658182e+09 5.014689438893724680e+08
2.110000000000000000e+02 8.400000000000100000e+13 0.000000000000000000e+00 1.022649598674353788e+00 1.582967566562976935e-01 1.415137685746979124e-01 2.253304025386239709e-02 0.000000000000000000e+00 1.507393647087162725e+00 6.077045305809343489e-02 6.908813393838230371e+08 1.583146310571301579e+08
2.120000000000000000e+02 8.400000000000100000e+13 0.000000000000000000e+00 1.844010773444058726e+00 2.292448978331371734e-01 2.776575596865119566e-01 1.738030934982811859e-01 0.000000000000000000e+00 8.963906323570757229e-01 1.883899083601655033e-01 3.689598614590449333e+09 3.067516476537977695e+09
2.130000000000000000e+02 8.400000000000200000e+13 0.000000000000000000e+00 1.171167542619206525e+00 7.233137634348719980e-02 8.706109034733641727e-02 1.388332908286651554e-02 0.000000000000000000e+00 1.165134699271560992e+00 1.111726820767487134e-01 6.784703172790770531e+08 1.263831725314681679e+08
2.140000000000000000e+02 8.400000000000100000e+13 0.000000000000000000e+00 1.390848196579125950e+00 1.718447683717772567e-01 1.661770098676293717e-01 3.182421179302045988e-02 0.000000000000000000e+00 1.508275772409050974e+00 9.638351215011972672e-02 1.568138760648770571e+09 4.961253296647772193e+08
2.150000000000000000e+02 8.400000000000200000e+13 0.000000000000000000e+00 9.986975495313367146e-01 5.395589380676498598e-02 1.183817391193973390e-01 2.652068229465262203e-02 0.000000000000000000e+00 1.180976080049199517e+00 2.449092330153374020e-02 7.587865088823860884e+08 1.943567447700863183e+08
2.160000000000000000e+02 8.400000000000100000e+13 0.000000000000000000e+00 1.140857671766614789e+00 6.102122057463841426e-02 1.893581595200316270e-01 9.231333017396359253e-02 0.000000000000000000e+00 1.347970740660551670e+00 6.568421821478061251e-02 1.011911527276919127e+09 4.588071536778516173e+08
2.170000000000000000e+02 8.400000000000200000e+13 0.000000000000000000e+00 1.123488439274635819e+00 3.347193313900356237e-01 1.952062861075933298e-01 9.859646212016140443e-02 0.000000000000000000e+00 9.058719418261100831e-01 2.928652541518366181e-01 7.711106606265634298e+08 1.532907003754723072e+08
2.180000000000000000e+02 8.400000000000200000e+13 1.000000000000000000e+00 1.135195285481391148e+00 2.417712721185990773e-02 9.425458424573708582e-02 2.276185301655772597e-02 0.000000000000000000e+00 1.179310191867080304e+00 3.902873453775396878e-02 7.400204037319941521e+08 3.446427527930209637e+08
2.190000000000000000e+02 8.400000000000100000e+13 0.000000000000000000e+00 1.017455350625990018e+00 4.304066387568163815e-02 1.931496497429427694e-01 3.461388374269271789e-02 0.000000000000000000e+00 1.446001286831545496e+00 8.687933197498529103e-02 1.433831075734071732e+09 6.435534916019419432e+08
2.200000000000000000e+02 8.400000000000200000e+13 0.000000000000000000e+00 1.194065686079387234e+00 5.580030552941652594e-02 1.031494044799608906e-01 5.667486668602075145e-02 0.000000000000000000e+00 1.269936824696897837e+00 5.938436384698200787e-02 1.167244364483118773e+09 7.992271850855369568e+08
2.210000000000000000e+02 8.400000000000100000e+13 0.000000000000000000e+00 8.981179019885957571e-01 3.176177155538346258e-02 1.094489402941092593e-01 3.701442028916624577e-02 0.000000000000000000e+00 1.257048054768907575e+00 1.374974046602293713e-02 6.660760225524951220e+08 7.159127052549095452e+07
2.220000000000000000e+02 8.400000000000100000e+13 0.000000000000000000e+00 1.214395140636012949e+00 5.808795801133420644e-02 1.313113671522335157e-01 3.590836079647733575e-02 0.000000000000000000e+00 1.412703735301309438e+00 4.078938800491731242e-02 1.268566939636246920e+09 5.090136132856190801e+08
2.230000000000000000e+02 8.400000000000100000e+13 0.000000000000000000e+00 1.617086077511718623e+00 9.270674238076515028e-02 1.498420246302754888e-01 5.884175521129045294e-02 0.000000000000000000e+00 1.609803664337571716e+00 1.353644357313368851e-01 1.658611439022320509e+09 7.100500795931525230e+08
2.240000000000000000e+02 8.400000000000100000e+13 0.000000000000000000e+00 1.248743389640122992e+00 1.426074384196667488e-01 3.355360359241784662e-01 1.389403721847228268e-01 0.000000000000000000e+00 8.085145675139336907e-01 1.910938685096161826e-01 4.359091007281044006e+09 2.208418211684142113e+09
2.250000000000000000e+02 8.400000000000100000e+13 0.000000000000000000e+00 1.299094305975553754e+00 4.670398585176922107e-02 1.217266176307069681e-01 4.054773500567082634e-02 0.000000000000000000e+00 1.260290040034253156e+00 6.808909528211531947e-02 1.284929168214564562e+09 5.156744039117434025e+08
2.260000000000000000e+02 8.400000000000100000e+13 0.000000000000000000e+00 1.020163340836971244e+00 8.887542583227193982e-02 1.341507074859248638e-01 2.204284143585663602e-02 0.000000000000000000e+00 8.827367643957051424e-01 5.849544097333807952e-02 1.223077711605251789e+09 3.693001323174307346e+08
2.270000000000000000e+02 8.400000000000100000e+13 1.000000000000000000e+00 1.092521948864207726e+00 2.410749913295555380e-02 7.720764362558826810e-02 1.041388404729618432e-02 0.000000000000000000e+00 1.299251060222069043e+00 2.727405660805702972e-02 4.985547395505255461e+08 1.119641785537167042e+08
2.280000000000000000e+02 8.400000000000100000e+13 0.000000000000000000e+00 1.093352052523853146e+00 7.707136017232373015e-02 6.761384820863697298e-02 1.197647444759472254e-02 0.000000000000000000e+00 1.238057205946003547e+00 5.009500970964575473e-02 7.097934135352195501e+08 1.682575575343798995e+08
2.290000000000000000e+02 8.400000000000100000e+13 0.000000000000000000e+00 1.514257038717627735e+00 2.078688023436374155e-01 2.242589549260124715e-01 8.590845664589823183e-02 0.000000000000000000e+00 1.440796520935935243e+00 1.361333003132197406e-01 1.763673265524977922e+09 6.690879067887396812e+08
2.300000000000000000e+02 8.400000000000100000e+13 0.000000000000000000e+00 1.124456721369236911e+00 8.690839922896687053e-02 1.308552352014291653e-01 7.497716734579176756e-02 0.000000000000000000e+00 1.331616215526785663e+00 7.714233743684899280e-02 5.861143174535629749e+08 1.498663061955498159e+08
2.310000000000000000e+02 8.400000000000100000e+13 0.000000000000000000e+00 1.240212823827583355e+00 8.002224852999187399e-02 1.297238664610931014e-01 2.438606829123175432e-02 0.000000000000000000e+00 1.123417922418961545e+00 1.049903199535989068e-01 1.497274596605029106e+09 3.186476693030060530e+08
2.320000000000000000e+02 8.400000000000100000e+13 0.000000000000000000e+00 2.455262353126814290e+00 1.994827336183409294e-01 2.229873573387744223e-01 6.744514316296494616e-02 0.000000000000000000e+00 2.088625145081052015e+00 2.637842437358319803e-01 1.703425398056024790e+09 2.612807027553078234e+08
2.330000000000000000e+02 8.400000000000100000e+13 0.000000000000000000e+00 1.118776161284128268e+00 4.320719454560744549e-02 8.779269536461709045e-02 1.097701368505317812e-02 0.000000000000000000e+00 1.313179461098964440e+00 3.089779965137696982e-02 7.050413827894995213e+08 1.168820299436866492e+08
2.340000000000000000e+02 8.400000000000100000e+13 0.000000000000000000e+00 1.188290950251822187e+00 1.806182985824454981e-02 3.580055214723926182e-02 4.583096545043590167e-03 0.000000000000000000e+00 1.258510638450303754e+00 2.327820090671228401e-02 3.971642596378281713e+08 6.204641901251034439e+07
2.350000000000000000e+02 8.400000000000100000e+13 0.000000000000000000e+00 1.341389411896444450e+00 8.898311524523223881e-02 1.892633611045276276e-01 4.276047545784308901e-02 0.000000000000000000e+00 1.375002727492820709e+00 4.686437081107075464e-02 1.850445216485689640e+09 3.406371045995103121e+08
2.360000000000000000e+02 8.400000000000300000e+13 0.000000000000000000e+00 1.309679555307475374e+00 3.900402780211343484e-02 1.263306201963659003e-01 2.308885334754987029e-02 0.000000000000000000e+00 1.468963202248508182e+00 3.545941223333001768e-02 1.231735659735318422e+09 3.094578522616037726e+08
2.370000000000000000e+02 8.400000000000100000e+13 0.000000000000000000e+00 1.189784699363240161e+00 1.528800111511541548e-01 1.191284799685901202e-01 3.410224647627975447e-02 0.000000000000000000e+00 1.226055609392358470e+00 1.501691868105469729e-01 1.116870679887005806e+09 4.252575514327295423e+08
2.380000000000000000e+02 8.400000000000100000e+13 1.000000000000000000e+00 9.656399741746026777e-01 2.873673898086340911e-02 6.792326576097344748e-02 2.226041024272434193e-02 0.000000000000000000e+00 1.134801577731250566e+00 2.810026835123586794e-02 3.131910532821863294e+08 1.719896801556953490e+08
2.390000000000000000e+02 8.400000000000100000e+13 0.000000000000000000e+00 1.294052014754753621e+00 1.301491634722020674e-01 1.295663206360313513e-01 2.383591522559609308e-02 0.000000000000000000e+00 1.387643204585452539e+00 1.219863051256686176e-01 1.247193970922978401e+09 3.271794750260099769e+08
2.400000000000000000e+02 8.400000000000100000e+13 0.000000000000000000e+00 9.677024968402463401e-01 9.241656227376104926e-02 1.624291622724563233e-01 1.010507588610206758e-01 0.000000000000000000e+00 9.731189198459517797e-01 7.401405652786799405e-02 3.988051879231592417e+08 9.388147313875520229e+07
2.410000000000000000e+02 8.400000000000100000e+13 0.000000000000000000e+00 1.257095218416854898e+00 5.486850323362271048e-02 1.987649455396943432e-01 3.811538155381023057e-02 0.000000000000000000e+00 1.290430955727573936e+00 6.837782057926260204e-02 1.560081217892527342e+09 4.141714544192343354e+08
2.420000000000000000e+02 8.400000000000100000e+13 0.000000000000000000e+00 1.324275471790618663e+00 9.610023805625943216e-02 1.368828413726037585e-01 1.676269370334686898e-02 0.000000000000000000e+00 1.268931890377734684e+00 1.258502914833639630e-01 1.420222785420369864e+09 2.420526540398515761e+08
2.430000000000000000e+02 8.400000000000200000e+13 0.000000000000000000e+00 1.185382709460025552e+00 3.636303598271249660e-02 7.633879077824891335e-02 1.876483326115201480e-02 0.000000000000000000e+00 1.110848664646657769e+00 1.859641379691248306e-02 6.012304778466423750e+08 1.851973330393148661e+08
2.440000000000000000e+02 8.400000000000200000e+13 0.000000000000000000e+00 1.107314937083590634e+00 7.103985205855739560e-02 1.654274503334259572e-01 4.048057330740020138e-02 0.000000000000000000e+00 1.071470377994194978e+00 8.911430113903216765e-02 1.512615192751227379e+09 6.483797397810329199e+08
2.450000000000000000e+02 8.400000000000100000e+13 0.000000000000000000e+00 1.163059981731984438e+00 8.175670015797893708e-02 1.650917305635253018e-01 4.624166508382401147e-02 0.000000000000000000e+00 1.258507649319040356e+00 7.317667939160409085e-02 1.245073386269096851e+09 5.696701812392963171e+08
2.460000000000000000e+02 8.400000000000100000e+13 0.000000000000000000e+00 1.465657042217174855e+00 6.370276202460781190e-02 7.386566837082481074e-02 1.234730743012951541e-02 0.000000000000000000e+00 1.716046455939856052e+00 3.976047981370597201e-02 5.678192053016281128e+08 1.226363864748006612e+08
2.470000000000000000e+02 8.400000000000400000e+13 0.000000000000000000e+00 2.131521144147241920e+00 1.774212555272689507e-01 2.409932191280005076e-01 1.620030501180353966e-01 0.000000000000000000e+00 2.558627825230320507e+00 9.376098846414451793e-02 9.365051797382451296e+08 3.833391514071102738e+08
2.480000000000000000e+02 8.400000000000300000e+13 0.000000000000000000e+00 1.151052516579559981e+00 8.886439050746557100e-02 1.619226314794688926e-01 5.009233883034856089e-02 0.000000000000000000e+00 9.668587312543539536e-01 1.116605866035139671e-01 2.062465942743373871e+09 7.203249562154318094e+08
2.490000000000000000e+02 8.400000000000100000e+13 0.000000000000000000e+00 1.455491064948545743e+00 1.467537086151284031e-01 1.780433957316305271e-01 2.690954345780892376e-02 0.000000000000000000e+00 1.370105894682875469e+00 1.177665203819301676e-01 1.358355942291833639e+09 2.328447934384084046e+08
2.500000000000000000e+02 8.400000000000300000e+13 0.000000000000000000e+00 1.177309305211605039e+00 2.353140791400426257e-01 1.379049327061016017e-01 5.439055392299109448e-02 0.000000000000000000e+00 1.078951215321466872e+00 2.524819561997946327e-01 1.863180914952125549e+09 8.098045415716482401e+08
2.510000000000000000e+02 8.400000000000200000e+13 1.000000000000000000e+00 1.114688484852045081e+00 1.704318877193337217e-02 5.368035090831153183e-02 9.050152986563789539e-03 0.000000000000000000e+00 1.255792921856489608e+00 2.187653474076002927e-02 4.539705666236532927e+08 1.218978173999452889e+08
2.520000000000000000e+02 8.400000000000500000e+13 1.000000000000000000e+00 1.083795858385417477e+00 3.917354343551541357e-02 6.860895519160346845e-02 4.077412704362619322e-02 0.000000000000000000e+00 9.949440616630657042e-01 6.156150287757015255e-02 3.204596585343329310e+08 1.811949734201686382e+08
2.530000000000000000e+02 8.400000000000200000e+13 0.000000000000000000e+00 1.160805834878398723e+00 1.445087123965962950e-02 5.467178949258799658e-02 9.247044994449161309e-03 0.000000000000000000e+00 1.392865423580122997e+00 1.583865391057721547e-02 3.941705081356905699e+08 1.415722843565628827e+08
2.540000000000000000e+02 8.400000000000100000e+13 0.000000000000000000e+00 1.168719688342880314e+00 1.394502820755529893e-01 3.106934468234661129e-01 1.762944739457773524e-01 0.000000000000000000e+00 1.244462259770250601e+00 1.377729397609638862e-01 1.281185739450941801e+09 3.058207370205763578e+08
2.550000000000000000e+02 8.400000000000300000e+13 0.000000000000000000e+00 1.224369233659566847e+00 6.227393137109799026e-02 9.702104189786550648e-02 2.752217522466568478e-02 0.000000000000000000e+00 1.266599821885860289e+00 5.704787460565133306e-02 7.080906162808223963e+08 2.130430578519052863e+08
2.560000000000000000e+02 8.400000000000200000e+13 0.000000000000000000e+00 2.227536615929307295e+00 2.290720806402737342e-01 5.755031593103384635e-01 4.001020209421170537e-01 0.000000000000000000e+00 2.621346696243618268e+00 1.472001891016211095e-01 2.093409982567193031e+09 8.790301338292069435e+08
2.570000000000000000e+02 8.400000000000300000e+13 1.000000000000000000e+00 1.114126938865551031e+00 2.237849869319221557e-02 5.957100799447328371e-02 1.238851080931171848e-02 0.000000000000000000e+00 1.173161144166186221e+00 4.570281598959217116e-03 5.760586515145548582e+08 1.764359029939332902e+08
2.580000000000000000e+02 8.400000000000100000e+13 0.000000000000000000e+00 1.035738203254425560e+00 6.926988605660287790e-02 1.460794865236168805e-01 2.091051924492785472e-02 0.000000000000000000e+00 1.026354206338568664e+00 8.509356137889141636e-02 1.500510500049296618e+09 3.189652218667433858e+08
2.590000000000000000e+02 8.400000000000100000e+13 0.000000000000000000e+00 1.168113796951537386e+00 3.192798093155307243e-02 1.159681863898896770e-01 2.529779679166650405e-02 0.000000000000000000e+00 1.073392059688237588e+00 4.121191264831385037e-02 1.244871639914087534e+09 3.219174899996660948e+08
2.600000000000000000e+02 8.400000000000100000e+13 0.000000000000000000e+00 1.135777447542929197e+00 3.870613136176308949e-02 3.491677665604835390e-01 1.788564894225271595e-01 0.000000000000000000e+00 1.096140803069115988e+00 1.008736995629372774e-01 1.731574487298720360e+09 2.565698361736851335e+08
2.610000000000000000e+02 8.400000000000100000e+13 0.000000000000000000e+00 1.191452387358407750e+00 6.213257239692324130e-02 1.236447540660605970e-01 3.224202103915055351e-02 0.000000000000000000e+00 1.244665604014213445e+00 8.257287044375580254e-02 1.062865116882816672e+09 4.591273314807211757e+08
2.620000000000000000e+02 8.400000000000100000e+13 0.000000000000000000e+00 1.302845468025022324e+00 6.923580760677963686e-02 2.026877479863776477e-01 8.494693406850820083e-02 0.000000000000000000e+00 1.302479787152597268e+00 8.966254604538234640e-02 1.758747756373818398e+09 1.325641601608088732e+09
2.630000000000000000e+02 8.400000000000100000e+13 0.000000000000000000e+00 1.687504142100947346e+00 1.692357419149610187e-01 1.592118552090801276e-01 4.968185464121693123e-02 0.000000000000000000e+00 1.657795984632618014e+00 1.987422517053785698e-01 1.688939241715754032e+09 7.627293482227357626e+08
2.640000000000000000e+02 8.400000000000400000e+13 0.000000000000000000e+00 1.917655794793636348e+00 1.210651062987574550e-01 2.154106314251456322e-01 9.078579244281660687e-02 0.000000000000000000e+00 1.893411399587350497e+00 1.412325210002238207e-01 2.330479868802988052e+09 1.268653018752888441e+09
2.650000000000000000e+02 8.400000000000500000e+13 0.000000000000000000e+00 1.003610251226108696e+00 1.272578578124346771e-01 1.238861543884925143e-01 3.869368299243614723e-02 0.000000000000000000e+00 1.243635882402247983e+00 2.624087675405176526e-02 6.475832011641054153e+08 2.155009640090703666e+08
2.660000000000000000e+02 8.400000000000300000e+13 0.000000000000000000e+00 1.455104517211265325e+00 2.117643610058530246e-01 2.293373605328215548e-01 1.277584412204801345e-01 0.000000000000000000e+00 1.361292617979475983e+00 1.778449117313570249e-01 1.477332124928221703e+09 6.056258576892756224e+08
2.670000000000000000e+02 8.400000000000100000e+13 0.000000000000000000e+00 1.695931923803081220e+00 5.189757139769599764e-02 1.508231467184379948e-01 3.793072230073985668e-02 0.000000000000000000e+00 1.596677888481824015e+00 8.257450502260992031e-02 1.424820771203536272e+09 5.460837080110645294e+08
2.680000000000000000e+02 8.400000000000100000e+13 0.000000000000000000e+00 9.749525396822394940e-01 1.462222840212802077e-01 1.776002184797889349e-01 7.601825639840545379e-02 0.000000000000000000e+00 9.692440135133152390e-01 1.064841441679386796e-01 1.323609253263577223e+09 4.554321781529183388e+08
2.690000000000000000e+02 8.400000000000200000e+13 0.000000000000000000e+00 2.081064847334455514e+00 1.005017278826947635e-01 1.455783728212432238e-01 2.778566205415266416e-02 0.000000000000000000e+00 2.155394731000456865e+00 1.254947924544697335e-01 1.690234854374765158e+09 3.346346966934418082e+08
2.700000000000000000e+02 8.400000000000100000e+13 0.000000000000000000e+00 1.065711921667763074e+00 1.114543344609614239e-01 1.512203900732239370e-01 7.089965465309513992e-02 0.000000000000000000e+00 8.978910467304259679e-01 1.270542689920626800e-01 1.072959475083006740e+09 5.572997551740977764e+08
2.710000000000000000e+02 8.400000000000100000e+13 0.000000000000000000e+00 1.080352097509115428e+00 1.581274749135077318e-01 2.890157965631654502e-01 7.616756631836114899e-02 0.000000000000000000e+00 1.105400461211558438e+00 1.908471356954290488e-01 1.268521955357901812e+09 4.394080286693484187e+08
2.720000000000000000e+02 8.400000000000900000e+13 0.000000000000000000e+00 1.028410948791425916e+00 5.048122941174585515e-02 6.308523037188637494e-02 2.488417303415834878e-02 0.000000000000000000e+00 1.251162365092749251e+00 4.406318677737206674e-02 5.590055748080409765e+08 3.778924745976804495e+08
2.730000000000000000e+02 8.400000000001000000e+13 0.000000000000000000e+00 9.547407054229123391e-01 6.589670243013077966e-02 8.178488257217024493e-02 3.699763577273439824e-02 0.000000000000000000e+00 1.244467933797403614e+00 5.855151564448564383e-02 3.532704550322846770e+08 1.353244885487119555e+08
2.740000000000000000e+02 8.400000000000100000e+13 0.000000000000000000e+00 1.233501426587440220e+00 2.338933444268040743e-02 4.681812921422121021e-02 5.642313296019561657e-03 0.000000000000000000e+00 1.258067654652647693e+00 2.548645135143435755e-02 4.142059725798242688e+08 7.408963633856640756e+07
2.750000000000000000e+02 8.400000000000600000e+13 0.000000000000000000e+00 1.744935812637744776e+00 1.145312569045293660e-01 2.940800840386577630e-01 1.099483762530764214e-01 0.000000000000000000e+00 1.830789602544345973e+00 1.139613184159844889e-01 2.122668806080085516e+09 7.146407165492808819e+08
2.760000000000000000e+02 8.400000000000100000e+13 0.000000000000000000e+00 1.346549034080494867e+00 3.473127884443182045e-02 5.028167548858754332e-02 8.265144619594520098e-03 0.000000000000000000e+00 1.589960139545681939e+00 2.957760691418847426e-02 4.942165525683662891e+08 1.274455773657085299e+08
2.770000000000000000e+02 8.400000000000200000e+13 0.000000000000000000e+00 1.194880503954434126e+00 5.984110131274275601e-02 1.589004531100917661e-01 7.688539708013461538e-02 0.000000000000000000e+00 1.289662731369027870e+00 1.047111185806628292e-01 2.005770060455619574e+09 1.066879508965286732e+09
2.780000000000000000e+02 8.400000000000300000e+13 0.000000000000000000e+00 1.813718226069793271e+00 1.208407743882032870e-01 1.499730418627967798e-01 4.426095963375121373e-02 0.000000000000000000e+00 2.590179398003827682e+00 8.833902520549585802e-02 1.701261033305944204e+09 4.376325416851044297e+08
2.790000000000000000e+02 8.400000000013300000e+13 0.000000000000000000e+00 1.174743673010417044e+00 2.325953364230742490e-02 -1.000000000000000000e+00 -1.000000000000000000e+00 0.000000000000000000e+00 1.219711907450323984e+00 2.267726424857086781e-02 -1.000000000000000000e+00 -1.000000000000000000e+00
2.800000000000000000e+02 8.400000000000100000e+13 0.000000000000000000e+00 1.172440461330313433e+00 1.941497469045990465e-01 2.872005612520539541e-01 1.107917153038459057e-01 0.000000000000000000e+00 1.074607664938996621e+00 1.384884694345659417e-01 1.136939889065960884e+09 2.108147284813839495e+08
2.810000000000000000e+02 8.400000000000300000e+13 0.000000000000000000e+00 1.036092631698434241e+00 8.016907509064856441e-02 1.144896116915050804e-01 3.548310909219735271e-02 0.000000000000000000e+00 1.236718516752056463e+00 3.000998083564631116e-02 5.126589512910165191e+08 1.729897419625441730e+08
2.820000000000000000e+02 8.400000000000100000e+13 0.000000000000000000e+00 1.228647013599654114e+00 5.189699266018468760e-02 1.195355552665304660e-01 2.088676420205813969e-02 0.000000000000000000e+00 1.391652579064298623e+00 7.554678857360654087e-02 1.185414967964215040e+09 3.079517861415073872e+08
2.830000000000000000e+02 8.400000000000100000e+13 0.000000000000000000e+00 1.158542553164447098e+00 4.590042850033042993e-02 9.848889703328642109e-02 2.251448626318387075e-02 0.000000000000000000e+00 1.291858119843086516e+00 4.051013560439988698e-02 7.475748364046647549e+08 2.795938034898499846e+08
2.840000000000000000e+02 8.400000000000100000e+13 0.000000000000000000e+00 1.008758561192135694e+00 6.834189850614413864e-02 1.630202620975189642e-01 5.429872142866641604e-02 0.000000000000000000e+00 1.269357484065158026e+00 8.588876363773831346e-02 1.780784042854901075e+09 8.926858269219295979e+08
2.850000000000000000e+02 8.400000000000100000e+13 1.000000000000000000e+00 1.045609162611400134e+00 1.143064736602384703e-02 3.892568925875556501e-02 5.265756912254270297e-03 0.000000000000000000e+00 1.377150569281590187e+00 1.093585787381251215e-02 3.122543705965386033e+08 5.499026526393222809e+07
2.860000000000000000e+02 8.400000000000100000e+13 0.000000000000000000e+00 1.573277229415410927e+00 1.345113056293249509e-01 1.657408347338549803e-01 2.858465808904562394e-02 0.000000000000000000e+00 1.323761489458056273e+00 1.282734334489652184e-01 1.468616615672267914e+09 4.544307786142322421e+08
2.870000000000000000e+02 8.400000000000100000e+13 0.000000000000000000e+00 1.071956056349615771e+00 6.569792913238024779e-02 2.439007602227092342e-01 1.276573732596511523e-01 0.000000000000000000e+00 9.556642900791091355e-01 7.077969372554514249e-02 1.091240343473999739e+09 4.913329447220942378e+08
2.880000000000000000e+02 8.400000000000500000e+13 1.000000000000000000e+00 8.931963910435601894e-01 3.183964571979000513e-02 5.977652608927553485e-02 3.421787349874013534e-02 0.000000000000000000e+00 1.297427654239912131e+00 1.227126319691436256e-02 2.799967082429121137e+08 1.296720371212888211e+08
2.890000000000000000e+02 8.400000000000600000e+13 0.000000000000000000e+00 1.254115278245306664e+00 3.675062204799035837e-02 5.862935608751242839e-02 1.574735402756073308e-02 0.000000000000000000e+00 1.394896410109589091e+00 3.007980342771261750e-02 5.899826227668197155e+08 2.188869282295324206e+08
2.900000000000000000e+02 8.400000000000100000e+13 0.000000000000000000e+00 1.110818387330507084e+00 9.895275990513972830e-02 1.700879773351918756e-01 4.955268898496625191e-02 0.000000000000000000e+00 1.061243343808929707e+00 1.011600500570606492e-01 1.489053138753392935e+09 8.067067979446909428e+08
2.910000000000000000e+02 8.400000000001700000e+13 0.000000000000000000e+00 1.765679711596994661e+00 1.888048507510703133e-01 1.818063733264194404e-01 7.513828878567771485e-02 0.000000000000000000e+00 1.839468410474113025e+00 9.703323674652383768e-02 3.249257399685015082e+08 1.897058739766866267e+08
2.920000000000000000e+02 8.400000000000200000e+13 0.000000000000000000e+00 1.157551150085464275e+00 3.084300703493280532e-02 5.951508141054611539e-02 4.251385343251617294e-02 1.000000000000000000e+00 1.066736659889452321e+00 1.922195242668258211e-02 -1.000000000000000000e+00 -1.000000000000000000e+00
2.930000000000000000e+02 8.400000000000100000e+13 0.000000000000000000e+00 1.324631367411067462e+00 1.337336921742260550e-02 8.326021396703997546e-02 1.543043794955840931e-02 0.000000000000000000e+00 1.569326384675038266e+00 5.406706359834854980e-02 9.325788246675226688e+08 2.238419355109164119e+08
2.940000000000000000e+02 8.400000000000200000e+13 0.000000000000000000e+00 2.147329326490381440e+00 1.181473178455695744e-01 1.101951565897445057e-01 3.745888220416727921e-02 0.000000000000000000e+00 1.881990518741791352e+00 1.295132108492985379e-01 1.159908802028582811e+09 4.865393605679183602e+08
2.950000000000000000e+02 8.400000000000100000e+13 0.000000000000000000e+00 1.411617931786064872e+00 5.717728498228635131e-02 1.256215637428192700e-01 1.847298939460892755e-02 0.000000000000000000e+00 1.647358461500491256e+00 4.396972839700531016e-02 8.950309922302790880e+08 1.041772509291385263e+08
2.960000000000000000e+02 8.400000000000100000e+13 0.000000000000000000e+00 1.248795275302724050e+00 1.001009413038240620e-01 1.085537678359293767e-01 7.540189806977307119e-02 0.000000000000000000e+00 1.294399740634069929e+00 1.753902831426286946e-01 1.287798036384284973e+09 9.908328381089447737e+08
2.970000000000000000e+02 8.400000000000200000e+13 0.000000000000000000e+00 1.197254389427217403e+00 1.499494132593715556e-01 1.780377575350163555e-01 9.776115875658443477e-02 0.000000000000000000e+00 8.996400935886059713e-01 1.858775514657297068e-01 2.425869195472297668e+09 1.483962740860306978e+09
2.980000000000000000e+02 8.400000000000300000e+13 0.000000000000000000e+00 1.123174030133824663e+00 1.726652361120069312e-01 2.136201235978148205e-01 4.132019290053386834e-02 0.000000000000000000e+00 1.249027471335632855e+00 1.527236424871863396e-01 2.598709849970027924e+09 6.102008065900238752e+08
2.990000000000000000e+02 8.400000000000100000e+13 0.000000000000000000e+00 1.302068876900905892e+00 1.770083330661650634e-01 1.914923697127519919e-01 4.915404031994884820e-02 0.000000000000000000e+00 1.147960397850891212e+00 2.062195503178232969e-01 1.922878697919112682e+09 6.418244296597886086e+08
3.000000000000000000e+02 8.400000000000200000e+13 0.000000000000000000e+00 1.258877081413779297e+00 1.882122359337617401e-01 4.109923100192451328e-01 2.395048277108136892e-01 0.000000000000000000e+00 9.968363544153597822e-01 2.356022957873181098e-02 1.348164714310882330e+09 6.643666689306340218e+08
3.010000000000000000e+02 8.400000000000300000e+13 0.000000000000000000e+00 1.186842378047754165e+00 3.208739749804545571e-02 8.937259303153348433e-02 3.773451264083484830e-02 0.000000000000000000e+00 1.366081563246717812e+00 3.820277328287231822e-02 1.130371737162082434e+09 4.772607032866927981e+08
3.020000000000000000e+02 8.400000000000100000e+13 0.000000000000000000e+00 1.344312901529684634e+00 4.440960361062628453e-02 3.426842382866266412e-01 2.094165794931087121e-01 0.000000000000000000e+00 1.260392497826839930e+00 1.034431543255015795e-01 1.669278750356014490e+09 7.219718958870263100e+08
3.030000000000000000e+02 8.400000000000100000e+13 0.000000000000000000e+00 1.308683488364576375e+00 1.058022425810258155e-01 2.007918303250081360e-01 4.848637877162859794e-02 0.000000000000000000e+00 1.444785939956460874e+00 6.639876130276997634e-02 1.363394504946797371e+09 4.412955474285587072e+08
3.040000000000000000e+02 8.400000000001700000e+13 0.000000000000000000e+00 1.106686132597163752e+00 1.104005320393406930e-01 8.060472805897098136e-02 4.595329584720805882e-02 0.000000000000000000e+00 1.374022573369283462e+00 5.040940681714485561e-02 4.133226922717921138e+08 1.884917464811573029e+08
3.050000000000000000e+02 8.400000000000200000e+13 0.000000000000000000e+00 1.173876037464844257e+00 1.297835557289980790e-01 2.142657457271726074e-01 7.516228950134004605e-02 0.000000000000000000e+00 1.460440758279663021e+00 1.089868960633694622e-01 1.436126094645092487e+09 2.960858366454200745e+08
3.060000000000000000e+02 8.400000000000100000e+13 0.000000000000000000e+00 1.306282793334089920e+00 1.210838100416373742e-01 1.462002440995346375e-01 8.838883161033243840e-02 0.000000000000000000e+00 1.264314216756404985e+00 1.212282268366442067e-01 1.707948790202601671e+09 1.111148898904463291e+09
3.070000000000000000e+02 8.400000000000100000e+13 0.000000000000000000e+00 1.231673510277159433e+00 1.830625177405536402e-02 4.871448221514929761e-02 1.694804953630363667e-02 0.000000000000000000e+00 1.205313905408522901e+00 2.334890934202984297e-02 5.159946405637283921e+08 2.164830467035858333e+08
3.080000000000000000e+02 8.400000000000100000e+13 0.000000000000000000e+00 1.086964854615039888e+00 4.588006999111551854e-02 6.862970939078570642e-02 1.946594851195910039e-02 0.000000000000000000e+00 1.018927562621230853e+00 6.501941245359703359e-02 4.002916664688253403e+08 8.156161262820737064e+07
3.090000000000000000e+02 8.400000000000400000e+13 0.000000000000000000e+00 1.474371846626605143e+00 2.571027448751431882e-02 1.356016978508280957e-01 2.621844141109376178e-02 0.000000000000000000e+00 1.665819687891519685e+00 4.335635281086783893e-02 1.472346647222068787e+09 4.118848535272247791e+08
3.100000000000000000e+02 8.400000000000100000e+13 0.000000000000000000e+00 1.396340437386139000e+00 6.699390778623694198e-02 1.817911650560864456e-01 2.321279380389766264e-02 0.000000000000000000e+00 1.354483353846366755e+00 8.005966166333693124e-02 1.411783493082292080e+09 2.253255343864924908e+08
3.110000000000000000e+02 8.400000000000200000e+13 0.000000000000000000e+00 1.204865956751777434e+00 1.187218096713384963e-01 1.771940115755699652e-01 6.021356390408813541e-02 0.000000000000000000e+00 1.242324033509366599e+00 1.481181333323155491e-01 1.761007689050225258e+09 8.483704705809379816e+08
3.120000000000000000e+02 8.400000000000200000e+13 0.000000000000000000e+00 1.045659975222647642e+00 1.030917018403180035e-01 7.124935976915200420e-02 1.263862980545471526e-02 0.000000000000000000e+00 1.308166279263570431e+00 6.015021007262279229e-02 7.367122300446151495e+08 2.328147819428248107e+08
3.130000000000000000e+02 8.400000000000800000e+13 0.000000000000000000e+00 8.977566361241202664e-01 1.756290994281210771e-01 5.481527839057504653e-02 2.914621213880438585e-02 0.000000000000000000e+00 1.368367834775016334e+00 7.453914651585609452e-02 6.258618658157476187e+08 5.948368651432131529e+08
3.140000000000000000e+02 8.400000000000400000e+13 0.000000000000000000e+00 1.156391745002166127e+00 2.951988300471821910e-02 6.621842730753994821e-02 2.850688850741670000e-02 0.000000000000000000e+00 1.183000954297245277e+00 3.902507456601769786e-02 9.556377574777609110e+07 4.439105277104915679e+07
3.150000000000000000e+02 8.400000000000500000e+13 0.000000000000000000e+00 1.244304144130845335e+00 4.234130730769559980e-02 8.300832285247138065e-02 1.328795120110677977e-02 0.000000000000000000e+00 1.349445497716807107e+00 4.998628641711833076e-02 7.695368786044330597e+08 1.815127501180979013e+08
3.160000000000000000e+02 8.400000000000100000e+13 0.000000000000000000e+00 1.611787295519995666e+00 1.362345920099354568e-01 2.260245909197874381e-01 6.411997132334028293e-02 0.000000000000000000e+00 1.618308691414045430e+00 1.774327944852873151e-01 2.804834012423615456e+09 8.317868599194412231e+08
3.170000000000000000e+02 8.400000000000100000e+13 0.000000000000000000e+00 1.534514077089489170e+00 8.490808338544161837e-02 2.000912628720699638e-01 6.374520077352971437e-02 0.000000000000000000e+00 1.447619895811826707e+00 1.937007082987918516e-01 2.005715370397211075e+09 8.222283400511227846e+08
3.180000000000000000e+02 8.400000000000200000e+13 0.000000000000000000e+00 8.555614714723102088e-01 1.070958052044026360e-01 3.967048840453911152e-01 1.828597137832151109e-01 0.000000000000000000e+00 1.316811596874755574e+00 1.020370337562368501e-01 1.870794339101168394e+09 4.145592242739837766e+08
3.190000000000000000e+02 8.400000000000100000e+13 0.000000000000000000e+00 1.082966196136537107e+00 5.267613677227030167e-02 1.401396542548293822e-01 6.802276117341583828e-02 0.000000000000000000e+00 9.673051437412137910e-01 3.691920027145965955e-02 1.715872664364829540e+09 9.561126716345870495e+08
3.200000000000000000e+02 8.400000000000200000e+13 0.000000000000000000e+00 2.076448675863823201e+00 5.117641885509349731e-02 1.216467968906590758e-01 3.033234702848376999e-02 0.000000000000000000e+00 1.885167080983369159e+00 6.466476765791234760e-02 1.547069619320977688e+09 3.857582260274993777e+08
3.210000000000000000e+02 8.400000000000100000e+13 0.000000000000000000e+00 1.726648450082812092e+00 4.313056478347732786e-02 1.484282665360510678e-01 4.496614305846767523e-02 0.000000000000000000e+00 1.545958347797962817e+00 1.114139586791821346e-01 1.749155783309536695e+09 6.393315860434224606e+08
3.220000000000000000e+02 8.400000000000100000e+13 0.000000000000000000e+00 1.086472389375143566e+00 1.505892472996670506e-01 1.703372333915552650e-01 3.436214575473036520e-02 0.000000000000000000e+00 1.392274512317681179e+00 1.595030158227472572e-01 1.039243620792723894e+09 3.964140710313922763e+08
3.230000000000000000e+02 8.400000000000300000e+13 0.000000000000000000e+00 1.317340637111150681e+00 8.699186875620507076e-02 1.701910321641272594e-01 2.895163728075944229e-02 0.000000000000000000e+00 1.423966535181439230e+00 9.154592021143290181e-02 1.681996197584323883e+09 2.786176089660333395e+08
3.240000000000000000e+02 8.400000000000100000e+13 0.000000000000000000e+00 1.048236220819220188e+00 6.909158120628776378e-02 1.111679863353455949e-01 2.444343760502682220e-02 0.000000000000000000e+00 1.442127332373094983e+00 3.220052942729454554e-02 4.102750429224184752e+08 1.859476496193047166e+08
