# rID[0] Hid[1]   R200: DS[2], eta[3], detla[4], fm[5], fm2[6];   R500: DS[7], eta[8], detla[9], fm[10], fm2[11]
1.000000000000000000e+00 1.200000000000010000e+14 0.000000000000000000e+00 1.468339792200713312e+00 1.331582392839333606e-01 1.912980420362956069e-01 5.793203437795998306e-02 0.000000000000000000e+00 1.353261942362566250e+00 1.805500493834172882e-01 2.030093152803275108e+09 7.556372415784382820e+08
2.000000000000000000e+00 1.200000000000010000e+14 0.000000000000000000e+00 1.091631553449869063e+00 2.747713421355545138e-02 1.257914192677526133e-01 2.907093962649518262e-02 0.000000000000000000e+00 1.153114783488006667e+00 2.679304820190465258e-02 8.587942000880705118e+08 1.394952678306643665e+08
3.000000000000000000e+00 1.200000000000020000e+14 0.000000000000000000e+00 1.158048746892816672e+00 2.079385395688553018e-02 8.950324593938210893e-02 8.071652896832459331e-03 0.000000000000000000e+00 1.250419171155750186e+00 3.127450602610171854e-02 6.922291930322743654e+08 1.193466497094835490e+08
4.000000000000000000e+00 1.200000000000010000e+14 0.000000000000000000e+00 1.261136633778142002e+00 7.868389269431601274e-02 1.193193128864727115e-01 6.747402888107603691e-02 0.000000000000000000e+00 1.479575030074213204e+00 1.012887332470428642e-01 1.508410271698297739e+09 9.570338532295013666e+08
5.000000000000000000e+00 1.200000000000020000e+14 1.000000000000000000e+00 1.064054697235346625e+00 3.785135166662965261e-02 6.365948009016914044e-02 7.300126327574207874e-03 0.000000000000000000e+00 1.077167562413423152e+00 2.225103440704381125e-02 5.833248560148966312e+08 4.894687995738699287e+07
6.000000000000000000e+00 1.200000000000010000e+14 0.000000000000000000e+00 1.069179878876560075e+00 3.283561940769311183e-02 1.423198078198570915e-01 2.096017135365696102e-02 0.000000000000000000e+00 1.251397036579742217e+00 3.844801633157066134e-02 1.126482056748822451e+09 3.242450149125831127e+08
7.000000000000000000e+00 1.200000000000010000e+14 0.000000000000000000e+00 1.122473926728357663e+00 2.794683547156249712e-02 1.230870904248816122e-01 2.959758136383387750e-02 0.000000000000000000e+00 1.098935894307374594e+00 3.734593825482090956e-02 8.305034617273515463e+08 1.621023867721076012e+08
8.000000000000000000e+00 1.200000000000010000e+14 0.000000000000000000e+00 1.627869402027753987e+00 1.355079957027828519e-01 2.337667031822962815e-01 5.892485044398236560e-02 0.000000000000000000e+00 1.675348248076546254e+00 1.685894004432587079e-01 2.571244848315537930e+09 7.991048628751829863e+08
9.000000000000000000e+00 1.200000000000010000e+14 0.000000000000000000e+00 1.175861966640666223e+00 3.675819220483112632e-02 1.482737382314569807e-01 5.301487749703766988e-02 0.000000000000000000e+00 1.181784794062958444e+00 9.203141120182539020e-03 6.257549802060085535e+08 6.542326899468072504e+07
1.000000000000000000e+01 1.200000000000020000e+14 0.000000000000000000e+00 1.096153173297651939e+00 5.578419403105424473e-02 5.195307789506060925e-02 6.000689980526754432e-03 0.000000000000000000e+00 1.036443377012332689e+00 1.708027623288213906e-02 5.404875489500179291e+08 8.778204845164947212e+07
1.100000000000000000e+01 1.200000000000010000e+14 0.000000000000000000e+00 1.257685428754664381e+00 6.107377247791825198e-02 1.803438581602626878e-01 2.122589449443473136e-02 0.000000000000000000e+00 1.212728539141032957e+00 4.315826719121157451e-02 1.440305954517054319e+09 2.643052845058968961e+08
1.200000000000000000e+01 1.200000000000010000e+14 0.000000000000000000e+00 1.818523198990603440e+00 3.678404150151797641e-02 1.699208939683817532e-01 6.305109276514113403e-02 0.000000000000000000e+00 1.875339675457474486e+00 2.613303766881129586e-02 1.065151229498222351e+09 3.241828020827633142e+08
1.300000000000000000e+01 1.200000000000010000e+14 0.000000000000000000e+00 1.903918018122056743e+00 8.634040142582262434e-02 2.164602599431606766e-01 3.823002068236939360e-02 0.000000000000000000e+00 1.944278515320694956e+00 1.160283824936842595e-01 2.144149114878630638e+09 5.285796668378915787e+08
1.400000000000000000e+01 1.200000000000010000e+14 0.000000000000000000e+00 2.073473997368177280e+00 1.204834298705622364e-01 2.035847070486324073e-01 3.770543678183652103e-02 0.000000000000000000e+00 2.246598943991553021e+00 1.047475862476259789e-01 1.980690612291452408e+09 5.522612812863646746e+08
1.500000000000000000e+01 1.200000000000010000e+14 0.000000000000000000e+00 1.138090993258394912e+00 1.743022008508335330e-01 1.955513154251183328e-01 9.363050012049452253e-02 0.000000000000000000e+00 1.043245124780830979e+00 1.575655464630683344e-01 2.144002962033813953e+09 1.401512638889535189e+09
1.600000000000000000e+01 1.200000000000010000e+14 0.000000000000000000e+00 1.340789970957691368e+00 9.564524665083520838e-02 1.837854291554294750e-01 6.482533894229305926e-02 0.000000000000000000e+00 1.079567300020614740e+00 1.281629879915445747e-01 2.325116160081512928e+09 9.486012441968624592e+08
1.700000000000000000e+01 1.200000000000010000e+14 0.000000000000000000e+00 1.175400338603773909e+00 1.223880739652548691e-02 1.199821509433095790e-01 2.261775295760158622e-02 0.000000000000000000e+00 1.060412986627788712e+00 3.744111452626694425e-02 9.179552923686125278e+08 3.340390008514387012e+08
1.800000000000000000e+01 1.200000000000010000e+14 0.000000000000000000e+00 1.065836321267628284e+00 7.809211353287133506e-02 1.485301330230279215e-01 7.696539129660148748e-02 0.000000000000000000e+00 1.150608448567200348e+00 6.360694684464401893e-02 1.652923859157728672e+09 1.118445062325999498e+09
1.900000000000000000e+01 1.200000000000010000e+14 0.000000000000000000e+00 1.086691509494530417e+00 1.073320312251369729e-02 1.175461018937149216e-01 9.967705635200191372e-03 0.000000000000000000e+00 1.265566613447751232e+00 3.473582040538070181e-02 8.586465411326264143e+08 1.273165054884952158e+08
2.000000000000000000e+01 1.200000000000010000e+14 0.000000000000000000e+00 1.223654441654782321e+00 1.232467552070179578e-01 2.371982725501914635e-01 6.113378133274032650e-02 0.000000000000000000e+00 1.310807026940776554e+00 1.171949766969296175e-01 2.606763943824574947e+09 9.139321904860848188e+08
2.100000000000000000e+01 1.200000000000010000e+14 0.000000000000000000e+00 1.080063071942019448e+00 4.519340838164351282e-02 1.788871291336109892e-01 8.054409625809863527e-02 0.000000000000000000e+00 1.050400002507863917e+00 3.175530677315680644e-02 8.533519906890883446e+08 1.238982886131512374e+08
2.200000000000000000e+01 1.200000000000010000e+14 0.000000000000000000e+00 1.142360647966834009e+00 3.590239434439174843e-02 1.612674044272993656e-01 6.127468408054737026e-02 0.000000000000000000e+00 1.034042091663918139e+00 3.466251210627771528e-02 6.473107855547491312e+08 1.082906686127323806e+08
2.300000000000000000e+01 1.200000000000010000e+14 0.000000000000000000e+00 1.126268363449492549e+00 1.776136986791720385e-01 2.608386931583859814e-01 1.289585704959778922e-01 0.000000000000000000e+00 1.275545262316724715e+00 1.469590242358565224e-01 1.489269257992456675e+09 2.948949161801837087e+08
2.400000000000000000e+01 1.200000000000010000e+14 0.000000000000000000e+00 1.659532030677164149e+00 7.326147561039771106e-02 2.178323512999028322e-01 5.781173040827464887e-02 0.000000000000000000e+00 1.945094856019119689e+00 7.979213751766545126e-02 1.371533268347252369e+09 3.508940176232244968e+08
2.500000000000000000e+01 1.200000000000010000e+14 1.000000000000000000e+00 1.016343430980810369e+00 1.187878755759169853e-02 9.937916778064016798e-02 1.410245301968785989e-02 0.000000000000000000e+00 1.160489774811013453e+00 2.229451075090428669e-02 7.135081812158411741e+08 2.129470982558035851e+08
2.600000000000000000e+01 1.200000000000010000e+14 1.000000000000000000e+00 1.117479337014992247e+00 3.169108801176350604e-02 6.894855639595123820e-02 4.549136836935536131e-03 0.000000000000000000e+00 1.452425034852327990e+00 1.382092634530966008e-02 5.354303503038064241e+08 5.681956010684183985e+07
2.700000000000000000e+01 1.200000000000010000e+14 1.000000000000000000e+00 1.035285658516540197e+00 2.261001048571659178e-02 7.737755602784243680e-02 8.983301285295010666e-03 0.000000000000000000e+00 1.084063401478472022e+00 2.549895409371680591e-02 5.384635456858731508e+08 1.316409395394272208e+08
2.800000000000000000e+01 1.200000000000010000e+14 0.000000000000000000e+00 1.265335350002065429e+00 9.982249024765935119e-02 2.363468668174069642e-01 8.155601856236385783e-02 0.000000000000000000e+00 1.310054760605956936e+00 1.541489985929304640e-01 1.988349041837924719e+09 1.219036833586683750e+09
2.900000000000000000e+01 1.200000000000010000e+14 0.000000000000000000e+00 1.100431003135424524e+00 3.862495967341005726e-02 1.573136869616957312e-01 3.945538623730113215e-02 0.000000000000000000e+00 1.412745410936834034e+00 3.268820174864218303e-02 9.179585537655529976e+08 3.002928957239651084e+08
3.000000000000000000e+01 1.200000000000010000e+14 0.000000000000000000e+00 1.201492897145455263e+00 4.872960704573223861e-02 7.871272911180178522e-02 7.739946380697051292e-03 0.000000000000000000e+00 1.234202973579698437e+00 4.568623237360489031e-02 7.706193351532429457e+08 1.016731053373778760e+08
3.100000000000000000e+01 1.200000000000010000e+14 0.000000000000000000e+00 1.209405315962487126e+00 1.048495834252975017e-02 1.962765374517899397e-01 4.216040572914012130e-02 0.000000000000000000e+00 1.185284589902718899e+00 2.509659256170214056e-02 1.554389065758486986e+09 4.517093640953139067e+08
3.200000000000000000e+01 1.200000000000010000e+14 0.000000000000000000e+00 1.113508129981757966e+00 9.005085848810356897e-02 2.412793022527358888e-01 8.699106588784585870e-02 0.000000000000000000e+00 1.243129975599570836e+00 5.499216672678774315e-02 8.063548225127276182e+08 1.577173311658606231e+08
3.300000000000000000e+01 1.200000000000010000e+14 0.000000000000000000e+00 1.211018114990300765e+00 6.988768797983870018e-02 1.387656896346851076e-01 3.518669449437859809e-02 0.000000000000000000e+00 1.157444232959403463e+00 7.594052306716575496e-02 1.236757040826653719e+09 5.016129860071014166e+08
3.400000000000000000e+01 1.200000000000010000e+14 0.000000000000000000e+00 1.301152121144111051e+00 9.996992058309038531e-02 1.373515328982527484e-01 2.422743978077976021e-02 0.000000000000000000e+00 1.281500097832656282e+00 1.103485892906927168e-01 1.390355994274805307e+09 3.307450854936110973e+08
3.500000000000000000e+01 1.200000000000010000e+14 0.000000000000000000e+00 1.104814188192024593e+00 8.209504028065885139e-02 1.752532680166106471e-01 2.666584931777733758e-02 0.000000000000000000e+00 1.220982562076405875e+00 6.089633488213755386e-02 1.167449724812739849e+09 4.306383778792350888e+08
3.600000000000000000e+01 1.200000000000010000e+14 0.000000000000000000e+00 1.315356254729259877e+00 9.107845152504683017e-02 8.708033661480434062e-02 8.356501650165016129e-03 0.000000000000000000e+00 1.440771323982217300e+00 1.057184662973890410e-01 6.784007972477704287e+08 7.379340001560831070e+07
3.700000000000000000e+01 1.200000000000010000e+14 0.000000000000000000e+00 1.603262019028869112e+00 1.598166047774991771e-02 1.200085687311557570e-01 2.637632047823458212e-02 0.000000000000000000e+00 1.652859141849577940e+00 2.981745516958190373e-02 1.302383826316718340e+09 3.363383823931398988e+08
3.800000000000000000e+01 1.200000000000010000e+14 1.000000000000000000e+00 1.035584718619174227e+00 2.243267041044881560e-02 8.161257977122725327e-02 9.691002521009827939e-03 0.000000000000000000e+00 1.093331972216921466e+00 1.273624507059934255e-02 4.913373961244441271e+08 6.252295513455753773e+07
3.900000000000000000e+01 1.200000000000010000e+14 0.000000000000000000e+00 1.160142691710779328e+00 5.037447029746489058e-02 1.373675466364452924e-01 2.384474475758742093e-02 0.000000000000000000e+00 1.158190204572570936e+00 5.906542300973509352e-02 1.393038803250408649e+09 3.444079470164585710e+08
4.000000000000000000e+01 1.200000000000010000e+14 0.000000000000000000e+00 1.140207245856689200e+00 1.448165695088478311e-01 2.231338537807544264e-01 7.766917097546587045e-02 0.000000000000000000e+00 7.879855319686548398e-01 1.552034703320318842e-01 2.596999774809358597e+09 1.177556647755823135e+09
4.100000000000000000e+01 1.200000000000010000e+14 1.000000000000000000e+00 1.097376484032383193e+00 2.108611866830335455e-02 5.568100751610979143e-02 2.844979966370199224e-03 0.000000000000000000e+00 1.115586506528317701e+00 1.913457056112171165e-02 4.274348932088263631e+08 3.926639969792190939e+07
4.200000000000000000e+01 1.200000000000010000e+14 0.000000000000000000e+00 1.000400261228167720e+00 5.347888402465358904e-02 1.995819632299681845e-01 4.217720354098642571e-02 0.000000000000000000e+00 1.111414466792742806e+00 6.489759809516566780e-02 1.160097084839061499e+09 5.131958401320041418e+08
4.300000000000000000e+01 1.200000000000010000e+14 0.000000000000000000e+00 8.731458395343191237e-01 4.775293610577235198e-02 2.255386120305734876e-01 5.552059777799626256e-02 0.000000000000000000e+00 1.072671303885921690e+00 5.495844621353676573e-02 1.071689199872515082e+09 4.497590487517902851e+08
4.400000000000000000e+01 1.200000000000010000e+14 0.000000000000000000e+00 2.754084304414657236e+00 7.127777987320482733e-02 1.134817898459801744e-01 2.322590927732907928e-02 0.000000000000000000e+00 2.706584530625485652e+00 1.247747253972437964e-01 1.215476552803932905e+09 3.129828482362921834e+08
4.500000000000000000e+01 1.200000000000010000e+14 0.000000000000000000e+00 1.129336461881010889e+00 4.394274422263546448e-02 1.792177368234669221e-01 2.450648251982136261e-02 0.000000000000000000e+00 1.296891126015421669e+00 5.986255042445318836e-02 1.490870287481085777e+09 3.652910339474405646e+08
4.600000000000000000e+01 1.200000000000010000e+14 0.000000000000000000e+00 1.214986314378817545e+00 6.507373667646473847e-02 1.164786617689962805e-01 6.139056684932019115e-02 0.000000000000000000e+00 1.325589569068554852e+00 9.375985068522367516e-02 1.223967533130633831e+09 8.279032394401997328e+08
4.700000000000000000e+01 1.200000000000030000e+14 0.000000000000000000e+00 1.173346089872028930e+00 7.161650721573083189e-02 1.620815060296746934e-01 7.994477250116936717e-02 0.000000000000000000e+00 1.177066697418192254e+00 3.419874410332425507e-02 9.569535901053913832e+08 2.703918567568472028e+08
4.800000000000000000e+01 1.200000000000010000e+14 0.000000000000000000e+00 1.022396343285327802e+00 9.863742406800742046e-02 1.375436416949698537e-01 7.451788125612417157e-02 0.000000000000000000e+00 1.117000895711017350e+00 5.257983985885576750e-02 5.308941472372255325e+08 5.471269292935378850e+07
4.900000000000000000e+01 1.200000000000020000e+14 0.000000000000000000e+00 1.063664062997639714e+00 4.658964447120788471e-02 1.004089230469220467e-01 1.006065281354493433e-02 0.000000000000000000e+00 1.136239097864458092e+00 3.698894251216214984e-02 7.708348767158745527e+08 1.323487351366476268e+08
5.000000000000000000e+01 1.200000000000010000e+14 0.000000000000000000e+00 1.474440091875705461e+00 5.317156224326323455e-02 1.229944216921983052e-01 3.073769356491869512e-02 0.000000000000000000e+00 1.493915346777112907e+00 5.211726657470685392e-02 1.209204529465451717e+09 4.099522377410169840e+08
5.100000000000000000e+01 1.200000000000010000e+14 0.000000000000000000e+00 1.330292109348292673e+00 1.668276901747109686e-01 2.159199747836084982e-01 8.373191349400231631e-02 0.000000000000000000e+00 1.175629024815581181e+00 1.842287232678638809e-01 2.302685767799385548e+09 1.355751087666381598e+09
5.200000000000000000e+01 1.200000000000010000e+14 0.000000000000000000e+00 1.181876407265570306e+00 5.593155237213317393e-02 9.470103818256658812e-02 2.397125666692940388e-02 0.000000000000000000e+00 1.182126610408985368e+00 6.790124530629593202e-02 9.385699552428603172e+08 3.096033666740484834e+08
5.300000000000000000e+01 1.200000000000010000e+14 0.000000000000000000e+00 1.031508493223599832e+00 4.748735277643389985e-02 1.408915823960128766e-01 4.126733738207854357e-02 0.000000000000000000e+00 1.031984872572336620e+00 7.054612728399778376e-02 1.443951941338852644e+09 6.433374529711573124e+08
5.400000000000000000e+01 1.200000000000010000e+14 0.000000000000000000e+00 1.380541507673062718e+00 3.329059520013273599e-02 1.734250908845755279e-01 6.214253682953877617e-02 0.000000000000000000e+00 1.252888736198963571e+00 6.326266359191599908e-02 1.557158238603036404e+09 9.610343203244313002e+08
5.500000000000000000e+01 1.200000000000010000e+14 0.000000000000000000e+00 1.126431200338728678e+00 6.295930503920454946e-02 1.877025511168692040e-01 4.797087205146532973e-02 0.000000000000000000e+00 1.177932602385671323e+00 1.053507805399960945e-01 1.706385177513488531e+09 7.426320253058408499e+08
5.600000000000000000e+01 1.200000000000010000e+14 0.000000000000000000e+00 9.790566464028920279e-01 2.731896954941274644e-02 1.205083858938409830e-01 2.716086759077049329e-02 0.000000000000000000e+00 1.195362125257007246e+00 3.639862966630077329e-02 1.017717493805738568e+09 4.317351175292806029e+08
5.700000000000000000e+01 1.200000000000010000e+14 0.000000000000000000e+00 1.078857374316550821e+00 1.393248804739480595e-01 2.899070867863409173e-01 1.668085045925652432e-01 0.000000000000000000e+00 1.455688490205560237e+00 8.177173503082112160e-02 9.775514963190240860e+08 1.851481470148848593e+08
5.800000000000000000e+01 1.200000000000010000e+14 0.000000000000000000e+00 1.476890293760924955e+00 5.611341732515985614e-02 1.156407686905382842e-01 1.703451252630253793e-02 0.000000000000000000e+00 1.508173995331028694e+00 5.624957008475522935e-02 9.805691066097589731e+08 2.246034006627997756e+08
5.900000000000000000e+01 1.200000000000010000e+14 0.000000000000000000e+00 1.007330998816265311e+00 1.417285345349376946e-01 1.952610217060536113e-01 1.029396307943843403e-01 0.000000000000000000e+00 1.280984807715261464e+00 1.010074731284957839e-01 2.370761677792317390e+09 1.686047292331645250e+09
6.000000000000000000e+01 1.200000000000010000e+14 0.000000000000000000e+00 1.115815899583181059e+00 4.359000389566319161e-02 1.174354585637112230e-01 5.956624174010994449e-02 0.000000000000000000e+00 1.243799825081368438e+00 6.697506320216135844e-02 1.242409699093467951e+09 8.772871889343549013e+08
6.100000000000000000e+01 1.200000000000010000e+14 0.000000000000000000e+00 1.134617055492268323e+00 1.644934044685652727e-02 1.118761982288690310e-01 1.232003971872656922e-02 0.000000000000000000e+00 1.160821466190584683e+00 1.632384247157647045e-02 8.176139968193286657e+08 1.481884973794892430e+08
6.200000000000000000e+01 1.200000000000010000e+14 0.000000000000000000e+00 9.179184856682741644e-01 6.795488218096630562e-02 1.216328831402111316e-01 1.293904013113659872e-02 0.000000000000000000e+00 1.380409000480026682e+00 5.964912408378129222e-02 7.270425516353380680e+08 1.245181003106619269e+08
6.300000000000000000e+01 1.200000000000010000e+14 0.000000000000000000e+00 1.176409814960285516e+00 4.259076062320184264e-02 1.277742717818823870e-01 2.955274883068467057e-02 0.000000000000000000e+00 1.333562352207438462e+00 7.478093811705961713e-02 1.410482584028426170e+09 4.091061687035960555e+08
6.400000000000000000e+01 1.200000000000010000e+14 0.000000000000000000e+00 1.306315666853521629e+00 1.185728059884113839e-01 1.909113973035183875e-01 7.802907744855755445e-02 0.000000000000000000e+00 1.236716835475587084e+00 1.548391705720429945e-01 2.271720557562158108e+09 1.110479781961038113e+09
6.500000000000000000e+01 1.200000000000010000e+14 0.000000000000000000e+00 9.366005240535364429e-01 1.421062161365841126e-01 2.274408253856691486e-01 1.312410720967841782e-01 0.000000000000000000e+00 1.026689328100619525e+00 1.033128118278647395e-01 2.830490170875720978e+09 2.176680229436445713e+09
6.600000000000000000e+01 1.200000000000010000e+14 0.000000000000000000e+00 1.166640085166038565e+00 1.105697383705985110e-01 2.211758006502829166e-01 1.198250557257397875e-01 0.000000000000000000e+00 1.157501933930047633e+00 3.833327744233473028e-02 5.527932967782503366e+08 1.154891258230958879e+08
6.700000000000000000e+01 1.200000000000010000e+14 1.000000000000000000e+00 1.098135754530019215e+00 2.992281454658899525e-02 9.692892699010037527e-02 1.586604580362475578e-02 0.000000000000000000e+00 1.203573577859068822e+00 6.928592385262835433e-03 4.580177269042934179e+08 5.975846388643168658e+07
6.800000000000000000e+01 1.200000000000010000e+14 0.000000000000000000e+00 1.372885444859682558e+00 4.723445136993058291e-02 1.600910950488975693e-01 3.910864153627311574e-02 0.000000000000000000e+00 1.204684389615482631e+00 6.171369745357598718e-02 1.698843043499036789e+09 5.302690360612385869e+08
6.900000000000000000e+01 1.200000000000010000e+14 0.000000000000000000e+00 1.147062707421544925e+00 1.291148859984736219e-01 1.808672961903007304e-01 6.430092571270668023e-02 0.000000000000000000e+00 1.296521865796290252e+00 8.478631609546731507e-02 1.533955418528319597e+09 1.009725908915344954e+09
7.000000000000000000e+01 1.200000000000010000e+14 0.000000000000000000e+00 1.215905858669761752e+00 6.561079050596246853e-02 1.759205551293993308e-01 3.121352091035674986e-02 0.000000000000000000e+00 1.383222888457027233e+00 7.115932221869702978e-02 1.974121351307181358e+09 4.642583031520739198e+08
7.100000000000000000e+01 1.200000000000010000e+14 0.000000000000000000e+00 1.111056532155512366e+00 2.399954930521857807e-02 1.551493294084071439e-01 3.958756053101581546e-02 0.000000000000000000e+00 1.325080073063855224e+00 2.075315798617180171e-02 1.593165759676230907e+09 6.142654697938566208e+08
7.200000000000000000e+01 1.200000000000010000e+14 1.000000000000000000e+00 1.042272670231909171e+00 2.874018343317399568e-02 9.920552075057322006e-02 1.472831016968449008e-02 0.000000000000000000e+00 1.186632351755510406e+00 1.154421645605496066e-02 5.579113109446915388e+08 6.360187496749267727e+07
7.300000000000000000e+01 1.200000000000010000e+14 0.000000000000000000e+00 1.194801403898717806e+00 2.353974982724646725e-01 2.271184242575148560e-01 4.694577514676692015e-02 0.000000000000000000e+00 1.173094081427279001e+00 2.235981909190657702e-01 2.069567355210695982e+09 6.964178313822939396e+08
7.400000000000000000e+01 1.200000000000010000e+14 0.000000000000000000e+00 1.233753095493369534e+00 1.714466472286208243e-01 1.971300886562716848e-01 6.181158007222919970e-02 0.000000000000000000e+00 1.243677948594156701e+00 2.093911107318923992e-01 2.019533188421982527e+09 7.971756700266401768e+08
7.500000000000000000e+01 1.200000000000010000e+14 1.000000000000000000e+00 1.131118312361387712e+00 1.435276308215905836e-02 7.461345197843409494e-02 9.143418860594901276e-03 0.000000000000000000e+00 1.119419551894014875e+00 1.694323061733233465e-02 7.657013341381652355e+08 1.252599766861209869e+08
7.600000000000000000e+01 1.200000000000010000e+14 0.000000000000000000e+00 1.048441176810718245e+00 1.168500749443519837e-01 1.649838749600313070e-01 4.354121032641340011e-02 0.000000000000000000e+00 9.967104087454189409e-01 1.143185384564045365e-01 1.744457780718396425e+09 6.961765839446574450e+08
7.700000000000000000e+01 1.200000000000010000e+14 0.000000000000000000e+00 1.074393827768942211e+00 1.198624656871561805e-01 2.158608473326261712e-01 5.168669573342795504e-02 0.000000000000000000e+00 1.048814218996077186e+00 1.399533184943339836e-01 1.755855692206638098e+09 8.286499510850577354e+08
7.800000000000000000e+01 1.200000000000010000e+14 0.000000000000000000e+00 1.846174522910342120e+00 1.826124094851742929e-01 1.406628768268186058e-01 3.955065528128317437e-02 0.000000000000000000e+00 1.843137526104612345e+00 2.117532485877705317e-01 1.252326262155621290e+09 5.547890823132762909e+08
7.900000000000000000e+01 1.200000000000010000e+14 0.000000000000000000e+00 1.161224994760510665e+00 3.591214323947737597e-02 1.354726495814997100e-01 1.754920854066595662e-02 0.000000000000000000e+00 1.186524257938400773e+00 4.484216290958267792e-02 1.245047872919409752e+09 2.129092812046321630e+08
8.000000000000000000e+01 1.200000000000020000e+14 0.000000000000000000e+00 1.296410651156456595e+00 3.247481205379469660e-02 1.142955534989769234e-01 1.985836196562317316e-02 0.000000000000000000e+00 1.244019574450475396e+00 4.126342488412754195e-02 1.397102080713348866e+09 2.746526296898906231e+08
8.100000000000000000e+01 1.200000000000010000e+14 0.000000000000000000e+00 9.983808501934010593e-01 4.434406401554746857e-02 1.303733082448982894e-01 3.087520768963915307e-02 0.000000000000000000e+00 1.333370856284065820e+00 1.973206341834552943e-02 5.559169778671214581e+08 6.189230125643725693e+07
8.200000000000000000e+01 1.200000000000010000e+14 0.000000000000000000e+00 1.028172265179105427e+00 7.090866636571457882e-02 1.003848466030340114e-01 1.263623132762484690e-02 0.000000000000000000e+00 1.133861336546793552e+00 3.477470325918761984e-02 7.434273720325123072e+08 1.110132530801703036e+08
8.300000000000000000e+01 1.200000000000010000e+14 1.000000000000000000e+00 9.892878629486618891e-01 9.534446148847939423e-03 7.505142009194730457e-02 5.825901197264324316e-03 0.000000000000000000e+00 1.214295096906929272e+00 9.557410724463770782e-03 5.856349994005141258e+08 9.219027619928796589e+07
8.400000000000000000e+01 1.200000000000010000e+14 0.000000000000000000e+00 1.195903058608358549e+00 6.212436519132327056e-02 1.460329707252391584e-01 8.087293434722959973e-02 0.000000000000000000e+00 1.206310078194452018e+00 8.501121879004613913e-02 1.563062466965866089e+09 1.074905321249149323e+09
8.500000000000000000e+01 1.200000000000010000e+14 0.000000000000000000e+00 1.365290232425976802e+00 2.603673569434384466e-02 1.458843183032038082e-01 3.282078513764150746e-02 0.000000000000000000e+00 1.541638484423581534e+00 2.962218214956741785e-02 1.485910042259009123e+09 5.260876064173094034e+08
8.600000000000000000e+01 1.200000000000010000e+14 0.000000000000000000e+00 1.469355952703903734e+00 2.023584303720665778e-01 2.755606564042708539e-01 7.885374632138383855e-02 0.000000000000000000e+00 1.671626585153022093e+00 1.848547135980718459e-01 2.254712918389289379e+09 8.206179935912839174e+08
8.700000000000000000e+01 1.200000000000010000e+14 1.000000000000000000e+00 1.035378713482052460e+00 1.496936374420244388e-02 6.693811491731493923e-02 5.344631690689843721e-03 0.000000000000000000e+00 1.136556160637425927e+00 1.687106877424468174e-02 5.684258793666440248e+08 7.338896664959217608e+07
8.800000000000000000e+01 1.200000000000010000e+14 0.000000000000000000e+00 1.223211613901533212e+00 4.108399548328923317e-02 1.421255419010994392e-01 4.466427180640522576e-02 0.000000000000000000e+00 1.221394947709028900e+00 9.557971641672209639e-02 1.351467675313101768e+09 6.086115615396710634e+08
8.900000000000000000e+01 1.200000000000010000e+14 0.000000000000000000e+00 1.448814252010451220e+00 1.604419855196066447e-01 2.393982380973474766e-01 1.057905274908304827e-01 0.000000000000000000e+00 1.414178847030423070e+00 1.923470938647799944e-01 2.575556963430915833e+09 1.368641332135824680e+09
9.000000000000000000e+01 1.200000000000020000e+14 0.000000000000000000e+00 1.411949200853537256e+00 1.173057512770786792e-01 2.059921653706963951e-01 4.040056310082718732e-02 0.000000000000000000e+00 1.395425790172398095e+00 1.134650101064766797e-01 2.144844381076753855e+09 6.018879661470382214e+08
9.100000000000000000e+01 1.200000000000010000e+14 0.000000000000000000e+00 1.088918984307152060e+00 1.133023411707435174e-01 1.568787053448131852e-01 5.783819536604400263e-02 0.000000000000000000e+00 1.216103978522940388e+00 1.054087753110826697e-01 9.194462686340836287e+08 4.130110971071264744e+08
9.200000000000000000e+01 1.200000000000010000e+14 0.000000000000000000e+00 9.943653735228838997e-01 4.708920855760843904e-02 1.559241178969449915e-01 3.570380886752402838e-02 0.000000000000000000e+00 1.113359788987072330e+00 3.520674047663020778e-02 1.166590033063579798e+09 2.522057558265236318e+08
9.300000000000000000e+01 1.200000000000010000e+14 0.000000000000000000e+00 1.398644281743401718e+00 1.039508776016540709e-01 1.354004918454320416e-01 7.139290165480050021e-02 0.000000000000000000e+00 1.362579224211983187e+00 1.214330159083084476e-01 1.469010257753398895e+09 9.842126979507710934e+08
9.400000000000000000e+01 1.200000000000010000e+14 0.000000000000000000e+00 1.694481397196962780e+00 6.954841376934925434e-02 1.075089856106683506e-01 1.769674259696783769e-02 0.000000000000000000e+00 1.724167240165185522e+00 6.870476605386265090e-02 9.943178653909617662e+08 2.351562398883043230e+08
9.500000000000000000e+01 1.200000000000020000e+14 1.000000000000000000e+00 1.062803444952561405e+00 3.112928790948964880e-02 7.543028340332766368e-02 9.940604350731309033e-03 0.000000000000000000e+00 1.138753736117713355e+00 2.697455567817389974e-02 4.805706203998642564e+08 6.716243756102471054e+07
9.600000000000000000e+01 1.200000000000010000e+14 0.000000000000000000e+00 1.271089053319787610e+00 4.383584193064858636e-02 9.489939313118127273e-02 2.490795497812113915e-02 0.000000000000000000e+00 1.255674333131088227e+00 5.560534745050835920e-02 9.660965340947957039e+08 3.385079812261734009e+08
9.700000000000000000e+01 1.200000000000010000e+14 0.000000000000000000e+00 1.202309461223548315e+00 4.195614940190513231e-02 1.151772812626232906e-01 1.624393386873676515e-02 0.000000000000000000e+00 1.366157392018353178e+00 1.547669290626845114e-02 1.190391810769621372e+09 2.305711774675251245e+08
9.800000000000000000e+01 1.200000000000010000e+14 0.000000000000000000e+00 1.177521147188264949e+00 1.166061668797083312e-01 1.392782577650136799e-01 5.756093003127642910e-02 0.000000000000000000e+00 1.261171959332413106e+00 5.146470463596367756e-02 5.419697302553540468e+08 9.890267276985153556e+07
9.900000000000000000e+01 1.200000000000010000e+14 0.000000000000000000e+00 1.185332600619616539e+00 7.118855242433978769e-02 1.005905226977715783e-01 1.846334969480719485e-02 0.000000000000000000e+00 1.164507889204536628e+00 4.446774562022583893e-02 7.010748748685077429e+08 6.963441177515293658e+07
1.000000000000000000e+02 1.200000000000020000e+14 0.000000000000000000e+00 1.178251938574029101e+00 5.924501550173894016e-02 1.111598071074055005e-01 3.394346003692158553e-02 0.000000000000000000e+00 1.104645167333873967e+00 6.440954120151719253e-02 9.695922158009039164e+08 4.894795493127380610e+08
1.010000000000000000e+02 1.200000000000020000e+14 1.000000000000000000e+00 1.097553514564198585e+00 3.232520352082227100e-02 7.018917840506974648e-02 1.488922886206417613e-02 0.000000000000000000e+00 1.023994226949463071e+00 3.499189060853577504e-02 6.297784515570694208e+08 2.426434820798087120e+08
1.020000000000000000e+02 1.200000000000010000e+14 1.000000000000000000e+00 1.113668621431845196e+00 1.675908472297139851e-02 6.575048592802915093e-02 1.096743066608252964e-02 0.000000000000000000e+00 1.181527239802229623e+00 9.478673461658313967e-03 5.732924944150193930e+08 1.452881496478666961e+08
1.030000000000000000e+02 1.200000000000010000e+14 0.000000000000000000e+00 1.022852525620543629e+00 4.984737014073248318e-02 1.363772075576781262e-01 4.037913702120549814e-02 0.000000000000000000e+00 1.312102450636039475e+00 3.010571611850700047e-02 1.034773234485846639e+09 2.896201835443970561e+08
1.040000000000000000e+02 1.200000000000010000e+14 0.000000000000000000e+00 8.208244973133596023e-01 1.418926810673467320e-01 2.677839316445189133e-01 1.019272149631529206e-01 0.000000000000000000e+00 9.411033033776858847e-01 1.040018602358406402e-01 1.644208488622127056e+09 6.975476553012404442e+08
1.050000000000000000e+02 1.200000000000010000e+14 0.000000000000000000e+00 1.093769939917436096e+00 9.517533557429386226e-02 1.651716299458943771e-01 3.559788871723369719e-02 0.000000000000000000e+00 1.323152646896929907e+00 8.827235824130441610e-02 1.405755500117087841e+09 5.931287516328948736e+08
1.060000000000000000e+02 1.200000000000010000e+14 0.000000000000000000e+00 1.157256593809647738e+00 1.111872249544744451e-01 2.827616189862381391e-01 1.527020554027652965e-01 0.000000000000000000e+00 1.254419148069381151e+00 8.563493125126232786e-02 9.578289371789921522e+08 3.547122761520072222e+08
1.070000000000000000e+02 1.200000000000010000e+14 0.000000000000000000e+00 1.277906329265336982e+00 2.734630714870317850e-02 8.573125708397896783e-02 2.028225010007932497e-02 0.000000000000000000e+00 1.356337103883562545e+00 4.058763216689953435e-02 8.506630551541194916e+08 2.673211455991577506e+08
1.080000000000000000e+02 1.200000000000010000e+14 0.000000000000000000e+00 1.121342289138981041e+00 1.745079135065232545e-01 2.937790740269671241e-01 1.927447797996192091e-01 0.000000000000000000e+00 1.261423842737907419e+00 1.053714554492049954e-01 8.780556846049903631e+08 3.048838898777701855e+08
1.090000000000000000e+02 1.200000000000020000e+14 0.000000000000000000e+00 1.233378900071146367e+00 3.484874220875593814e-02 1.118710812476452626e-01 2.708670690416605312e-02 0.000000000000000000e+00 1.405548288017803626e+00 4.088168884416373133e-02 1.415867356293928385e+09 3.793351231779001951e+08
1.100000000000000000e+02 1.200000000000020000e+14 0.000000000000000000e+00 1.202203195160050253e+00 1.406326972102863726e-01 3.220629263053887970e-01 1.079763416888081945e-01 0.000000000000000000e+00 9.595689070773657514e-01 1.604436824143254670e-01 3.181231407898306370e+09 1.600281653388228178e+09
1.110000000000000000e+02 1.200000000000010000e+14 0.000000000000000000e+00 9.505231395684227147e-01 1.208059345660800754e-01 1.865943726464504571e-01 5.051247712747619634e-02 0.000000000000000000e+00 1.096435445984410784e+00 2.846897891493235105e-02 4.275440921931902766e+08 2.163289689154641703e+07
1.120000000000000000e+02 1.200000000000010000e+14 0.000000000000000000e+00 1.029755863298145169e+00 5.878598903919272228e-02 1.846078721065028683e-01 6.462857514780824542e-02 0.000000000000000000e+00 1.165776156114098017e+00 1.221015699853781125e-02 1.327061871570141077e+09 2.915079676551835537e+08
1.130000000000000000e+02 1.200000000000010000e+14 0.000000000000000000e+00 1.703815983128644129e+00 7.916482144749419081e-02 2.137082780295177231e-01 5.951062681509884655e-02 0.000000000000000000e+00 1.597900028539008366e+00 1.081890191603618601e-01 2.081291755743659973e+09 8.070664074801654816e+08
1.140000000000000000e+02 1.200000000000010000e+14 0.000000000000000000e+00 1.003425791699747327e+00 4.613321955478839886e-02 6.763227093433421544e-02 6.241405874414266905e-03 0.000000000000000000e+00 1.067149436082824421e+00 1.935842622534158022e-02 6.752610392751604319e+08 8.595256503519047797e+07
1.150000000000000000e+02 1.200000000000020000e+14 0.000000000000000000e+00 1.420733534503783924e+00 6.611210772206586872e-02 9.255582555073858797e-02 2.243237447280892541e-02 0.000000000000000000e+00 1.352028477841798360e+00 7.739204279464141634e-02 1.054422982107656479e+09 3.036814889347201586e+08
1.160000000000000000e+02 1.200000000000010000e+14 1.000000000000000000e+00 1.118973937187903944e+00 3.793539528793066912e-02 7.207394160805929983e-02 9.139225749223848713e-03 0.000000000000000000e+00 1.225726450968995129e+00 3.976432487343131011e-02 6.306161654356513023e+08 1.331505941636034548e+08
1.170000000000000000e+02 1.200000000000010000e+14 0.000000000000000000e+00 1.062889450467908281e+00 1.772143137355877696e-01 1.933895243102998485e-01 7.416477431947973709e-02 0.000000000000000000e+00 1.002935629017475350e+00 1.854532817155110924e-01 1.938807608967336416e+09 1.190687969356627703e+09
1.180000000000000000e+02 1.200000000000010000e+14 0.000000000000000000e+00 1.141320864190168205e+00 1.147591350942899907e-01 2.077344840440190077e-01 1.008206121671058747e-01 0.000000000000000000e+00 1.236485883619752535e+00 1.051080354771294495e-01 2.097640600006347179e+09 1.481740913067552805e+09
1.190000000000000000e+02 1.200000000000010000e+14 0.000000000000000000e+00 9.777840677934847013e-01 7.959443279637415380e-02 1.781260041996492183e-01 1.194035109376044707e-01 0.000000000000000000e+00 1.016322476938686270e+00 2.432255845477736961e-02 3.633322938748691678e+08 1.857633592531372234e+07
1.200000000000000000e+02 1.200000000000010000e+14 0.000000000000000000e+00 1.138967093347075688e+00 4.310002224338952553e-02 9.222759624545742718e-02 1.554181096775589591e-02 0.000000000000000000e+00 1.194498339050037883e+00 3.304988665400040299e-02 6.924473794409710169e+08 2.158328662330979705e+08
1.210000000000000000e+02 1.200000000000010000e+14 0.000000000000000000e+00 1.220424660636376668e+00 9.328942276629667574e-02 1.457557790002534381e-01 6.028817627502720822e-02 0.000000000000000000e+00 1.197849432490196264e+00 1.022063719792184050e-01 1.553685654421003103e+09 8.353971827182258368e+08
1.220000000000000000e+02 1.200000000000010000e+14 0.000000000000000000e+00 1.032034116264446189e+00 9.558677923682748490e-02 2.004411855737057158e-01 7.695407902848999671e-02 0.000000000000000000e+00 1.230256208918878658e+00 5.435891589260719026e-02 4.972946203704329729e+08 1.131604793664820790e+08
1.230000000000000000e+02 1.200000000000010000e+14 0.000000000000000000e+00 1.112809745012721008e+00 1.046923066995558288e-01 2.244795250926045205e-01 8.262596358747729963e-02 0.000000000000000000e+00 1.093194833124876642e+00 1.192404367738395254e-01 1.322256987277024746e+09 5.140787198042998314e+08
1.240000000000000000e+02 1.200000000000010000e+14 0.000000000000000000e+00 1.156245387170618866e+00 3.282342827201232410e-02 1.071833204159894637e-01 1.934618694031040032e-02 0.000000000000000000e+00 1.169193215073236702e+00 1.940227765941196850e-02 1.009463099447689772e+09 2.735008718211342096e+08
1.250000000000000000e+02 1.200000000000010000e+14 0.000000000000000000e+00 1.103184265113161588e+00 9.264057362780560301e-02 1.578200474244267626e-01 2.993217399487775945e-02 0.000000000000000000e+00 1.174789196788882384e+00 3.068143930892102897e-02 1.471247702613266706e+09 5.341078775182505846e+08
1.260000000000000000e+02 1.200000000000010000e+14 0.000000000000000000e+00 1.022230909617454886e+00 2.346284600130311634e-02 1.488843086186134590e-01 1.957412646879761950e-02 0.000000000000000000e+00 1.063084304733125318e+00 3.097310810627960237e-02 1.297741496397595882e+09 3.187516787742784619e+08
1.270000000000000000e+02 1.200000000000010000e+14 0.000000000000000000e+00 1.194924960532833147e+00 4.050841736554263578e-02 1.109704312147267585e-01 2.061741502874075982e-02 0.000000000000000000e+00 1.099940318391922078e+00 5.573989328434200696e-02 9.601813736059889793e+08 2.931197181332976222e+08
1.280000000000000000e+02 1.200000000000010000e+14 0.000000000000000000e+00 1.021967393750689679e+00 6.388341225577437443e-02 1.760905357558047446e-01 9.650302258483846318e-02 0.000000000000000000e+00 1.006249360550019567e+00 1.832170320383864209e-02 6.023003358901296854e+08 1.109323621811531931e+08
1.290000000000000000e+02 1.200000000000010000e+14 1.000000000000000000e+00 1.085792103250305951e+00 1.565955278797820718e-02 3.810321689567615355e-02 2.918957615129763334e-03 0.000000000000000000e+00 1.129954002436013960e+00 1.202960718807222565e-02 1.886527295640402436e+08 1.539786152592419088e+07
1.300000000000000000e+02 1.200000000000010000e+14 0.000000000000000000e+00 1.113717178776648664e+00 2.938281461226614766e-02 1.151021520025789502e-01 3.041785702375526465e-02 0.000000000000000000e+00 1.175350851410933206e+00 5.894834850953404454e-02 1.219541881374169350e+09 4.618222853390306234e+08
1.310000000000000000e+02 1.200000000000010000e+14 0.000000000000000000e+00 1.400102686663399876e+00 1.883792191630491442e-01 2.609235062553275641e-01 1.125128077078723227e-01 0.000000000000000000e+00 1.151096254770539673e+00 2.334259050271960956e-01 3.239737891299649715e+09 1.581944530484872341e+09
1.320000000000000000e+02 1.200000000000010000e+14 0.000000000000000000e+00 1.648088051948916499e+00 1.217124963857039721e-01 1.620004419599116730e-01 4.780148367359181305e-02 0.000000000000000000e+00 1.722061241948794397e+00 1.533278188116076746e-01 1.872332813682054996e+09 6.424193128500802517e+08
1.330000000000000000e+02 1.200000000000020000e+14 1.000000000000000000e+00 1.017532701037202392e+00 2.450819590277134377e-02 4.638897832157398010e-02 8.800066079764671048e-03 0.000000000000000000e+00 1.154545711792439810e+00 2.135511349815355508e-02 5.390484466485342979e+08 1.268576302733018994e+08
1.340000000000000000e+02 1.200000000000010000e+14 0.000000000000000000e+00 1.191058973112832708e+00 2.828158466702823670e-02 7.304288922305456067e-02 5.342252170580458204e-03 0.000000000000000000e+00 1.375741939375784817e+00 2.203159309855403161e-02 6.093805785178744793e+08 8.034744095600698888e+07
1.350000000000000000e+02 1.200000000000010000e+14 0.000000000000000000e+00 1.192159862580165486e+00 4.722583047667408551e-02 8.219004482134559253e-02 9.086245689549757309e-03 0.000000000000000000e+00 1.314046487438317534e+00 4.199490974231442908e-02 6.531119830967745781e+08 1.246420756695326716e+08
1.360000000000000000e+02 1.200000000000020000e+14 0.000000000000000000e+00 1.251273360174017357e+00 4.978694496503609929e-02 1.668341686834025617e-01 2.995997832761423257e-02 0.000000000000000000e+00 1.376580093556541318e+00 9.589810012577115739e-02 1.849100594004694462e+09 4.447858755862715244e+08
1.370000000000000000e+02 1.200000000000010000e+14 0.000000000000000000e+00 1.121767231659599462e+00 4.063063731428874503e-02 9.892522634951354810e-02 3.343502352269030892e-02 0.000000000000000000e+00 1.171286907937373112e+00 4.315780463457816185e-02 5.601999680309071541e+08 2.838822877878443152e+07
1.380000000000000000e+02 1.200000000000010000e+14 0.000000000000000000e+00 2.371637499804806648e+00 1.422491129067399440e-01 1.707461918679602508e-01 6.439207909178683298e-02 0.000000000000000000e+00 2.444312735341064968e+00 1.797292394236315038e-01 1.746440200905880928e+09 9.176362161843857765e+08
1.390000000000000000e+02 1.200000000000010000e+14 0.000000000000000000e+00 1.205407228479695059e+00 2.019232097508872475e-02 1.116451197680503327e-01 2.905254671417161275e-02 0.000000000000000000e+00 1.078104774641198915e+00 2.158483699350313006e-02 7.640894143440732956e+08 1.338813852414175868e+08
1.400000000000000000e+02 1.200000000000010000e+14 0.000000000000000000e+00 1.083904127667412176e+00 5.489592553185560636e-02 1.562636070922900078e-01 6.021650271751336631e-02 0.000000000000000000e+00 1.074656732581207752e+00 1.336510393556406516e-02 1.021371939316383719e+09 1.427063785200963318e+08
1.410000000000000000e+02 1.200000000000010000e+14 0.000000000000000000e+00 1.156348128836192979e+00 1.890869247705051492e-02 7.991632715200312764e-02 8.686817003867435341e-03 0.000000000000000000e+00 1.073247565854646313e+00 1.297457366061833747e-02 6.999272151568572521e+08 5.805968975575521588e+07
1.420000000000000000e+02 1.200000000000010000e+14 0.000000000000000000e+00 1.275473637262905191e+00 4.342964384002011985e-02 1.555066313890931529e-01 3.840316213182645017e-02 0.000000000000000000e+00 1.439692824078760536e+00 2.796871601319016187e-02 1.074646417672968864e+09 2.350899239599985182e+08
1.430000000000000000e+02 1.200000000000010000e+14 0.000000000000000000e+00 1.051762486875814195e+00 2.170183874259909718e-01 2.611344217183893535e-01 6.778804065409840818e-02 0.000000000000000000e+00 1.106581208690576634e+00 1.793165386428363650e-01 2.530527859209455013e+09 9.751678006808826923e+08
1.440000000000000000e+02 1.200000000000010000e+14 0.000000000000000000e+00 1.072146524953238700e+00 1.984100999008697741e-01 2.453478495769858825e-01 7.604211443452581209e-02 0.000000000000000000e+00 1.168692184639837706e+00 1.262839761558807450e-01 1.260782086920176983e+09 5.433326358033419847e+08
1.450000000000000000e+02 1.200000000000010000e+14 0.000000000000000000e+00 1.202695303159052598e+00 1.651197379310030966e-01 3.195886582777469065e-01 2.554285682618790965e-01 0.000000000000000000e+00 1.058154699531238307e+00 4.526546652061114867e-02 5.014932039765523672e+08 1.237571386232597232e+08
1.460000000000000000e+02 1.200000000000010000e+14 0.000000000000000000e+00 1.090341871450250855e+00 5.550876139687328792e-02 1.282283594594856857e-01 2.302146331045596198e-02 0.000000000000000000e+00 1.102883427702301411e+00 6.543477240617411039e-02 1.398833704629962921e+09 3.304415033962553144e+08
1.470000000000000000e+02 1.200000000000010000e+14 0.000000000000000000e+00 1.392788276740590137e+00 1.027251951362039561e-01 1.612098422666126962e-01 2.867013998395784302e-02 0.000000000000000000e+00 1.647707242901270464e+00 8.022913294576268506e-02 1.389721769475921869e+09 4.031119821049367785e+08
1.480000000000000000e+02 1.200000000000010000e+14 0.000000000000000000e+00 1.152261883058957936e+00 1.011071888308934796e-01 1.525147035425428732e-01 6.239612700466792838e-02 0.000000000000000000e+00 1.050100124463756446e+00 1.031459917647778168e-01 1.737002652129097939e+09 9.562320516262978315e+08
1.490000000000000000e+02 1.200000000000010000e+14 1.000000000000000000e+00 1.113007407670361992e+00 5.928018451294129847e-03 4.907568107879135139e-02 5.958236794221201393e-03 0.000000000000000000e+00 1.191444061689480804e+00 1.786644391014375818e-02 3.158074901229605675e+08 2.169062191597569361e+07
1.500000000000000000e+02 1.200000000000010000e+14 0.000000000000000000e+00 1.049347868370154924e+00 4.286134088954158400e-02 8.814564810348922419e-02 9.233473087725907122e-03 0.000000000000000000e+00 1.226473117092312437e+00 2.815153214229071388e-02 6.706366386866447926e+08 6.037817608975368738e+07
1.510000000000000000e+02 1.200000000000010000e+14 0.000000000000000000e+00 1.277134717678742204e+00 7.310994775724481698e-02 1.704740410091914460e-01 2.768679074848720556e-02 0.000000000000000000e+00 1.381083106415685879e+00 6.352746424941958792e-02 1.455367349782475710e+09 2.985395890847438574e+08
1.520000000000000000e+02 1.200000000000010000e+14 1.000000000000000000e+00 1.110645142470058966e+00 2.979914099225740992e-02 7.193985270108921304e-02 1.199018007261385549e-02 0.000000000000000000e+00 1.044308235264068241e+00 2.456949575294048796e-02 3.988898266127154827e+08 4.629978640038420260e+07
1.530000000000000000e+02 1.200000000000010000e+14 1.000000000000000000e+00 1.051743210619408231e+00 2.191010705743184905e-02 6.252466262256836660e-02 1.685448957335007603e-02 0.000000000000000000e+00 1.150436910796771794e+00 1.151254759098792498e-02 3.391967160158863664e+08 2.563002645381505787e+07
1.540000000000000000e+02 1.200000000000010000e+14 0.000000000000000000e+00 1.058292733028318278e+00 1.747177781939928121e-01 1.252137486821606749e-01 1.821262397174749914e-02 0.000000000000000000e+00 1.355205767170646336e+00 1.239508389941780808e-01 1.363596060275324583e+09 3.111142015250036716e+08
1.550000000000000000e+02 1.200000000000010000e+14 0.000000000000000000e+00 1.078440944440605120e+00 1.133256049588439868e-01 1.339797039327443318e-01 3.752875583015795324e-02 0.000000000000000000e+00 9.419306418455952734e-01 9.119287572729796454e-02 1.334504720693978786e+09 6.001078923010463715e+08
1.560000000000000000e+02 1.200000000000010000e+14 1.000000000000000000e+00 1.114205389737917828e+00 1.203867411179137398e-02 6.266939738368232371e-02 7.416299336592399247e-03 0.000000000000000000e+00 1.219399090087082804e+00 7.152978328239452920e-03 3.669301482846814394e+08 2.746727249346307293e+07
1.570000000000000000e+02 1.200000000000010000e+14 0.000000000000000000e+00 1.272701873436412834e+00 4.786462460624170412e-02 2.250156947598691282e-01 5.248547721216688389e-02 0.000000000000000000e+00 1.322078920262945489e+00 4.155091463946645330e-02 2.284243382333576202e+09 7.221785565621823072e+08
1.580000000000000000e+02 1.200000000000010000e+14 0.000000000000000000e+00 1.060122407288875745e+00 7.097498429130530417e-02 1.297777628514553416e-01 4.184011919405978414e-02 0.000000000000000000e+00 1.239928030282140492e+00 5.748226008129050935e-02 7.236914592889438868e+08 2.191377163454929590e+08
1.590000000000000000e+02 1.200000000000010000e+14 0.000000000000000000e+00 1.106812923002636895e+00 4.310146629793382145e-02 6.416260054975567173e-02 1.007532514954723700e-02 0.000000000000000000e+00 1.076441313176325743e+00 2.544532849547978190e-02 3.792182885574269295e+08 1.999735226035280153e+07
1.600000000000000000e+02 1.200000000000010000e+14 0.000000000000000000e+00 1.163114322122315469e+00 2.881720932795961074e-02 9.128451924214296687e-02 1.912129022491183133e-02 0.000000000000000000e+00 1.351565617844251221e+00 1.846522619354271089e-02 5.955651336825026274e+08 6.197976379892706871e+07
1.610000000000000000e+02 1.200000000000010000e+14 0.000000000000000000e+00 1.277776993547530493e+00 4.870279503877424088e-02 2.037908793102417848e-01 7.804921778661402798e-02 0.000000000000000000e+00 1.388586112066681366e+00 6.799388835888804661e-02 2.047927631194400787e+09 1.098254405923686504e+09
1.620000000000000000e+02 1.200000000000010000e+14 1.000000000000000000e+00 1.089763427506929450e+00 2.375722038806542258e-02 8.430375433242441596e-02 7.169433233536044899e-03 0.000000000000000000e+00 9.952470227147338644e-01 2.729097832587108058e-02 5.809053870364823341e+08 1.059991919738490880e+08
1.630000000000000000e+02 1.200000000000010000e+14 0.000000000000000000e+00 1.015504196973944007e+00 8.264536796206474467e-02 1.654078237838647603e-01 4.156113797768799800e-02 0.000000000000000000e+00 1.104317988110069759e+00 6.144314874834070489e-02 1.121066420151011705e+09 1.714989308366052508e+08
1.640000000000000000e+02 1.200000000000010000e+14 0.000000000000000000e+00 1.084555535336021448e+00 1.681328795753872229e-01 2.295988787035644352e-01 1.340538634277386731e-01 0.000000000000000000e+00 8.347946017687478681e-01 1.019406626641803232e-01 7.824495655890539885e+08 1.579729813768419027e+08
1.650000000000000000e+02 1.200000000000010000e+14 0.000000000000000000e+00 1.293144500632880334e+00 1.007553811318558368e-01 1.581344533883494996e-01 5.395649532370472290e-02 0.000000000000000000e+00 1.268336139450382261e+00 1.476216126834054010e-01 1.681197263630685091e+09 7.090955530108995438e+08
1.660000000000000000e+02 1.200000000000010000e+14 0.000000000000000000e+00 1.049333482144835239e+00 8.097448656140110446e-02 1.940069828238032978e-01 7.571655766294610457e-02 0.000000000000000000e+00 1.097370344887855564e+00 4.355525417762738660e-02 9.895665759532783031e+08 2.125293156310171783e+08
1.670000000000000000e+02 1.200000000000010000e+14 0.000000000000000000e+00 1.103432278166887048e+00 7.535083990960426970e-02 1.300282623000558191e-01 4.573708639098576084e-02 0.000000000000000000e+00 1.307079184716849030e+00 7.298794968281123452e-02 1.263141915899791718e+09 7.052568660951536894e+08
1.680000000000000000e+02 1.200000000000020000e+14 0.000000000000000000e+00 1.026482581846858588e+00 1.215344116970943494e-01 1.594027084094419566e-01 4.937831272792529702e-02 0.000000000000000000e+00 1.088042013185385182e+00 1.151127860626329213e-01 1.358910923536010742e+09 4.918523676895358562e+08
1.690000000000000000e+02 1.200000000000010000e+14 0.000000000000000000e+00 1.089195180982884148e+00 4.774455265250726610e-02 1.341313548899611685e-01 7.893197599152641797e-02 0.000000000000000000e+00 1.173138309306852811e+00 3.534144803603724017e-02 5.056118548433130383e+08 1.681098849787376821e+08
1.700000000000000000e+02 1.200000000000010000e+14 0.000000000000000000e+00 1.069300211689125479e+00 4.629969585495707224e-02 9.842077452431015339e-02 1.935744879682267661e-02 0.000000000000000000e+00 1.181230914407231491e+00 3.554423208267870615e-02 5.299813499982669950e+08 7.527470196272373199e+07
1.710000000000000000e+02 1.200000000000010000e+14 0.000000000000000000e+00 3.159989993966854982e+00 2.473379668959193034e-01 2.696235801737068005e-01 7.407020649482018437e-02 0.000000000000000000e+00 3.122365621151361292e+00 1.782801427596238386e-01 1.939769599359077930e+09 1.133757956150658846e+09
1.720000000000000000e+02 1.200000000000010000e+14 0.000000000000000000e+00 1.181661548128912331e+00 2.232713919523810625e-02 9.546387916757102798e-02 1.217826050258042671e-02 0.000000000000000000e+00 1.157111134664866814e+00 7.974659017197132868e-03 6.494864668029654026e+08 1.624560085529730320e+08
1.730000000000000000e+02 1.200000000000010000e+14 0.000000000000000000e+00 1.097284359181538660e+00 5.548203065598528161e-02 1.519386392747026915e-01 2.932231474295781889e-02 0.000000000000000000e+00 1.160382804990596206e+00 3.688774265703622518e-02 1.793350992184371710e+09 4.196413757522637248e+08
1.740000000000000000e+02 1.200000000000020000e+14 0.000000000000000000e+00 1.262576869886643749e+00 1.799226388099238461e-01 2.481919939325801794e-01 1.344254419871102613e-01 0.000000000000000000e+00 1.368710109303337141e+00 1.686835371630298619e-01 2.986079671112773895e+09 2.140319492026508331e+09
1.750000000000000000e+02 1.200000000000010000e+14 0.000000000000000000e+00 1.191587792831566794e+00 5.852365193355048983e-02 2.708734160359683174e-01 1.064102016526290023e-01 0.000000000000000000e+00 1.343567981675389156e+00 1.379051431962440184e-02 1.389879159957130194e+09 2.291726980303786397e+08
1.760000000000000000e+02 1.200000000000010000e+14 0.000000000000000000e+00 1.037931845479101112e+00 5.223980963992372328e-02 1.637523682883194054e-01 5.009669724566116061e-02 0.000000000000000000e+00 1.065569676687908585e+00 9.465487964938557042e-02 1.665035759739859104e+09 7.910154506377278566e+08
1.770000000000000000e+02 1.200000000000010000e+14 0.000000000000000000e+00 1.490244882249554648e+00 1.400912781977544930e-01 1.631967741476992306e-01 8.510373689717116996e-02 0.000000000000000000e+00 1.658440877589236306e+00 1.488505012542061245e-01 1.697216677992399931e+09 1.238723951411885500e+09
1.780000000000000000e+02 1.200000000000010000e+14 0.000000000000000000e+00 1.669568553414315426e+00 3.558100848736499289e-02 9.746596366759265051e-02 1.217489931659219982e-02 0.000000000000000000e+00 1.810599017929634291e+00 5.128817948173990809e-02 7.981348584247469902e+08 1.592453399820648134e+08
1.790000000000000000e+02 1.200000000000010000e+14 0.000000000000000000e+00 1.134298173265159138e+00 1.347677820482579003e-01 1.973602446676579747e-01 9.135328681223534031e-02 0.000000000000000000e+00 1.102995426525616551e+00 1.484757494224512309e-01 2.165639981585466862e+09 1.336453759106925726e+09
1.800000000000000000e+02 1.200000000000010000e+14 1.000000000000000000e+00 1.061319616181095604e+00 2.282058239623419027e-02 4.042515319095003196e-02 4.223310890331058096e-03 0.000000000000000000e+00 1.102993700855978476e+00 5.136042144569213756e-03 2.907590274751440287e+08 5.692037245412582159e+07
1.810000000000000000e+02 1.200000000000010000e+14 0.000000000000000000e+00 1.200034347815221780e+00 4.830354977794119875e-02 1.020746724178415304e-01 2.931289195879112700e-02 0.000000000000000000e+00 1.162288635839530571e+00 5.090674715913353493e-02 1.028186760516586065e+09 3.817648674272000790e+08
1.820000000000000000e+02 1.200000000000010000e+14 0.000000000000000000e+00 1.278894195234845155e+00 4.984181604735422183e-02 1.917842530663277645e-01 6.598505252952154010e-02 0.000000000000000000e+00 1.374670076653359052e+00 5.598767707648732300e-02 2.155406742356472015e+09 8.300932923851228952e+08
1.830000000000000000e+02 1.200000000000010000e+14 0.000000000000000000e+00 1.205163830762894239e+00 4.613071091950770447e-02 1.218666291281056413e-01 4.128697890942248372e-02 0.000000000000000000e+00 1.343362385316662744e+00 5.849832624731187564e-02 1.146801492602222681e+09 5.698930091584641933e+08
1.840000000000000000e+02 1.200000000000010000e+14 0.000000000000000000e+00 1.108023110243350873e+00 9.902112850063315985e-02 3.815955367125189457e-01 1.230854060134855266e-01 0.000000000000000000e+00 1.058414509612909393e+00 1.149052158821016467e-01 1.229410212623592377e+09 2.678771575103867352e+08
1.850000000000000000e+02 1.200000000000010000e+14 0.000000000000000000e+00 1.172493437482754031e+00 7.826348011694700402e-02 1.028790774444521133e-01 2.593877293515187837e-02 0.000000000000000000e+00 1.483359100768256500e+00 6.454745190214652983e-02 7.975732108747237921e+08 2.291818189644216597e+08
1.860000000000000000e+02 1.200000000000010000e+14 1.000000000000000000e+00 1.045731093116137211e+00 2.641180152632764330e-02 8.347224589123840299e-02 1.060716675792419510e-02 0.000000000000000000e+00 1.282532765174143385e+00 1.881411893947121036e-02 6.132584396658325195e+08 1.288107419980358481e+08
1.870000000000000000e+02 1.200000000000010000e+14 0.000000000000000000e+00 9.911509267270565138e-01 5.171207683252346254e-02 2.231223250416766724e-01 1.156659168504808322e-01 0.000000000000000000e+00 1.251230180666463410e+00 2.332559542829852270e-02 5.451629676669857502e+08 1.487967771299043298e+08
1.880000000000000000e+02 1.200000000000010000e+14 0.000000000000000000e+00 1.217720325362273481e+00 2.037164211642234490e-01 4.251394235101783603e-01 2.785440340689600003e-01 0.000000000000000000e+00 1.373421039831907331e+00 1.243849556567149933e-01 1.250811980526897669e+09 6.772783185511192083e+08
1.890000000000000000e+02 1.200000000000010000e+14 1.000000000000000000e+00 1.119952025655518657e+00 1.534395232283224803e-02 7.205245712249913614e-02 1.671543762417200540e-02 0.000000000000000000e+00 1.019471710245725582e+00 6.272775645201259138e-03 7.993086986988019943e+08 2.520033521884061098e+08
1.900000000000000000e+02 1.200000000000010000e+14 1.000000000000000000e+00 1.080025722160059987e+00 1.528099541119702469e-02 6.157606554759163797e-02 1.346514650722323292e-02 0.000000000000000000e+00 1.166227836233280302e+00 1.096129505922002235e-02 5.476153082487645149e+08 1.847460528014160395e+08
1.910000000000000000e+02 1.200000000000010000e+14 0.000000000000000000e+00 1.132870080226716425e+00 3.048498383679028312e-02 1.300951481864663084e-01 1.808332166323232265e-02 0.000000000000000000e+00 1.131957800363829758e+00 3.743965632096440260e-02 9.704896370316356421e+08 2.585635274451486468e+08
1.920000000000000000e+02 1.200000000000030000e+14 0.000000000000000000e+00 7.912911795328734232e-01 8.517107337123891453e-02 9.273441827334789889e-02 3.275596853065700087e-02 0.000000000000000000e+00 1.053606520797142565e+00 2.043374893657547153e-02 4.472010278629588485e+08 4.612532963647954166e+07
1.930000000000000000e+02 1.200000000000020000e+14 0.000000000000000000e+00 1.322575612355983754e+00 3.682086375126739780e-02 8.704836939648240290e-02 2.601295713446473076e-02 0.000000000000000000e+00 1.408038366401974661e+00 7.014796518705355977e-02 9.318028597905849218e+08 3.495403591142256856e+08
1.940000000000000000e+02 1.200000000000010000e+14 0.000000000000000000e+00 1.065487639416940580e+00 4.463327768122107853e-02 1.220265010461659971e-01 2.293558071941498647e-02 0.000000000000000000e+00 9.558102143651152627e-01 4.567058056565846680e-02 1.075585821594291687e+09 3.370931605972394347e+08
1.950000000000000000e+02 1.200000000000010000e+14 0.000000000000000000e+00 1.040071776496745537e+00 4.829051408605353896e-02 8.318639346067976947e-02 1.410835603342243914e-02 0.000000000000000000e+00 1.100682580125148524e+00 3.832690327381173961e-02 6.129611251575025320e+08 8.077285913532251120e+07
1.960000000000000000e+02 1.200000000000010000e+14 0.000000000000000000e+00 1.241137519292739189e+00 1.877158160225041172e-02 9.773429823954872531e-02 7.926718505540353635e-03 0.000000000000000000e+00 1.045294017669593289e+00 5.527784382139327990e-02 7.656079356849193573e+08 1.031731003967379779e+08
1.970000000000000000e+02 1.200000000000010000e+14 0.000000000000000000e+00 1.124417318348203132e+00 6.548205147236077495e-02 1.801872616640556035e-01 5.417989986768116661e-02 0.000000000000000000e+00 1.363149798460717266e+00 3.977434308436607335e-02 9.830819046004244089e+08 3.396712603819339275e+08
1.980000000000000000e+02 1.200000000000010000e+14 0.000000000000000000e+00 1.076318912476570189e+00 8.270222016989425828e-02 1.007407248332060634e-01 1.383595047153326520e-02 0.000000000000000000e+00 1.251920262387527627e+00 6.595293656408865446e-02 8.502185599860846996e+08 2.139062223985705078e+08
1.990000000000000000e+02 1.200000000000010000e+14 0.000000000000000000e+00 1.149852562009227475e+00 1.356540682824893262e-01 2.227038810543216507e-01 1.078221166711265666e-01 0.000000000000000000e+00 1.309816933410201001e+00 1.241561222188334729e-01 2.513410251493499279e+09 1.826658889598466396e+09
2.000000000000000000e+02 1.200000000000010000e+14 0.000000000000000000e+00 1.004397152187756159e+00 1.096890457464911733e-01 1.872496097775336321e-01 5.821210813355828795e-02 0.000000000000000000e+00 1.095772263024775928e+00 6.406019481295333051e-02 7.266995066753032207e+08 1.704497586882171929e+08
2.010000000000000000e+02 1.200000000000010000e+14 1.000000000000000000e+00 1.007294900654501557e+00 2.896556827251588889e-02 6.968306853020504732e-02 5.300908319207096528e-03 0.000000000000000000e+00 1.020452939819117111e+00 2.667810362390620957e-02 6.615214644574754238e+08 7.914113986725534499e+07
2.020000000000000000e+02 1.200000000000010000e+14 0.000000000000000000e+00 1.170339417178337893e+00 3.964342493455046135e-02 8.632333354902352318e-02 1.441990124911027814e-02 0.000000000000000000e+00 1.168340227272025134e+00 3.809555316606447889e-02 7.669435833823903799e+08 1.974585826272859573e+08
2.030000000000000000e+02 1.200000000000010000e+14 0.000000000000000000e+00 9.757972026998406045e-01 1.481986889321888212e-01 2.968147723017050543e-01 1.835304560568241650e-01 0.000000000000000000e+00 1.084430224708303081e+00 9.387263534209712434e-02 7.834840681744165421e+08 1.148280118056695014e+08
2.040000000000000000e+02 1.200000000000010000e+14 0.000000000000000000e+00 1.487235415833753294e+00 1.121177236541146538e-01 1.508884716388563252e-01 4.234982123990550795e-02 0.000000000000000000e+00 1.547958734652153723e+00 1.204628544515543298e-01 1.327502054131121874e+09 5.908747868051521778e+08
2.050000000000000000e+02 1.200000000000010000e+14 0.000000000000000000e+00 1.020092295157886353e+00 2.360747745405785691e-01 2.886113123491516608e-01 1.593540513208103193e-01 0.000000000000000000e+00 7.190367627191990296e-01 2.295362862142169558e-01 4.263008127931661606e+09 2.878536179721351147e+09
2.060000000000000000e+02 1.200000000000010000e+14 1.000000000000000000e+00 1.118153353111724035e+00 3.044958082618991202e-02 6.655956669029840234e-02 7.434825245479901104e-03 0.000000000000000000e+00 1.118435384868727400e+00 3.174055673003187833e-02 4.058447699812150598e+08 1.094489077927155793e+08
2.070000000000000000e+02 1.200000000000010000e+14 0.000000000000000000e+00 1.169585336081402360e+00 4.492786195302437419e-02 8.921767788348715367e-02 2.886680234056713742e-02 0.000000000000000000e+00 1.213160309910235268e+00 2.388005031484163876e-02 5.196831118431517482e+08 6.167695457414220273e+07
2.080000000000000000e+02 1.200000000000010000e+14 0.000000000000000000e+00 2.671487694204612851e+00 1.084316653710407780e-01 1.975916669931474523e-01 6.591256121514847688e-02 0.000000000000000000e+00 2.695902825126520241e+00 1.322887670853556130e-01 2.282969602093221664e+09 9.379682093933125734e+08
2.090000000000000000e+02 1.200000000000010000e+14 0.000000000000000000e+00 1.148898305821740351e+00 6.345148808339652613e-02 9.120804444486543816e-02 4.088453996911971949e-02 0.000000000000000000e+00 1.156728850469315617e+00 8.410586801611349972e-02 9.541815761062568426e+08 5.376661746433837414e+08
2.100000000000000000e+02 1.200000000000010000e+14 0.000000000000000000e+00 9.139726351885704148e-01 1.434451318436773815e-01 3.078927151008387098e-01 1.380183948303435049e-01 0.000000000000000000e+00 1.273509824944283997e+00 1.416673932553262072e-01 2.560592536059898853e+09 1.607147641738020182e+09
2.110000000000000000e+02 1.200000000000010000e+14 1.000000000000000000e+00 1.099317113931197243e+00 3.324754871363312658e-02 7.470461997846862545e-02 1.482534774233056594e-02 0.000000000000000000e+00 1.102564784964580102e+00 1.418137159577354152e-02 5.240690838936595321e+08 7.862196717737540603e+07
2.120000000000000000e+02 1.200000000000010000e+14 0.000000000000000000e+00 1.106458753801514705e+00 3.791851399954507956e-02 1.370898629980204231e-01 4.646177127621244074e-02 0.000000000000000000e+00 1.111606744197613628e+00 5.205458435395583089e-02 1.442069711995433569e+09 7.221157788084988594e+08
2.130000000000000000e+02 1.200000000000010000e+14 0.000000000000000000e+00 1.146588334723952718e+00 4.751387453232592400e-02 1.150774663476368948e-01 2.459946112541255142e-02 0.000000000000000000e+00 1.195930188895446777e+00 4.958085933770334242e-02 1.303408501603223324e+09 3.438493816649435759e+08
2.140000000000000000e+02 1.200000000000010000e+14 0.000000000000000000e+00 1.253676517414403779e+00 1.757651383275607992e-01 2.492723113243256183e-01 1.429025470806113141e-01 0.000000000000000000e+00 1.045250598745709247e+00 9.336443270007037387e-02 6.302374771721708775e+08 8.722942195659564435e+07
2.150000000000000000e+02 1.200000000000010000e+14 1.000000000000000000e+00 9.791957570683069711e-01 3.798658872977132145e-02 8.385433035639201782e-02 1.639366825324744398e-02 0.000000000000000000e+00 1.203537850906158502e+00 3.710555313853843018e-02 7.592491080725022554e+08 2.531470737601132393e+08
2.160000000000000000e+02 1.200000000000010000e+14 0.000000000000000000e+00 1.051370667109881030e+00 6.614303553508516995e-03 1.146300464863215240e-01 3.204365645128723350e-02 0.000000000000000000e+00 1.205320433561425819e+00 9.321498163545636345e-03 1.158841659281985521e+09 4.802551175560258031e+08
2.170000000000000000e+02 1.200000000000010000e+14 0.000000000000000000e+00 1.274921465539688992e+00 1.769580196611015080e-02 1.036259396795677079e-01 1.055314177808716787e-02 0.000000000000000000e+00 1.578500326409370214e+00 2.813641571125875818e-02 7.277033692241225243e+08 1.015573122515966743e+08
2.180000000000000000e+02 1.200000000000010000e+14 0.000000000000000000e+00 1.138003319502653321e+00 1.002567954476272540e-02 1.287723352903246132e-01 1.501235519842719288e-02 0.000000000000000000e+00 1.267486484462323482e+00 3.772083136868027708e-02 1.288799244107652187e+09 2.023985922483418286e+08
2.190000000000000000e+02 1.200000000000010000e+14 0.000000000000000000e+00 1.104124668556397459e+00 7.188366089049766372e-02 1.542049959208192100e-01 2.373500268542369854e-02 0.000000000000000000e+00 1.155039367709082665e+00 7.678480826180082708e-02 1.380041839401766777e+09 3.196105082230167389e+08
2.200000000000000000e+02 1.200000000000010000e+14 0.000000000000000000e+00 1.190157642865582233e+00 2.225994004748538257e-01 2.649229725873086805e-01 8.511781085031588923e-02 0.000000000000000000e+00 1.172293138950944336e+00 2.281232144427674247e-01 3.531956365210034370e+09 1.633088533029254913e+09
2.210000000000000000e+02 1.200000000000010000e+14 1.000000000000000000e+00 1.128862521291442711e+00 3.183652117809023657e-02 9.282600502292683020e-02 7.718471618935434340e-03 0.000000000000000000e+00 1.198045140705554346e+00 2.337087042165612860e-02 6.831340207089333534e+08 1.103942343235038072e+08
2.220000000000000000e+02 1.200000000000010000e+14 0.000000000000000000e+00 1.370020675661512533e+00 2.459958475453930329e-02 1.491617887389980468e-01 1.913944990790913264e-02 0.000000000000000000e+00 1.470938482814456272e+00 7.203823446018213505e-02 1.387687623827357292e+09 2.562222010717758834e+08
2.230000000000000000e+02 1.200000000000010000e+14 1.000000000000000000e+00 1.023288424069781932e+00 2.954392080344239377e-02 6.563795269439662294e-02 6.671390905839591837e-03 0.000000000000000000e+00 1.057738512166910283e+00 2.565015806313468774e-02 3.927219490364186764e+08 6.690789687379116565e+07
2.240000000000000000e+02 1.200000000000010000e+14 0.000000000000000000e+00 1.057107525407313675e+00 6.079839042821089112e-02 1.159780594168065559e-01 1.270874547195905042e-02 0.000000000000000000e+00 1.316207960265026955e+00 1.555922179851707866e-02 7.441591944529049397e+08 7.258675542695277929e+07
2.250000000000000000e+02 1.200000000000010000e+14 0.000000000000000000e+00 1.119541857019586972e+00 6.502864439854032230e-02 1.449139984289300187e-01 3.971988631369216538e-02 0.000000000000000000e+00 1.083917625059055423e+00 4.770473883471626486e-02 4.674680893365393877e+08 3.537280516694908589e+07
2.260000000000000000e+02 1.200000000000010000e+14 0.000000000000000000e+00 1.193781888174003214e+00 5.750594116033468095e-02 1.069898265448093605e-01 1.598937436089447120e-02 0.000000000000000000e+00 1.349732249004837570e+00 6.713955409883587411e-02 8.096884729059144258e+08 2.313078431220116317e+08
2.270000000000000000e+02 1.200000000000010000e+14 0.000000000000000000e+00 1.199765807547028995e+00 1.267951913306532286e-01 1.200496546197905301e-01 1.763679854094287944e-02 0.000000000000000000e+00 1.119156899069860822e+00 6.954497316308563826e-02 1.026246721601841450e+09 2.221785854863749743e+08
2.280000000000000000e+02 1.200000000000020000e+14 0.000000000000000000e+00 1.489532553174200080e+00 4.499870151551146197e-02 1.592546589687293956e-01 6.284706222499299166e-02 0.000000000000000000e+00 1.571758448580052647e+00 9.934858932908478824e-02 1.403713775023964405e+09 8.986271782225810289e+08
2.290000000000000000e+02 1.200000000000010000e+14 0.000000000000000000e+00 1.135790562744579235e+00 6.741037388004765540e-02 9.645443562911257263e-02 2.377348147126730551e-02 0.000000000000000000e+00 1.319860635562740470e+00 4.723484443589927306e-02 1.013607060832365870e+09 3.675815033856697679e+08
2.300000000000000000e+02 1.200000000000010000e+14 0.000000000000000000e+00 1.223574574585948316e+00 1.069712852602579534e-01 1.777013851203376738e-01 9.572414786074778803e-02 0.000000000000000000e+00 1.101973977463425181e+00 3.470823494919587915e-02 6.582412261301665306e+08 5.088492829580009729e+07
2.310000000000000000e+02 1.200000000000020000e+14 0.000000000000000000e+00 1.194894372860398901e+00 8.463990392485017111e-02 1.561692044241173027e-01 5.833161304100227540e-02 0.000000000000000000e+00 1.143968016075180616e+00 4.333410561741610906e-02 1.591466738422532558e+09 7.728342547807259560e+08
2.320000000000000000e+02 1.200000000000010000e+14 0.000000000000000000e+00 1.296704714108436463e+00 3.614637577196553458e-02 1.499923658987247777e-01 3.846781541011617261e-02 0.000000000000000000e+00 1.294960104426591929e+00 3.387802537028371253e-02 1.262175334751239061e+09 2.845124915200775266e+08
2.330000000000000000e+02 1.200000000000010000e+14 0.000000000000000000e+00 1.189303025589247387e+00 3.152085151941160651e-02 6.441704704628382905e-02 1.139653165583353993e-02 0.000000000000000000e+00 1.326455031144827323e+00 3.838802153131223166e-02 6.532120552084120512e+08 1.511854240163247585e+08
2.340000000000000000e+02 1.200000000000010000e+14 1.000000000000000000e+00 1.111397392524588135e+00 2.913774542609270241e-02 5.913526902033469645e-02 5.162015172307271582e-03 0.000000000000000000e+00 1.108135934315932714e+00 1.453119503520374119e-02 5.779571432415422201e+08 6.695326352313075960e+07
2.350000000000000000e+02 1.200000000000010000e+14 0.000000000000000000e+00 1.419387848585487166e+00 1.151158418545880635e-01 1.367203760946770208e-01 2.189104805156144931e-02 0.000000000000000000e+00 1.205856005986583712e+00 6.980110209198375770e-02 6.898786058201004267e+08 1.502617019655055404e+08
2.360000000000000000e+02 1.200000000000010000e+14 0.000000000000000000e+00 1.314624678061086405e+00 1.095914115878008632e-01 2.009114872383475914e-01 7.868540418720008922e-02 0.000000000000000000e+00 1.293847345801390381e+00 1.428127516323138835e-01 2.509836188294872761e+09 1.151134374151208639e+09
2.370000000000000000e+02 1.200000000000010000e+14 0.000000000000000000e+00 1.511439768046030530e+00 8.285068351201110848e-02 1.226630036725859935e-01 4.084459259228982037e-02 0.000000000000000000e+00 1.322056995484244046e+00 3.677407166785298664e-02 5.000327003120727539e+08 8.090501633025240898e+07
2.380000000000000000e+02 1.200000000000010000e+14 1.000000000000000000e+00 1.129972168858610182e+00 1.160860955268193904e-02 8.368452264486354875e-02 1.924295401568128921e-02 0.000000000000000000e+00 1.140159424043600822e+00 2.529322530086410004e-02 5.732015622302099466e+08 2.739610113533905745e+08
2.390000000000000000e+02 1.200000000000010000e+14 0.000000000000000000e+00 1.057328858159530816e+00 4.364299199122097239e-02 6.457706675999742851e-02 9.951909718511552441e-03 0.000000000000000000e+00 1.216371167706119083e+00 2.578941801387082261e-02 4.942551350732709765e+08 1.421055693582767844e+08
2.400000000000000000e+02 1.200000000000010000e+14 0.000000000000000000e+00 8.927917462416551375e-01 1.513396957106081797e-01 2.107506489272323591e-01 1.269408531693726749e-01 0.000000000000000000e+00 9.954927051642107338e-01 5.843927890528478192e-02 5.950659516898326874e+08 1.645222113497822881e+08
2.410000000000000000e+02 1.200000000000010000e+14 0.000000000000000000e+00 1.058252450743299766e+00 5.743906260520553753e-02 8.451521704724612727e-02 1.230098939521432830e-02 0.000000000000000000e+00 1.240516427625288465e+00 4.293197765561591189e-02 6.972848131083749533e+08 1.943481297620227039e+08
2.420000000000000000e+02 1.200000000000010000e+14 0.000000000000000000e+00 1.201812628905239988e+00 8.597456882191435723e-02 2.189746523090186914e-01 9.787090392375449865e-02 0.000000000000000000e+00 1.193064147606484715e+00 1.504563066419844219e-01 2.212785555143088341e+09 1.281420066472172022e+09
2.430000000000000000e+02 1.200000000000010000e+14 0.000000000000000000e+00 1.344016033092305884e+00 9.064681364142572473e-02 1.558993595330540605e-01 6.163099008889343089e-02 0.000000000000000000e+00 1.149030418861751945e+00 1.292609946321988668e-01 1.610448288353873014e+09 8.364030298303086758e+08
2.440000000000000000e+02 1.200000000000010000e+14 0.000000000000000000e+00 1.149339428804184493e+00 6.439154479442441015e-02 1.970555819316959778e-01 4.872681907448436767e-02 0.000000000000000000e+00 1.126554796951943382e+00 1.001400623991162281e-01 2.407793734320667267e+09 7.319367427780823708e+08
2.450000000000000000e+02 1.200000000000020000e+14 1.000000000000000000e+00 1.075636711946273527e+00 2.288310329516758668e-02 8.321915130953005946e-02 7.705612988749380686e-03 0.000000000000000000e+00 1.237652695633354005e+00 1.312295505274437696e-02 6.407091458020516634e+08 1.071068110257509798e+08
2.460000000000000000e+02 1.200000000000010000e+14 1.000000000000000000e+00 1.127313533243336163e+00 1.126563092644400875e-02 8.535840399398222922e-02 8.558032862177288036e-03 0.000000000000000000e+00 1.301453773958450189e+00 1.958844010484361159e-02 7.166803971738530397e+08 1.322953679904112071e+08
2.470000000000000000e+02 1.200000000000010000e+14 0.000000000000000000e+00 1.182180154747733081e+00 4.577539320728634537e-02 1.031837125852869547e-01 1.817365074643514586e-02 0.000000000000000000e+00 1.328013831490120200e+00 1.801721623286484109e-02 4.775231151982021928e+08 3.838846196500090510e+07
2.480000000000000000e+02 1.200000000000010000e+14 0.000000000000000000e+00 1.335511758028107288e+00 4.391046742356601029e-02 1.302988597878983745e-01 1.898463993046223264e-02 0.000000000000000000e+00 1.403960248482475581e+00 4.783194447150773687e-02 1.076120738198130846e+09 2.627318291942871809e+08
2.490000000000000000e+02 1.200000000000010000e+14 0.000000000000000000e+00 1.100573977800257452e+00 8.040182916823834791e-02 1.679888735905455399e-01 5.314275162440707662e-02 0.000000000000000000e+00 1.308545633094186034e+00 3.397389162679415736e-02 8.630108573522725105e+08 1.610477276894955039e+08
2.500000000000000000e+02 1.200000000000010000e+14 0.000000000000000000e+00 1.162472531185787528e+00 1.157794959798954804e-01 1.666976542609177880e-01 3.779929788293426990e-02 0.000000000000000000e+00 9.492828290260780788e-01 1.277551913075579970e-01 9.799243173933187723e+08 1.797156485623319149e+08
2.510000000000000000e+02 1.200000000000010000e+14 0.000000000000000000e+00 1.158338279115696423e+00 3.104754155595029069e-02 8.983882537996877582e-02 2.650164344944666225e-02 0.000000000000000000e+00 1.066548998346516175e+00 4.440925231342343626e-02 4.161896716827977300e+08 5.681926617780803889e+07
2.520000000000000000e+02 1.200000000000030000e+14 1.000000000000000000e+00 1.111504455262990243e+00 3.346644563682239781e-02 7.191618039903882598e-02 2.024522707591372428e-02 0.000000000000000000e+00 1.078588702240773411e+00 3.765321914656694080e-02 8.672493969292742014e+08 2.761820645706750154e+08
2.530000000000000000e+02 1.200000000000010000e+14 0.000000000000000000e+00 1.115771374282055195e+00 4.698753397217042549e-02 6.188490331942311101e-02 6.107663762284719876e-03 0.000000000000000000e+00 1.096508586685691844e+00 3.503281301668131203e-02 5.605260506269795895e+08 8.315082598047654331e+07
2.540000000000000000e+02 1.200000000000010000e+14 0.000000000000000000e+00 1.178677888093792703e+00 1.821401683646993105e-02 7.794972877233120878e-02 7.947109612323324801e-03 0.000000000000000000e+00 1.306462497895605201e+00 1.542746023994181689e-02 6.272773342620469332e+08 1.153573592685110867e+08
2.550000000000000000e+02 1.200000000000010000e+14 0.000000000000000000e+00 1.182612325350615556e+00 3.197958292076255593e-02 8.152390588605225308e-02 2.222828479448978045e-02 0.000000000000000000e+00 1.016943433144571030e+00 5.562337656795525442e-02 7.341718520000789165e+08 3.074374480844097733e+08
2.560000000000000000e+02 1.200000000000010000e+14 0.000000000000000000e+00 1.408508828060171636e+00 6.926833391105094440e-02 1.822579029396093342e-01 6.495830359207391269e-02 0.000000000000000000e+00 1.432450030159351684e+00 5.871415849334338938e-02 1.971764468335273266e+09 9.144246464200577736e+08
2.570000000000000000e+02 1.200000000000010000e+14 0.000000000000000000e+00 9.412306688657372522e-01 8.689116710798874821e-02 1.998095406167250399e-01 1.035049115913555945e-01 0.000000000000000000e+00 1.090598668696317608e+00 5.782239785901045065e-02 9.552747114810152054e+08 2.649273174258346260e+08
2.580000000000000000e+02 1.200000000000010000e+14 0.000000000000000000e+00 1.007333203389743526e+00 7.282384023081223123e-02 1.622111243733151131e-01 3.767519730662730743e-02 0.000000000000000000e+00 1.193579074903688308e+00 2.259925190150144717e-02 1.554079618815895319e+09 6.131603087029793262e+08
2.590000000000000000e+02 1.200000000000010000e+14 0.000000000000000000e+00 9.947139499874111390e-01 5.691288280266247612e-02 1.533081797996238282e-01 7.148115612419227161e-02 0.000000000000000000e+00 1.204556289756845366e+00 2.110677185538461717e-02 8.180739411912307739e+08 3.456196272022719979e+08
2.600000000000000000e+02 1.200000000000010000e+14 0.000000000000000000e+00 1.150360316770927316e+00 3.842661171681128335e-02 8.236135282550022252e-02 1.944028105683681326e-02 0.000000000000000000e+00 1.403289829036582281e+00 3.799369430763734762e-02 7.794702893304176331e+08 2.784831479184753895e+08
2.610000000000000000e+02 1.200000000000010000e+14 1.000000000000000000e+00 1.047252625698899875e+00 1.619573235413931597e-02 6.146543052309379890e-02 1.267052998007067201e-02 0.000000000000000000e+00 1.074659047353080377e+00 1.456669998470338026e-02 5.007593434787746072e+08 1.607673307670603096e+08
2.620000000000000000e+02 1.200000000000010000e+14 0.000000000000000000e+00 1.298187786743703054e+00 1.082984931161566494e-01 1.636145653504168795e-01 4.964977112910779616e-02 0.000000000000000000e+00 1.298165276127075662e+00 1.449486656154531650e-01 1.753057629568073034e+09 7.102915332983734608e+08
2.630000000000000000e+02 1.200000000000010000e+14 1.000000000000000000e+00 1.078471737489102411e+00 2.578395754188419348e-02 9.442912173976904244e-02 1.180068964070139087e-02 0.000000000000000000e+00 1.002984885411418059e+00 3.886556978186619937e-02 5.827726595040193796e+08 8.024463713263568282e+07
2.640000000000000000e+02 1.200000000000020000e+14 0.000000000000000000e+00 9.086656561288876111e-01 2.234881682771860945e-01 4.028962719195548770e-02 4.939185075757898669e-03 0.000000000000000000e+00 1.736659788179815145e+00 8.628801374886441167e-02 4.742604189471001625e+08 9.373378594237035513e+07
2.650000000000000000e+02 1.200000000000010000e+14 0.000000000000000000e+00 1.129387004362905511e+00 8.975977819783438616e-02 1.843668705160471655e-01 3.031120074862516875e-02 0.000000000000000000e+00 1.264284503656624814e+00 6.996966924463209059e-02 1.156364722428579092e+09 2.405513447114199698e+08
2.660000000000000000e+02 1.200000000000010000e+14 0.000000000000000000e+00 1.054587694611942572e+00 6.032092931031154959e-02 7.406730370796880958e-02 7.572593949288881736e-03 0.000000000000000000e+00 1.160461729493720950e+00 4.172430643275522322e-02 7.355688712616709471e+08 1.034150432310491949e+08
2.670000000000000000e+02 1.200000000000010000e+14 0.000000000000000000e+00 1.042995093536746021e+00 3.956810853194326488e-02 1.043578708834792118e-01 1.504257189746795870e-02 0.000000000000000000e+00 1.312206850774562783e+00 3.383493903833630079e-02 7.088044479236370325e+08 1.476148301557756662e+08
2.680000000000000000e+02 1.200000000000010000e+14 0.000000000000000000e+00 1.154819152617200917e+00 3.248270321196634197e-02 9.626223453209535597e-02 2.057834254702068863e-02 0.000000000000000000e+00 1.297968787410739733e+00 6.398643112962171253e-02 9.900604017214434147e+08 2.804073091480917335e+08
2.690000000000000000e+02 1.200000000000010000e+14 0.000000000000000000e+00 1.067473038335645663e+00 4.608544216214752187e-02 1.331596817718222470e-01 5.773176758942356879e-02 0.000000000000000000e+00 1.210295922876884589e+00 2.884764301816303972e-02 5.862498346771652699e+08 1.338588600423554927e+08
2.700000000000000000e+02 1.200000000000010000e+14 0.000000000000000000e+00 1.992595615028110112e+00 1.951514183612620690e-01 2.238567161130353145e-01 5.049137984286763275e-02 0.000000000000000000e+00 1.722189956539153188e+00 2.274868098265113436e-01 1.838413926885988474e+09 3.904412242069216371e+08
2.710000000000000000e+02 1.200000000000010000e+14 1.000000000000000000e+00 1.032687103977408594e+00 1.431856151941712958e-02 6.724410595839216964e-02 6.544422391380806496e-03 0.000000000000000000e+00 1.080791836914302140e+00 1.175189609729324416e-02 5.946863674873222113e+08 8.032910979574358463e+07
2.720000000000000000e+02 1.200000000000040000e+14 0.000000000000000000e+00 1.359037351308101549e+00 8.655968238042556495e-02 1.078153317882936335e+00 1.000000000000000000e+00 0.000000000000000000e+00 1.359037351308101549e+00 8.655988076161483247e-02 1.015668027694397163e+10 9.420441516506805420e+09
2.730000000000000000e+02 1.200000000000010000e+14 0.000000000000000000e+00 1.081112057154735906e+00 5.190205674912469480e-02 1.607172825375811076e-01 5.706581280130953310e-02 0.000000000000000000e+00 8.939397015665959678e-01 4.893605099039775169e-02 1.029732496876755834e+09 1.699091539381344914e+08
2.740000000000000000e+02 1.200000000000010000e+14 0.000000000000000000e+00 1.177155723204498461e+00 2.509374390928201595e-02 6.391572481240424819e-02 1.148048543970604969e-02 0.000000000000000000e+00 1.177794797932350868e+00 5.588272543789961008e-03 3.730687836828910708e+08 3.935769275046910346e+07
2.750000000000000000e+02 1.200000000000010000e+14 0.000000000000000000e+00 3.770384989800144471e+00 6.040074280926127637e-02 1.520166274762334568e-01 3.944115460194381334e-02 0.000000000000000000e+00 3.802057303000279997e+00 7.832632173549443355e-02 1.729639837923292637e+09 5.772973424354397058e+08
2.760000000000000000e+02 1.200000000000010000e+14 1.000000000000000000e+00 1.135854517183346957e+00 3.115689643865294720e-02 5.856199248555307019e-02 1.213093106992383513e-02 0.000000000000000000e+00 1.128037272852255635e+00 2.086360286879048939e-02 3.674758162473015785e+08 3.475250076161886007e+07
2.770000000000000000e+02 1.200000000000010000e+14 0.000000000000000000e+00 1.059065082900407129e+00 2.954710706753093663e-01 3.021898588241173633e-01 9.550256948435405235e-02 0.000000000000000000e+00 1.176396211095465993e+00 2.359441173925554969e-01 2.099583284196514368e+09 9.694062014719383717e+08
2.780000000000000000e+02 1.200000000000020000e+14 0.000000000000000000e+00 1.193637815539612790e+00 8.532192110219471992e-02 1.107388603545179373e-01 8.082480664841235063e-02 0.000000000000000000e+00 1.056375074377501999e+00 1.106763675862887514e-01 1.370192970315689802e+09 1.113170981133067846e+09
2.790000000000000000e+02 1.200000000000010000e+14 0.000000000000000000e+00 1.255830323077392841e+00 1.102326248046466145e-01 2.692573288790346409e-01 7.610089781958101485e-02 0.000000000000000000e+00 1.403950417840121645e+00 1.241208500816262661e-01 2.658636982103873253e+09 1.087663811604177237e+09
2.800000000000000000e+02 1.200000000000010000e+14 0.000000000000000000e+00 1.136948172527266321e+00 3.869249726690162511e-02 1.676071141432767253e-01 3.916905292792534354e-02 0.000000000000000000e+00 1.179105005179444277e+00 3.917558569109279298e-02 1.915729757749532700e+09 5.756289457202821970e+08
2.810000000000000000e+02 1.200000000000010000e+14 0.000000000000000000e+00 1.144058535826138367e+00 1.170331998196407347e-01 2.786308571538504419e-01 1.239558848220282117e-01 0.000000000000000000e+00 1.235874984382310693e+00 9.379705619067428557e-02 1.764085641139587641e+09 5.268121870394127369e+08
2.820000000000000000e+02 1.200000000000010000e+14 0.000000000000000000e+00 1.073836174442577729e+00 6.299086421401511870e-02 6.409050022083051523e-02 1.082539773323038489e-02 0.000000000000000000e+00 1.211079799878364671e+00 1.254022008379927083e-02 3.517730311434919238e+08 2.696704144300181046e+07
2.830000000000000000e+02 1.200000000000030000e+14 0.000000000000000000e+00 9.265363627048249784e-01 4.658708480841300403e-02 3.775298380758727868e-02 8.755147055942769097e-03 0.000000000000000000e+00 1.327250158170521166e+00 1.017091424058066615e-02 2.284368432973264456e+08 4.517817856760308892e+07
2.840000000000000000e+02 1.200000000000010000e+14 0.000000000000000000e+00 2.006737503263983591e+00 1.129751107005513289e-01 1.612579382547574824e-01 4.063325356586692388e-02 0.000000000000000000e+00 2.077983328132346319e+00 1.421534661650272757e-01 1.739941057186820745e+09 5.438434340460286140e+08
2.850000000000000000e+02 1.200000000000010000e+14 0.000000000000000000e+00 1.153725057023104794e+00 6.139489892851918845e-02 7.733871474122307188e-02 1.231991340538363469e-02 0.000000000000000000e+00 1.204010256923508715e+00 5.795258757514395315e-02 7.597420916830548048e+08 1.607457921235834062e+08
2.860000000000000000e+02 1.200000000000010000e+14 0.000000000000000000e+00 9.966149461030469059e-01 5.246565768645677919e-02 1.247669688344865968e-01 1.565402126809237529e-02 0.000000000000000000e+00 1.009605588274378407e+00 5.050519350393705559e-02 1.326415376270551205e+09 2.377125041231435537e+08
2.870000000000000000e+02 1.200000000000010000e+14 0.000000000000000000e+00 1.161369737583284767e+00 9.738767643695835086e-02 1.514768601988164543e-01 4.309310606145033695e-02 0.000000000000000000e+00 1.104093128363110132e+00 1.354840811578148785e-01 1.765554305643220663e+09 6.474739037754249573e+08
2.880000000000000000e+02 1.200000000000010000e+14 1.000000000000000000e+00 1.118346275476453933e+00 1.633522891518488646e-02 6.676257002407179342e-02 1.222624872445642226e-02 0.000000000000000000e+00 1.005605423947330657e+00 1.631587286258891559e-02 4.994886769974033237e+08 8.043226378965985775e+07
2.890000000000000000e+02 1.200000000000010000e+14 0.000000000000000000e+00 1.482647928470780307e+00 1.633623599113784575e-01 4.596055368518993101e-01 2.022510847171190562e-01 0.000000000000000000e+00 1.421149612644370341e+00 1.565194238000052196e-01 2.297468468757001400e+09 1.037221742068675756e+09
2.900000000000000000e+02 1.200000000000010000e+14 0.000000000000000000e+00 9.915908531277268789e-01 7.923297817683953859e-02 1.403567106215665439e-01 1.746904426917620518e-02 0.000000000000000000e+00 9.688683556225056170e-01 6.841877833502069128e-02 1.171120470075343609e+09 2.270661505368495286e+08
2.910000000000000000e+02 1.200000000000010000e+14 0.000000000000000000e+00 2.873872033260294057e+00 1.251058074620171323e-01 1.647416907675878228e-01 5.781836995272393587e-02 0.000000000000000000e+00 2.683783917002530828e+00 1.586694571611331483e-01 1.789189260903846502e+09 7.423926405476984978e+08
2.920000000000000000e+02 1.200000000000010000e+14 0.000000000000000000e+00 1.293841998049262143e+00 2.318366738532847693e-01 2.865953654604920242e-01 1.307271345395079887e-01 0.000000000000000000e+00 1.237144638064927582e+00 2.472928588759274460e-01 3.514564086682045460e+09 2.035990427493555307e+09
2.930000000000000000e+02 1.200000000000010000e+14 1.000000000000000000e+00 1.067800665205151933e+00 2.920918259841366951e-02 8.135925140310647230e-02 1.344846623112534029e-02 0.000000000000000000e+00 1.186710711003102325e+00 3.753621013741311602e-02 6.065413938279414177e+08 1.922098058162655234e+08
2.940000000000000000e+02 1.200000000000010000e+14 0.000000000000000000e+00 1.009465833131006685e+00 3.278762983910275125e-02 1.087875393267995067e-01 2.795341941876848188e-02 0.000000000000000000e+00 1.126032469522687762e+00 3.961054387166663970e-02 7.681322687125102282e+08 2.222316321134704053e+08
2.950000000000000000e+02 1.200000000000010000e+14 1.000000000000000000e+00 1.102210886214990193e+00 2.072563224319660946e-02 9.176595898644140936e-02 1.435877518335039460e-02 0.000000000000000000e+00 1.181183146129657802e+00 2.891152861539952185e-02 8.104999807394015789e+08 2.016412708834421635e+08
2.960000000000000000e+02 1.200000000000010000e+14 0.000000000000000000e+00 1.075863577077800226e+00 5.449140321437626056e-02 7.540080596712875338e-02 6.421862125789617841e-03 0.000000000000000000e+00 1.124985184195421706e+00 3.602550612434648331e-02 5.618643845062162876e+08 6.927522175704135001e+07
2.970000000000000000e+02 1.200000000000010000e+14 1.000000000000000000e+00 1.087136771744595665e+00 2.798652075227857708e-02 5.927216476528182620e-02 8.346478387380748196e-03 0.000000000000000000e+00 1.018662678281781586e+00 6.995650850427195637e-03 4.818634890112657547e+08 1.184909892745800018e+08
2.980000000000000000e+02 1.200000000000010000e+14 1.000000000000000000e+00 1.037999094836241865e+00 3.500504073158249713e-02 7.641290083100694963e-02 1.060677490398973313e-02 0.000000000000000000e+00 1.170892879925907293e+00 2.037759070561743352e-02 4.717140182894311547e+08 4.128746848461532593e+07
2.990000000000000000e+02 1.200000000000010000e+14 1.000000000000000000e+00 1.002866990177860185e+00 2.879189960593168257e-02 6.360694022899478217e-02 7.134527592099637432e-03 0.000000000000000000e+00 1.083460377004655584e+00 1.226561354473545279e-02 3.960171971665403247e+08 1.045469416399540305e+08
3.000000000000000000e+02 1.200000000000020000e+14 0.000000000000000000e+00 1.198715788594420850e+00 1.985722435211227654e-01 3.002649504357007837e-01 1.679462866772614416e-01 0.000000000000000000e+00 1.344083833771648973e+00 5.964822472127506020e-02 7.858385153862215281e+08 1.315698505892080069e+08
3.010000000000000000e+02 1.200000000000010000e+14 0.000000000000000000e+00 1.058716868871467653e+00 7.575993176357796732e-02 2.672748000128473689e-01 1.804421096160447324e-01 0.000000000000000000e+00 1.158134429844607238e+00 4.077113702386526289e-02 5.879183213010145426e+08 1.009323004899359196e+08
3.020000000000000000e+02 1.200000000000010000e+14 0.000000000000000000e+00 1.131984560945600071e+00 6.234190744870769796e-02 1.398571322023344499e-01 2.469095983788773332e-02 0.000000000000000000e+00 1.039628820784394669e+00 4.536961548557215396e-02 1.163676637011006355e+09 2.389427039171568453e+08
3.030000000000000000e+02 1.200000000000010000e+14 0.000000000000000000e+00 1.219764799372205832e+00 8.842675162044340287e-02 1.574129825126014681e-01 6.404258164826254207e-02 0.000000000000000000e+00 1.094671618564174498e+00 1.042084258784733430e-01 1.383632892354314327e+09 9.541839750773481131e+08
3.040000000000000000e+02 1.200000000000020000e+14 0.000000000000000000e+00 7.712365295036783808e-01 9.572303381474915607e-02 9.909351228338673934e-02 1.542732794490410744e-02 0.000000000000000000e+00 1.206303814709338118e+00 3.560454985765557079e-02 4.890316269058080316e+08 5.123310908822010458e+07
3.050000000000000000e+02 1.200000000000010000e+14 1.000000000000000000e+00 1.114066891681895211e+00 2.422537311526980555e-02 5.854899383189723222e-02 6.148421071129413391e-03 0.000000000000000000e+00 1.006232771720781960e+00 2.919024545496997497e-02 4.700276164009751678e+08 7.928781729692789912e+07
3.060000000000000000e+02 1.200000000000010000e+14 0.000000000000000000e+00 1.205362204211679167e+00 1.730778220019636368e-02 1.134985914220966730e-01 2.186410095506590920e-02 0.000000000000000000e+00 1.135239296568674394e+00 3.078034358570539558e-02 5.940241472047232389e+08 8.253902041857558489e+07
3.070000000000000000e+02 1.200000000000010000e+14 0.000000000000000000e+00 1.152076717673870654e+00 1.153787825638304398e-01 1.956355666327502241e-01 3.249227096622706035e-02 0.000000000000000000e+00 1.111352373500747115e+00 1.115065967449407336e-01 2.054271093757279396e+09 5.132906839606623054e+08
3.080000000000000000e+02 1.200000000000010000e+14 1.000000000000000000e+00 1.075972838852203406e+00 2.508311358170544833e-02 7.355800734784227746e-02 1.019676230362199718e-02 0.000000000000000000e+00 1.090177418552890742e+00 3.717841226213790262e-02 7.079043840291600227e+08 1.459215481912606657e+08
3.090000000000000000e+02 1.200000000000020000e+14 0.000000000000000000e+00 1.143632053176801389e+00 1.628459306258901035e-02 1.045717639167301205e-01 1.818591725845467022e-02 0.000000000000000000e+00 1.291730205467017667e+00 1.986038096232987937e-02 6.099079725707290173e+08 6.818517590679326653e+07
3.100000000000000000e+02 1.200000000000010000e+14 0.000000000000000000e+00 9.967867725170476145e-01 4.175861390523813443e-02 1.502986185299197419e-01 4.443095062401099943e-02 0.000000000000000000e+00 1.341680250615620462e+00 5.691645575859929918e-02 1.398484302562489033e+09 7.854421938343533278e+08
3.110000000000000000e+02 1.200000000000010000e+14 0.000000000000000000e+00 1.121151990206635807e+00 1.185411783805030567e-01 1.471479206150802521e-01 6.481057506407085500e-02 0.000000000000000000e+00 1.123213988115667528e+00 1.190847670607091818e-01 1.847685365760419846e+09 1.139460372400885344e+09
3.120000000000000000e+02 1.200000000000010000e+14 0.000000000000000000e+00 1.049470893869932864e+00 4.697297473557614234e-02 1.943278219436669618e-01 5.886720166637220142e-02 0.000000000000000000e+00 1.196664722439971573e+00 5.375960251563677295e-02 8.124445581110343933e+08 4.138775445306236744e+08
3.130000000000000000e+02 1.200000000000010000e+14 0.000000000000000000e+00 1.065732935629561062e+00 1.669361313394675250e-01 1.587495053291376190e-01 8.213359986991994321e-02 0.000000000000000000e+00 9.943861801259180622e-01 1.398861347152584034e-01 1.790869750224111080e+09 1.356116855104445219e+09
3.140000000000000000e+02 1.200000000000010000e+14 0.000000000000000000e+00 1.061809257338947710e+00 3.016383247802342446e-02 1.315896658086758708e-01 5.245348233838648816e-02 0.000000000000000000e+00 1.280672888834681888e+00 6.483229372496870924e-02 8.069223374887950420e+08 1.593416841117704809e+08
3.150000000000000000e+02 1.200000000000010000e+14 0.000000000000000000e+00 1.081698235899711147e+00 2.163024438164287411e-01 2.767036151194793847e-01 1.697039380610643744e-01 0.000000000000000000e+00 1.266560944042075754e+00 1.616747574245995245e-01 9.539474440237190723e+08 1.491251884895295799e+08
3.160000000000000000e+02 1.200000000000010000e+14 0.000000000000000000e+00 9.341655487283253567e-01 1.502945976910768366e-01 2.185421461443946001e-01 1.548059306879641939e-01 0.000000000000000000e+00 1.327004731115828173e+00 6.570709399878674195e-02 5.793388923586692810e+08 1.461129590643803775e+08
3.170000000000000000e+02 1.200000000000010000e+14 0.000000000000000000e+00 1.183562050900312190e+00 1.319548210620823669e-01 2.040973209032843072e-01 7.499320064284831222e-02 0.000000000000000000e+00 1.345123131943946504e+00 1.289369701173261606e-01 1.810299840263871193e+09 1.127515250410314322e+09
3.180000000000000000e+02 1.200000000000010000e+14 0.000000000000000000e+00 1.171289446213201746e+00 1.327957465110787827e-01 1.680521588692079349e-01 5.064216464933200129e-02 0.000000000000000000e+00 1.170326490323849722e+00 1.389049702180210066e-01 1.729599151120393991e+09 8.233285271824269295e+08
3.190000000000000000e+02 1.200000000000010000e+14 0.000000000000000000e+00 1.138390708266467710e+00 1.209819268164482597e-01 1.465399440378477580e-01 8.996824243467231585e-02 0.000000000000000000e+00 1.092689245696754297e+00 1.371089239211207012e-01 1.625393756796904325e+09 1.218344571702203751e+09
3.200000000000000000e+02 1.200000000000010000e+14 0.000000000000000000e+00 1.902594005606082161e+00 6.909867329562215110e-02 9.323822269894475878e-02 2.544494103041589073e-02 0.000000000000000000e+00 2.061957613251157895e+00 8.742310106753317656e-02 1.037566528703022957e+09 3.850792454635885954e+08
3.210000000000000000e+02 1.200000000000010000e+14 0.000000000000000000e+00 9.104824122448305079e-01 6.399241305606021002e-02 9.648134954915456307e-02 1.110173472509629923e-02 0.000000000000000000e+00 1.286487820042582664e+00 4.761094297436562622e-02 6.414730150401624441e+08 1.102685496963012815e+08
3.220000000000000000e+02 1.200000000000010000e+14 1.000000000000000000e+00 1.047626509607430423e+00 1.898434202777870075e-02 9.255053556202016973e-02 1.313582264109330357e-02 0.000000000000000000e+00 1.161261677658631974e+00 3.354891682189936608e-02 5.456285991692276001e+08 7.059026303304652870e+07
3.230000000000000000e+02 1.200000000000010000e+14 0.000000000000000000e+00 1.400646139084373853e+00 5.081546768580639389e-02 1.279735634057570515e-01 2.725928039856827245e-02 0.000000000000000000e+00 1.480211954359864412e+00 6.678813044609679950e-02 1.083331273124261618e+09 2.688616419712055922e+08
3.240000000000000000e+02 1.200000000000010000e+14 0.000000000000000000e+00 1.160153436907465752e+00 3.983397932428588140e-02 4.467025932933683247e-02 2.324035219183214884e-03 0.000000000000000000e+00 1.129239391387306002e+00 2.909196091760115135e-02 3.183610045317161083e+08 2.297289058469424769e+07
