# rID[0] Hid[1]   R200: DS[2], eta[3], detla[4], fm[5], fm2[6];   R500: DS[7], eta[8], detla[9], fm[10], fm2[11]
1.000000000000000000e+00 1.270000000000010000e+14 0.000000000000000000e+00 1.285505104272123500e+00 5.433758736858559230e-02 1.734428102175278041e-01 4.055180690334835719e-02 0.000000000000000000e+00 1.309495268355889364e+00 6.534070043181314236e-02 1.627668400797833204e+09 5.758393922331695557e+08
2.000000000000000000e+00 1.270000000000010000e+14 0.000000000000000000e+00 1.155471402624980604e+00 3.342333502615618679e-02 1.185779296763845303e-01 3.689151403489758507e-02 0.000000000000000000e+00 1.165072775651292414e+00 3.939083921094662516e-02 1.338316226463025331e+09 5.007100114090917706e+08
3.000000000000000000e+00 1.270000000000010000e+14 0.000000000000000000e+00 1.139370552883115950e+00 7.865550449025889013e-02 1.296966842879015702e-01 1.888459818706556687e-02 0.000000000000000000e+00 1.290647017452583922e+00 3.250039563752048916e-02 7.962322283005102873e+08 1.701156100655485988e+08
4.000000000000000000e+00 1.270000000000010000e+14 0.000000000000000000e+00 1.241993366489982042e+00 1.820147895741194011e-01 2.091014472130788837e-01 8.628882731609757717e-02 0.000000000000000000e+00 1.155750333315844092e+00 2.289999850545140769e-01 2.140364096340085030e+09 1.185852960563766479e+09
5.000000000000000000e+00 1.270000000000010000e+14 0.000000000000000000e+00 2.652472363542957456e+00 6.831704199491658858e-02 1.400955728342501705e-01 2.172633341305907698e-02 0.000000000000000000e+00 2.613646285457831731e+00 8.245027654219563851e-02 1.370296941308127165e+09 2.697308314554402232e+08
6.000000000000000000e+00 1.270000000000010000e+14 0.000000000000000000e+00 1.510714976666008624e+00 1.172292287752364631e-01 2.200128618840196115e-01 8.809308147937063016e-02 0.000000000000000000e+00 1.306299934977136035e+00 1.319109136470067445e-01 2.552161213440230370e+09 1.139671675041960478e+09
7.000000000000000000e+00 1.270000000000010000e+14 0.000000000000000000e+00 1.198629383763428091e+00 5.681069406494703572e-02 1.281717900201886362e-01 4.484292042064663697e-02 0.000000000000000000e+00 1.034499450713822100e+00 4.421119085777842211e-02 1.395149136376132727e+09 6.043096775847288370e+08
8.000000000000000000e+00 1.270000000000010000e+14 0.000000000000000000e+00 1.103724797562804616e+00 2.128165766666282321e-01 3.864431916485155938e-01 1.546327173672177868e-01 0.000000000000000000e+00 9.267367775188598555e-01 2.139095094855298640e-01 1.228809929335698843e+09 5.483315203522367477e+08
9.000000000000000000e+00 1.270000000000010000e+14 0.000000000000000000e+00 1.158090517000957664e+00 3.969485785068945644e-02 1.008622910563946873e-01 2.798103180628420603e-02 0.000000000000000000e+00 1.282269852622843098e+00 1.133877772058500440e-02 5.922386477095967531e+08 4.426654422121743113e+07
1.000000000000000000e+01 1.270000000000010000e+14 0.000000000000000000e+00 1.313156580350654856e+00 1.643604019322544296e-01 2.870488117635802139e-01 1.803029060389841065e-01 0.000000000000000000e+00 1.089207433237963984e+00 1.079941890882112343e-01 7.539807448598251343e+08 1.467708914214717746e+08
1.100000000000000000e+01 1.270000000000010000e+14 0.000000000000000000e+00 9.160762203623837863e-01 5.934891165373820665e-02 1.873195111368786414e-01 5.803863613972064933e-02 0.000000000000000000e+00 1.174571646259747748e+00 3.450021133490401015e-02 5.337720265007637143e+08 6.719233007656145096e+07
1.200000000000000000e+01 1.270000000000010000e+14 0.000000000000000000e+00 1.088809405047729717e+00 1.342228181905139317e-01 1.849540607872124653e-01 3.639434219275537036e-02 0.000000000000000000e+00 1.168575556513824054e+00 1.803680416894115346e-01 1.950956949525859594e+09 6.024033269642653465e+08
1.300000000000000000e+01 1.270000000000010000e+14 0.000000000000000000e+00 1.433608241423149243e+00 2.269227932057909375e-02 1.282769508724635188e-01 1.157939456670348602e-02 0.000000000000000000e+00 2.080157346960056497e+00 5.177579919097234640e-02 8.860428961236147881e+08 1.108117736666309834e+08
1.400000000000000000e+01 1.270000000000010000e+14 0.000000000000000000e+00 1.125006081305090389e+00 2.734698696125975603e-01 3.259880138181732723e-01 1.995056850128069104e-01 0.000000000000000000e+00 4.690477158492446508e-01 1.122673536261654254e-01 1.297319923950447083e+09 4.024860754275416136e+08
1.500000000000000000e+01 1.270000000000010000e+14 0.000000000000000000e+00 1.555259331629505581e+00 5.428334409143972805e-02 1.709498088090969647e-01 5.317995053715601772e-02 0.000000000000000000e+00 1.666955751577424039e+00 9.373187484212167075e-02 1.816762178957676888e+09 6.912327241754577160e+08
1.600000000000000000e+01 1.270000000000010000e+14 0.000000000000000000e+00 1.243914142076795848e+00 1.081976852234732556e-01 1.711745955592339774e-01 1.667113037116942781e-02 0.000000000000000000e+00 1.203693051959474181e+00 1.226498172572430406e-01 1.734815484674958229e+09 2.167317857182211280e+08
1.700000000000000000e+01 1.270000000000010000e+14 0.000000000000000000e+00 1.155600627254521395e+00 2.615107408303763911e-02 9.040267090806933248e-02 6.844690322859488772e-03 0.000000000000000000e+00 1.075108801501069689e+00 1.388880275052664127e-02 5.747224342081097364e+08 5.974309730737889558e+07
1.800000000000000000e+01 1.270000000000010000e+14 0.000000000000000000e+00 9.771852067193080860e-01 8.404016952252013617e-02 1.445954588550097675e-01 7.605847055540050639e-02 0.000000000000000000e+00 1.152691141098795224e+00 4.806184490530731462e-02 5.011282624602493644e+08 1.045182701900449246e+08
1.900000000000000000e+01 1.270000000000010000e+14 0.000000000000000000e+00 1.186477760701929673e+00 3.303615852760508759e-02 1.507070744562493403e-01 3.349687621333521242e-02 0.000000000000000000e+00 1.307597325825708312e+00 2.676139189082572811e-02 1.370741307706629038e+09 5.010075666693695784e+08
2.000000000000000000e+01 1.270000000000020000e+14 0.000000000000000000e+00 1.064698349139177713e+00 2.723839421963485455e-02 1.109634740417925619e-01 1.898223579100558403e-02 0.000000000000000000e+00 1.122666783048825945e+00 4.435954258556024793e-02 1.116143659877600431e+09 3.020611247037524581e+08
2.100000000000000000e+01 1.270000000000010000e+14 0.000000000000000000e+00 1.044261668142105082e+00 1.343024579105436475e-02 1.312740261488682392e-01 2.466096983864530384e-02 0.000000000000000000e+00 1.270108981751009170e+00 2.541367824202893713e-02 1.122387498687712193e+09 3.651481778307098746e+08
2.200000000000000000e+01 1.270000000000010000e+14 0.000000000000000000e+00 1.124815893089978536e+00 4.400217024448347530e-02 1.189435258853701466e-01 3.498360372302106169e-02 0.000000000000000000e+00 1.155405103223257068e+00 2.899644761583905841e-02 4.492915621926500797e+08 2.779662205902590230e+07
2.300000000000000000e+01 1.270000000000010000e+14 0.000000000000000000e+00 1.122583583008943675e+00 1.164744594066546846e-01 1.809509163937312870e-01 5.374368726888536368e-02 0.000000000000000000e+00 1.078097751698571471e+00 1.369589919176643633e-01 1.763360023184887886e+09 8.101052004337378740e+08
2.400000000000000000e+01 1.270000000000010000e+14 0.000000000000000000e+00 1.126513005830513059e+00 1.583897678921352900e-02 1.089671842728631435e-01 1.313224387355122445e-02 0.000000000000000000e+00 1.187093213111667156e+00 3.031935299534292000e-02 1.066838275428938389e+09 1.803047166699410975e+08
2.500000000000000000e+01 1.270000000000010000e+14 0.000000000000000000e+00 1.065720258541631438e+00 5.902590879585786071e-02 1.302041743191675871e-01 4.270518156719009528e-02 0.000000000000000000e+00 1.080585936028866545e+00 3.612446768330978414e-02 4.976843221292016506e+08 2.284426774202297628e+07
2.600000000000000000e+01 1.270000000000010000e+14 0.000000000000000000e+00 1.330800138731743631e+00 8.015233361095595865e-02 1.834477130323738658e-01 7.499896458894181328e-02 0.000000000000000000e+00 1.363666449396316649e+00 1.091067457026953513e-01 1.944430800043656111e+09 9.888287806593149900e+08
2.700000000000000000e+01 1.270000000000010000e+14 0.000000000000000000e+00 1.183348451390157985e+00 4.620638434230840003e-02 1.590800261213663191e-01 3.308684777672862842e-02 0.000000000000000000e+00 1.118138049027473713e+00 4.991456449338819990e-02 1.636462304453352690e+09 4.467703612684238553e+08
2.800000000000000000e+01 1.270000000000010000e+14 0.000000000000000000e+00 9.866815865039362254e-01 2.429590084289477356e-02 1.313120377220497736e-01 1.405172766807806679e-02 0.000000000000000000e+00 1.097155872316268210e+00 4.497684139423926974e-02 1.020777504546627641e+09 2.176168996141644120e+08
2.900000000000000000e+01 1.270000000000010000e+14 1.000000000000000000e+00 1.139089693163288564e+00 2.051753454989288517e-02 8.154538338047281898e-02 5.775130347832297534e-03 0.000000000000000000e+00 1.275021765897190074e+00 1.346826856531684394e-02 6.061817436438754797e+08 7.130585762394915521e+07
3.000000000000000000e+01 1.270000000000010000e+14 0.000000000000000000e+00 1.175071103277989026e+00 2.511781146032844927e-02 8.162881522791078093e-02 8.672178096299535191e-03 0.000000000000000000e+00 1.255334835828995299e+00 2.415429573209580683e-02 7.327693359970424175e+08 1.184382379540016502e+08
3.100000000000000000e+01 1.270000000000010000e+14 0.000000000000000000e+00 1.234515482075805526e+00 3.905574132909649804e-02 1.540518359722967134e-01 2.428600300041197299e-02 0.000000000000000000e+00 1.160822104316012293e+00 2.401615228364898519e-02 1.025478268254461288e+09 1.422021035486597717e+08
3.200000000000000000e+01 1.270000000000010000e+14 0.000000000000000000e+00 1.149887523120131094e+00 4.388667817380594027e-02 1.598847718980414834e-01 2.576688808868809327e-02 0.000000000000000000e+00 1.038445431671204844e+00 8.271986614846495167e-02 1.405730826402187109e+09 4.028534980156115890e+08
3.300000000000000000e+01 1.270000000000010000e+14 0.000000000000000000e+00 9.938889170788306471e-01 5.585860404500098131e-02 1.069421769979050640e-01 2.085275346314370559e-02 0.000000000000000000e+00 1.128267501540088036e+00 2.756357920240090284e-02 6.253353282763440609e+08 8.313658782815885544e+07
3.400000000000000000e+01 1.270000000000010000e+14 0.000000000000000000e+00 1.210152356451149380e+00 7.352810933143760774e-02 1.733627299784860354e-01 5.487191360223403480e-02 0.000000000000000000e+00 1.210380668803956894e+00 1.067448294805170145e-01 1.944281960553602934e+09 7.828800664334962368e+08
3.500000000000000000e+01 1.270000000000010000e+14 0.000000000000000000e+00 1.173416062253481718e+00 2.576269966032102357e-02 1.128015580616293506e-01 7.854574684606917614e-03 0.000000000000000000e+00 1.331239101163204985e+00 3.583847430394806327e-02 8.247148974593405724e+08 1.172179852558618188e+08
3.600000000000000000e+01 1.270000000000010000e+14 0.000000000000000000e+00 1.083483572071898271e+00 5.147004307535030937e-02 1.306933548053103578e-01 1.019710553966269619e-02 0.000000000000000000e+00 1.282031064276310639e+00 1.711489686415819736e-02 1.099176320424621820e+09 1.233098718624217510e+08
3.700000000000000000e+01 1.270000000000010000e+14 0.000000000000000000e+00 1.157818324902772478e+00 6.691669598997970064e-03 1.443517489021619027e-01 1.898453814027760769e-02 0.000000000000000000e+00 1.153942062352945275e+00 2.121504660706995116e-02 1.126410093385704517e+09 2.025288378567244112e+08
3.800000000000000000e+01 1.270000000000010000e+14 0.000000000000000000e+00 1.072820148284309383e+00 4.635301291306318655e-02 6.417965323834176616e-02 5.691279482349798600e-03 0.000000000000000000e+00 1.049048820741776078e+00 2.237010891847507690e-02 4.272457374817897081e+08 5.695519951464116573e+07
3.900000000000000000e+01 1.270000000000010000e+14 1.000000000000000000e+00 1.007053308672963832e+00 3.305192946411524002e-02 7.433102303791939980e-02 4.568467616067024319e-03 0.000000000000000000e+00 1.232135783683000696e+00 2.716852343507256476e-02 5.883407654676715136e+08 6.989194445255441964e+07
4.000000000000000000e+01 1.270000000000010000e+14 0.000000000000000000e+00 1.006991015699465031e+00 3.629941572448290577e-02 2.031153338497834471e-01 5.692999753512447553e-02 0.000000000000000000e+00 1.035457688899196871e+00 5.677321904050218471e-02 1.275883765295828104e+09 4.809437538729411960e+08
4.100000000000000000e+01 1.270000000000010000e+14 0.000000000000000000e+00 1.215594134492849143e+00 2.491856683470239017e-02 8.983168495548399246e-02 1.648009092631180089e-02 0.000000000000000000e+00 1.250833857765974999e+00 5.111149737372736035e-02 8.626948216980540752e+08 2.236142967988189459e+08
4.200000000000000000e+01 1.270000000000010000e+14 0.000000000000000000e+00 1.144674065014653408e+00 1.647882689002880818e-01 2.115310983406494261e-01 8.595856293390616298e-02 0.000000000000000000e+00 1.169726636299470268e+00 1.724189806315254425e-01 2.327475719368316650e+09 1.406083035333039284e+09
4.300000000000000000e+01 1.270000000000010000e+14 0.000000000000000000e+00 1.412993353962410881e+00 9.436090709418339106e-02 2.245788544058558989e-01 4.475140231531209156e-02 0.000000000000000000e+00 1.324222094300648855e+00 1.108467789250681401e-01 1.686935558251696825e+09 6.188781205606148243e+08
4.400000000000000000e+01 1.270000000000010000e+14 0.000000000000000000e+00 1.176976922620857291e+00 3.646638322740905491e-02 2.093703596975673986e-01 8.446745562130177076e-02 0.000000000000000000e+00 1.355228015700028044e+00 4.248823731116853353e-02 1.412832912252491713e+09 2.895159776242715716e+08
4.500000000000000000e+01 1.270000000000010000e+14 0.000000000000000000e+00 1.205381333510388897e+00 4.004142865338525953e-02 1.115226876828675495e-01 8.132921203004760125e-03 0.000000000000000000e+00 1.201799080863040770e+00 1.506170427212619525e-02 7.252299908410700560e+08 1.303480818329436481e+08
4.600000000000000000e+01 1.270000000000010000e+14 0.000000000000000000e+00 1.047876274992807666e+00 3.663002732255248722e-02 1.195716813319592092e-01 4.469686200646789259e-02 0.000000000000000000e+00 1.155688064041481500e+00 3.978499747824078975e-02 7.555753402482860088e+08 2.657763370342379212e+08
4.700000000000000000e+01 1.270000000000010000e+14 0.000000000000000000e+00 1.126091994933733353e+00 1.404834207938049084e-01 2.395440578835882905e-01 8.869164419805104782e-02 0.000000000000000000e+00 1.541358173976951962e+00 9.002265903785428014e-02 1.156731659818059683e+09 2.825876715241185427e+08
4.800000000000000000e+01 1.270000000000010000e+14 0.000000000000000000e+00 1.010998401778502753e+00 9.829113939196634786e-02 1.255431157977490997e-01 5.856057596822244332e-02 0.000000000000000000e+00 9.951802212230814737e-01 3.699484473388284234e-02 5.428024860651198626e+08 2.086076492771162093e+08
4.900000000000000000e+01 1.270000000000010000e+14 0.000000000000000000e+00 1.619825929184297353e+00 2.813854132417692444e-01 3.055126618273929506e-01 1.313314618954452284e-01 0.000000000000000000e+00 1.329281030057358981e+00 2.574045274725714760e-01 3.662825532828894138e+09 2.240306560841102600e+09
5.000000000000000000e+01 1.270000000000010000e+14 0.000000000000000000e+00 1.193341314790030472e+00 3.074887905368672153e-02 1.035041591463752297e-01 2.066597131200502077e-02 0.000000000000000000e+00 1.278246747615663592e+00 4.704878222274944816e-02 1.083783079516544104e+09 2.935161491991153955e+08
5.100000000000000000e+01 1.270000000000010000e+14 0.000000000000000000e+00 1.044098571633092609e+00 8.547278022968524125e-02 4.202265608049232104e-01 2.193824202156627878e-01 0.000000000000000000e+00 1.282826559968733404e+00 9.497278115986038105e-02 2.726373577004630089e+09 1.010206548931508780e+09
5.200000000000000000e+01 1.270000000000010000e+14 0.000000000000000000e+00 1.179994942930812085e+00 1.661507731548101524e-02 6.974235904517986362e-02 1.080977251042032801e-02 0.000000000000000000e+00 1.086798897897087945e+00 1.801624752398579832e-02 6.833492012061859369e+08 1.491054126572683752e+08
5.300000000000000000e+01 1.270000000000010000e+14 0.000000000000000000e+00 1.206525842330212983e+00 5.058417730455608274e-02 1.300410168158529500e-01 4.274914774426347153e-02 0.000000000000000000e+00 1.250137931330608243e+00 4.266654763255582627e-02 6.618469967241604328e+08 7.379688837130810320e+07
5.400000000000000000e+01 1.270000000000010000e+14 0.000000000000000000e+00 1.368658522593999560e+00 4.329962982339608663e-02 1.494308805883344526e-01 3.671695886716116325e-02 0.000000000000000000e+00 1.632002937253232755e+00 1.891458549009470205e-02 9.776824260914481878e+08 2.393540572298527956e+08
5.500000000000000000e+01 1.270000000000010000e+14 0.000000000000000000e+00 1.060826427182439913e+00 7.264691255079235022e-02 1.308277288679762507e-01 2.942456860334503876e-02 0.000000000000000000e+00 1.239210710554125239e+00 4.588515244325225284e-02 1.232456049817038059e+09 4.418878946461253166e+08
5.600000000000000000e+01 1.270000000000010000e+14 0.000000000000000000e+00 1.057950638726296244e+00 5.821498518965562835e-02 1.807903178672250477e-01 5.362066480726353918e-02 0.000000000000000000e+00 9.882890100548737955e-01 5.262976818185517019e-02 1.430604598001970530e+09 8.454846122982561588e+08
5.700000000000000000e+01 1.270000000000010000e+14 0.000000000000000000e+00 1.593728409593361484e+00 1.150717584280366440e-01 1.653366556822951916e-01 7.174553585843908288e-02 0.000000000000000000e+00 1.636276250312142411e+00 1.542222280166218040e-01 1.865478424539159775e+09 9.853303020623221397e+08
5.800000000000000000e+01 1.270000000000010000e+14 0.000000000000000000e+00 1.191702395658262414e+00 3.392053255952191815e-02 8.305574727107571664e-02 5.709433342352440537e-03 0.000000000000000000e+00 1.247353127123293381e+00 2.650516927684876123e-02 6.435786517378102541e+08 6.342682231474807113e+07
5.900000000000000000e+01 1.270000000000010000e+14 0.000000000000000000e+00 1.139768251971337687e+00 4.058174996292932685e-02 9.950094786531894775e-02 1.359239834953019158e-02 0.000000000000000000e+00 1.215818634883954363e+00 2.741000698188476858e-02 5.745561045664341450e+08 8.597733679815237224e+07
6.000000000000000000e+01 1.270000000000010000e+14 0.000000000000000000e+00 1.166639262322011206e+00 5.245116529912000058e-02 1.504310361227428339e-01 3.593612936327976459e-02 0.000000000000000000e+00 1.202476408448745371e+00 5.890035935628850500e-02 1.660334681860583305e+09 5.125024883635866642e+08
6.100000000000000000e+01 1.270000000000010000e+14 0.000000000000000000e+00 1.804804862511977026e+00 2.292822430407549447e-02 1.277218148794485031e-01 1.407834761545073352e-02 0.000000000000000000e+00 1.763785026070038731e+00 4.817010820989473668e-02 1.034373068640020013e+09 1.922939677444399297e+08
6.200000000000000000e+01 1.270000000000010000e+14 0.000000000000000000e+00 2.206293639098062087e+00 1.342059154041045366e-01 1.934147276136810589e-01 4.947301018121277871e-02 0.000000000000000000e+00 2.310205867915672950e+00 1.638353393373845057e-01 2.010130992427362442e+09 6.466296293563262224e+08
6.300000000000000000e+01 1.270000000000010000e+14 0.000000000000000000e+00 1.412707316056382778e+00 1.436289121374463296e-01 1.833065166586470562e-01 8.682158323516235565e-02 0.000000000000000000e+00 1.183366017679541748e+00 1.750012044034464087e-01 2.209379053042418003e+09 1.202119155281358004e+09
6.400000000000000000e+01 1.270000000000010000e+14 0.000000000000000000e+00 1.035723135293528996e+00 6.519097648079225094e-02 1.979162072853108412e-01 3.931550771695616064e-02 0.000000000000000000e+00 1.014356627704386060e+00 3.310662722661706497e-02 1.446283016455060005e+09 2.923758593693124056e+08
6.500000000000000000e+01 1.270000000000010000e+14 0.000000000000000000e+00 1.040541900681265064e+00 1.517736657923167976e-01 1.581957343588775711e-01 4.116158003618015926e-02 0.000000000000000000e+00 1.244613337523992502e+00 7.796031902953043380e-02 4.870506015142074823e+08 6.158920595992245525e+07
6.600000000000000000e+01 1.270000000000010000e+14 0.000000000000000000e+00 1.152097350370215656e+00 9.740273213790562323e-02 1.138343853418374158e-01 1.267357228150647365e-02 0.000000000000000000e+00 1.282756029375442530e+00 7.375331576760375818e-02 9.848600809658086300e+08 1.874177810761090517e+08
6.700000000000000000e+01 1.270000000000010000e+14 1.000000000000000000e+00 1.078250265060365809e+00 1.274993900279653737e-02 9.056913638962720003e-02 1.329492201161082757e-02 0.000000000000000000e+00 1.116985619320805867e+00 3.572861886997248659e-02 6.007345943585236073e+08 8.820388201191626489e+07
6.800000000000000000e+01 1.270000000000010000e+14 0.000000000000000000e+00 1.063316166002242769e+00 4.536298560244880762e-02 6.015276666287720092e-02 9.041091727288792790e-03 0.000000000000000000e+00 1.107795654352170311e+00 1.034926401809001771e-02 2.795503205671908259e+08 2.852814172557976842e+07
6.900000000000000000e+01 1.270000000000010000e+14 0.000000000000000000e+00 9.580884092968745547e-01 4.335783862064383071e-02 1.143985333290918338e-01 3.757580164327783273e-02 0.000000000000000000e+00 9.268634260109800405e-01 3.157356480802791382e-02 9.605946716907302141e+08 6.030685017930819988e+08
7.000000000000000000e+01 1.270000000000010000e+14 0.000000000000000000e+00 1.187348402686720927e+00 4.154580960795344752e-02 1.000388721906048106e-01 1.594806948621938641e-02 0.000000000000000000e+00 1.395265508027750068e+00 4.489558183112098838e-02 7.165877573605203629e+08 9.018649291027081013e+07
7.100000000000000000e+01 1.270000000000010000e+14 0.000000000000000000e+00 1.062584924434213152e+00 2.470160191603024830e-02 1.408158882065266848e-01 2.420070902645213989e-02 0.000000000000000000e+00 1.120664416950960307e+00 4.929025451402554991e-02 1.058368134270858645e+09 3.677506223207992911e+08
7.200000000000000000e+01 1.270000000000010000e+14 0.000000000000000000e+00 1.138031724935729683e+00 7.069740631465637470e-02 1.403163562505870265e-01 5.850502488964027387e-02 0.000000000000000000e+00 1.102240096301535299e+00 1.020794712508480834e-01 1.452217221046848774e+09 8.117312948928730488e+08
7.300000000000000000e+01 1.270000000000010000e+14 0.000000000000000000e+00 1.397687023719354160e+00 1.124942122377794590e-01 1.713985312604482669e-01 6.395066203121532733e-02 0.000000000000000000e+00 1.332077843474608558e+00 7.918619173528937405e-02 1.975818387343591690e+09 9.820630479341824055e+08
7.400000000000000000e+01 1.270000000000010000e+14 1.000000000000000000e+00 1.030223918524674875e+00 2.441832924064709504e-02 7.598418555228572679e-02 3.992446391426462612e-03 0.000000000000000000e+00 1.175202433222269471e+00 1.121276554850194479e-02 6.915559054159966707e+08 5.897422231366972625e+07
7.500000000000000000e+01 1.270000000000010000e+14 1.000000000000000000e+00 1.035821980425977396e+00 2.304507012889575948e-02 8.966978694167741792e-02 3.797612003996159169e-02 0.000000000000000000e+00 1.093270286626560672e+00 1.180675374074653498e-02 4.469605313261740208e+08 1.116622883736708760e+08
7.600000000000000000e+01 1.270000000000010000e+14 0.000000000000000000e+00 1.228903353499543716e+00 1.071513420151199020e-01 1.590887922251384701e-01 2.651560296274156278e-02 0.000000000000000000e+00 1.203208744138568376e+00 1.092270904012977856e-01 1.288495687871468306e+09 3.996698121041691303e+08
7.700000000000000000e+01 1.270000000000010000e+14 0.000000000000000000e+00 1.152790001222079974e+00 1.021584155452663900e-01 3.657858999220083285e-01 1.887026816813051622e-01 0.000000000000000000e+00 1.448079150232275625e+00 3.771940908507667722e-02 1.014470404391638875e+09 2.306387361659401655e+08
7.800000000000000000e+01 1.270000000000010000e+14 0.000000000000000000e+00 1.116034478715579814e+00 9.081356575250058849e-02 1.288983611578997657e-01 2.090105600755800749e-02 0.000000000000000000e+00 1.228424498055467273e+00 8.667396927082587910e-02 1.014076560959779739e+09 3.199123774799371362e+08
7.900000000000000000e+01 1.270000000000010000e+14 0.000000000000000000e+00 1.123788983499790506e+00 5.702740503344094075e-02 1.065682480264081994e-01 1.980062742894601185e-02 0.000000000000000000e+00 1.019541736887754846e+00 4.593197452257041097e-02 6.322152449571653605e+08 1.159683770525798500e+08
8.000000000000000000e+01 1.270000000000020000e+14 0.000000000000000000e+00 9.797274024327375930e-01 2.826494436540100824e-02 1.029951007193465190e-01 3.885727905011591987e-02 0.000000000000000000e+00 1.319222658526707059e+00 2.909792234935004024e-02 6.899733574670419693e+08 1.060122084551763088e+08
8.100000000000000000e+01 1.270000000000010000e+14 0.000000000000000000e+00 1.130380093066842839e+00 1.357038352775851719e-01 2.838036634776595624e-01 1.108457815119682499e-01 0.000000000000000000e+00 1.365905346708457424e+00 1.139857948453631836e-01 8.203149987341177464e+08 1.988025815563356876e+08
8.200000000000000000e+01 1.270000000000010000e+14 1.000000000000000000e+00 1.050724599349846189e+00 3.265927190965030313e-02 5.453392958596361279e-02 7.451021165985889476e-03 0.000000000000000000e+00 1.024079483497455811e+00 1.181605630250682007e-02 3.922568228048647046e+08 1.915468185027698800e+07
8.300000000000000000e+01 1.270000000000010000e+14 0.000000000000000000e+00 1.118969891342551426e+00 7.473207218942894137e-02 1.261611716442535558e-01 3.943406283790987232e-02 0.000000000000000000e+00 1.082967063343447167e+00 6.806890338869844848e-02 1.186452142589941263e+09 5.495625535587791204e+08
8.400000000000000000e+01 1.270000000000010000e+14 0.000000000000000000e+00 1.242659718371652344e+00 2.538626115702248554e-02 6.844868783988139471e-02 1.276797627872498092e-02 0.000000000000000000e+00 1.249482877125360991e+00 2.531538881931397894e-02 6.484408077995407581e+08 1.738401076491880417e+08
8.500000000000000000e+01 1.270000000000010000e+14 0.000000000000000000e+00 1.269361110254196845e+00 8.591241923569917227e-02 1.870821609076470105e-01 5.962884976537966009e-02 0.000000000000000000e+00 1.527366058330564602e+00 4.126701016019153345e-02 9.289140046118370295e+08 2.614388264715789557e+08
8.600000000000000000e+01 1.270000000000010000e+14 0.000000000000000000e+00 1.157063482013802602e+00 1.982246905672325199e-01 2.495579959699860406e-01 6.564263920014780374e-02 0.000000000000000000e+00 1.178598038807338932e+00 1.936212526544194568e-01 2.837874133664441586e+09 9.750860496553152800e+08
8.700000000000000000e+01 1.270000000000010000e+14 0.000000000000000000e+00 1.163265413772140766e+00 4.738372718662085120e-02 1.845967511359083713e-01 4.936095992808356425e-02 0.000000000000000000e+00 1.141423185100755244e+00 4.739782225430553414e-02 1.930674873702637196e+09 6.528131204885776043e+08
8.800000000000000000e+01 1.270000000000010000e+14 0.000000000000000000e+00 1.089813062615624162e+00 2.745991411081409247e-02 1.361042685176719058e-01 1.975363953145794702e-02 0.000000000000000000e+00 1.372439108434388988e+00 4.679086758332714341e-02 9.335528231505774260e+08 1.860751619259042144e+08
8.900000000000000000e+01 1.270000000000010000e+14 0.000000000000000000e+00 1.197558332633220646e+00 6.912825090456048427e-02 1.332928399088127158e-01 3.174714012856585249e-02 0.000000000000000000e+00 1.128709706479042119e+00 9.353476027955585914e-02 9.054593041651443243e+08 3.307682008068315983e+08
9.000000000000000000e+01 1.270000000000020000e+14 0.000000000000000000e+00 1.095550895528687008e+00 1.324996402513069216e-01 2.961482173773610227e-01 1.282786282094368346e-01 0.000000000000000000e+00 1.323986496978120542e+00 6.775653683377448611e-02 1.543385167408972740e+09 2.619746431579200327e+08
9.100000000000000000e+01 1.270000000000010000e+14 0.000000000000000000e+00 1.129733579627270501e+00 1.242714790377784789e-01 2.711256344785336614e-01 1.670520554242808653e-01 0.000000000000000000e+00 1.240389591761240640e+00 6.137008281347623717e-02 8.603688164827200174e+08 2.321445665371341109e+08
9.200000000000000000e+01 1.270000000000010000e+14 1.000000000000000000e+00 1.093816380835490376e+00 3.920985949726384090e-02 8.447487423657287775e-02 1.966942414824135107e-02 0.000000000000000000e+00 1.141785243671422867e+00 1.795457217613574685e-02 6.017785671081590652e+08 1.010875521497982442e+08
9.300000000000000000e+01 1.270000000000010000e+14 0.000000000000000000e+00 1.075750125363715393e+00 1.229515499783627314e-01 2.443917288086725759e-01 1.391506169991927055e-01 0.000000000000000000e+00 1.245179613462281010e+00 6.513683550100179964e-02 1.043467215285056472e+09 2.914242290677672625e+08
9.400000000000000000e+01 1.270000000000010000e+14 0.000000000000000000e+00 1.188373968176149598e+00 1.168921373633288602e-01 1.668657638070637217e-01 6.304714122497639961e-02 0.000000000000000000e+00 1.196491636141582715e+00 1.575864041502760271e-01 1.917538909731649399e+09 8.601460880467448235e+08
9.500000000000000000e+01 1.270000000000020000e+14 1.000000000000000000e+00 1.067119413369916225e+00 1.116247117933885473e-02 4.667181634221809899e-02 1.956947402790813837e-03 0.000000000000000000e+00 1.091042902970184025e+00 1.087866973719424542e-02 3.944295108756779432e+08 2.631480723610058799e+07
9.600000000000000000e+01 1.270000000000010000e+14 0.000000000000000000e+00 1.036510685636638174e+00 1.183948406152275090e-01 1.952652803949965765e-01 9.849506736623524217e-02 0.000000000000000000e+00 1.164090630884162980e+00 5.763746398498731383e-02 7.126153918449670076e+08 1.453029400706320405e+08
9.700000000000000000e+01 1.270000000000010000e+14 0.000000000000000000e+00 1.036580088425037793e+00 5.237735316911524414e-02 7.953465854797571455e-02 1.165344896445484092e-02 0.000000000000000000e+00 1.102511877190694545e+00 3.076393705225037231e-02 5.568847822139283419e+08 6.629345031210327893e+07
9.800000000000000000e+01 1.270000000000010000e+14 0.000000000000000000e+00 1.331616864281613077e+00 1.769369241032699713e-01 2.436261548445699809e-01 1.380930854470750202e-01 0.000000000000000000e+00 1.307339501353643074e+00 2.246413828085325748e-01 2.844659015940652847e+09 2.266547448945065022e+09
9.900000000000000000e+01 1.270000000000010000e+14 1.000000000000000000e+00 1.023844718822288558e+00 2.657844833405784146e-02 6.878516286761340859e-02 6.953214035413253155e-03 0.000000000000000000e+00 1.197757592495227286e+00 2.554598329490686756e-02 5.195830275298676491e+08 4.173864932770771533e+07
1.000000000000000000e+02 1.270000000000010000e+14 0.000000000000000000e+00 2.321781616030660356e+00 2.429091014198349052e-01 2.552541059849610106e-01 8.309173957718368753e-02 0.000000000000000000e+00 2.012098525655344083e+00 2.897073571964983163e-01 2.872958465704140186e+09 1.200751933974459171e+09
1.010000000000000000e+02 1.270000000000020000e+14 0.000000000000000000e+00 1.284782079502606367e+00 1.695040596987625048e-01 2.758253772552001215e-01 1.999326562754575598e-01 0.000000000000000000e+00 1.461196869478780913e+00 6.048649101554350732e-02 4.256862484515867233e+08 6.253999864731775224e+07
1.020000000000000000e+02 1.270000000000010000e+14 1.000000000000000000e+00 1.083423805036307197e+00 2.278627798880782096e-02 7.381394064197972782e-02 1.070361218844627718e-02 0.000000000000000000e+00 1.051223789655529872e+00 3.543458237805792443e-02 5.123502882219277620e+08 1.367862543224822879e+08
1.030000000000000000e+02 1.270000000000010000e+14 0.000000000000000000e+00 1.143316969800673766e+00 7.855050337851293696e-02 1.455029990737279066e-01 3.671125095042659242e-02 0.000000000000000000e+00 1.061685917260032364e+00 8.626933227532605775e-02 1.512747761409385681e+09 5.093974486438043714e+08
1.040000000000000000e+02 1.270000000000010000e+14 0.000000000000000000e+00 1.014755940121191191e+00 1.303225863784623351e-01 1.786130962703629810e-01 6.904846884145905694e-02 0.000000000000000000e+00 1.023326173783459137e+00 5.955211707291582779e-02 5.820478315514779091e+08 1.468654562824244201e+08
1.050000000000000000e+02 1.270000000000010000e+14 0.000000000000000000e+00 1.204049866165437743e+00 1.016066574919866905e-01 9.780490435335487120e-02 1.689513333354060801e-02 0.000000000000000000e+00 1.022055936123531072e+00 2.434686108877499866e-02 4.886269261895560622e+08 7.083626117363366485e+07
1.060000000000000000e+02 1.270000000000010000e+14 0.000000000000000000e+00 1.125149257604294517e+00 6.500043666519486618e-02 1.863113895326380942e-01 5.483436019180585458e-02 0.000000000000000000e+00 1.363134770945987118e+00 6.906224282527990976e-02 1.388183340407052517e+09 6.680540888395730257e+08
1.070000000000000000e+02 1.270000000000010000e+14 1.000000000000000000e+00 1.104784526226336494e+00 1.508238099051396712e-02 5.409873054102248141e-02 8.893609187589390438e-03 0.000000000000000000e+00 1.228731919556776964e+00 2.351772906000161936e-02 4.900345345263497233e+08 1.216204711278124601e+08
1.080000000000000000e+02 1.270000000000010000e+14 0.000000000000000000e+00 1.132245135722895757e+00 3.134199433444641303e-02 1.650953701492477166e-01 4.797834981797093751e-02 0.000000000000000000e+00 1.204596449101473565e+00 5.912315064470664155e-02 9.815987699201135635e+08 2.232485416864070296e+08
1.090000000000000000e+02 1.270000000000010000e+14 0.000000000000000000e+00 1.791152548915163178e+00 9.232157231101863204e-02 1.715967007698001034e-01 4.468349462377059489e-02 0.000000000000000000e+00 1.644641925507655200e+00 1.368912086916043713e-01 1.881004641264376879e+09 6.063523664326517582e+08
1.100000000000000000e+02 1.270000000000020000e+14 0.000000000000000000e+00 8.975996517260667051e-01 6.532056340239311698e-02 2.657647378468245281e-01 1.140814631245502392e-01 0.000000000000000000e+00 9.881234231241967647e-01 5.885849496513959056e-02 1.652477902736111403e+09 7.615483946645612717e+08
1.110000000000000000e+02 1.270000000000010000e+14 0.000000000000000000e+00 1.253781735555265842e+00 5.580505981001939592e-02 2.157258855805569142e-01 4.522613737679913315e-02 0.000000000000000000e+00 1.065317647521226263e+00 5.187092045489789804e-02 1.034744929959628344e+09 4.485843999707357883e+08
1.120000000000000000e+02 1.270000000000010000e+14 0.000000000000000000e+00 1.269702305799605968e+00 9.844258844002191922e-02 1.680246641170290156e-01 2.282844407793556407e-02 0.000000000000000000e+00 1.174724289643219732e+00 1.127201805967401743e-01 1.712246467016265154e+09 3.189367210036998987e+08
1.130000000000000000e+02 1.270000000000010000e+14 0.000000000000000000e+00 1.295589780367842003e+00 8.395235957543809024e-02 9.334343916286945431e-02 3.889903824731654608e-02 0.000000000000000000e+00 1.237482792654591268e+00 6.199037705464108955e-02 1.046882616795254707e+09 5.758859123098438978e+08
1.140000000000000000e+02 1.270000000000010000e+14 0.000000000000000000e+00 1.111491990882901293e+00 5.298855418097989101e-02 1.097681824259571920e-01 4.715527934849798875e-02 0.000000000000000000e+00 1.093683370254509457e+00 2.291100251684906330e-02 1.116850575474583626e+09 6.773508509335711002e+08
1.150000000000000000e+02 1.270000000000020000e+14 0.000000000000000000e+00 1.055318258286419120e+00 5.240097724623599129e-02 7.733319069192370887e-02 1.204890246265420337e-02 0.000000000000000000e+00 1.171339298282789931e+00 1.206200927395025164e-02 4.217513474865857363e+08 8.301157679950737953e+07
1.160000000000000000e+02 1.270000000000010000e+14 0.000000000000000000e+00 1.627999072292907856e+00 1.018314688095470384e-02 1.034922784995793571e-01 6.004364684817580997e-03 0.000000000000000000e+00 1.612762381005744761e+00 1.183956195799492662e-02 7.661011626935572624e+08 5.728306414692690969e+07
1.170000000000000000e+02 1.270000000000010000e+14 1.000000000000000000e+00 1.024522587758429415e+00 2.116302871209153197e-02 8.919816093688327785e-02 9.832725968640081832e-03 0.000000000000000000e+00 1.035314200137887219e+00 2.211426010839116427e-02 7.340791504284589291e+08 1.424625178833977580e+08
1.180000000000000000e+02 1.270000000000010000e+14 0.000000000000000000e+00 1.429470131695889545e+00 1.286363658597829696e-01 1.908431913286493531e-01 1.075476706682267358e-01 0.000000000000000000e+00 1.857452711246008858e+00 8.976404871111563766e-02 4.813631329827408195e+08 3.384564967849717289e+07
1.190000000000000000e+02 1.270000000000010000e+14 1.000000000000000000e+00 9.399252644333601081e-01 1.372217847439462929e-02 8.740609162919943387e-02 2.821459405650986185e-02 0.000000000000000000e+00 9.312786936516560532e-01 7.137549806305876210e-03 8.344508844458297491e+08 4.260907512134301066e+08
1.200000000000000000e+02 1.270000000000010000e+14 1.000000000000000000e+00 1.007704146040679483e+00 1.614521887059881464e-02 7.546487811170017601e-02 1.880629494423246423e-02 0.000000000000000000e+00 1.244030881489827545e+00 1.901344342599064346e-02 3.246580980523955226e+08 2.587460420127923787e+07
1.210000000000000000e+02 1.270000000000010000e+14 0.000000000000000000e+00 1.075052889726388461e+00 1.857916262307560962e-01 2.781778037787589475e-01 1.218433400002515848e-01 0.000000000000000000e+00 1.081467383860233999e+00 1.110010514743740018e-01 1.090463706622037172e+09 3.280701697217330337e+08
1.220000000000000000e+02 1.270000000000010000e+14 0.000000000000000000e+00 1.183532170277370899e+00 6.548245891705373189e-02 1.803917487175593637e-01 7.374581743092678554e-02 0.000000000000000000e+00 1.179983443393599396e+00 1.360358066857918491e-01 1.845592140895967484e+09 9.683242084233363867e+08
1.230000000000000000e+02 1.270000000000010000e+14 0.000000000000000000e+00 1.419297379811459647e+00 3.690058202968789919e-02 1.501501481245756942e-01 2.927284877800407498e-02 0.000000000000000000e+00 1.419310269852353867e+00 4.831321149984581925e-02 1.715758933908018112e+09 4.087385772387639880e+08
1.240000000000000000e+02 1.270000000000010000e+14 0.000000000000000000e+00 1.248469593384878840e+00 2.046675333207618463e-01 2.285601085381415432e-01 1.208290377077821109e-01 0.000000000000000000e+00 7.541617524862794797e-01 1.992786899563647185e-01 2.758385325205581665e+09 2.026619037152406693e+09
1.250000000000000000e+02 1.270000000000010000e+14 0.000000000000000000e+00 1.000042537325158243e+00 1.420257899662337175e-01 1.544268387114185459e-01 2.290392852824844200e-02 0.000000000000000000e+00 9.650819783694842835e-01 9.245485463430842821e-02 9.631831027079844475e+08 2.240626359338430762e+08
1.260000000000000000e+02 1.270000000000010000e+14 0.000000000000000000e+00 1.101230020491573924e+00 4.244578702561830480e-02 1.114122294161312698e-01 3.026232470775732514e-02 0.000000000000000000e+00 1.135987626376918858e+00 3.006774452723884675e-02 8.121397075135073662e+08 1.505634635688022971e+08
1.270000000000000000e+02 1.270000000000010000e+14 0.000000000000000000e+00 1.166145929709140106e+00 1.989384698469990470e-02 6.821590801262721049e-02 5.713377561166440959e-03 0.000000000000000000e+00 1.162360595313993716e+00 2.051199562671314827e-02 5.621294991769444942e+08 8.146775290466332436e+07
1.280000000000000000e+02 1.270000000000010000e+14 0.000000000000000000e+00 1.010083124074568905e+00 4.835794903227235569e-02 1.113858789379957859e-01 5.451656143759106565e-02 0.000000000000000000e+00 1.090829473018970930e+00 1.201848209221330864e-02 4.451865319178777933e+08 4.997626972794547677e+07
1.290000000000000000e+02 1.270000000000010000e+14 1.000000000000000000e+00 1.019008090089485341e+00 1.279238346024953732e-02 2.712753273783713448e-02 1.013228966254144754e-03 0.000000000000000000e+00 1.052112698175351913e+00 8.852134836757915778e-03 1.642098814564348459e+08 8.176479327591232955e+06
1.300000000000000000e+02 1.270000000000010000e+14 0.000000000000000000e+00 1.063766003336199306e+00 7.091701813682567412e-02 7.364763749091529643e-02 7.415512289519539391e-03 0.000000000000000000e+00 1.141634415196781882e+00 6.352555406585404241e-02 5.217607338540409803e+08 1.039706983236530870e+08
1.310000000000000000e+02 1.270000000000010000e+14 0.000000000000000000e+00 1.109151068354098602e+00 1.164856888703298399e-01 1.907876485873642725e-01 6.389871735364464900e-02 0.000000000000000000e+00 1.013090460738684140e+00 2.014729902069297418e-01 1.229107996088695049e+09 3.201805373363912106e+08
1.320000000000000000e+02 1.270000000000010000e+14 0.000000000000000000e+00 1.076209941275191984e+00 3.603185120434933275e-02 1.351629181578133665e-01 2.386794274470502297e-02 0.000000000000000000e+00 1.251398905280476148e+00 5.174656123584270295e-02 1.118247210209174395e+09 4.017783859860342741e+08
1.330000000000000000e+02 1.270000000000010000e+14 0.000000000000000000e+00 1.341677810475550237e+00 9.586897401120358930e-02 1.508764545109827493e-01 7.604345842927563714e-02 0.000000000000000000e+00 1.386936949567188826e+00 1.405593318997084284e-01 1.586399693405753851e+09 9.825643494985346794e+08
1.340000000000000000e+02 1.270000000000010000e+14 1.000000000000000000e+00 1.074847333143643890e+00 2.002199605454342904e-02 6.495086328542989951e-02 1.336421948697102437e-02 0.000000000000000000e+00 1.149237561385339168e+00 1.385131219533188192e-02 5.648113389922548532e+08 1.871348204984961748e+08
1.350000000000000000e+02 1.270000000000010000e+14 0.000000000000000000e+00 1.233293466753276002e+00 2.643532845390042171e-02 8.011999095880693866e-02 1.510226980311063331e-02 0.000000000000000000e+00 1.190541449078369673e+00 2.696212617180823029e-02 8.164948862427359819e+08 1.987807439259492457e+08
1.360000000000000000e+02 1.270000000000010000e+14 0.000000000000000000e+00 1.436863521473287220e+00 1.619913716284311078e-01 3.074668451964135962e-01 7.313896896348562326e-02 0.000000000000000000e+00 1.304386815625917517e+00 1.859365127350607605e-01 2.933600557637102604e+09 1.136132017076387405e+09
1.370000000000000000e+02 1.270000000000010000e+14 0.000000000000000000e+00 1.077260236719992381e+00 5.237781521990801659e-02 1.151031947415503132e-01 5.057246898214771968e-02 0.000000000000000000e+00 1.243229004105928848e+00 3.125140660798488013e-02 5.490698119708186388e+08 5.809976618705900759e+07
1.380000000000000000e+02 1.270000000000010000e+14 0.000000000000000000e+00 1.271407918584511298e+00 6.310174313882524477e-02 7.762362647437012764e-02 7.545001484572862703e-03 0.000000000000000000e+00 1.474806881477810583e+00 5.341831524495716660e-02 5.252249787783058286e+08 5.966768752000329643e+07
1.390000000000000000e+02 1.270000000000010000e+14 0.000000000000000000e+00 1.063378289506688779e+00 1.598417933651691825e-01 2.430563095141774765e-01 7.435989849582581857e-02 0.000000000000000000e+00 1.371688598265366821e+00 1.036137080415930473e-01 1.355628208010508060e+09 5.733000689580935240e+08
1.400000000000000000e+02 1.270000000000010000e+14 0.000000000000000000e+00 1.140273089196724099e+00 1.131877342660303765e-01 1.688637662000324058e-01 5.807560796752958554e-02 0.000000000000000000e+00 1.192541445093257213e+00 1.191306653631603457e-01 1.880969781132638931e+09 7.746974282484128475e+08
1.410000000000000000e+02 1.270000000000010000e+14 0.000000000000000000e+00 1.193404180646835400e+00 2.618303172998734385e-02 6.208543551183952347e-02 1.504909635765212979e-02 0.000000000000000000e+00 1.226764306599132270e+00 3.536406771084189826e-02 4.224570197067653537e+08 4.632303114946980029e+07
1.420000000000000000e+02 1.270000000000010000e+14 0.000000000000000000e+00 1.121063671159831632e+00 5.133443527905261899e-02 8.619557919871646823e-02 1.178880629034564920e-02 0.000000000000000000e+00 1.188005751157508838e+00 3.964706864971907080e-02 8.061113007848923206e+08 1.593885788804780841e+08
1.430000000000000000e+02 1.270000000000010000e+14 0.000000000000000000e+00 1.111545365034777522e+00 1.093578292092674958e-01 1.968564203014788461e-01 4.837392476144822262e-02 0.000000000000000000e+00 1.067468104994663269e+00 7.471670781878178569e-02 1.389808064845383406e+09 2.102877958406340480e+08
1.440000000000000000e+02 1.270000000000010000e+14 0.000000000000000000e+00 1.076121498680835842e+00 1.565933586247508780e-01 1.993110414155304377e-01 6.128737290002981425e-02 0.000000000000000000e+00 8.891689887010642002e-01 1.500913747258818542e-01 1.800332191516230106e+09 9.688407644146338701e+08
1.450000000000000000e+02 1.270000000000010000e+14 0.000000000000000000e+00 9.826074713794340498e-01 7.707579975640728442e-02 1.175649475708535341e-01 2.323440256445888016e-02 0.000000000000000000e+00 1.100643312931931517e+00 5.540115316648902555e-02 8.161960856747726202e+08 2.578811442143444121e+08
1.460000000000000000e+02 1.270000000000010000e+14 1.000000000000000000e+00 1.008367100311375664e+00 2.625404110773025407e-02 5.576662975008638695e-02 1.134002867095641395e-02 0.000000000000000000e+00 9.205812874966199377e-01 2.883090478798805770e-02 5.401624957898497581e+08 1.686906998990757763e+08
1.470000000000000000e+02 1.270000000000010000e+14 0.000000000000000000e+00 1.087044547746189638e+00 6.418451626884534578e-02 1.086232703123941185e-01 1.890639859984624346e-02 0.000000000000000000e+00 1.179179890259035357e+00 3.497115697155906561e-02 1.067774480165255785e+09 2.831042765266302228e+08
1.480000000000000000e+02 1.270000000000010000e+14 0.000000000000000000e+00 1.151919603663382086e+00 1.109540636601609870e-01 3.353389495063751613e-01 2.481933185415065302e-01 0.000000000000000000e+00 1.072037151369366503e+00 2.542306764841744185e-02 8.497401828565915823e+08 3.334738273439626694e+08
1.490000000000000000e+02 1.270000000000010000e+14 0.000000000000000000e+00 1.002807107861735769e+00 8.038470599164558583e-02 1.022983973825667137e-01 1.836375547374346703e-02 0.000000000000000000e+00 1.093626745920116328e+00 3.809085752874181996e-02 5.847426705011941195e+08 2.047653201474193931e+08
1.500000000000000000e+02 1.270000000000010000e+14 0.000000000000000000e+00 1.028058417113839607e+00 7.642694365049435001e-02 1.507052591176940848e-01 4.017972777679306579e-02 0.000000000000000000e+00 1.156841560167195304e+00 3.470031614606709086e-02 1.498279138877628803e+09 6.082409272637858391e+08
1.510000000000000000e+02 1.270000000000010000e+14 0.000000000000000000e+00 1.159944591365301481e+00 6.534661079895442981e-02 1.098424748778691201e-01 2.010768211235301750e-02 0.000000000000000000e+00 1.138896425705925308e+00 3.378511699464852025e-02 7.503615788848595619e+08 2.401798602837305367e+08
1.520000000000000000e+02 1.270000000000010000e+14 0.000000000000000000e+00 1.192062609519904282e+00 3.756171124432063774e-02 1.324989011961682783e-01 4.297780871743116932e-02 0.000000000000000000e+00 1.147961018187204640e+00 2.707134629708586940e-02 5.045104372972132564e+08 4.982157678641655296e+07
1.530000000000000000e+02 1.270000000000010000e+14 1.000000000000000000e+00 1.046972177296856765e+00 1.193882254615303770e-02 3.217337963988126104e-02 2.287877224953867826e-03 0.000000000000000000e+00 1.061802610814860381e+00 6.695107177767976175e-03 2.503282561038312316e+08 3.120838706348040700e+07
1.540000000000000000e+02 1.270000000000010000e+14 0.000000000000000000e+00 1.252251110214270824e+00 5.803237098961426532e-02 1.329268823643803832e-01 5.451798283039237247e-02 0.000000000000000000e+00 1.272902690880998389e+00 8.875569700679011853e-02 1.461019557084887743e+09 7.875787830303455591e+08
1.550000000000000000e+02 1.270000000000010000e+14 1.000000000000000000e+00 1.140057312845761839e+00 3.050609806872268959e-02 6.196305738540634767e-02 4.079864249576382884e-03 0.000000000000000000e+00 1.208393459779056434e+00 2.553358838017912025e-02 5.113499969102960825e+08 6.045723850511907786e+07
1.560000000000000000e+02 1.270000000000010000e+14 0.000000000000000000e+00 1.125428601192587807e+00 4.739770435324670850e-02 1.222606422713248542e-01 4.841725468496468204e-02 0.000000000000000000e+00 1.148034088832284416e+00 5.427684010786124752e-02 1.260504546877932787e+09 6.595223639513397217e+08
1.570000000000000000e+02 1.270000000000010000e+14 0.000000000000000000e+00 1.008617301271149902e+00 5.571554049666979647e-02 9.232143251920402194e-02 2.081720517817336330e-02 0.000000000000000000e+00 1.300961021400462103e+00 4.509510348203292496e-02 9.337893898945230246e+08 3.349771917765418887e+08
1.580000000000000000e+02 1.270000000000010000e+14 0.000000000000000000e+00 1.058212510896689773e+00 5.754747201210103080e-02 1.168612640573433725e-01 3.048798035638858317e-02 0.000000000000000000e+00 1.225499291801422697e+00 2.695520343660713636e-02 8.683664184987295866e+08 4.354659466241858006e+08
1.590000000000000000e+02 1.270000000000010000e+14 0.000000000000000000e+00 1.151143292474964719e+00 3.320353261773038162e-02 7.958307377193470089e-02 7.693407578099535453e-03 0.000000000000000000e+00 1.126533034276052669e+00 3.780019928612245173e-02 6.388156166557385921e+08 1.007155228337777108e+08
1.600000000000000000e+02 1.270000000000010000e+14 0.000000000000000000e+00 1.257828721224032664e+00 1.393535654691067938e-02 7.317714628872169780e-02 7.326772613843180772e-03 0.000000000000000000e+00 1.220527169106547571e+00 3.537184500800510945e-02 7.189578112834302187e+08 9.760797449240382016e+07
1.610000000000000000e+02 1.270000000000010000e+14 0.000000000000000000e+00 1.078625655118623072e+00 2.965622449879455960e-02 1.648628638950544734e-01 3.455106819761841891e-02 0.000000000000000000e+00 1.187081144953006540e+00 5.430929144109681445e-02 1.596856982347494602e+09 5.640641840585278273e+08
1.620000000000000000e+02 1.270000000000010000e+14 0.000000000000000000e+00 1.081438263945552203e+00 4.927461192386764499e-02 1.075177836595790498e-01 3.375954689779456230e-02 0.000000000000000000e+00 1.048102377211998171e+00 4.838633251205476382e-02 1.089707271875972986e+09 4.569460285238583088e+08
1.630000000000000000e+02 1.270000000000010000e+14 0.000000000000000000e+00 1.133587319707562990e+00 4.684132390675201096e-02 1.047355201719694512e-01 1.542048194201969119e-02 0.000000000000000000e+00 1.154985536676119029e+00 2.482607231411365981e-02 8.950637719729437828e+08 2.140037742173095942e+08
1.640000000000000000e+02 1.270000000000010000e+14 0.000000000000000000e+00 1.278650765779008047e+00 1.718401238710328960e-01 3.270279473360650502e-01 9.143636303591796965e-02 0.000000000000000000e+00 1.573468205018000665e+00 1.009110072088228588e-01 1.421484723592812777e+09 6.015641988144267797e+08
1.650000000000000000e+02 1.270000000000010000e+14 0.000000000000000000e+00 1.180472362467939629e+00 1.370887383937641722e-02 8.611631042898038046e-02 1.686894804359206912e-02 0.000000000000000000e+00 1.226417780038918659e+00 8.670594885530614332e-03 8.372678349030861855e+08 2.373411852457727492e+08
1.660000000000000000e+02 1.270000000000010000e+14 0.000000000000000000e+00 1.037390423771350711e+00 4.867753185998367760e-02 1.503102874670305678e-01 3.218348128396394947e-02 0.000000000000000000e+00 1.140500577132433024e+00 3.394965384752666321e-02 8.861943983416314125e+08 2.989453607375649810e+08
1.670000000000000000e+02 1.270000000000010000e+14 0.000000000000000000e+00 1.201146150202900165e+00 7.465029337707392021e-02 1.378573964180700440e-01 6.653794571922543033e-02 0.000000000000000000e+00 1.101822117566621850e+00 1.023757874580377286e-01 1.445880433029110193e+09 9.182593017933453321e+08
1.680000000000000000e+02 1.270000000000020000e+14 0.000000000000000000e+00 9.587261748742423872e-01 2.231200263594819988e-01 2.771768467125987900e-01 1.072389798266384503e-01 0.000000000000000000e+00 9.017894685311388381e-01 8.982162064971985216e-02 3.550615725126317143e+08 3.277146794083146751e+07
1.690000000000000000e+02 1.270000000000010000e+14 0.000000000000000000e+00 1.041406419001619454e+00 1.337864693732250254e-01 1.809398959356704473e-01 8.219603760975414952e-02 0.000000000000000000e+00 9.957556450663397341e-01 8.435182808610278138e-02 2.139956621687570572e+09 1.259688930179185629e+09
1.700000000000000000e+02 1.270000000000010000e+14 0.000000000000000000e+00 1.311319970653850531e+00 8.613724781854904811e-02 2.296261058954934542e-01 8.154429624066304727e-02 0.000000000000000000e+00 1.288176176962479325e+00 1.039208708768482731e-01 2.164917337981160164e+09 1.086767014514308453e+09
1.710000000000000000e+02 1.270000000000010000e+14 0.000000000000000000e+00 2.648983231942433569e+00 1.900620402810887510e-01 4.027677011861936496e-01 1.298939358374592568e-01 0.000000000000000000e+00 2.184000934353925505e+00 2.367181935092467215e-01 3.281973078943375111e+09 1.528871296132987022e+09
1.720000000000000000e+02 1.270000000000010000e+14 0.000000000000000000e+00 1.209112237535403533e+00 5.320158382097515959e-02 7.257493347994477262e-02 8.006810001733786347e-03 0.000000000000000000e+00 1.362040001359939412e+00 2.974242073319467022e-02 6.751289635167931318e+08 1.144241817370744795e+08
1.730000000000000000e+02 1.270000000000010000e+14 0.000000000000000000e+00 1.361124092178317424e+00 5.951203184861908468e-02 1.475249210779923659e-01 1.949711860447005812e-02 0.000000000000000000e+00 1.453562420851903791e+00 7.097670109369960678e-02 1.437098177102471113e+09 2.675255786810128391e+08
1.740000000000000000e+02 1.270000000000010000e+14 0.000000000000000000e+00 1.433914289283941823e+00 2.071314831736338069e-01 4.321827567256912306e-01 2.490666214804145850e-01 0.000000000000000000e+00 1.820401252067982645e+00 1.760893650715604775e-01 2.625403805348464489e+09 1.046924764974309921e+09
1.750000000000000000e+02 1.270000000000020000e+14 0.000000000000000000e+00 9.466181563805021737e-01 5.023263795351995409e-02 1.892335339740364164e-01 5.334071677668995870e-02 0.000000000000000000e+00 1.018777864500875152e+00 6.068475585532907141e-02 9.914975089049029350e+08 2.875830039848094583e+08
1.760000000000000000e+02 1.270000000000010000e+14 0.000000000000000000e+00 1.008085714088467588e+00 5.153036108829418815e-02 1.558471051780736805e-01 5.835404058708649339e-02 0.000000000000000000e+00 1.028873949619226513e+00 1.224803544132431476e-02 1.076485039768520594e+09 3.358842113970645070e+08
1.770000000000000000e+02 1.270000000000010000e+14 0.000000000000000000e+00 1.222364916549303349e+00 1.310596769983946586e-01 1.820819548284059453e-01 9.618012486681409845e-02 0.000000000000000000e+00 1.215779594883109604e+00 1.526633638734358756e-01 2.178465950458065510e+09 1.340740977438003063e+09
1.780000000000000000e+02 1.270000000000010000e+14 1.000000000000000000e+00 1.043191268275833083e+00 3.482676520005494047e-02 5.256380746734005266e-02 3.908565023577005061e-03 0.000000000000000000e+00 1.227371705882705388e+00 3.156864093284286049e-02 4.408221123956966996e+08 5.649551478104350716e+07
1.790000000000000000e+02 1.270000000000010000e+14 1.000000000000000000e+00 1.065136574359627719e+00 3.906788087360603401e-02 8.657546462559191636e-02 8.293707156666562524e-03 0.000000000000000000e+00 1.287041233411376995e+00 3.711399520176954236e-02 6.761549860032601357e+08 5.619965168281139433e+07
1.800000000000000000e+02 1.270000000000010000e+14 0.000000000000000000e+00 1.139544280842945456e+00 9.918445284525780059e-02 1.769350009510817778e-01 6.399951630697658933e-02 0.000000000000000000e+00 1.311653593357782643e+00 4.312006549531106209e-02 9.028493688904993534e+08 3.687295236617997885e+08
1.810000000000000000e+02 1.270000000000010000e+14 1.000000000000000000e+00 1.093262383345305899e+00 1.131100384479978571e-02 5.621696756091735386e-02 6.509312381511576408e-03 0.000000000000000000e+00 1.147608508494612378e+00 1.343436857628650845e-02 4.452185935948998332e+08 9.142657460258872807e+07
1.820000000000000000e+02 1.270000000000010000e+14 0.000000000000000000e+00 1.274383998555238096e+00 1.812164638731987298e-01 2.818597788899628309e-01 1.728659987230356521e-01 0.000000000000000000e+00 1.506715630072226197e+00 7.703788330070408807e-02 4.290022805687524080e+08 4.376620430431415886e+07
1.830000000000000000e+02 1.270000000000010000e+14 0.000000000000000000e+00 1.294617543415079508e+00 5.160933972070148174e-02 1.778459195322305286e-01 4.568903284860952735e-02 0.000000000000000000e+00 1.313898426002374276e+00 5.477206198031289025e-02 1.813255797285027027e+09 6.369289571603213549e+08
1.840000000000000000e+02 1.270000000000010000e+14 0.000000000000000000e+00 1.058673676332581470e+00 4.560804329873937440e-02 1.814069276578242906e-01 4.683396638908508131e-02 0.000000000000000000e+00 9.453162914080737167e-01 2.224444449183589009e-02 1.967338810635457754e+09 7.247767802966396809e+08
1.850000000000000000e+02 1.270000000000010000e+14 0.000000000000000000e+00 1.009151818239676812e+00 1.443871521673442126e-01 1.430759975212705926e-01 4.992918769622776282e-02 0.000000000000000000e+00 1.149250702173408190e+00 1.105136751213053881e-01 1.326300092766942739e+09 7.702491835917038918e+08
1.860000000000000000e+02 1.270000000000010000e+14 0.000000000000000000e+00 1.208222054340058138e+00 2.498898892911108338e-02 1.310542681571961188e-01 2.822437351030287686e-02 0.000000000000000000e+00 1.348722296067782267e+00 1.279126557072801131e-02 1.163482345672485590e+09 3.976683646146987677e+08
1.870000000000000000e+02 1.270000000000010000e+14 0.000000000000000000e+00 1.112939140244456393e+00 7.127600439802531107e-02 1.290333207380024161e-01 5.400268378106626299e-02 0.000000000000000000e+00 1.018908535591906084e+00 3.496202990894556328e-02 1.446596506476419687e+09 8.142392657075988054e+08
1.880000000000000000e+02 1.270000000000010000e+14 0.000000000000000000e+00 9.431663262260485681e-01 1.532833840475877896e-01 2.305752308683668150e-01 1.313823843460554808e-01 0.000000000000000000e+00 1.431736540963043813e+00 5.882930041435695950e-02 6.598587521634688377e+08 1.248800380539033711e+08
1.890000000000000000e+02 1.270000000000010000e+14 0.000000000000000000e+00 1.154832596422060487e+00 2.171737242372247939e-02 7.574480594975284420e-02 2.505695047194717723e-02 0.000000000000000000e+00 1.291410994488390251e+00 2.965173073130586076e-02 7.357211535711538792e+08 3.479484802840360403e+08
1.900000000000000000e+02 1.270000000000010000e+14 0.000000000000000000e+00 1.382538243483350637e+00 7.762804625036831552e-02 2.198231585574624003e-01 4.437286090771468822e-02 0.000000000000000000e+00 1.490554538378772609e+00 8.661483425252851365e-02 2.575153218998748779e+09 6.007379416196964979e+08
1.910000000000000000e+02 1.270000000000010000e+14 0.000000000000000000e+00 1.213422196085651494e+00 3.954036996231283241e-02 1.516227762881235397e-01 3.548966888161156352e-02 0.000000000000000000e+00 1.117761754903171756e+00 2.385739972892338481e-02 1.020040554925928712e+09 3.566021027867084146e+08
1.920000000000000000e+02 1.270000000000010000e+14 0.000000000000000000e+00 1.664931610312547328e+00 2.237824788860937608e-01 3.741569386126432639e-01 2.064145887627621967e-01 0.000000000000000000e+00 1.634480585032550559e+00 1.585678756000982459e-01 2.258751878768183231e+09 1.210742445524314165e+09
1.930000000000000000e+02 1.270000000000010000e+14 0.000000000000000000e+00 1.585758896987199851e+00 5.469609952430547206e-02 1.788573751062600692e-01 7.888571348058669164e-02 0.000000000000000000e+00 1.550051975896927114e+00 8.518591760252164358e-02 2.050645955153522253e+09 1.059077361270079613e+09
1.940000000000000000e+02 1.270000000000010000e+14 0.000000000000000000e+00 1.120758220113270864e+00 5.831948860267122808e-02 9.318741735073493571e-02 2.229384879824892682e-02 0.000000000000000000e+00 1.263463166474664057e+00 6.258643465804698824e-02 1.016245157190062642e+09 3.113529185238128304e+08
1.950000000000000000e+02 1.270000000000010000e+14 1.000000000000000000e+00 1.055229160331813132e+00 2.868674339832610540e-02 7.906362282737426639e-02 2.116300974477723987e-02 0.000000000000000000e+00 1.168739863209318219e+00 3.831185585751467615e-02 6.586267176955964565e+08 2.886382466605009437e+08
1.960000000000000000e+02 1.270000000000010000e+14 0.000000000000000000e+00 1.188493332353227405e+00 4.032587294243247106e-02 1.322698097480454194e-01 2.198331353427079513e-02 0.000000000000000000e+00 1.190855309208946444e+00 5.324604299797307955e-02 9.886102343939354420e+08 2.797060331244256496e+08
1.970000000000000000e+02 1.270000000000010000e+14 0.000000000000000000e+00 1.201804689184024832e+00 4.797786768985727590e-02 1.194334886848827937e-01 1.811256958710041887e-02 0.000000000000000000e+00 1.352146857452559470e+00 7.545415939013856710e-02 1.308589663924951792e+09 2.523971983251946568e+08
1.980000000000000000e+02 1.270000000000010000e+14 0.000000000000000000e+00 1.103543587245687352e+00 6.021311321301057312e-02 7.689180169519325980e-02 1.375499295679524607e-02 0.000000000000000000e+00 1.261064780210599645e+00 6.232465793378232782e-02 7.562993570120301247e+08 1.810453603785436451e+08
1.990000000000000000e+02 1.270000000000010000e+14 0.000000000000000000e+00 1.015650652681481025e+00 1.519549326819579493e-01 2.465891583688047395e-01 1.805242467643862481e-01 0.000000000000000000e+00 9.755202714931948682e-01 4.468069097522330002e-02 3.769117263450073600e+08 4.212254508506394178e+07
2.000000000000000000e+02 1.270000000000010000e+14 0.000000000000000000e+00 1.102655876144802871e+00 4.080403706163623911e-02 1.422787331445404257e-01 4.312218623800105621e-02 0.000000000000000000e+00 1.073266752353225773e+00 5.070394397992011165e-02 1.334246006663091898e+09 6.545683060961414576e+08
2.010000000000000000e+02 1.270000000000010000e+14 0.000000000000000000e+00 1.613870540028260026e+00 6.781488620926261202e-02 1.421159234908338231e-01 5.947168794404833481e-02 0.000000000000000000e+00 1.620018095168149985e+00 8.790511864472376480e-02 1.519064430321282864e+09 7.348372768072991371e+08
2.020000000000000000e+02 1.270000000000010000e+14 1.000000000000000000e+00 1.017578264096997476e+00 9.503806507184452482e-03 4.831003132488851520e-02 3.416308552766617913e-03 0.000000000000000000e+00 1.177265024037418506e+00 1.681397468858716882e-02 4.199732305543921590e+08 4.743841737828318775e+07
2.030000000000000000e+02 1.270000000000010000e+14 0.000000000000000000e+00 1.175008024193207268e+00 6.250231632837564832e-02 1.561515862011715050e-01 3.328256103681138250e-02 0.000000000000000000e+00 1.128551395261805812e+00 8.165410030558747922e-02 1.801134703890071630e+09 4.650078062833579183e+08
2.040000000000000000e+02 1.270000000000010000e+14 0.000000000000000000e+00 1.090703535202141250e+00 9.068950372228669343e-02 1.645703896152937162e-01 5.287512577076466241e-02 0.000000000000000000e+00 1.228706635281337833e+00 7.840927730319069422e-02 1.226380844421233654e+09 2.591943844667103291e+08
2.050000000000000000e+02 1.270000000000010000e+14 1.000000000000000000e+00 1.131717470170912065e+00 2.287404258627238895e-02 8.815105868914081821e-02 1.458933540541797018e-02 0.000000000000000000e+00 1.091844578741838490e+00 2.725576907264473311e-02 6.253656114428335428e+08 6.508073212545285374e+07
2.060000000000000000e+02 1.270000000000010000e+14 0.000000000000000000e+00 1.195411466982011062e+00 3.263117990433517246e-02 7.230130309736208793e-02 8.741749354130625912e-03 0.000000000000000000e+00 1.192196649720043578e+00 2.522172442461041719e-02 4.613501305953387618e+08 7.992082630932511389e+07
2.070000000000000000e+02 1.270000000000010000e+14 0.000000000000000000e+00 1.092411791218409256e+00 5.477511863258167218e-02 1.279078640269413758e-01 4.023648704482727517e-02 0.000000000000000000e+00 1.101577678495994528e+00 2.499431352885711499e-02 1.317670181592256069e+09 5.749824912367477417e+08
2.080000000000000000e+02 1.270000000000010000e+14 0.000000000000000000e+00 1.269420445140779119e+00 1.712474069527134268e-01 2.178979632480587680e-01 1.038089370594236782e-01 0.000000000000000000e+00 1.677687357574385363e+00 1.444269640449301895e-01 1.426540467263139009e+09 5.228524143764671087e+08
2.090000000000000000e+02 1.270000000000010000e+14 0.000000000000000000e+00 1.284077783702250342e+00 1.170086037100481619e-01 1.504192740868830480e-01 1.064477210026796156e-01 0.000000000000000000e+00 1.242294089522119283e+00 1.548940906906779991e-01 1.832538243817528486e+09 1.494788115405167818e+09
2.100000000000000000e+02 1.270000000000010000e+14 0.000000000000000000e+00 1.180725400997264529e+00 4.709092770517978033e-02 1.447042900081900174e-01 3.941960141960142161e-02 0.000000000000000000e+00 1.200544808078532366e+00 7.330334924590570234e-02 1.671645226753365040e+09 5.492676874430242777e+08
2.110000000000000000e+02 1.270000000000010000e+14 0.000000000000000000e+00 1.436553621893901234e+00 2.991616632500931905e-02 1.205784902826764066e-01 2.221152259554895481e-02 0.000000000000000000e+00 1.482841882871864581e+00 3.250499835074517618e-02 9.840558287532327175e+08 3.038829437965733409e+08
2.120000000000000000e+02 1.270000000000010000e+14 0.000000000000000000e+00 1.187499327091912082e+00 4.744644432511577192e-02 1.484928492509030584e-01 2.470813331487794334e-02 0.000000000000000000e+00 1.229042122911057300e+00 3.085002067871781342e-02 1.339948345581922770e+09 3.608610064800995588e+08
2.130000000000000000e+02 1.270000000000010000e+14 1.000000000000000000e+00 9.880940890300504709e-01 3.930909082063557825e-02 9.062533543342840558e-02 1.448512196160231524e-02 0.000000000000000000e+00 1.138117701383590585e+00 1.360078212029837766e-02 5.644965132281622887e+08 1.642791008475452662e+08
2.140000000000000000e+02 1.270000000000010000e+14 1.000000000000000000e+00 1.109950485534233033e+00 2.101302210934515718e-02 7.885777315185626968e-02 8.655159876767638469e-03 0.000000000000000000e+00 1.425310117935608911e+00 2.540175548488573035e-02 8.100315692433865070e+08 1.330020428478705585e+08
2.150000000000000000e+02 1.270000000000010000e+14 0.000000000000000000e+00 1.267913268467264709e+00 1.440974300939511787e-01 1.346804924270263992e-01 3.070046496909563383e-02 0.000000000000000000e+00 1.440186746412998930e+00 1.547739728267806536e-01 1.168992845980301380e+09 4.334550947207511663e+08
2.160000000000000000e+02 1.270000000000010000e+14 1.000000000000000000e+00 1.024194190165397256e+00 1.333188273337971609e-02 5.872116883813439936e-02 6.269932434949084324e-03 0.000000000000000000e+00 1.130806470569279520e+00 1.412655422084048429e-02 4.068712912097835541e+08 5.063680693516344577e+07
2.170000000000000000e+02 1.270000000000010000e+14 0.000000000000000000e+00 1.053579133065079665e+00 4.166841865139861434e-02 6.910883185423742636e-02 7.686552481153177338e-03 0.000000000000000000e+00 1.237499136946378142e+00 1.249672107754018317e-02 5.228744357515303493e+08 1.084704585561829358e+08
2.180000000000000000e+02 1.270000000000010000e+14 0.000000000000000000e+00 1.136988404523900265e+00 1.504758994469605482e-01 3.753622920435814025e-01 2.654438393191257961e-01 0.000000000000000000e+00 1.400198923948637875e+00 6.972583705199857096e-02 1.233920765291325808e+09 3.608886811889978051e+08
2.190000000000000000e+02 1.270000000000010000e+14 0.000000000000000000e+00 1.145038021864252631e+00 1.933184490747993575e-02 1.282379989858752900e-01 3.819766723225422045e-02 0.000000000000000000e+00 1.203590300368950095e+00 1.990033297021564715e-02 6.269036907055146694e+08 1.210250571324430853e+08
2.200000000000000000e+02 1.270000000000010000e+14 0.000000000000000000e+00 9.744794334310278305e-01 2.629448874640554212e-01 2.853173113137772443e-01 8.036972031314004727e-02 0.000000000000000000e+00 1.457640345983537866e+00 2.684468971261547154e-01 2.740078104318406582e+09 2.014172024741852283e+09
2.210000000000000000e+02 1.270000000000010000e+14 1.000000000000000000e+00 1.144971252110551507e+00 1.952905753075577858e-02 8.468001019885046388e-02 1.527535540010144591e-02 0.000000000000000000e+00 1.128176900173746500e+00 1.208524681191603008e-02 5.330860123709986806e+08 1.588408805585996509e+08
2.220000000000000000e+02 1.270000000000010000e+14 0.000000000000000000e+00 1.058108037610352214e+00 1.336912329972187730e-01 1.630583372506604067e-01 8.637355180231712226e-02 0.000000000000000000e+00 1.059560203459705585e+00 1.194514966240638604e-01 1.983756209302094936e+09 1.417548240179677010e+09
2.230000000000000000e+02 1.270000000000010000e+14 1.000000000000000000e+00 1.128834532754686926e+00 3.225171280309382937e-02 6.190917050003278549e-02 1.680835122702596315e-02 0.000000000000000000e+00 1.151181189066835309e+00 2.966831705562291213e-02 3.110581374012876153e+08 3.519685884916853160e+07
2.240000000000000000e+02 1.270000000000010000e+14 0.000000000000000000e+00 1.378579811947575617e+00 5.100573218706548617e-02 1.559921688449997790e-01 6.638304135384803795e-02 0.000000000000000000e+00 1.335672694888862644e+00 9.178659211487820435e-02 1.540687871744485140e+09 9.271329956776834726e+08
2.250000000000000000e+02 1.270000000000010000e+14 0.000000000000000000e+00 1.139958129162250478e+00 5.088379252753680478e-03 1.025255283089521602e-01 3.764882904749409370e-02 0.000000000000000000e+00 1.072722062952931710e+00 1.002070401472129890e-02 1.114716861415874004e+09 5.158832300637407899e+08
2.260000000000000000e+02 1.270000000000010000e+14 1.000000000000000000e+00 1.066781240264388364e+00 2.414185612794804772e-02 7.584962617681446917e-02 9.961260585416624458e-03 0.000000000000000000e+00 1.274343757511432251e+00 1.717835837017674810e-02 5.889663309478213787e+08 7.383392221921680868e+07
2.270000000000000000e+02 1.270000000000010000e+14 0.000000000000000000e+00 1.130311846014888211e+00 3.197091484837150804e-02 1.458766414690097768e-01 6.187146955001297799e-02 0.000000000000000000e+00 1.174497204447884968e+00 3.690785847327892472e-02 1.698922137393731356e+09 9.126005519873076677e+08
2.280000000000000000e+02 1.270000000000010000e+14 0.000000000000000000e+00 1.377896474509695990e+00 2.317731733240082082e-01 1.771993534827106531e-01 6.277984812309768403e-02 0.000000000000000000e+00 1.227325040086339136e+00 2.911551850689834686e-01 1.949235612985702515e+09 7.796434243490334749e+08
2.290000000000000000e+02 1.270000000000010000e+14 0.000000000000000000e+00 1.100887454097521312e+00 1.131637278232169030e-01 1.619311933048277197e-01 8.995381138527584752e-02 0.000000000000000000e+00 1.267071811432771700e+00 6.435019707749081719e-02 5.962303840432913303e+08 9.201978653377741575e+07
2.300000000000000000e+02 1.270000000000010000e+14 0.000000000000000000e+00 1.176216156498828935e+00 6.140533551787454025e-02 1.196826797992366492e-01 2.638611992674095089e-02 0.000000000000000000e+00 1.280224394138141042e+00 4.609740461611453594e-02 9.359644761368732452e+08 2.108281322374893129e+08
2.310000000000000000e+02 1.270000000000010000e+14 0.000000000000000000e+00 1.136433658022323545e+00 4.365103549065088573e-02 1.168109309608282159e-01 4.348485998330424429e-02 0.000000000000000000e+00 1.180627820726526611e+00 3.105689155445467281e-02 4.245485575333627462e+08 6.554468787156952918e+07
2.320000000000000000e+02 1.270000000000010000e+14 1.000000000000000000e+00 1.133821978326784441e+00 2.597622476353344048e-02 7.885797869932978377e-02 1.226473690128336395e-02 0.000000000000000000e+00 1.117340974421406008e+00 1.371747316829265671e-02 4.345655306471219659e+08 2.774359705300612748e+07
2.330000000000000000e+02 1.270000000000010000e+14 1.000000000000000000e+00 1.117463732970065848e+00 1.745793919716783632e-02 7.159594405309299692e-02 2.525713892573070926e-02 0.000000000000000000e+00 1.286075752282056284e+00 2.185512134954424590e-02 7.358168927354071140e+08 3.332266996128093004e+08
2.340000000000000000e+02 1.270000000000010000e+14 1.000000000000000000e+00 1.090735321379210587e+00 2.416846790484098242e-02 7.288255672501488258e-02 1.055281105413224431e-02 0.000000000000000000e+00 1.085830824924589821e+00 1.616179890015618376e-02 5.628810335826911926e+08 1.387931823163479567e+08
2.350000000000000000e+02 1.270000000000010000e+14 0.000000000000000000e+00 1.022565266169753961e+00 1.726837593358054868e-01 1.885033234281402459e-01 9.723860451052446230e-02 0.000000000000000000e+00 9.256344654303960695e-01 1.432251222463911677e-01 2.055355388283441782e+09 1.501225040437669754e+09
2.360000000000000000e+02 1.270000000000010000e+14 0.000000000000000000e+00 1.003264877810275513e+00 2.862668955192693154e-01 2.305179347735600570e-01 5.921213458618698744e-02 0.000000000000000000e+00 1.431991570860324803e+00 1.864656590065730812e-01 2.102513070396857262e+09 1.622503911643703699e+09
2.370000000000000000e+02 1.270000000000010000e+14 0.000000000000000000e+00 9.324909371963607807e-01 7.698402950786369103e-02 1.215230944794761653e-01 5.415451369276647053e-02 0.000000000000000000e+00 1.078007740449497653e+00 3.579788066285473358e-02 1.363034550514326334e+09 8.810606859396039248e+08
2.380000000000000000e+02 1.270000000000010000e+14 0.000000000000000000e+00 1.291524700653871482e+00 2.986766804190774116e-02 1.345747484369991601e-02 1.730519782033653571e-03 0.000000000000000000e+00 1.297150229527299414e+00 1.557645988953091677e-02 1.316341446948976964e+08 1.350329132301322743e+07
2.390000000000000000e+02 1.270000000000010000e+14 0.000000000000000000e+00 1.031221941965011935e+00 6.929845461612768598e-02 1.559452323314177435e-01 5.719128637753368577e-02 0.000000000000000000e+00 1.057233127169609377e+00 8.348726516907226114e-02 1.437673150881188869e+09 8.401977807591127157e+08
2.400000000000000000e+02 1.270000000000010000e+14 0.000000000000000000e+00 1.040274679908597122e+00 1.339490236926305922e-01 1.380864482467745180e-01 4.154777220812953115e-02 0.000000000000000000e+00 1.312366584591320384e+00 1.097642247069037097e-01 1.476224101461495876e+09 6.007033846175465584e+08
2.410000000000000000e+02 1.270000000000010000e+14 0.000000000000000000e+00 1.112047159992641365e+00 5.075665764186459289e-02 1.182842338223227957e-01 3.896480827086596516e-02 0.000000000000000000e+00 9.925836773219316456e-01 6.856511267236310714e-02 1.105763476021295309e+09 5.537331298614963293e+08
2.420000000000000000e+02 1.270000000000010000e+14 0.000000000000000000e+00 1.202128485105362188e+00 4.562083868297046180e-02 9.179485204929958841e-02 1.746088781350205524e-02 0.000000000000000000e+00 1.128529489224918914e+00 5.671348413976256414e-02 8.785734594679007530e+08 2.408909988380766511e+08
2.430000000000000000e+02 1.270000000000010000e+14 0.000000000000000000e+00 9.783059491716965539e-01 5.856276983112961021e-02 1.198314096254342181e-01 3.941292856064038813e-02 0.000000000000000000e+00 1.192598772664474227e+00 4.170871520235910207e-02 1.195041877514699697e+09 6.185867040833834410e+08
2.440000000000000000e+02 1.270000000000010000e+14 0.000000000000000000e+00 9.308920408986918194e-01 2.316475446247146519e-01 2.672593022360485460e-01 1.080675235440072685e-01 0.000000000000000000e+00 1.039485631420465017e+00 7.258845128780233580e-02 6.587453520179506540e+08 1.427889801843488514e+08
2.450000000000000000e+02 1.270000000000020000e+14 0.000000000000000000e+00 1.115092416518526086e+00 4.428899793890380548e-02 1.186104928185152535e-01 3.643423491805996423e-02 0.000000000000000000e+00 1.046319890125536167e+00 7.387014008251990838e-02 1.119034071833958149e+09 4.839924669094229937e+08
2.460000000000000000e+02 1.270000000000010000e+14 1.000000000000000000e+00 1.126043298000700021e+00 1.208121994078245609e-02 6.870880591847622343e-02 6.828268840028605020e-03 0.000000000000000000e+00 1.119180749033758415e+00 1.773380740000271225e-02 5.275385309768616557e+08 3.348348758424556628e+07
2.470000000000000000e+02 1.270000000000010000e+14 0.000000000000000000e+00 1.088263034313101230e+00 6.080606634085446160e-02 9.773754783626507903e-02 4.809042333883986609e-02 0.000000000000000000e+00 1.125525206209079476e+00 4.822685948252780630e-02 1.127488193123041391e+09 7.438725460690959692e+08
2.480000000000000000e+02 1.270000000000010000e+14 1.000000000000000000e+00 9.675134944785982460e-01 2.841708354601004197e-02 9.991159249859742075e-02 1.609593970209403577e-02 0.000000000000000000e+00 1.206628352915076974e+00 2.719158180497948871e-02 5.908465285776500702e+08 1.121173807949232608e+08
2.490000000000000000e+02 1.270000000000010000e+14 1.000000000000000000e+00 1.035028941631819244e+00 3.087959015292558035e-02 7.464600803456296341e-02 1.477666810543706334e-02 0.000000000000000000e+00 1.114526776920987672e+00 3.979209484513361594e-02 6.864897428312160969e+08 2.094745305671481788e+08
2.500000000000000000e+02 1.270000000000010000e+14 0.000000000000000000e+00 1.200117442182690564e+00 3.025090565868216938e-02 7.139997691879354513e-02 1.576719861597774761e-02 0.000000000000000000e+00 1.093173591274675394e+00 4.289491401533633563e-02 5.422403594863785505e+08 7.352670690941999853e+07
2.510000000000000000e+02 1.270000000000010000e+14 1.000000000000000000e+00 1.094534274970426102e+00 2.780229104149650396e-02 7.502957336056922943e-02 1.749661253532155264e-02 0.000000000000000000e+00 1.150202015571639702e+00 2.674873414612935138e-02 5.340119617494509220e+08 2.520684177770223022e+08
2.520000000000000000e+02 1.270000000000010000e+14 0.000000000000000000e+00 1.745794732764964774e+00 7.402435935866540084e-02 1.917704440928946485e-01 6.238609089312545375e-02 0.000000000000000000e+00 1.824673795871055937e+00 1.021580666623356781e-01 1.419432551002031803e+09 8.563821149391750097e+08
2.530000000000000000e+02 1.270000000000010000e+14 0.000000000000000000e+00 1.146822655144209557e+00 1.012267304289274916e-01 1.447438986143438633e-01 3.971348017916569856e-02 0.000000000000000000e+00 9.183192512474844804e-01 7.285095901494662018e-02 1.100523657904616117e+09 6.439986257874419689e+08
2.540000000000000000e+02 1.270000000000010000e+14 1.000000000000000000e+00 1.046479543674870394e+00 2.603014840062276361e-02 5.484956397353367430e-02 3.287141107948426174e-03 0.000000000000000000e+00 1.226075688548786013e+00 1.628539361652934711e-02 3.721644191618147492e+08 4.793836068813874573e+07
2.550000000000000000e+02 1.270000000000010000e+14 0.000000000000000000e+00 1.151372225138150851e+00 5.689030366629490437e-02 1.220415351705071011e-01 3.802551888059033797e-02 0.000000000000000000e+00 1.252007996075017227e+00 4.718303053430956961e-02 7.561124874073401690e+08 2.310190943466250300e+08
2.560000000000000000e+02 1.270000000000010000e+14 0.000000000000000000e+00 1.130807943367761581e+00 8.048970928977418338e-02 1.396845931863166801e-01 5.739104890996454128e-02 0.000000000000000000e+00 1.362973624392125327e+00 4.859676964655676445e-02 6.679165100459970236e+08 1.147348096658028811e+08
2.570000000000000000e+02 1.270000000000010000e+14 0.000000000000000000e+00 1.128093230008607062e+00 1.037623435782100978e-01 9.623436367524149104e-02 1.715041417587832157e-02 0.000000000000000000e+00 1.152929924597572375e+00 7.100870794032192179e-02 6.265102746682631969e+08 2.178613813671319783e+08
2.580000000000000000e+02 1.270000000000010000e+14 0.000000000000000000e+00 1.030937687496037647e+00 5.236982068261264445e-02 1.266016579961888877e-01 3.314869786522937206e-02 0.000000000000000000e+00 1.085731378188866669e+00 3.805804544032923009e-02 7.039812646302541494e+08 9.138457537640206516e+07
2.590000000000000000e+02 1.270000000000010000e+14 0.000000000000000000e+00 1.167245333731008694e+00 3.849136617232566671e-02 1.257922851903718053e-01 3.391748722423033879e-02 0.000000000000000000e+00 1.264544202399287443e+00 2.816030707917757669e-02 6.755269478199167252e+08 1.310710314224288613e+08
2.600000000000000000e+02 1.270000000000010000e+14 1.000000000000000000e+00 9.351791283132556698e-01 1.447076773089586189e-02 5.904540482149409075e-02 4.438304700463857611e-03 0.000000000000000000e+00 1.147686852977322758e+00 2.123400944860002679e-02 3.340094958523473740e+08 3.172060861839111522e+07
2.610000000000000000e+02 1.270000000000010000e+14 0.000000000000000000e+00 1.078894889572189486e+00 3.279604740244957545e-02 2.561352627677696558e-01 9.061837642270294257e-02 0.000000000000000000e+00 9.501729688386866268e-01 4.629101193745458614e-02 1.061017590802031755e+09 3.611597938474882841e+08
2.620000000000000000e+02 1.270000000000010000e+14 0.000000000000000000e+00 2.070725759565712920e+00 1.459556155433563984e-01 2.559940415925226476e-01 3.873111164935044703e-02 0.000000000000000000e+00 2.071798425250601206e+00 2.040174821205882338e-01 2.165667832687263012e+09 5.448745425292392969e+08
2.630000000000000000e+02 1.270000000000010000e+14 0.000000000000000000e+00 1.176259197193643802e+00 1.050391644513825468e-01 1.467740984392871539e-01 6.957015828506069033e-02 0.000000000000000000e+00 1.084527205795848381e+00 9.695794582081898594e-02 1.606580677951960087e+09 1.062085191181044579e+09
2.640000000000000000e+02 1.270000000000010000e+14 0.000000000000000000e+00 1.484247734097828175e+00 1.901240061431234141e-01 2.169505218158800375e-01 8.316835349804342636e-02 0.000000000000000000e+00 1.448805708994021169e+00 2.221424796021497228e-01 2.364766215917847633e+09 1.233832733157486677e+09
2.650000000000000000e+02 1.270000000000010000e+14 0.000000000000000000e+00 1.037857435894860014e+00 6.968406858665469883e-02 1.829618542796063174e-01 4.896695127241367657e-02 0.000000000000000000e+00 1.226018950915350292e+00 5.846057746247831227e-02 2.101674796610922575e+09 8.016139602813683748e+08
2.660000000000000000e+02 1.270000000000010000e+14 0.000000000000000000e+00 1.021751674090211948e+00 5.932331361742962383e-02 1.027189756178280011e-01 3.150400433037022635e-02 0.000000000000000000e+00 1.104240212356936368e+00 2.398005884527585480e-02 9.935695997965841293e+08 4.461118791692622900e+08
2.670000000000000000e+02 1.270000000000010000e+14 0.000000000000000000e+00 1.016830327969015402e+00 1.055140086624404699e-01 2.806404005984568517e-01 1.968639776286825460e-01 0.000000000000000000e+00 1.161740124963326126e+00 3.685017846457397384e-02 5.070142837500357032e+08 6.848855663929851353e+07
2.680000000000000000e+02 1.270000000000010000e+14 1.000000000000000000e+00 1.016575879433439411e+00 2.033482827306633267e-02 6.399448683547702410e-02 7.689622969678512089e-03 0.000000000000000000e+00 1.218327844319439635e+00 3.581939609919691792e-02 5.467834945521901846e+08 1.084777375697480589e+08
2.690000000000000000e+02 1.270000000000010000e+14 0.000000000000000000e+00 9.665063585955357972e-01 1.123886704972394679e-01 2.076562356679754195e-01 1.135807470682291265e-01 0.000000000000000000e+00 1.019431292128075706e+00 3.162321920041641365e-02 4.483944458952657580e+08 1.572585983004553914e+08
2.700000000000000000e+02 1.270000000000010000e+14 0.000000000000000000e+00 1.929641183191500353e+00 6.123374006494215066e-02 1.736601886124400640e-01 3.897237750025000363e-02 0.000000000000000000e+00 1.659224775643768579e+00 5.267571760755216520e-02 2.018491718310320139e+09 6.122022081426137686e+08
2.710000000000000000e+02 1.270000000000010000e+14 1.000000000000000000e+00 1.085080866794106536e+00 2.838182883124804740e-02 4.877994145971691758e-02 2.148451406194375017e-03 0.000000000000000000e+00 1.109550608776774139e+00 1.541287624030106447e-02 3.845248560048106909e+08 1.866390262042455003e+07
2.720000000000000000e+02 1.270000000000020000e+14 0.000000000000000000e+00 1.143074921945916644e+00 2.312941261828534156e-01 3.536699531636328664e-01 1.748943252588918418e-01 0.000000000000000000e+00 1.149669085350372821e+00 1.996378584894119845e-01 2.787050441293408871e+09 1.854695436195000887e+09
2.730000000000000000e+02 1.270000000000010000e+14 0.000000000000000000e+00 1.199864448627330216e+00 1.727993625480410689e-01 1.838508929169554718e-01 4.560879676150555312e-02 0.000000000000000000e+00 1.193885462381320428e+00 1.853510494329278224e-01 1.913483832241710424e+09 6.576159448300502300e+08
2.740000000000000000e+02 1.270000000000010000e+14 1.000000000000000000e+00 1.103578385217026891e+00 3.393747525455863973e-02 6.046948192393268584e-02 6.089745695641136415e-03 0.000000000000000000e+00 1.276570234111161550e+00 2.361637617656603405e-02 4.596234674377355576e+08 8.870271943839214742e+07
2.750000000000000000e+02 1.270000000000010000e+14 0.000000000000000000e+00 1.257641316513088636e+00 2.071390626804053559e-01 4.595096317092735583e-01 3.324381822620584015e-01 0.000000000000000000e+00 1.503737796747802058e+00 2.351427025084866507e-02 9.889212026778432131e+08 3.921209543006687164e+08
2.760000000000000000e+02 1.270000000000010000e+14 0.000000000000000000e+00 1.167110895982326202e+00 1.484009997896727946e-02 5.542098362212817542e-02 5.850852466087190680e-03 0.000000000000000000e+00 1.172178469707514603e+00 8.621698062563161805e-03 4.637184737603590488e+08 7.673604894622685015e+07
2.770000000000000000e+02 1.270000000000010000e+14 0.000000000000000000e+00 9.112276193477973907e-01 3.378945188690801182e-01 4.234450597079433276e-01 2.567596032472932999e-01 0.000000000000000000e+00 1.182167581143515722e+00 1.118993719461880698e-01 6.608151748456068039e+08 2.760493492495551109e+08
2.780000000000000000e+02 1.270000000000010000e+14 0.000000000000000000e+00 9.873311499288301984e-01 1.356786953791920547e-01 4.807979832745561954e-01 2.153855565310411058e-01 0.000000000000000000e+00 9.111720385878246953e-01 1.615169198609126000e-01 2.213853727475197792e+09 1.699479397932125330e+09
2.790000000000000000e+02 1.270000000000010000e+14 0.000000000000000000e+00 1.804926174208629108e+00 7.926209922723508050e-02 3.149710968857291071e-01 7.311842972020435316e-02 0.000000000000000000e+00 1.712336463784518870e+00 9.612940067580598436e-02 4.105222575428474426e+09 1.181488504275928020e+09
2.800000000000000000e+02 1.270000000000010000e+14 0.000000000000000000e+00 2.482801870649987031e+00 1.006437949824948025e-01 1.203386163674896592e-01 2.044671883229463166e-02 0.000000000000000000e+00 2.356936579604373083e+00 1.240076275320197291e-01 1.026981350290136695e+09 2.677602316433725655e+08
2.810000000000000000e+02 1.270000000000010000e+14 0.000000000000000000e+00 9.180110084819358418e-01 1.252326123173492789e-01 2.876176688020196659e-01 1.030262790367558468e-01 0.000000000000000000e+00 1.209897102479692732e+00 3.781398612125167619e-02 8.485843044173353910e+08 2.556421171865478456e+08
2.820000000000000000e+02 1.270000000000010000e+14 1.000000000000000000e+00 1.146591200051296999e+00 1.676323306903089450e-02 6.556341916169494688e-02 6.462235317130421951e-03 0.000000000000000000e+00 1.100962492724254504e+00 1.689567170983853617e-02 4.569429208846060038e+08 8.826573500810749829e+07
2.830000000000000000e+02 1.270000000000010000e+14 0.000000000000000000e+00 9.932801991598264602e-01 2.308909885512064331e-01 1.598138424680837777e-01 4.882407999559532780e-02 0.000000000000000000e+00 1.181757554978255964e+00 1.862202642484509785e-01 1.309368169297362566e+09 9.492036073491860628e+08
2.840000000000000000e+02 1.270000000000010000e+14 0.000000000000000000e+00 1.077377729127851458e+00 9.628668489023622934e-02 1.486281181993949485e-01 4.311705129972358969e-02 0.000000000000000000e+00 1.147091830252463307e+00 9.867646592866639865e-02 1.650734258558091879e+09 7.372007169275033474e+08
2.850000000000000000e+02 1.270000000000010000e+14 1.000000000000000000e+00 1.056501728420125907e+00 1.434686482828175652e-02 8.181620583951139392e-02 1.363961475011854496e-02 0.000000000000000000e+00 1.189062806122549887e+00 2.239077176311203912e-02 6.714900891843850613e+08 1.967245505614966750e+08
2.860000000000000000e+02 1.270000000000010000e+14 0.000000000000000000e+00 1.155785574885743738e+00 6.264439957397310854e-02 9.671658046384994101e-02 9.581666485714524992e-03 0.000000000000000000e+00 1.160175920811745476e+00 6.052349365609161619e-02 8.301029063784993887e+08 1.278263382499892712e+08
2.870000000000000000e+02 1.270000000000010000e+14 0.000000000000000000e+00 1.128144667525205813e+00 8.638018181731348111e-02 1.249680176623005484e-01 1.770159284935112626e-02 0.000000000000000000e+00 1.231539554096423794e+00 9.857356343286799438e-02 9.241332964631280899e+08 2.361636027294090092e+08
2.880000000000000000e+02 1.270000000000010000e+14 0.000000000000000000e+00 1.429598061253211538e+00 1.178306243278701010e-01 1.826353349587448716e-01 9.455576780332776432e-02 0.000000000000000000e+00 1.492865555984969284e+00 1.235221434974717314e-01 1.834335291913814545e+09 1.319413467568803549e+09
2.890000000000000000e+02 1.270000000000010000e+14 0.000000000000000000e+00 9.076910632214393315e-01 1.966117148481670851e-01 3.014805200436973531e-01 1.595229897831256793e-01 0.000000000000000000e+00 1.109261763191108585e+00 1.728488420179755958e-01 1.800617781098129511e+09 6.415052983520556688e+08
2.900000000000000000e+02 1.270000000000010000e+14 1.000000000000000000e+00 1.058721697944069007e+00 3.800225297152266118e-02 8.414274445380977296e-02 7.859705097835805246e-03 0.000000000000000000e+00 1.188512356284175508e+00 2.652886866909417302e-02 7.551186438913239241e+08 1.003167188301336616e+08
2.910000000000000000e+02 1.270000000000010000e+14 0.000000000000000000e+00 1.135472307837153583e+00 8.171284359619830628e-02 1.776221526402748940e-01 5.400054732855372186e-02 0.000000000000000000e+00 9.877552380815742827e-01 8.760112150432564082e-02 2.009502336535426140e+09 8.183665965858745575e+08
2.920000000000000000e+02 1.270000000000010000e+14 0.000000000000000000e+00 1.142106963870232583e+00 6.620758711700459875e-02 2.058825623724227227e-01 7.418079477795465337e-02 0.000000000000000000e+00 1.247829879322481128e+00 1.084566777086866801e-01 2.629636554360810757e+09 1.197841450229537249e+09
2.930000000000000000e+02 1.270000000000010000e+14 1.000000000000000000e+00 1.053659816391044002e+00 3.127506328844668199e-02 9.567910850831681802e-02 3.221329058021035058e-02 0.000000000000000000e+00 1.054611386648190541e+00 2.046387904351996273e-02 4.743795517863588333e+08 6.805613614850537479e+07
2.940000000000000000e+02 1.270000000000010000e+14 0.000000000000000000e+00 1.137158238861677884e+00 9.554664845829045905e-02 2.299659255918223288e-01 1.246276688385054010e-01 0.000000000000000000e+00 1.211986439551959505e+00 3.037487817785869404e-02 6.799565229807170630e+08 2.393276349200672507e+08
2.950000000000000000e+02 1.270000000000010000e+14 0.000000000000000000e+00 1.156617851286044552e+00 1.673574110360289899e-02 8.312779235333883632e-02 1.576699466686697082e-02 0.000000000000000000e+00 1.148514904913334744e+00 2.352119662178504822e-02 6.728489522852221727e+08 2.215852385854353607e+08
2.960000000000000000e+02 1.270000000000010000e+14 0.000000000000000000e+00 1.196409936150173881e+00 1.460732490733220312e-01 1.465603451205112207e-01 8.990692182279677591e-02 0.000000000000000000e+00 1.132054622871045746e+00 1.924907145753581850e-01 1.506060392444528580e+09 1.146407436097175837e+09
2.970000000000000000e+02 1.270000000000010000e+14 0.000000000000000000e+00 1.046306391697301219e+00 9.189025547784383796e-02 1.437779647467077038e-01 5.134305170386072731e-02 0.000000000000000000e+00 1.152644031012668213e+00 5.891579247693144727e-02 1.592874698410364628e+09 7.171027115817010403e+08
2.980000000000000000e+02 1.270000000000010000e+14 0.000000000000000000e+00 1.040070286915772080e+00 1.417629781050818438e-01 2.525933204626743533e-01 1.753802245214959865e-01 0.000000000000000000e+00 1.321189735670819099e+00 6.645806489060039624e-02 7.060128932344636917e+08 2.031407495906426609e+08
2.990000000000000000e+02 1.270000000000010000e+14 1.000000000000000000e+00 1.087222029643724941e+00 1.147621207099968656e-02 4.265318934008650864e-02 3.568727314725480756e-03 0.000000000000000000e+00 1.148802371172251480e+00 1.104602559852131682e-02 3.239912845616958141e+08 2.020210264189201966e+07
3.000000000000000000e+02 1.270000000000020000e+14 0.000000000000000000e+00 9.756795528464509148e-01 4.086648355338148852e-02 9.442064231533831009e-02 1.794468256094294140e-02 0.000000000000000000e+00 1.262320631342692678e+00 4.136264469163052765e-02 9.937973601716245413e+08 2.939442436664723754e+08
3.010000000000000000e+02 1.270000000000010000e+14 0.000000000000000000e+00 1.132248897246723063e+00 4.922714771761169117e-02 1.170577869537381271e-01 3.556446934561292156e-02 0.000000000000000000e+00 1.216153628929388608e+00 2.196256292537827198e-02 1.054026586021184444e+09 5.521932144512509108e+08
3.020000000000000000e+02 1.270000000000010000e+14 0.000000000000000000e+00 1.146555521793813037e+00 9.257318525185678770e-02 1.911351715455911482e-01 6.259364733622857502e-02 0.000000000000000000e+00 1.356316517630774099e+00 6.433522697292234915e-02 9.203624802796269655e+08 2.493889035228961110e+08
3.030000000000000000e+02 1.270000000000010000e+14 0.000000000000000000e+00 1.161087904591592501e+00 1.671693859466812371e-01 2.747868251519368088e-01 1.018582788427571384e-01 0.000000000000000000e+00 1.194404367745404372e+00 1.281187305675991206e-01 2.606280941031084061e+09 1.746543555653805256e+09
3.040000000000000000e+02 1.270000000000010000e+14 0.000000000000000000e+00 1.478462739850529450e+00 2.080909624069628427e-01 2.272623789103375702e-01 8.205710783888628401e-02 0.000000000000000000e+00 1.490997571278376954e+00 2.380266409656520143e-01 2.511662224690054893e+09 1.079489333965245008e+09
3.050000000000000000e+02 1.270000000000010000e+14 0.000000000000000000e+00 1.151649968784649758e+00 1.319718437985386295e-01 2.130647494875090031e-01 1.437994618413844794e-01 0.000000000000000000e+00 9.784903518958774082e-01 1.421954255848680848e-01 2.692248083842071056e+09 2.102375405318431139e+09
3.060000000000000000e+02 1.270000000000010000e+14 0.000000000000000000e+00 1.107073408795235192e+00 4.382440715010952476e-02 8.835516066340190489e-02 2.574087580769619799e-02 0.000000000000000000e+00 1.254658771579358900e+00 4.372578873905057922e-02 8.001212218406741619e+08 3.442157242139163017e+08
3.070000000000000000e+02 1.270000000000010000e+14 0.000000000000000000e+00 9.752616681125947373e-01 1.229416279142681451e-01 1.856620188508601998e-01 5.685132857349755459e-02 0.000000000000000000e+00 1.118124464695997800e+00 8.632560590071189366e-02 8.352134253234032393e+08 2.005781912226852477e+08
3.080000000000000000e+02 1.270000000000010000e+14 0.000000000000000000e+00 1.393358246380776544e+00 5.141251848289073167e-02 1.499032316439041779e-01 3.166338491232171398e-02 0.000000000000000000e+00 1.426260462937206430e+00 9.045842682739230201e-02 1.641110351999637127e+09 4.216307620141172409e+08
3.090000000000000000e+02 1.270000000000010000e+14 0.000000000000000000e+00 1.183708399077402218e+00 1.272860314608387500e-01 1.565096601641065011e-01 7.466759264740492619e-02 0.000000000000000000e+00 1.230095735882445807e+00 1.222763896518471033e-01 1.811742364391042471e+09 1.039958524085880280e+09
3.100000000000000000e+02 1.270000000000010000e+14 0.000000000000000000e+00 9.363056204461867038e-01 1.583713357733735061e-01 2.116321743635947439e-01 1.105846513412012400e-01 0.000000000000000000e+00 1.375191172921324645e+00 6.689855576508625667e-02 9.569101997811152935e+08 3.535518613072434664e+08
3.110000000000000000e+02 1.270000000000010000e+14 0.000000000000000000e+00 9.978744477356639164e-01 6.731510593941097964e-02 1.800574749669064667e-01 8.566733296554052135e-02 0.000000000000000000e+00 1.212330270351158035e+00 2.273366414429253343e-02 8.208321882951896191e+08 2.215231659883265197e+08
3.120000000000000000e+02 1.270000000000010000e+14 0.000000000000000000e+00 1.083335138583406687e+00 3.646965472897703564e-02 1.310559922387240506e-01 2.635532110243889170e-02 0.000000000000000000e+00 1.074950645639460411e+00 8.407677304904523363e-02 1.049027461122112274e+09 3.746445901131013036e+08
3.130000000000000000e+02 1.270000000000010000e+14 0.000000000000000000e+00 1.040201374282885505e+00 5.622687207455017572e-02 1.402492199467003375e-01 7.893940892965668754e-02 0.000000000000000000e+00 1.169175834023772786e+00 5.374692274164547673e-02 5.819491082282180786e+08 1.100956601465327740e+08
3.140000000000000000e+02 1.270000000000010000e+14 0.000000000000000000e+00 1.038477749842020348e+00 7.706551602570921311e-02 6.917213198479738034e-02 1.332902582923043561e-02 0.000000000000000000e+00 1.040147738077570327e+00 5.135013520110314617e-02 3.817540661528080702e+08 3.290174366720094159e+07
3.150000000000000000e+02 1.270000000000010000e+14 0.000000000000000000e+00 1.266299619748548322e+00 8.344433478194300535e-02 1.632831908858197456e-01 6.251294796999642966e-02 0.000000000000000000e+00 1.225693901729208557e+00 8.460230941503468771e-02 1.657863904499321461e+09 8.637715037224774361e+08
3.160000000000000000e+02 1.270000000000010000e+14 0.000000000000000000e+00 1.889316671257612379e+00 4.546475756432547671e-02 9.593300144176811206e-02 2.011914011914011854e-02 0.000000000000000000e+00 2.053161801546127929e+00 5.971111901152282436e-02 8.925149998328827620e+08 2.703096668461182117e+08
3.170000000000000000e+02 1.270000000000010000e+14 1.000000000000000000e+00 9.756910246886759674e-01 2.565022580898940543e-02 9.929594636539616770e-02 1.988276058765345300e-02 0.000000000000000000e+00 1.298190684025216202e+00 5.498316693827789287e-02 8.520620819391739368e+08 3.236828998684250116e+08
3.180000000000000000e+02 1.270000000000010000e+14 0.000000000000000000e+00 9.616587790864058460e-01 2.298727618519959270e-02 1.664751399958135647e-01 6.157535123921756975e-02 0.000000000000000000e+00 1.146760196328595383e+00 2.255931596937581565e-02 8.117444209098929167e+08 1.447273878040261865e+08
3.190000000000000000e+02 1.270000000000010000e+14 1.000000000000000000e+00 1.036665230296517581e+00 2.173762447142807766e-02 6.055108112379835317e-02 4.580419580419580090e-03 0.000000000000000000e+00 1.091483147964284361e+00 1.845652089679512831e-02 4.071444066904777884e+08 6.594068178752204776e+07
3.200000000000000000e+02 1.270000000000010000e+14 1.000000000000000000e+00 1.089223640520541547e+00 1.761322734413286670e-02 5.079993201144584331e-02 8.172443434215232935e-03 0.000000000000000000e+00 1.172848983571184833e+00 2.480041014337555291e-02 5.021851625831656456e+08 1.065249812739583254e+08
3.210000000000000000e+02 1.270000000000010000e+14 0.000000000000000000e+00 1.327125330563342587e+00 8.901851627486100094e-02 1.280749628458486000e-01 5.987400041132846795e-02 0.000000000000000000e+00 1.365527095538623836e+00 1.100823500979768582e-01 1.355684989950978518e+09 7.741855850268326998e+08
3.220000000000000000e+02 1.270000000000010000e+14 0.000000000000000000e+00 1.119350180310704879e+00 4.251627009779310185e-02 8.094457892766707130e-02 9.334214099599984910e-03 0.000000000000000000e+00 1.102548836554456013e+00 4.266760496173582773e-02 6.776582571625415087e+08 1.263091866555231661e+08
3.230000000000000000e+02 1.270000000000010000e+14 0.000000000000000000e+00 1.109464857300873186e+00 7.782866444984939958e-02 1.305062186376467204e-01 2.086982551346549392e-02 0.000000000000000000e+00 1.187690353054853709e+00 6.509287178309612620e-02 8.291028631362843513e+08 1.894332969005555511e+08
3.240000000000000000e+02 1.270000000000010000e+14 0.000000000000000000e+00 1.182785024405938801e+00 1.669566541343347685e-02 5.774517564855313756e-02 4.584156046678571420e-03 0.000000000000000000e+00 1.074903937293915535e+00 1.787979998371107271e-02 4.948302778328050971e+08 6.073205442635777593e+07
