# rID[0] Hid[1]   R200: DS[2], eta[3], detla[4], fm[5], fm2[6];   R500: DS[7], eta[8], detla[9], fm[10], fm2[11]
1.000000000000000000e+00 1.280000000000010000e+14 0.000000000000000000e+00 1.113783968745069908e+00 1.203435338829125512e-01 1.910736921379904973e-01 5.762739667498302520e-02 0.000000000000000000e+00 9.884547389411119100e-01 1.259541984235356127e-01 1.902216403119405031e+09 8.830347322527711391e+08
2.000000000000000000e+00 1.280000000000010000e+14 0.000000000000000000e+00 1.072934844100550400e+00 4.083034791868561664e-02 1.120201395921657517e-01 3.612736105967190303e-02 0.000000000000000000e+00 1.113929756830533080e+00 3.820341450709829195e-02 7.964149565165817738e+08 1.933065567543166578e+08
3.000000000000000000e+00 1.280000000000010000e+14 0.000000000000000000e+00 9.892342206869386700e-01 1.729548133237689689e-01 3.283916180863465373e-01 2.142979658701669454e-01 0.000000000000000000e+00 1.187227473372033826e+00 4.709492828992929009e-02 1.121146277580045700e+09 1.948032828481316566e+08
4.000000000000000000e+00 1.280000000000010000e+14 0.000000000000000000e+00 1.121950779150856059e+00 1.876244047134242865e-01 2.199851203110979592e-01 5.943697768378982532e-02 0.000000000000000000e+00 1.047103904369766303e+00 1.653628163008585283e-01 1.913956735514218330e+09 9.464093111375250816e+08
5.000000000000000000e+00 1.280000000000010000e+14 0.000000000000000000e+00 1.686966340584776791e+00 1.859215985547029715e-01 2.315551984138536634e-01 1.091590794904422762e-01 0.000000000000000000e+00 1.577747407573935279e+00 2.548762965929590174e-01 2.472550477690061092e+09 1.322065188377228498e+09
6.000000000000000000e+00 1.280000000000010000e+14 0.000000000000000000e+00 3.430140372412695093e+00 6.129308462213880343e-02 1.325789953844604963e-01 2.359822224779219157e-02 0.000000000000000000e+00 3.127401659835076231e+00 7.052638294930660412e-02 1.350469866859215736e+09 2.881398910398721099e+08
7.000000000000000000e+00 1.280000000000010000e+14 0.000000000000000000e+00 1.162177141558238702e+00 5.128602429109727079e-02 1.055379766458960367e-01 2.583389971842569785e-02 0.000000000000000000e+00 1.164290464464788899e+00 5.687670309985144029e-02 1.032488113017898440e+09 3.476562700315304399e+08
8.000000000000000000e+00 1.280000000000010000e+14 0.000000000000000000e+00 1.000678794134516325e+00 7.645163194965094722e-02 3.370981051339982937e-01 8.293044041274828804e-02 0.000000000000000000e+00 1.231864683705613972e+00 9.786822817714056766e-02 2.671050634034390450e+09 1.676174897064911127e+09
9.000000000000000000e+00 1.280000000000010000e+14 1.000000000000000000e+00 1.066593070782912989e+00 2.985479871780321454e-02 7.718448860519934451e-02 8.197740305070148198e-03 0.000000000000000000e+00 1.093629064347738211e+00 8.915313226942844088e-03 6.609272558469749689e+08 1.160624255598538220e+08
1.000000000000000000e+01 1.280000000000010000e+14 0.000000000000000000e+00 1.863420057188585721e+00 1.079881279597746102e-01 1.721726170497178410e-01 7.572937356158769562e-02 0.000000000000000000e+00 1.681464902237909120e+00 1.159340595544058328e-01 1.756543862322246790e+09 1.086004938497661829e+09
1.100000000000000000e+01 1.280000000000010000e+14 0.000000000000000000e+00 9.663866070008704234e-01 5.560815156996896241e-02 3.758977423779305549e-01 1.411372037118411860e-01 0.000000000000000000e+00 9.349600601500211994e-01 9.051315631799089489e-02 1.523061073488227844e+09 5.386151399346947670e+08
1.200000000000000000e+01 1.280000000000010000e+14 0.000000000000000000e+00 1.079955021843483021e+00 1.274406162667323650e-01 1.916554747453025342e-01 3.536862939139039791e-02 0.000000000000000000e+00 1.366319092787838363e+00 1.515555520002318801e-01 1.378254282913188219e+09 3.722168403443977833e+08
1.300000000000000000e+01 1.280000000000010000e+14 0.000000000000000000e+00 1.016384135338220585e+00 1.105696906191541290e-01 1.900973864396382218e-01 5.691940539691327239e-02 0.000000000000000000e+00 1.488160490202455666e+00 1.369257207574976765e-01 1.128910835322760105e+09 2.654508574309414923e+08
1.400000000000000000e+01 1.280000000000010000e+14 0.000000000000000000e+00 1.245814787405789437e+00 1.901762939657855311e-01 2.490835614129232878e-01 1.170755259394672121e-01 0.000000000000000000e+00 9.135670895421819093e-01 2.249837691014648644e-01 3.875983325473022938e+09 3.099181759913240433e+09
1.500000000000000000e+01 1.280000000000010000e+14 0.000000000000000000e+00 1.457794950092353714e+00 8.071008193538803388e-02 1.355290470705400319e-01 1.970799353602164725e-02 0.000000000000000000e+00 1.532212959427582177e+00 1.018961146467533690e-01 1.127976182729907751e+09 2.496734523261190057e+08
1.600000000000000000e+01 1.280000000000010000e+14 0.000000000000000000e+00 1.995148044033459023e+00 1.167289712389353168e-01 2.109472281507864810e-01 4.336629277195967053e-02 0.000000000000000000e+00 1.821904794778795189e+00 1.163638911127914677e-01 1.927956137198990822e+09 6.331369567203407288e+08
1.700000000000000000e+01 1.280000000000010000e+14 0.000000000000000000e+00 9.861549428938782835e-01 8.801560090315142804e-02 2.734492557031552029e-01 1.879806999309628079e-01 0.000000000000000000e+00 1.139894582066775408e+00 2.851570911036021075e-02 5.755865788725126982e+08 9.666453029451303184e+07
1.800000000000000000e+01 1.280000000000010000e+14 0.000000000000000000e+00 1.019973556344819121e+00 6.061412362846702040e-02 1.306730866061013019e-01 6.299749019053342558e-02 0.000000000000000000e+00 1.025678415483158856e+00 2.514870548826765237e-02 5.176862933811702728e+08 9.847885272269298136e+07
1.900000000000000000e+01 1.280000000000010000e+14 0.000000000000000000e+00 1.142342529693668673e+00 5.164394643071192059e-02 1.362545461722746987e-01 2.378551172238618436e-02 0.000000000000000000e+00 1.193007549667014944e+00 5.708272612001545274e-03 1.000093628498485088e+09 3.883480890443735123e+08
2.000000000000000000e+01 1.280000000000020000e+14 0.000000000000000000e+00 1.058570345910499588e+00 2.955541540274411391e-02 1.012410028155596303e-01 1.872151017107907128e-02 0.000000000000000000e+00 1.275874061877695809e+00 5.380017937584864740e-02 1.003825352735511661e+09 2.920274592112705708e+08
2.100000000000000000e+01 1.280000000000010000e+14 0.000000000000000000e+00 1.019029700668525606e+00 2.920810799777986619e-02 1.398284246413543930e-01 2.070190053938041758e-02 0.000000000000000000e+00 1.030404067200054730e+00 4.048233521926597467e-02 9.447087037344638109e+08 2.521684044744258225e+08
2.200000000000000000e+01 1.280000000000010000e+14 0.000000000000000000e+00 1.185511248593747791e+00 5.145241574444028854e-02 1.079803898231709303e-01 3.221086283259515931e-02 0.000000000000000000e+00 1.308036482930019062e+00 2.686581584593636385e-02 4.335077724877206087e+08 2.622587431594257057e+07
2.300000000000000000e+01 1.280000000000010000e+14 0.000000000000000000e+00 1.067478368610115691e+00 8.655265691079401524e-02 1.881378511622916194e-01 3.962341474220523740e-02 0.000000000000000000e+00 1.339028729336921186e+00 4.665559284518025485e-02 1.434180627594702721e+09 6.432935437221827507e+08
2.400000000000000000e+01 1.280000000000010000e+14 0.000000000000000000e+00 1.155144786921406208e+00 3.419358796465001016e-02 9.244637629324112260e-02 1.175478065241844852e-02 0.000000000000000000e+00 1.183665011163144376e+00 4.948563340215689221e-02 8.596451197051099539e+08 1.560426270753090084e+08
2.500000000000000000e+01 1.280000000000010000e+14 0.000000000000000000e+00 1.244544021274164747e+00 7.398992604070329937e-02 1.220240598495917067e-01 3.318824341403511791e-02 0.000000000000000000e+00 1.072192005175645724e+00 4.464309803900673446e-02 1.060689047086451650e+09 5.031973021256951094e+08
2.600000000000000000e+01 1.280000000000010000e+14 0.000000000000000000e+00 1.109107851429906422e+00 1.215499510843698477e-01 1.956150428067566227e-01 9.024027506788009911e-02 0.000000000000000000e+00 1.201197424803016833e+00 1.278176476660520533e-01 7.591873779912658930e+08 2.207821680263195336e+08
2.700000000000000000e+01 1.280000000000010000e+14 0.000000000000000000e+00 1.220774408839750969e+00 5.401178089716679454e-02 1.313697502064432587e-01 2.464048237399302232e-02 0.000000000000000000e+00 1.334631663939639390e+00 6.197942589081345544e-02 1.235878603573359013e+09 3.324752190962761045e+08
2.800000000000000000e+01 1.280000000000010000e+14 0.000000000000000000e+00 1.111590364446381374e+00 2.489658851108309326e-02 1.076739694245217177e-01 1.093987972537862653e-02 0.000000000000000000e+00 1.041455373898795278e+00 9.334212341043441469e-03 8.338794997039008141e+08 1.103010399889004081e+08
2.900000000000000000e+01 1.280000000000010000e+14 0.000000000000000000e+00 1.209663101427617349e+00 2.680121883563601343e-02 8.173786323892254235e-02 1.001153368859040819e-02 0.000000000000000000e+00 1.355130248481984934e+00 1.876471109941464308e-02 6.667499174856336117e+08 1.433892173251646459e+08
3.000000000000000000e+01 1.280000000000010000e+14 0.000000000000000000e+00 1.254229078866633929e+00 2.051502712543909479e-02 7.049616921155502092e-02 6.502349670481646915e-03 0.000000000000000000e+00 1.374999223120507041e+00 1.280881437766731926e-02 5.780594503818949461e+08 8.952815895839622617e+07
3.100000000000000000e+01 1.280000000000010000e+14 0.000000000000000000e+00 1.057762921353615493e+00 1.508899776925046524e-02 1.260535332667601927e-01 2.072612282745666876e-02 0.000000000000000000e+00 1.295973443716948337e+00 3.693565357040197450e-02 1.058080603399021029e+09 1.857602046545144618e+08
3.200000000000000000e+01 1.280000000000010000e+14 0.000000000000000000e+00 1.130201234145433276e+00 3.208204710789499398e-02 1.484844295522683988e-01 2.824424219769153949e-02 0.000000000000000000e+00 1.181404674549044520e+00 3.764252943350483716e-02 1.380827762296098232e+09 3.095847005991982818e+08
3.300000000000000000e+01 1.280000000000010000e+14 0.000000000000000000e+00 1.068321141285522469e+00 7.311893455353005167e-02 1.511737689227042603e-01 6.074085907257015943e-02 0.000000000000000000e+00 1.292120962861770250e+00 1.296906167354004019e-02 8.783360081061412096e+08 2.489227629123277664e+08
3.400000000000000000e+01 1.280000000000010000e+14 0.000000000000000000e+00 1.276515622260693261e+00 8.295741241819939993e-02 1.645074017972119884e-01 6.427179137141209031e-02 0.000000000000000000e+00 1.362953221140187354e+00 6.101829919870981056e-02 9.076223977479057312e+08 3.676659802126280665e+08
3.500000000000000000e+01 1.280000000000010000e+14 0.000000000000000000e+00 1.124193594682824315e+00 3.470046867994709683e-02 1.331967150628036445e-01 2.047623844467002033e-02 0.000000000000000000e+00 1.283550383972469344e+00 1.551217895351652241e-02 9.261386815063153505e+08 1.489050562305093706e+08
3.600000000000000000e+01 1.280000000000010000e+14 0.000000000000000000e+00 1.155206514645901184e+00 2.784032574327781687e-02 1.135672450869049249e-01 9.741087926450042386e-03 0.000000000000000000e+00 1.277885748045497705e+00 1.061162189550040116e-02 1.060357422209214926e+09 1.339083131085289121e+08
3.700000000000000000e+01 1.280000000000010000e+14 0.000000000000000000e+00 1.205896445370978398e+00 3.724427697886002753e-02 1.167494498733618741e-01 1.289518318793401140e-02 0.000000000000000000e+00 1.260742350648519805e+00 1.766614165010824480e-02 1.097617961374163866e+09 1.879920053888779581e+08
3.800000000000000000e+01 1.280000000000010000e+14 0.000000000000000000e+00 6.200994073037215948e-01 1.045252428331559652e-01 7.854994249983354715e-02 9.744542867301968225e-03 0.000000000000000000e+00 1.064043912392623303e+00 4.473975970823556442e-02 4.784918763638347983e+08 5.663151803935572505e+07
3.900000000000000000e+01 1.280000000000010000e+14 1.000000000000000000e+00 1.030227954367393339e+00 1.461295761933583716e-02 6.919509149078563459e-02 4.582023407276822682e-03 0.000000000000000000e+00 1.281246314753536453e+00 1.979868672087517142e-02 5.278276304587817192e+08 5.069922243700285256e+07
4.000000000000000000e+01 1.280000000000010000e+14 0.000000000000000000e+00 1.173100483048251874e+00 1.985994337373899257e-02 1.863732248202051855e-01 4.841772044036947442e-02 0.000000000000000000e+00 1.189318838357855901e+00 7.874855198683236579e-02 1.658499256043537378e+09 5.297677680987006426e+08
4.100000000000000000e+01 1.280000000000010000e+14 0.000000000000000000e+00 1.172885259243692468e+00 9.132069554292715496e-03 9.797833897027982686e-02 2.050467373719216252e-02 0.000000000000000000e+00 1.247204154545547228e+00 2.441119709319260200e-02 7.644687245494742393e+08 2.833434124452653527e+08
4.200000000000000000e+01 1.280000000000010000e+14 0.000000000000000000e+00 1.063744204179815078e+00 1.314882667579407860e-01 2.020367415648411658e-01 8.143904491005969637e-02 0.000000000000000000e+00 1.130418356967160642e+00 9.081703472500507468e-02 2.236045852023305416e+09 1.301622636167222977e+09
4.300000000000000000e+01 1.280000000000010000e+14 0.000000000000000000e+00 1.201011548938853091e+00 9.709191711441880757e-02 2.110877519012870351e-01 6.775963729293675575e-02 0.000000000000000000e+00 1.116724178966719050e+00 1.307489405126940341e-01 2.012220966605228424e+09 9.438189567739931345e+08
4.400000000000000000e+01 1.280000000000010000e+14 0.000000000000000000e+00 1.169316911905429190e+00 1.797079249934526932e-02 1.746153581772891816e-01 5.701754661679540176e-02 0.000000000000000000e+00 1.168576047045770894e+00 2.129772038018032734e-02 1.998124759129531622e+09 7.868312006955559254e+08
4.500000000000000000e+01 1.280000000000010000e+14 1.000000000000000000e+00 1.039826742121882974e+00 3.396671470533393911e-02 9.633335801796440168e-02 6.986377922005467846e-03 0.000000000000000000e+00 1.339120178552868135e+00 1.024011322707594866e-02 5.247492357670331001e+08 5.906083365504706651e+07
4.600000000000000000e+01 1.280000000000010000e+14 0.000000000000000000e+00 1.048139583784214457e+00 4.134682047926406534e-02 1.484472466054463369e-01 4.272917937448298537e-02 0.000000000000000000e+00 1.063790466534430212e+00 5.934928779772806473e-02 1.122300398346166611e+09 4.916335427142987847e+08
4.700000000000000000e+01 1.280000000000030000e+14 0.000000000000000000e+00 1.350154203756948501e+00 7.355258132695814688e-02 5.532428442503707633e-02 2.188147037464423933e-02 0.000000000000000000e+00 1.663140516860420304e+00 7.360155018750470790e-02 5.233815636207343340e+08 2.073755957673762143e+08
4.800000000000000000e+01 1.280000000000010000e+14 0.000000000000000000e+00 9.989411376751790028e-01 8.883294901293692369e-02 1.174619080393379811e-01 5.498594461580525589e-02 0.000000000000000000e+00 1.164602042253460645e+00 4.144272380662381017e-02 4.760157914760165215e+08 1.417287425379752219e+08
4.900000000000000000e+01 1.280000000000010000e+14 0.000000000000000000e+00 2.614984028804933747e+00 1.325895468149807799e-01 1.934735409903481085e-01 4.550763201819105208e-02 0.000000000000000000e+00 2.313845437792422466e+00 1.582784409696564865e-01 2.017051440335622072e+09 6.083202894084002972e+08
5.000000000000000000e+01 1.280000000000010000e+14 0.000000000000000000e+00 1.108855761963770892e+00 7.225640153365206486e-02 1.789204347940241413e-01 7.967931349768901661e-02 0.000000000000000000e+00 1.159091552007925907e+00 6.708372085185124178e-02 9.877648421902234554e+08 2.360896515709632337e+08
5.100000000000000000e+01 1.280000000000010000e+14 0.000000000000000000e+00 1.241716769153766275e+00 1.478563939074726274e-01 3.039500795687738455e-01 1.766223415411720399e-01 0.000000000000000000e+00 1.526608007505056097e+00 1.004679973558998268e-01 1.227787993845279694e+09 1.909930245537445247e+08
5.200000000000000000e+01 1.280000000000010000e+14 1.000000000000000000e+00 1.138053355664773170e+00 1.193227560122388231e-02 6.937168884268826718e-02 1.040810862817606076e-02 0.000000000000000000e+00 1.127571796800183490e+00 2.168779928237238655e-02 4.776793510518869162e+08 5.008684347451423854e+07
5.300000000000000000e+01 1.280000000000010000e+14 0.000000000000000000e+00 1.294135863585231805e+00 4.076872304669634101e-02 7.917777667931928665e-02 4.159709762855015418e-03 0.000000000000000000e+00 1.399019538834105791e+00 3.931714213372217159e-02 5.787837418608608246e+08 6.229473566465520859e+07
5.400000000000000000e+01 1.280000000000010000e+14 0.000000000000000000e+00 1.134261520190715133e+00 6.477342740527541887e-02 2.148512535611385998e-01 5.311007449135238256e-02 0.000000000000000000e+00 1.285624400879939122e+00 1.014362961303531818e-01 1.626119007374301195e+09 7.761882326142467260e+08
5.500000000000000000e+01 1.280000000000010000e+14 0.000000000000000000e+00 1.112224600671696262e+00 5.819727417344462694e-02 1.148339865116320413e-01 1.715419339932820406e-02 0.000000000000000000e+00 1.274528292266704499e+00 8.989802084756491618e-03 7.890136326181926727e+08 2.672678565498867035e+08
5.600000000000000000e+01 1.280000000000010000e+14 0.000000000000000000e+00 1.243113580110634109e+00 4.192609282781664670e-02 1.157724271204772504e-01 1.394622547445625513e-02 0.000000000000000000e+00 1.286819208335762799e+00 4.849294909128432085e-02 9.139732615273029804e+08 2.021284566919234693e+08
5.700000000000000000e+01 1.280000000000010000e+14 0.000000000000000000e+00 1.456406710220169209e+00 1.401924409964842022e-01 1.905826815959602571e-01 1.215215013991187143e-01 0.000000000000000000e+00 1.208746589838639141e+00 1.619615044284253291e-01 2.320022714579955578e+09 1.681310121716191053e+09
5.800000000000000000e+01 1.280000000000010000e+14 0.000000000000000000e+00 1.050745595754665418e+00 3.911614250027309336e-02 1.219349212268274890e-01 3.141265366567345257e-02 0.000000000000000000e+00 1.176970286745164351e+00 2.859683072769182710e-02 7.195525142580250502e+08 1.528336377854710817e+08
5.900000000000000000e+01 1.280000000000010000e+14 1.000000000000000000e+00 9.900448512302351123e-01 2.655490895485536351e-02 9.003877606061387595e-02 1.262958280657395724e-02 0.000000000000000000e+00 1.183137386114206935e+00 1.464965682720284837e-02 5.283277800313645005e+08 5.621878017881146073e+07
6.000000000000000000e+01 1.280000000000010000e+14 0.000000000000000000e+00 1.054088497965624871e+00 4.703451739937592607e-02 1.345597953273220959e-01 2.239935641739013855e-02 0.000000000000000000e+00 1.066232764502953900e+00 6.529928801812963368e-02 1.533976974432003736e+09 3.261028070724909902e+08
6.100000000000000000e+01 1.280000000000010000e+14 0.000000000000000000e+00 1.400912664163403099e+00 1.009773582093042715e-01 1.830762611504934967e-01 7.935886782213479040e-02 0.000000000000000000e+00 1.379141992476566436e+00 1.541157863850798893e-01 1.850575098341023445e+09 1.058132630847397804e+09
6.200000000000000000e+01 1.280000000000010000e+14 0.000000000000000000e+00 1.388067134233210265e+00 1.615153830415307357e-01 2.371915853921793549e-01 6.079600214170979844e-02 0.000000000000000000e+00 1.498364019934329106e+00 2.294717514297285044e-01 2.329878916240889549e+09 8.421339042472637892e+08
6.300000000000000000e+01 1.280000000000010000e+14 0.000000000000000000e+00 1.038027485718348464e+00 2.121338782603738315e-01 2.260958078937176929e-01 1.292520500429372443e-01 0.000000000000000000e+00 1.214592340580983310e+00 1.875057055476568035e-01 7.427274457906991243e+08 2.952417019978756309e+08
6.400000000000000000e+01 1.280000000000010000e+14 0.000000000000000000e+00 1.085625537035607380e+00 1.092444742847384631e-01 3.347060462528851921e-01 1.771584679746104896e-01 0.000000000000000000e+00 1.124144823292949180e+00 2.606323804008148226e-02 9.099169275005873442e+08 9.542489033670410514e+07
6.500000000000000000e+01 1.280000000000010000e+14 0.000000000000000000e+00 8.913717713087451200e-01 1.153974064015857171e-01 1.630860012805590287e-01 4.616987993082298514e-02 0.000000000000000000e+00 8.912993716941990385e-01 4.649643001038624573e-02 5.371951739992849827e+08 1.019868504496263564e+08
6.600000000000000000e+01 1.280000000000010000e+14 0.000000000000000000e+00 1.211863487887916424e+00 5.408345271201039917e-02 1.228863181253333631e-01 1.805281331000215331e-02 0.000000000000000000e+00 1.299160523695603864e+00 2.420442994136988782e-02 9.839350037586499453e+08 2.644903705279343128e+08
6.700000000000000000e+01 1.280000000000010000e+14 1.000000000000000000e+00 1.084604632749167186e+00 2.988035052664441207e-02 9.970033565061001135e-02 1.894243988482788993e-02 0.000000000000000000e+00 1.151201342347037526e+00 2.861664942594690716e-02 6.024834772207777500e+08 8.727726474068467319e+07
6.800000000000000000e+01 1.280000000000010000e+14 0.000000000000000000e+00 1.109044555754636452e+00 5.781399769061893595e-02 7.359271011443985211e-02 1.056224325265521687e-02 0.000000000000000000e+00 1.220833991056329726e+00 4.452963017722992231e-03 2.281561646345080435e+08 1.158250061036979407e+07
6.900000000000000000e+01 1.280000000000010000e+14 0.000000000000000000e+00 9.352129045116410744e-01 2.284224944031322535e-02 1.019108996926172822e-01 2.606273192164971358e-02 0.000000000000000000e+00 1.008578390128768820e+00 3.439070788394075345e-02 8.340197384493334293e+08 4.074923339826352596e+08
7.000000000000000000e+01 1.280000000000010000e+14 0.000000000000000000e+00 1.166577927186765784e+00 3.020037329894839292e-02 1.260592892983480318e-01 2.859523645980011769e-02 0.000000000000000000e+00 1.264492082020670871e+00 4.714632189412271829e-02 9.714952239140697718e+08 4.085650335184404850e+08
7.100000000000000000e+01 1.280000000000010000e+14 0.000000000000000000e+00 1.138823875662181129e+00 2.883464335345523738e-02 1.296989654136009029e-01 2.549449275362318870e-02 0.000000000000000000e+00 1.217049368463119396e+00 6.645006323978526475e-02 1.260524873182660103e+09 3.715867332177028060e+08
7.200000000000000000e+01 1.280000000000010000e+14 0.000000000000000000e+00 1.046877615821117935e+00 6.793558281717476666e-02 1.411128921362397870e-01 5.242161671207992701e-02 0.000000000000000000e+00 1.225553945500641673e+00 7.429166216439783699e-02 1.433422868296017170e+09 7.754470931310280561e+08
7.300000000000000000e+01 1.280000000000010000e+14 0.000000000000000000e+00 1.233366825963866598e+00 3.263006071224303778e-02 1.778561831370164825e-01 4.932601261494034411e-02 0.000000000000000000e+00 1.269712265953890418e+00 2.859863072941673523e-02 1.895173475996101856e+09 7.700864960079549551e+08
7.400000000000000000e+01 1.280000000000010000e+14 1.000000000000000000e+00 1.008354707889679513e+00 2.411148476203471905e-02 8.334778420204921878e-02 7.261070790964837575e-03 0.000000000000000000e+00 1.126599039596951846e+00 3.440892177030566851e-02 6.689064857120304108e+08 1.056030466420041323e+08
7.500000000000000000e+01 1.280000000000010000e+14 1.000000000000000000e+00 1.082140315608095094e+00 3.394977075043558584e-02 8.035116139663139867e-02 2.914843532316797881e-02 0.000000000000000000e+00 1.089074436952486069e+00 3.659611540052571527e-02 9.034279090356038809e+08 4.287417813732103705e+08
7.600000000000000000e+01 1.280000000000010000e+14 0.000000000000000000e+00 1.232156564610531913e+00 6.338534530561376612e-02 1.700708833809139175e-01 3.714422553199481919e-02 0.000000000000000000e+00 1.340215985632752016e+00 3.788676915220856589e-02 1.095392841338276625e+09 4.675814416959056258e+08
7.700000000000000000e+01 1.280000000000010000e+14 0.000000000000000000e+00 1.194372705213501806e+00 8.980772746356088798e-02 2.588673799820804255e-01 1.209225700164744677e-01 0.000000000000000000e+00 1.264383300064837012e+00 1.203359697226946967e-01 3.090345129392621517e+09 1.755894689983740330e+09
7.800000000000000000e+01 1.280000000000010000e+14 0.000000000000000000e+00 1.134087775634788908e+00 6.870486787835222708e-02 1.132078038900787009e-01 1.596038294715855857e-02 0.000000000000000000e+00 1.304151515213275436e+00 6.945239982338052842e-02 1.062607350852138281e+09 2.284263901479482651e+08
7.900000000000000000e+01 1.280000000000010000e+14 0.000000000000000000e+00 9.621465381374949555e-01 5.792648365470022542e-02 1.003660713613383354e-01 1.958458269046024769e-02 0.000000000000000000e+00 1.233957279140506236e+00 4.764405708220961766e-02 6.200536429605385065e+08 1.168893529391826838e+08
8.000000000000000000e+01 1.280000000000020000e+14 0.000000000000000000e+00 1.208740253245820018e+00 1.340806228069971878e-02 6.702416362365005986e-02 6.516019047426019339e-03 0.000000000000000000e+00 1.333260165992367741e+00 1.993918976182239636e-02 7.123754593325562477e+08 9.567525564400796592e+07
8.100000000000000000e+01 1.280000000000010000e+14 0.000000000000000000e+00 1.247540554250281097e+00 1.397633236498471987e-01 2.403628719543229320e-01 8.916909580522472401e-02 0.000000000000000000e+00 1.279279956865809975e+00 1.941088955066413435e-01 2.658239575230138779e+09 1.350612575554927349e+09
8.200000000000000000e+01 1.280000000000010000e+14 1.000000000000000000e+00 1.064056733274158173e+00 2.447147963370822910e-02 4.720755151368098701e-02 1.684740005226025667e-03 0.000000000000000000e+00 1.076932003147245354e+00 8.783808418173749688e-03 3.615498058444292545e+08 2.006265775421417877e+07
8.300000000000000000e+01 1.280000000000010000e+14 0.000000000000000000e+00 1.090049817635058149e+00 8.509783921537203422e-02 1.607415885689480461e-01 3.386620363671441480e-02 0.000000000000000000e+00 1.067843126100898710e+00 7.160646605347534277e-02 1.433123098647025824e+09 4.894953230633020401e+08
8.400000000000000000e+01 1.280000000000010000e+14 0.000000000000000000e+00 1.179074698542813771e+00 1.988578013501260053e-02 6.888633140348318640e-02 8.816914016726932687e-03 0.000000000000000000e+00 1.322102486595698068e+00 1.967502489201474955e-02 5.893134766939594746e+08 1.150059882797849327e+08
8.500000000000000000e+01 1.280000000000010000e+14 0.000000000000000000e+00 1.122711376245120407e+00 1.040336801962545160e-01 2.181679068159433077e-01 4.730801730071640399e-02 0.000000000000000000e+00 1.403972085100732459e+00 7.904137286863903433e-02 1.219486497346873283e+09 6.177982661681095362e+08
8.600000000000000000e+01 1.280000000000010000e+14 0.000000000000000000e+00 1.235363864750523843e+00 1.353813801367700631e-01 2.141074273150628537e-01 7.130260481357490743e-02 0.000000000000000000e+00 1.570372212387103339e+00 1.099269952676721201e-01 1.194979793875124216e+09 2.514619626482439339e+08
8.700000000000000000e+01 1.280000000000010000e+14 0.000000000000000000e+00 1.189307979465868748e+00 4.732438606331313552e-02 1.514768015868277473e-01 2.635309482718410298e-02 0.000000000000000000e+00 1.220709551595847708e+00 2.019007704216163254e-02 1.274752075664076328e+09 3.704418761158519983e+08
8.800000000000000000e+01 1.280000000000010000e+14 0.000000000000000000e+00 1.142225440042520690e+00 3.142821923202670370e-02 1.497607383951412852e-01 3.180444079910949712e-02 0.000000000000000000e+00 1.239600218704680845e+00 3.191965256979695242e-02 1.505699060921057940e+09 4.506582753316021562e+08
8.900000000000000000e+01 1.280000000000010000e+14 0.000000000000000000e+00 1.129194240791793202e+00 4.200617526992209833e-02 1.145212499003737533e-01 3.186078752973056649e-02 0.000000000000000000e+00 1.197494099580665328e+00 1.285678939723329875e-02 5.481665744901423454e+08 9.551728849679438770e+07
9.000000000000000000e+01 1.280000000000020000e+14 0.000000000000000000e+00 1.589896393973108557e+00 6.074479190497281134e-02 2.387922743338716514e-01 7.815070990907233006e-02 0.000000000000000000e+00 1.483427500768562446e+00 1.086382288328510415e-01 2.738460868425035477e+09 1.234067541807391405e+09
9.100000000000000000e+01 1.280000000000010000e+14 0.000000000000000000e+00 1.395444661080249560e+00 6.553216396861380466e-02 1.605866131352295390e-01 6.884590720296761279e-02 0.000000000000000000e+00 1.382559191456866454e+00 8.145276768535728018e-02 1.796983691679042339e+09 8.900898728363490105e+08
9.200000000000000000e+01 1.280000000000010000e+14 0.000000000000000000e+00 1.010162999058359823e+00 6.404346470434085781e-02 7.865096657729001017e-02 1.581929288520296864e-02 0.000000000000000000e+00 1.150213210591076285e+00 1.660384642149569101e-02 5.923462724529986382e+08 1.029410016993114650e+08
9.300000000000000000e+01 1.280000000000010000e+14 0.000000000000000000e+00 1.080564029556950301e+00 1.172310002040343330e-01 2.216994645061424185e-01 1.225100072959596220e-01 0.000000000000000000e+00 1.276185879212814234e+00 7.449257096197846317e-02 9.666117700782766342e+08 2.871528740447716713e+08
9.400000000000000000e+01 1.280000000000010000e+14 0.000000000000000000e+00 1.140196983759516725e+00 1.004199959334405312e-01 1.762739075581905568e-01 5.557420210431882751e-02 0.000000000000000000e+00 1.235906488540064352e+00 7.338398678015463361e-02 1.865685267793816805e+09 8.577514311998751163e+08
9.500000000000000000e+01 1.280000000000020000e+14 1.000000000000000000e+00 1.052353228483461356e+00 1.025972485397795564e-02 7.013493631216391466e-02 2.373061977469874753e-02 0.000000000000000000e+00 1.070106400380423040e+00 7.970895488022804870e-03 3.856801881922724247e+08 2.646703295658744127e+07
9.600000000000000000e+01 1.280000000000010000e+14 0.000000000000000000e+00 1.195351304683697435e+00 8.429770680185240395e-02 1.545950902671308358e-01 4.498123997750338304e-02 0.000000000000000000e+00 1.385525946222309512e+00 8.592087880026233471e-02 1.303139124319381952e+09 6.861342251043204069e+08
9.700000000000000000e+01 1.280000000000010000e+14 0.000000000000000000e+00 9.503913384834571376e-01 7.576141110840363402e-02 1.139670775905597261e-01 4.083036714271168904e-02 0.000000000000000000e+00 9.992401080310854278e-01 3.544157128250333827e-02 5.236803056446297169e+08 6.277989871574441344e+07
9.800000000000000000e+01 1.280000000000010000e+14 0.000000000000000000e+00 1.645288054479864037e+00 8.258712283820340838e-02 1.599221842191324572e-01 5.271477697285619629e-02 0.000000000000000000e+00 1.949266962621973409e+00 1.350512466590860494e-01 1.390547166333498478e+09 7.617750375953981876e+08
9.900000000000000000e+01 1.280000000000010000e+14 1.000000000000000000e+00 1.012606541743223065e+00 2.937948786649149588e-02 7.404497896331098394e-02 6.556855109423681376e-03 0.000000000000000000e+00 1.219187596668893869e+00 8.211978575605738406e-03 6.171314212035851479e+08 7.351438465463787317e+07
1.000000000000000000e+02 1.280000000000010000e+14 0.000000000000000000e+00 1.587136484922762936e+00 1.397548226276802696e-01 1.872172698933707857e-01 4.113554434030280982e-02 0.000000000000000000e+00 1.633056446588997623e+00 1.636594345221758229e-01 2.076737165599814653e+09 5.150277528758515716e+08
1.010000000000000000e+02 1.280000000000020000e+14 0.000000000000000000e+00 1.467391032218051450e+00 1.470190110765853264e-01 2.045600031340334968e-01 1.342617949300750069e-01 0.000000000000000000e+00 1.470769062359064128e+00 1.879183510656164402e-01 2.480124643075590611e+09 2.060057286120454550e+09
1.020000000000000000e+02 1.280000000000010000e+14 1.000000000000000000e+00 1.083119900227451415e+00 2.300690411594114373e-02 6.868099117967102485e-02 1.047589113537747592e-02 0.000000000000000000e+00 1.216668906212552415e+00 2.366291670464372096e-02 4.943196471465376019e+08 1.396051889352678061e+08
1.030000000000000000e+02 1.280000000000010000e+14 0.000000000000000000e+00 1.053121496084905795e+00 8.861552539861493327e-02 1.721640745690086738e-01 4.339052248758160785e-02 0.000000000000000000e+00 1.131498057523473433e+00 5.660385455477241756e-02 1.122578681459080935e+09 5.402562149257680178e+08
1.040000000000000000e+02 1.280000000000010000e+14 0.000000000000000000e+00 9.376093083594247979e-01 9.292946064131966943e-02 1.489613879486547943e-01 5.824461769607875566e-02 0.000000000000000000e+00 1.033561642742189646e+00 4.555894623620884709e-02 4.955172672403676510e+08 9.666483265023617446e+07
1.050000000000000000e+02 1.280000000000010000e+14 0.000000000000000000e+00 1.115745386131161032e+00 1.939699275393910183e-01 3.096393077472308075e-01 2.281525733487924090e-01 0.000000000000000000e+00 1.252566261910167400e+00 5.715784449883834495e-02 5.229300599530152678e+08 6.936880806371146441e+07
1.060000000000000000e+02 1.280000000000010000e+14 0.000000000000000000e+00 1.341596895945174728e+00 1.539761755250645091e-02 1.334499025931737415e-01 4.118533287714869207e-02 0.000000000000000000e+00 1.551028718582650345e+00 5.514353165080009694e-02 1.396024667820761681e+09 6.434351216047816277e+08
1.070000000000000000e+02 1.280000000000010000e+14 1.000000000000000000e+00 1.053417311781450261e+00 2.213421733492516169e-02 8.037485073697545057e-02 2.036467670771113445e-02 0.000000000000000000e+00 1.141330063306268627e+00 3.138292521055530832e-02 5.005287692508770227e+08 1.486247398999041021e+08
1.080000000000000000e+02 1.280000000000010000e+14 0.000000000000000000e+00 9.728877185455229171e-01 2.657108898029385616e-02 1.587381902699715464e-01 4.906366475215099415e-02 0.000000000000000000e+00 1.193240643489777986e+00 8.717125602798385386e-02 9.715594207463698387e+08 4.366515996108433008e+08
1.090000000000000000e+02 1.280000000000010000e+14 0.000000000000000000e+00 1.849739587761660031e+00 8.239892597840177413e-02 1.357878916714663764e-01 3.248072772440594586e-02 0.000000000000000000e+00 1.924622917253486110e+00 1.276335016883582418e-01 1.292085283220280170e+09 4.215828211372042894e+08
1.100000000000000000e+02 1.280000000000020000e+14 0.000000000000000000e+00 1.054952450537881781e+00 5.046624157430792956e-02 2.777773663274831772e-01 1.196376572651993986e-01 0.000000000000000000e+00 1.123644595045093064e+00 5.843629510839985081e-02 1.885042252703167439e+09 5.440839401489031315e+08
1.110000000000000000e+02 1.280000000000010000e+14 0.000000000000000000e+00 1.224579435437982200e+00 3.140672101907593383e-02 1.774824423972145848e-01 3.210137800838788052e-02 0.000000000000000000e+00 1.117039563132339541e+00 5.903106659810195000e-02 1.766865663159562826e+09 5.119825115491597056e+08
1.120000000000000000e+02 1.280000000000010000e+14 0.000000000000000000e+00 1.267597163563280116e+00 8.240625815035387824e-02 1.594674326481979876e-01 3.422940808524457812e-02 0.000000000000000000e+00 1.331023097674898015e+00 5.653737233394433292e-02 1.609862313212620974e+09 4.855661052303637266e+08
1.130000000000000000e+02 1.280000000000010000e+14 0.000000000000000000e+00 1.428626200394618406e+00 5.996242479734132519e-02 9.616173532421817827e-02 3.140420326846476984e-02 0.000000000000000000e+00 1.516052157910775966e+00 3.076598667415054306e-02 5.409277030563406944e+08 1.166461252668261379e+08
1.140000000000000000e+02 1.280000000000010000e+14 1.000000000000000000e+00 1.104698802813276481e+00 2.157735817809785031e-02 7.023100148354986805e-02 7.821466513784168864e-03 0.000000000000000000e+00 1.104621391298326705e+00 4.022602142475326797e-02 4.932507217782369852e+08 7.757609676379844546e+07
1.150000000000000000e+02 1.280000000000010000e+14 0.000000000000000000e+00 1.161428444479138067e+00 6.088880961683743043e-02 1.614188175015915383e-01 8.673602760495634223e-02 0.000000000000000000e+00 1.002322699972535647e+00 3.603231776819110915e-02 7.250966184602700472e+08 1.468119803073713481e+08
1.160000000000000000e+02 1.280000000000010000e+14 0.000000000000000000e+00 1.364344858240099878e+00 1.003458880846014312e-01 1.597107217651527467e-01 6.186114076872536310e-02 0.000000000000000000e+00 1.427260620976113392e+00 1.522801202427738476e-01 1.505145729970671892e+09 8.109273638818607330e+08
1.170000000000000000e+02 1.280000000000010000e+14 1.000000000000000000e+00 1.067205960453360802e+00 1.972608907872158007e-02 8.337142800190389114e-02 9.307047797004362397e-03 0.000000000000000000e+00 1.081926951366565692e+00 8.894786631748278702e-03 7.513013433519613743e+08 1.302113019176921397e+08
1.180000000000000000e+02 1.280000000000010000e+14 0.000000000000000000e+00 9.253785887357017792e-01 1.203677523072291117e-01 2.235378596132578111e-01 1.092767854150608203e-01 0.000000000000000000e+00 1.101808978618994406e+00 5.585305515953551542e-02 5.286630195631741285e+08 9.046399007795315981e+07
1.190000000000000000e+02 1.280000000000010000e+14 1.000000000000000000e+00 1.073152986577821766e+00 1.029946075366362963e-02 6.871779019556838175e-02 7.978137489062833362e-03 0.000000000000000000e+00 1.087016666597515835e+00 1.890276168578971031e-02 4.930710580096223354e+08 1.221993162155171931e+08
1.200000000000000000e+02 1.280000000000010000e+14 1.000000000000000000e+00 1.027172495238535710e+00 1.438636547769489051e-02 7.213579947948069171e-02 1.197239081599385524e-02 0.000000000000000000e+00 1.192436699198074157e+00 1.257936427560291635e-02 4.989751378959904909e+08 1.702739182215164602e+08
1.210000000000000000e+02 1.280000000000010000e+14 0.000000000000000000e+00 1.068361403245443597e+00 1.677291649678613605e-01 2.242744522100886539e-01 7.967346272325971646e-02 0.000000000000000000e+00 1.296222394689067858e+00 7.935329450905767579e-02 9.623515544831868410e+08 2.421971895199745297e+08
1.220000000000000000e+02 1.280000000000010000e+14 0.000000000000000000e+00 1.030173633698581392e+00 1.016313448674479730e-01 1.933906538543588294e-01 8.015744540233490922e-02 0.000000000000000000e+00 1.114892033530194615e+00 1.339516555068059611e-01 1.832011242818830729e+09 1.191031925783380270e+09
1.230000000000000000e+02 1.280000000000010000e+14 0.000000000000000000e+00 1.330462374644157286e+00 7.234129779547712746e-02 1.416394001849380635e-01 2.342352103187714252e-02 0.000000000000000000e+00 1.472643123917226182e+00 7.771255057653744802e-02 1.248143633594285250e+09 3.261395655593919158e+08
1.240000000000000000e+02 1.280000000000010000e+14 0.000000000000000000e+00 1.708783210582247802e+00 1.200654912844388855e-01 1.300474222498190224e-01 1.665774150768385004e-02 0.000000000000000000e+00 1.731466455390750170e+00 1.221525088869318126e-01 1.046696128005398512e+09 1.949751531742928028e+08
1.250000000000000000e+02 1.280000000000010000e+14 0.000000000000000000e+00 1.055597488035318943e+00 1.191008592940884375e-01 1.618955146177147308e-01 2.646421082988028792e-02 0.000000000000000000e+00 7.796940097982387741e-01 1.017231658841545455e-01 1.087090546876567841e+09 2.669005808523550928e+08
1.260000000000000000e+02 1.280000000000010000e+14 0.000000000000000000e+00 1.107746324026333662e+00 4.666417131834768584e-02 1.143723879270769628e-01 2.838102591211767028e-02 0.000000000000000000e+00 1.256680059196238375e+00 3.157980116032474416e-02 8.968920279903532267e+08 4.176889957647386193e+08
1.270000000000000000e+02 1.280000000000010000e+14 1.000000000000000000e+00 1.070540765837357799e+00 3.439815470620371379e-02 6.997637161442971099e-02 5.390227585558319753e-03 0.000000000000000000e+00 1.200431305923129743e+00 2.876996727301518730e-02 6.096967881669743061e+08 7.635491034945063293e+07
1.280000000000000000e+02 1.280000000000010000e+14 0.000000000000000000e+00 9.607015457992937879e-01 4.081726124774583825e-02 1.029705904894774315e-01 4.396368550734691683e-02 0.000000000000000000e+00 1.120898850844732841e+00 2.058581523951244843e-02 4.235224126906722784e+08 4.207186954653276503e+07
1.290000000000000000e+02 1.280000000000010000e+14 1.000000000000000000e+00 9.806861967586029127e-01 2.207447321035028304e-02 4.368671193367056060e-02 1.317882323427695644e-02 0.000000000000000000e+00 1.123588792517369317e+00 1.107846939969888561e-02 1.991815457079773247e+08 9.479282186818568036e+06
1.300000000000000000e+02 1.280000000000010000e+14 0.000000000000000000e+00 1.111862355523670853e+00 7.725613510501172509e-02 6.962788260603003376e-02 7.345477037333356454e-03 0.000000000000000000e+00 1.021374128881100463e+00 8.043997139346005520e-02 6.004344436390838623e+08 9.554957720167785883e+07
1.310000000000000000e+02 1.280000000000010000e+14 0.000000000000000000e+00 1.203219873082172153e+00 8.266779277250796421e-02 2.609620619231111660e-01 9.010265696897729049e-02 0.000000000000000000e+00 1.384097389393568855e+00 1.188686812813342097e-01 9.789483021979237795e+08 2.014567605637265146e+08
1.320000000000000000e+02 1.280000000000010000e+14 0.000000000000000000e+00 1.190681766830256283e+00 2.797645728093984055e-02 1.139516750224803948e-01 1.891610846368755455e-02 0.000000000000000000e+00 1.247016135046504104e+00 7.001245391751982627e-02 9.767616077549722195e+08 3.015016681001307964e+08
1.330000000000000000e+02 1.280000000000010000e+14 0.000000000000000000e+00 1.162122316797945532e+00 1.303449679755706303e-01 1.589169123934933425e-01 8.508399299729013654e-02 0.000000000000000000e+00 1.173303675173936744e+00 1.748232273868819964e-01 1.673063806133767605e+09 1.102733944414353848e+09
1.340000000000000000e+02 1.280000000000010000e+14 0.000000000000000000e+00 8.479219220280782565e-01 3.988476607258630013e-02 2.933825012550322908e-01 1.668071977930926930e-01 0.000000000000000000e+00 1.089744169009335906e+00 1.272152530943630039e-02 5.557611134390649796e+08 1.747131455831731260e+08
1.350000000000000000e+02 1.280000000000010000e+14 0.000000000000000000e+00 1.170414757847640486e+00 3.732344566436410910e-02 7.524375331010611789e-02 1.076229537137539903e-02 0.000000000000000000e+00 1.157258796618685359e+00 3.541186352954407007e-02 7.487181284860337973e+08 1.407975414272992313e+08
1.360000000000000000e+02 1.280000000000010000e+14 0.000000000000000000e+00 1.271774829559767728e+00 2.578907898888072592e-01 2.728637238919461860e-01 7.041041548112061954e-02 0.000000000000000000e+00 1.166069005188644647e+00 2.318848043854700447e-01 2.110927602241186142e+09 1.099526586478518486e+09
1.370000000000000000e+02 1.280000000000010000e+14 0.000000000000000000e+00 1.155341817745517696e+00 3.759273016120174421e-02 1.230569330967509895e-01 3.768150073927194199e-02 0.000000000000000000e+00 1.105373707136532824e+00 5.534095696442791618e-02 9.912659686297482252e+08 5.278841799667569399e+08
1.380000000000000000e+02 1.280000000000010000e+14 0.000000000000000000e+00 1.040332953754989243e+00 9.107026109496395294e-02 9.475552454314066508e-02 2.429091340399085544e-02 0.000000000000000000e+00 1.212637456399106251e+00 9.829797458330236104e-02 8.140676240477733612e+08 3.802279941643487215e+08
1.390000000000000000e+02 1.280000000000010000e+14 0.000000000000000000e+00 1.104386628777487722e+00 1.024185818493108802e-01 2.205248349472788139e-01 6.077765642652834671e-02 0.000000000000000000e+00 1.289266332436790563e+00 6.114492718002867422e-02 1.514674543841814756e+09 3.716179313918954134e+08
1.400000000000000000e+02 1.280000000000010000e+14 0.000000000000000000e+00 1.016692428062508258e+00 9.380816209824216489e-02 1.501561559118646250e-01 3.751614089937881785e-02 0.000000000000000000e+00 9.944229413048608635e-01 5.025679566271756132e-02 1.270479619209215403e+09 5.895194745735646486e+08
1.410000000000000000e+02 1.280000000000010000e+14 1.000000000000000000e+00 1.095874186064329736e+00 2.532179921298507996e-02 4.759027583529255173e-02 3.589386466249513356e-03 0.000000000000000000e+00 1.091905128715686901e+00 3.708275332940327851e-02 3.680814443567482233e+08 3.117410118934218585e+07
1.420000000000000000e+02 1.280000000000010000e+14 1.000000000000000000e+00 1.109478620394349635e+00 3.921360920449603465e-02 7.751003287709362644e-02 1.521114245491577387e-02 0.000000000000000000e+00 1.208143102168722338e+00 3.834332393529982924e-02 7.296473999159297943e+08 2.035376639492319822e+08
1.430000000000000000e+02 1.280000000000010000e+14 0.000000000000000000e+00 9.840804725395941865e-01 1.315460616272517702e-01 2.136815906154191924e-01 4.664713911296396176e-02 0.000000000000000000e+00 9.641052110737935443e-01 5.197313220610324386e-02 1.047205553173969150e+09 1.895250759184038639e+08
1.440000000000000000e+02 1.280000000000010000e+14 0.000000000000000000e+00 1.146235964006631303e+00 1.348891944446659885e-01 1.644675399950265293e-01 7.616559720705258496e-02 0.000000000000000000e+00 1.252416000688236331e+00 1.061748859774549469e-01 9.395003895022405386e+08 2.546733118147050440e+08
1.450000000000000000e+02 1.280000000000010000e+14 0.000000000000000000e+00 1.067035330088334399e+00 4.944026294829644008e-02 1.055557573548971256e-01 1.846993805460689711e-02 0.000000000000000000e+00 1.334997448498191464e+00 2.086693366056695947e-02 6.772234748179075718e+08 1.157183460741763264e+08
1.460000000000000000e+02 1.280000000000010000e+14 1.000000000000000000e+00 9.853086174809770892e-01 2.460626583994014738e-02 5.861449792259770114e-02 1.101349040559026875e-02 0.000000000000000000e+00 1.064291627225082859e+00 2.340896206186396378e-02 5.717169245091842413e+08 1.609833763975019157e+08
1.470000000000000000e+02 1.280000000000010000e+14 0.000000000000000000e+00 1.124549047401895985e+00 4.750633305506570675e-02 1.029334498895906058e-01 1.333155366973658683e-02 0.000000000000000000e+00 1.292716962748422516e+00 2.690825338187000440e-02 9.330207829199798107e+08 1.983148548379667997e+08
1.480000000000000000e+02 1.280000000000010000e+14 0.000000000000000000e+00 9.804727897099638767e-01 1.109334412551423871e-01 2.542844142302464472e-01 1.626720025126852653e-01 0.000000000000000000e+00 1.128226693066502362e+00 5.088037908408247351e-02 4.910249027177570462e+08 8.597977543645615876e+07
1.490000000000000000e+02 1.280000000000010000e+14 0.000000000000000000e+00 1.072447487977796099e+00 1.027318647922747519e-01 1.870047685026141604e-01 8.830272533146463210e-02 0.000000000000000000e+00 1.245334021339624231e+00 4.781972865701727970e-02 4.323565312815037370e+08 3.864716060413832963e+07
1.500000000000000000e+02 1.280000000000010000e+14 0.000000000000000000e+00 1.075114018307978370e+00 3.564115329075261823e-02 1.411214938374378836e-01 2.346750912597399263e-02 0.000000000000000000e+00 1.316266809851613040e+00 1.774254330770274474e-02 1.229693367204450607e+09 3.733788791760412455e+08
1.510000000000000000e+02 1.280000000000010000e+14 0.000000000000000000e+00 9.024298119032296839e-01 4.694005600142588802e-02 1.145413464272840159e-01 2.080458705491248367e-02 0.000000000000000000e+00 1.073455850817201629e+00 1.037948496887380022e-02 6.437041822386207581e+08 2.524891780983397663e+08
1.520000000000000000e+02 1.280000000000010000e+14 0.000000000000000000e+00 1.250274215025904301e+00 2.370379108664943252e-02 1.136785562491646195e-01 2.768560367915327836e-02 0.000000000000000000e+00 1.323257890539447867e+00 3.385964064377635502e-02 1.126770014813429832e+09 3.846242882569507957e+08
1.530000000000000000e+02 1.280000000000010000e+14 1.000000000000000000e+00 1.017187444809535712e+00 8.785177918176390738e-03 3.532492216889052128e-02 2.255620880508922132e-03 0.000000000000000000e+00 1.054689465440139751e+00 3.622666923422331303e-03 2.318801056793513894e+08 1.527244370805938169e+07
1.540000000000000000e+02 1.280000000000010000e+14 0.000000000000000000e+00 1.141423345526254574e+00 6.489355349470760093e-02 1.193577984294866418e-01 5.299003400885603232e-02 0.000000000000000000e+00 1.172462959272060345e+00 1.028409795289829398e-01 1.355685739526883125e+09 7.478435858682854176e+08
1.550000000000000000e+02 1.280000000000010000e+14 0.000000000000000000e+00 1.183869248673035779e+00 2.931079300493721895e-02 5.975586342869475265e-02 3.979671837716105415e-03 0.000000000000000000e+00 1.253388890643585718e+00 2.033153945086028230e-02 5.285898301825780869e+08 5.760910318789459020e+07
1.560000000000000000e+02 1.280000000000010000e+14 0.000000000000000000e+00 1.189433876541108770e+00 5.266278899252182372e-02 1.052782723349366539e-01 3.103641382907955382e-02 0.000000000000000000e+00 1.268140445351727541e+00 6.691605051390853154e-02 9.016412266002739668e+08 4.224102275652375817e+08
1.570000000000000000e+02 1.280000000000010000e+14 0.000000000000000000e+00 1.083607340401028907e+00 5.312803868946433528e-02 1.013219677843558292e-01 2.145091726003950372e-02 0.000000000000000000e+00 1.112091808984113417e+00 3.819575392743992243e-02 9.419087959618531466e+08 3.335516912117214203e+08
1.580000000000000000e+02 1.280000000000010000e+14 0.000000000000000000e+00 1.083035514912946917e+00 5.527082859887073180e-02 1.019285817688677376e-01 2.512514356169076243e-02 0.000000000000000000e+00 1.242179857700358880e+00 3.914629120802676915e-02 7.510340875513826609e+08 3.565469487349282503e+08
1.590000000000000000e+02 1.280000000000010000e+14 1.000000000000000000e+00 1.129441834015453505e+00 2.400144516429146904e-02 7.328636106950051077e-02 7.428689143105366571e-03 0.000000000000000000e+00 1.254102597689358944e+00 3.926746302892308166e-02 6.798566490050764084e+08 9.635173220665206015e+07
1.600000000000000000e+02 1.280000000000010000e+14 0.000000000000000000e+00 1.233640307315204465e+00 2.661396376322424165e-02 6.627873380982736429e-02 7.684930572380909569e-03 0.000000000000000000e+00 1.225998436676318137e+00 3.076815415903249445e-02 5.752258240103676319e+08 5.464035555503213406e+07
1.610000000000000000e+02 1.280000000000010000e+14 0.000000000000000000e+00 1.116402474122331956e+00 7.373495597634192877e-02 1.500179214681343631e-01 2.237430227623146001e-02 0.000000000000000000e+00 1.228777527921174118e+00 9.444707182800037362e-03 1.435467054994343042e+09 3.798609113213922977e+08
1.620000000000000000e+02 1.280000000000010000e+14 0.000000000000000000e+00 9.868619649442752495e-01 4.573668777512435168e-02 1.417468169409821233e-01 4.410650921028858029e-02 0.000000000000000000e+00 1.234488537572203226e+00 1.944206847709643859e-02 5.303808344239389896e+08 9.911459097731299698e+07
1.630000000000000000e+02 1.280000000000010000e+14 0.000000000000000000e+00 1.126762026609316347e+00 4.358763967459564764e-02 9.353717394095686921e-02 1.493106514520780095e-02 0.000000000000000000e+00 1.207689240328618574e+00 3.138910837926621455e-02 8.119746089277770519e+08 2.051050530500323772e+08
1.640000000000000000e+02 1.280000000000010000e+14 0.000000000000000000e+00 1.657630435413301795e+00 8.983651807366220543e-02 2.053411549783111523e-01 4.734770360537464418e-02 0.000000000000000000e+00 1.739105368069397972e+00 9.938679277900031028e-02 2.021077153313520193e+09 6.472803371440134048e+08
1.650000000000000000e+02 1.280000000000010000e+14 1.000000000000000000e+00 1.134695116852640684e+00 2.389616153535708762e-02 7.146289531289903851e-02 6.733127635289028190e-03 0.000000000000000000e+00 1.156605409980454802e+00 2.040696679118420703e-02 6.736244017514092922e+08 9.106112696175853908e+07
1.660000000000000000e+02 1.280000000000010000e+14 0.000000000000000000e+00 1.044353497274220555e+00 4.720080809206980699e-02 1.351039709878580353e-01 2.593843507662184356e-02 0.000000000000000000e+00 1.277293283120203515e+00 3.364717993990121864e-02 9.857624509408957958e+08 3.057600001488636732e+08
1.670000000000000000e+02 1.280000000000010000e+14 0.000000000000000000e+00 1.146187519530820875e+00 9.579336998075664578e-02 1.329722720042565698e-01 7.477265017635004174e-02 0.000000000000000000e+00 1.258024578244171465e+00 8.097132058815420530e-02 5.691163622452616692e+08 1.518566855160934925e+08
1.680000000000000000e+02 1.280000000000020000e+14 0.000000000000000000e+00 7.898418649107503686e-01 2.463103430034399299e-01 3.348161119143610032e-01 9.058299126279290014e-02 0.000000000000000000e+00 1.314884786034893116e+00 1.097910987388872744e-01 9.771845872922413349e+08 5.968706491044043303e+08
1.690000000000000000e+02 1.280000000000010000e+14 0.000000000000000000e+00 1.122387555506620727e+00 1.726197391289769068e-01 1.795362264355973847e-01 7.738436334675383166e-02 0.000000000000000000e+00 9.145380521458049694e-01 3.868027434833937878e-02 1.093498054522042990e+09 2.894587359033993483e+08
1.700000000000000000e+02 1.280000000000010000e+14 0.000000000000000000e+00 1.383014343816797886e+00 6.323672653203665783e-02 2.085894795232423327e-01 7.399709449489830226e-02 0.000000000000000000e+00 1.423171253267392133e+00 8.388325881337987955e-02 1.810056728651185036e+09 9.926075076124258041e+08
1.710000000000000000e+02 1.280000000000010000e+14 0.000000000000000000e+00 2.113888041935931827e+00 2.522150245480104247e-01 2.906866634797535265e-01 7.754922276249290314e-02 0.000000000000000000e+00 2.282202765620896745e+00 1.940458164415083953e-01 3.399995025779288292e+09 1.768121853877064943e+09
1.720000000000000000e+02 1.280000000000010000e+14 0.000000000000000000e+00 1.105860375547142560e+00 7.639725953047195317e-02 1.134236189139769119e-01 4.374347403110053628e-02 0.000000000000000000e+00 1.268983785962550570e+00 1.495502222062231566e-02 3.159501362831048369e+08 2.016325556632193923e+07
1.730000000000000000e+02 1.280000000000010000e+14 0.000000000000000000e+00 1.303796754705531580e+00 8.578661380093570432e-02 1.743729864304741084e-01 3.817910340790998253e-02 0.000000000000000000e+00 1.354673057276969406e+00 1.279128455872200476e-01 1.574300330789810658e+09 5.204488096311826706e+08
1.740000000000000000e+02 1.280000000000010000e+14 0.000000000000000000e+00 1.433712096393925162e+00 2.301130549511318513e-01 4.387010763240187239e-01 2.471124933123142187e-01 0.000000000000000000e+00 1.926181510737239089e+00 8.260559561223472513e-02 2.947349688910411835e+09 1.321181035796364307e+09
1.750000000000000000e+02 1.280000000000010000e+14 0.000000000000000000e+00 1.077996208368584119e+00 5.322588431664394826e-02 1.269292261904113317e-01 3.688286570416780125e-02 0.000000000000000000e+00 9.963764453485506323e-01 5.929813047007750221e-02 9.906545812273384333e+08 2.464529393126525879e+08
1.760000000000000000e+02 1.280000000000010000e+14 0.000000000000000000e+00 1.094019186172633606e+00 2.293272089324673371e-02 1.512541666485855141e-01 5.716504680889081952e-02 0.000000000000000000e+00 1.191252617351311605e+00 1.011681163459627816e-02 7.324175061879186630e+08 3.035170250676463842e+08
1.770000000000000000e+02 1.280000000000010000e+14 0.000000000000000000e+00 1.077855579082600102e+00 1.548633570767863621e-01 1.900623426104850466e-01 1.133270701139921371e-01 0.000000000000000000e+00 1.031021154578435128e+00 1.370919677418826754e-01 2.527613253010480404e+09 1.786147646757235050e+09
1.780000000000000000e+02 1.280000000000010000e+14 1.000000000000000000e+00 1.051388184736073539e+00 3.705044512948158647e-02 5.271075029355792169e-02 3.572485622519125468e-03 0.000000000000000000e+00 1.189914905289891189e+00 3.237439528348019097e-02 3.731734649163703322e+08 4.942302647945412993e+07
1.790000000000000000e+02 1.280000000000010000e+14 1.000000000000000000e+00 1.107807572080216296e+00 2.405150277479053966e-02 8.779337238223418327e-02 7.692226708538956598e-03 0.000000000000000000e+00 1.103682461917202762e+00 4.408972822554216991e-02 7.352043470337681770e+08 1.110957297202003300e+08
1.800000000000000000e+02 1.280000000000010000e+14 0.000000000000000000e+00 1.037573097424940860e+00 1.253014409089825976e-01 2.657929563850126575e-01 9.263544718677062251e-02 0.000000000000000000e+00 1.392646402421754859e+00 5.988852722703373599e-02 9.349040083641906977e+08 5.243367724720514417e+08
1.810000000000000000e+02 1.280000000000010000e+14 1.000000000000000000e+00 1.120532562756269224e+00 1.162525089520370127e-02 6.740972624964705617e-02 1.308271427041447256e-02 0.000000000000000000e+00 1.105724466072280920e+00 7.846371992980166396e-03 4.808463086142355800e+08 7.787468880909912288e+07
1.820000000000000000e+02 1.280000000000010000e+14 0.000000000000000000e+00 1.493446626065641381e+00 1.147679853145293499e-01 1.872527467915210131e-01 7.589974597077481233e-02 0.000000000000000000e+00 1.540856327120350810e+00 1.344562055516553278e-01 1.644092543294327259e+09 1.101149193869982958e+09
1.830000000000000000e+02 1.280000000000010000e+14 0.000000000000000000e+00 1.346134796541738066e+00 1.099419230682254500e-01 1.727439584382268190e-01 6.724694431367235492e-02 0.000000000000000000e+00 1.375493874312390119e+00 1.330764781757389770e-01 1.912085309626063347e+09 9.146874939483002424e+08
1.840000000000000000e+02 1.280000000000010000e+14 0.000000000000000000e+00 1.114048794965916578e+00 1.288368050079949367e-02 1.374775459502628194e-01 3.703645516257209058e-02 0.000000000000000000e+00 1.160785147065548584e+00 1.668051879016656594e-02 1.549563545324303865e+09 5.684772022633323669e+08
1.850000000000000000e+02 1.280000000000010000e+14 0.000000000000000000e+00 9.607745585024859425e-01 1.205883179563778107e-01 1.262213988802331488e-01 4.060561865527649583e-02 0.000000000000000000e+00 1.097517213731782570e+00 8.948217891887240427e-02 1.403894194826583385e+09 6.634207256351593733e+08
1.860000000000000000e+02 1.280000000000010000e+14 0.000000000000000000e+00 1.207647871357519387e+00 4.539177712440102715e-03 1.254766050766401297e-01 3.474518815872594535e-02 0.000000000000000000e+00 1.323982458092562320e+00 2.125281209092111379e-02 1.190195118025649309e+09 5.007058730667286515e+08
1.870000000000000000e+02 1.280000000000010000e+14 0.000000000000000000e+00 1.000208966426886059e+00 4.705922179903682112e-02 1.067236484272040542e-01 4.051542383299477218e-02 0.000000000000000000e+00 1.146819900479256749e+00 2.996868576069874890e-02 1.135034673105818510e+09 6.037946752393205166e+08
1.880000000000000000e+02 1.280000000000010000e+14 0.000000000000000000e+00 9.561642113998907178e-01 1.254499819681700323e-01 2.135500246292692250e-01 1.088207722420016371e-01 0.000000000000000000e+00 1.270093626043993229e+00 3.521793893850846957e-02 6.381996220605366230e+08 1.321732115805068463e+08
1.890000000000000000e+02 1.280000000000010000e+14 1.000000000000000000e+00 1.108491756726190713e+00 1.724950614604013263e-02 6.580584143898535188e-02 2.117106184774913274e-02 0.000000000000000000e+00 1.288819645302725414e+00 2.253413736079989960e-02 7.052329302869274616e+08 2.887486656151931286e+08
1.900000000000000000e+02 1.280000000000010000e+14 0.000000000000000000e+00 1.388741734516536930e+00 6.863530691780271586e-02 1.744111216742531278e-01 3.778154359427392944e-02 0.000000000000000000e+00 1.388989619957263555e+00 8.614251418703103291e-02 1.847023586712764025e+09 4.756483300752187371e+08
1.910000000000000000e+02 1.280000000000010000e+14 0.000000000000000000e+00 1.193123547308086119e+00 3.064750371475256918e-02 1.377992386089524068e-01 3.100503943781496644e-02 0.000000000000000000e+00 1.235372399995997572e+00 2.889849574402179530e-02 1.420211699253680468e+09 4.152299773282346129e+08
1.920000000000000000e+02 1.280000000000010000e+14 0.000000000000000000e+00 1.290123285434803924e+00 2.405340588386704614e-01 3.384566758546523335e-01 1.547170648562158635e-01 0.000000000000000000e+00 1.247601432627842399e+00 1.306280011052883272e-01 7.425479094988641739e+08 1.281909925042300373e+08
1.930000000000000000e+02 1.280000000000010000e+14 0.000000000000000000e+00 1.358751018488959073e+00 1.251492563260903912e-01 1.962203090014276174e-01 1.076097471635735214e-01 0.000000000000000000e+00 1.272525188297125798e+00 1.583765436915663405e-01 2.342798954880168915e+09 1.470976660708112001e+09
1.940000000000000000e+02 1.280000000000010000e+14 1.000000000000000000e+00 1.136961444145475619e+00 3.403864006281089732e-02 9.282338088778648022e-02 2.053729685037335509e-02 0.000000000000000000e+00 1.043443797666570694e+00 2.780787240345980460e-02 9.572081859852753878e+08 2.908178091801685095e+08
1.950000000000000000e+02 1.280000000000010000e+14 1.000000000000000000e+00 1.001344449770045220e+00 3.283857200907468882e-02 8.442001608376994981e-02 1.919081098025166715e-02 0.000000000000000000e+00 1.029523081954522024e+00 2.076974463814265301e-02 3.921746894082409143e+08 3.963650852534245700e+07
1.960000000000000000e+02 1.280000000000010000e+14 0.000000000000000000e+00 1.094374692729062293e+00 7.845095991588764417e-02 1.196979184460687379e-01 2.057306137463748089e-02 0.000000000000000000e+00 1.274686500973922776e+00 2.512412354858822514e-02 1.207844160424614668e+09 2.922868313541426063e+08
1.970000000000000000e+02 1.280000000000010000e+14 0.000000000000000000e+00 1.127271922637244517e+00 6.700405797731277813e-02 1.139382344911462480e-01 2.264713103857128942e-02 0.000000000000000000e+00 1.283069966486114932e+00 4.434217987296962260e-02 7.588593082901492119e+08 1.106201809750563204e+08
1.980000000000000000e+02 1.280000000000010000e+14 0.000000000000000000e+00 1.230210433638621037e+00 6.275596099732902444e-02 8.606869249517141995e-02 1.349721106727550315e-02 0.000000000000000000e+00 1.153072647867072531e+00 6.692142952621715768e-02 8.312550724296348095e+08 1.757723458144665956e+08
1.990000000000000000e+02 1.280000000000010000e+14 0.000000000000000000e+00 9.126537460802430779e-01 1.633788219701607647e-01 2.400671611063054656e-01 1.411806158708570347e-01 0.000000000000000000e+00 9.191969990758799280e-01 4.191069491379681433e-02 3.772822449261518717e+08 3.458775936938015372e+07
2.000000000000000000e+02 1.280000000000010000e+14 0.000000000000000000e+00 1.115404583039913522e+00 5.604940085414095163e-02 1.580149003666633523e-01 4.405919466190995337e-02 0.000000000000000000e+00 1.227844248963992690e+00 4.482886108035327027e-02 6.376780015897660255e+08 1.478189383565318584e+08
2.010000000000000000e+02 1.280000000000010000e+14 0.000000000000000000e+00 1.215201969818464400e+00 1.060422452366436563e-01 1.838173210172185101e-01 1.161464180359338544e-01 0.000000000000000000e+00 1.203352488936604958e+00 1.487960907748258621e-01 1.968326582378627777e+09 1.423662485462430716e+09
2.020000000000000000e+02 1.280000000000010000e+14 1.000000000000000000e+00 1.089643785221071637e+00 1.327613849705264366e-02 6.866820436271960093e-02 1.789722461429656131e-02 0.000000000000000000e+00 1.058390028514176739e+00 2.868551843042640992e-02 3.841181378598748446e+08 6.424660731631905586e+07
2.030000000000000000e+02 1.280000000000010000e+14 0.000000000000000000e+00 1.207614523788704819e+00 6.641685200101223041e-02 1.540063421390119314e-01 2.439283274788370259e-02 0.000000000000000000e+00 1.086727351732845293e+00 6.127351736986497155e-02 1.346066575500455856e+09 3.618767586543669105e+08
2.040000000000000000e+02 1.280000000000010000e+14 0.000000000000000000e+00 1.053115784802628241e+00 8.320259773501494094e-02 1.474564691193124000e-01 4.256271643498207857e-02 0.000000000000000000e+00 8.745101808917635777e-01 4.609705098846076515e-02 1.416337227158578634e+09 6.763433915263171196e+08
2.050000000000000000e+02 1.280000000000010000e+14 1.000000000000000000e+00 1.011448202779451577e+00 3.154789664983513597e-02 7.673017800852709180e-02 4.898006069413574602e-03 0.000000000000000000e+00 9.925602648534137540e-01 4.449176120583765021e-02 6.457391982269849777e+08 6.915725061856471002e+07
2.060000000000000000e+02 1.280000000000010000e+14 0.000000000000000000e+00 1.173407210104884690e+00 1.277041252340731931e-02 6.675495824855330607e-02 1.094316346614045490e-02 0.000000000000000000e+00 1.253781369990664363e+00 1.370269090154980184e-02 4.671217162766838670e+08 7.282668045733539760e+07
2.070000000000000000e+02 1.280000000000010000e+14 0.000000000000000000e+00 9.686426026338571527e-01 3.077431972711946323e-02 1.060677535557282974e-01 3.278262263675593008e-02 0.000000000000000000e+00 9.386306637346102377e-01 3.651301787966450274e-02 1.122053309962606430e+09 4.870050887621150017e+08
2.080000000000000000e+02 1.280000000000010000e+14 0.000000000000000000e+00 1.348443150231305454e+00 1.361612580716428933e-01 1.999277848374043376e-01 1.094037470945996848e-01 0.000000000000000000e+00 1.802672969682237891e+00 8.054220624467170464e-02 9.650483504226275682e+08 2.501173910802200437e+08
2.090000000000000000e+02 1.280000000000010000e+14 0.000000000000000000e+00 1.339279387752958073e+00 7.284161405956614266e-02 1.125249213536156090e-01 6.258151399853503771e-02 0.000000000000000000e+00 1.484703428619189802e+00 1.104695980389990284e-01 1.113754306424744844e+09 8.530029048673709631e+08
2.100000000000000000e+02 1.280000000000010000e+14 0.000000000000000000e+00 1.152531168832241937e+00 4.339738250090902777e-02 1.858005669787314296e-01 5.676293026714000073e-02 0.000000000000000000e+00 1.159129567173157849e+00 5.583823817265345241e-02 2.024100864404914618e+09 8.276110013869675398e+08
2.110000000000000000e+02 1.280000000000010000e+14 0.000000000000000000e+00 1.292907925302279271e+00 5.662726686794638392e-02 1.161144645896213801e-01 2.589348687023941553e-02 0.000000000000000000e+00 1.350741741133502316e+00 7.450223382178565446e-02 8.942479769938814640e+08 3.524201223666335940e+08
2.120000000000000000e+02 1.280000000000010000e+14 0.000000000000000000e+00 1.133423061581967151e+00 8.413791983619372042e-03 1.468148942729071149e-01 3.164362807702902208e-02 0.000000000000000000e+00 1.046885934690121145e+00 3.767034764913585604e-02 1.383599674386380672e+09 4.948514419220957160e+08
2.130000000000000000e+02 1.280000000000010000e+14 1.000000000000000000e+00 9.944205243185729737e-01 2.229020901339728855e-02 8.059845514002129951e-02 1.435028138217043191e-02 0.000000000000000000e+00 1.064556692521423154e+00 1.734267079773844228e-02 5.751621263858830929e+08 1.450312606481697261e+08
2.140000000000000000e+02 1.280000000000010000e+14 1.000000000000000000e+00 1.052699157767533977e+00 3.986412203893761191e-02 8.585389919243102685e-02 1.693236892556001030e-02 0.000000000000000000e+00 1.313836810935836263e+00 4.804650656870208814e-02 8.119433649511203766e+08 2.530973601818297207e+08
2.150000000000000000e+02 1.280000000000010000e+14 0.000000000000000000e+00 1.196588951874784978e+00 1.844985972734035085e-01 1.478239755838094416e-01 5.108042737992818383e-02 0.000000000000000000e+00 1.244084368992212086e+00 1.430641693909672219e-01 1.239685657023831606e+09 7.769042078118120432e+08
2.160000000000000000e+02 1.280000000000010000e+14 1.000000000000000000e+00 1.037143496284969491e+00 1.971253509038597279e-02 6.265254647568713198e-02 5.669679468543484778e-03 0.000000000000000000e+00 1.231798992295766837e+00 2.812269483111391744e-02 5.345987017237591743e+08 7.271767791150449216e+07
2.170000000000000000e+02 1.280000000000010000e+14 1.000000000000000000e+00 1.055880268437726643e+00 2.359776405607463823e-02 6.784681560057467808e-02 7.278586172592256542e-03 0.000000000000000000e+00 1.179614470681324745e+00 1.967270202045411087e-02 5.756150386657836437e+08 1.028760090837020576e+08
2.180000000000000000e+02 1.280000000000010000e+14 0.000000000000000000e+00 1.409474144736027723e+00 1.305200261947076501e-01 2.280168477256984405e-01 1.416151529145064092e-01 0.000000000000000000e+00 1.217752959202851093e+00 1.424388256680738651e-01 2.742857925825405121e+09 1.909604044256181955e+09
2.190000000000000000e+02 1.280000000000010000e+14 0.000000000000000000e+00 1.103857462420406499e+00 2.725284585980728216e-02 1.274097779009264464e-01 3.525687958352378970e-02 0.000000000000000000e+00 1.229509214034580467e+00 2.182330043291357685e-02 6.463978441671293974e+08 8.886154135205909610e+07
2.200000000000000000e+02 1.280000000000010000e+14 0.000000000000000000e+00 1.176183678733319082e+00 2.614415442771745868e-01 2.605640085256461513e-01 6.492228545612206692e-02 0.000000000000000000e+00 7.527128740648099114e-01 2.798600718481122351e-01 2.446011354702579021e+09 1.373460914513784409e+09
2.210000000000000000e+02 1.280000000000010000e+14 1.000000000000000000e+00 1.104172396483839025e+00 1.138715795780083882e-02 7.536423116765250674e-02 1.390482717197602178e-02 0.000000000000000000e+00 1.148449324260901072e+00 2.129249690922847826e-02 7.329453197737231255e+08 1.932109601990382075e+08
2.220000000000000000e+02 1.280000000000010000e+14 0.000000000000000000e+00 9.737733606029964628e-01 1.169992758912083985e-01 1.590634362178863503e-01 7.991885111952931608e-02 0.000000000000000000e+00 1.146349034276093359e+00 5.912709793929082913e-02 1.905559931084365606e+09 1.394543388493763924e+09
2.230000000000000000e+02 1.280000000000010000e+14 1.000000000000000000e+00 1.114096170192938162e+00 2.220502003001227631e-02 6.037760365183295064e-02 1.425535798636414983e-02 0.000000000000000000e+00 1.052854835769592379e+00 1.634135482237007025e-02 2.684852596314011216e+08 1.892982710411573574e+07
2.240000000000000000e+02 1.280000000000010000e+14 0.000000000000000000e+00 1.421028842916117751e+00 7.654423894179868126e-02 1.415468718024054939e-01 5.779700901930551887e-02 0.000000000000000000e+00 1.334406833454363950e+00 1.044723446602183192e-01 1.439128860681858778e+09 7.830954316266950369e+08
2.250000000000000000e+02 1.280000000000010000e+14 1.000000000000000000e+00 1.120377525047413947e+00 3.295897453015610157e-02 9.525524042356284249e-02 1.553609958288655092e-02 0.000000000000000000e+00 1.203220067894652523e+00 1.805194150050852195e-02 6.828607147785118818e+08 2.149585646221151650e+08
2.260000000000000000e+02 1.280000000000010000e+14 1.000000000000000000e+00 1.055444475166860130e+00 1.936436364647474428e-02 7.150932697826868634e-02 9.864226207399698354e-03 0.000000000000000000e+00 1.300206951444547343e+00 1.781529354056868991e-02 5.314632622073192000e+08 5.224869825370060652e+07
2.270000000000000000e+02 1.280000000000010000e+14 0.000000000000000000e+00 1.072405283617434701e+00 2.491826570090785453e-02 1.210757399869922812e-01 3.348806648861025331e-02 0.000000000000000000e+00 9.761132249200532573e-01 4.627669171745226601e-02 1.392582288246157169e+09 5.075398448222739100e+08
2.280000000000000000e+02 1.280000000000010000e+14 0.000000000000000000e+00 1.155849489325599722e+00 2.670913663088935186e-01 1.781524165631602485e-01 4.075894743581535279e-02 0.000000000000000000e+00 1.050991479562229269e+00 2.404471030485481886e-01 1.249410827692816734e+09 4.929513090099027157e+08
2.290000000000000000e+02 1.280000000000010000e+14 0.000000000000000000e+00 1.106103183633679654e+00 8.060688070496216384e-02 1.555058599527443797e-01 7.996210938761449949e-02 0.000000000000000000e+00 1.214992932844834561e+00 4.437251604376535319e-02 8.841405151419178247e+08 2.697231460671985745e+08
2.300000000000000000e+02 1.280000000000010000e+14 0.000000000000000000e+00 1.111996312766690087e+00 3.918461740811371441e-02 1.161731495474262466e-01 2.309890929940746837e-02 0.000000000000000000e+00 1.419732911062426162e+00 2.700631332022800091e-02 7.554640562817530632e+08 1.062490480830319524e+08
2.310000000000000000e+02 1.280000000000010000e+14 0.000000000000000000e+00 1.033307743740614182e+00 4.167913749508875276e-02 1.282534861457193531e-01 4.232765611065369971e-02 0.000000000000000000e+00 9.759340489111330008e-01 1.881263685161977881e-02 3.252183412453869581e+08 3.898348014058643579e+07
2.320000000000000000e+02 1.280000000000010000e+14 1.000000000000000000e+00 9.742730495196999518e-01 2.016870240199428871e-02 7.337903363124580192e-02 1.204761228116178577e-02 0.000000000000000000e+00 1.073386424105853276e+00 8.678603422630352601e-03 4.983006681079880595e+08 8.904436808440172672e+07
2.330000000000000000e+02 1.280000000000010000e+14 1.000000000000000000e+00 1.115454906383072764e+00 2.606037922821144003e-03 6.653310305893557486e-02 2.127570520933846215e-02 0.000000000000000000e+00 1.273511774356548720e+00 1.333560259836552922e-02 6.540207978465069532e+08 2.823151297083707452e+08
2.340000000000000000e+02 1.280000000000010000e+14 1.000000000000000000e+00 1.090115164004784365e+00 1.645984011881020115e-02 7.178953488241573977e-02 9.466562753909165545e-03 0.000000000000000000e+00 1.203963598411786240e+00 2.293143895495675100e-02 5.166328499952824116e+08 9.846204759424850345e+07
2.350000000000000000e+02 1.280000000000010000e+14 0.000000000000000000e+00 9.962254762757016824e-01 1.406571625132138348e-01 1.615905731819667068e-01 6.035061783940996044e-02 0.000000000000000000e+00 1.063949901464190662e+00 1.293189522301729510e-01 1.552676106182577848e+09 1.061279180809767485e+09
2.360000000000000000e+02 1.280000000000010000e+14 0.000000000000000000e+00 9.274901751232237368e-01 2.496196912511926269e-01 3.582407105809014558e-01 2.282560318253998854e-01 0.000000000000000000e+00 9.793888868521614111e-01 1.823000171094513455e-01 1.752885895035121202e+09 8.770482111278085709e+08
2.370000000000000000e+02 1.280000000000010000e+14 0.000000000000000000e+00 1.019923158332294078e+00 5.064062155698140916e-02 1.051314836183569745e-01 3.842211514709264336e-02 0.000000000000000000e+00 1.210027500304413417e+00 4.852198820901197640e-02 1.214637591464071512e+09 6.194765766696127653e+08
2.380000000000000000e+02 1.280000000000010000e+14 0.000000000000000000e+00 1.212575583471499518e+00 1.202301062704450446e-01 1.555555978406827911e-01 4.623360961017770887e-02 0.000000000000000000e+00 1.147339908625639282e+00 4.508888611172809369e-02 1.171767121655453444e+09 6.377811179174821377e+08
2.390000000000000000e+02 1.280000000000010000e+14 0.000000000000000000e+00 1.092259036798260308e+00 4.995994048200447235e-02 1.307885634909484729e-01 5.279427335871349214e-02 0.000000000000000000e+00 1.166801987732623225e+00 2.672623590929237500e-02 1.477968774663567305e+09 7.829112609311903715e+08
2.400000000000000000e+02 1.280000000000010000e+14 0.000000000000000000e+00 1.098866340674994335e+00 1.192794570755626310e-01 1.489796525043631525e-01 3.375635205927304122e-02 0.000000000000000000e+00 1.148636304862335589e+00 9.007851324825620620e-02 1.364922883941757202e+09 5.015182162764180303e+08
2.410000000000000000e+02 1.280000000000010000e+14 0.000000000000000000e+00 1.047167417170091985e+00 6.180408291682814442e-02 1.162798334655035654e-01 4.474908524284541833e-02 0.000000000000000000e+00 1.048797457355245655e+00 3.648741136979110483e-02 4.098737898390098214e+08 7.246468775278455019e+07
2.420000000000000000e+02 1.280000000000010000e+14 1.000000000000000000e+00 1.122977042453644270e+00 2.658748009721025041e-02 9.424800568507542275e-02 1.704800927041759048e-02 0.000000000000000000e+00 1.163079466741866907e+00 3.981041155273756793e-02 6.471806545845886469e+08 1.652193441760217249e+08
2.430000000000000000e+02 1.280000000000010000e+14 0.000000000000000000e+00 1.026146326906955064e+00 6.267532463466723991e-02 1.163660053420677576e-01 2.455508565144776806e-02 0.000000000000000000e+00 1.197044263652323082e+00 3.357069051664081372e-02 1.082483639799933910e+09 3.692593947897672653e+08
2.440000000000000000e+02 1.280000000000010000e+14 0.000000000000000000e+00 1.278760514383699531e+00 2.113747462378261499e-01 2.134954589352915377e-01 8.142849088782082301e-02 0.000000000000000000e+00 1.002063827115314831e+00 1.977471595408831773e-01 1.790689769131553650e+09 9.856802924392377138e+08
2.450000000000000000e+02 1.280000000000020000e+14 0.000000000000000000e+00 1.105301451355928055e+00 3.532327931334190707e-02 1.075359467219759169e-01 2.655795077101999122e-02 0.000000000000000000e+00 1.175486437498034720e+00 3.082035365324288859e-02 1.027647356015731931e+09 3.778532859910686612e+08
2.460000000000000000e+02 1.280000000000010000e+14 1.000000000000000000e+00 1.028437569232581339e+00 1.302685931272497440e-02 5.828754880596887650e-02 2.204168078135096756e-03 0.000000000000000000e+00 1.211770352909471882e+00 7.372986136992182998e-03 4.419848089175933003e+08 3.199718480147926882e+07
2.470000000000000000e+02 1.280000000000010000e+14 1.000000000000000000e+00 1.002382917172254251e+00 1.667775989304377815e-02 6.196110275714342835e-02 1.207223899061288241e-02 0.000000000000000000e+00 1.370205958019695247e+00 6.196701716783552423e-03 5.656467432313129902e+08 1.959411980175414681e+08
2.480000000000000000e+02 1.280000000000010000e+14 1.000000000000000000e+00 1.061476278443018950e+00 2.548243282927379477e-02 9.992563968937887009e-02 1.595494772587191523e-02 0.000000000000000000e+00 1.125676372565136418e+00 2.979830177895837970e-02 6.456570747394965887e+08 1.429321060784420669e+08
2.490000000000000000e+02 1.280000000000010000e+14 1.000000000000000000e+00 1.020346030961971406e+00 2.415452989658355490e-02 6.090801084254646863e-02 1.185613610821087058e-02 0.000000000000000000e+00 1.166993795254841704e+00 2.670956687000287585e-02 6.289774825782577991e+08 1.697566187848296463e+08
2.500000000000000000e+02 1.280000000000010000e+14 0.000000000000000000e+00 1.112629814205116752e+00 3.731616331749278148e-02 1.898285977168371885e-01 1.049154937479856997e-01 0.000000000000000000e+00 1.058030095071927246e+00 5.433944924674240923e-02 6.318984981728508472e+08 1.263762420387627631e+08
2.510000000000000000e+02 1.280000000000010000e+14 1.000000000000000000e+00 1.050310506476228367e+00 2.053651974677824649e-02 7.989145056716474846e-02 2.531852009728605482e-02 0.000000000000000000e+00 1.021332491982565704e+00 3.677999049757454259e-02 6.858320092417374849e+08 3.583402877557269931e+08
2.520000000000000000e+02 1.280000000000010000e+14 0.000000000000000000e+00 1.444946182866330808e+00 8.284679265410323235e-02 2.199604758266639482e-01 4.336170234688331571e-02 0.000000000000000000e+00 1.391253527338417451e+00 1.460403548774569515e-01 2.068534881659026861e+09 5.535604309315044880e+08
2.530000000000000000e+02 1.280000000000010000e+14 0.000000000000000000e+00 1.024959164532280198e+00 4.975631799367417896e-02 1.062089335291124537e-01 1.945101529713403818e-02 0.000000000000000000e+00 1.026978166333418319e+00 1.926525277906974282e-02 4.613288519728677273e+08 6.361983561387212574e+07
2.540000000000000000e+02 1.280000000000010000e+14 1.000000000000000000e+00 9.981277507695412998e-01 2.845720840232759952e-02 5.805904002771990896e-02 1.050337481379235924e-02 0.000000000000000000e+00 1.121980487793734715e+00 1.462543201795127139e-02 3.523575717219709158e+08 4.423894775919023901e+07
2.550000000000000000e+02 1.280000000000010000e+14 0.000000000000000000e+00 1.071893505258393331e+00 5.343282696664777842e-02 1.171323496336269809e-01 2.519179384313696007e-02 0.000000000000000000e+00 1.229138941020401887e+00 5.714227117837794578e-02 9.115889172683931589e+08 3.903501631754168272e+08
2.560000000000000000e+02 1.280000000000010000e+14 0.000000000000000000e+00 1.108662859988983174e+00 5.948855360174946233e-02 1.252629496364779105e-01 4.840564521860798303e-02 0.000000000000000000e+00 1.148255531089679149e+00 2.726312177139691290e-02 5.847873326703716516e+08 9.774873558040173352e+07
2.570000000000000000e+02 1.280000000000010000e+14 0.000000000000000000e+00 1.088483193419193862e+00 7.230995727201658396e-02 9.919966675697643177e-02 1.687084413825134382e-02 0.000000000000000000e+00 1.178823635106556633e+00 4.023773205988678825e-02 8.626502823082131147e+08 2.213633502012336552e+08
2.580000000000000000e+02 1.280000000000010000e+14 0.000000000000000000e+00 1.040893426858271242e+00 6.965211352565785219e-02 1.207193644133575799e-01 3.143355916217791673e-02 0.000000000000000000e+00 1.163278189550011499e+00 3.763639533042158203e-02 5.513801845559649467e+08 6.059926994576808810e+07
2.590000000000000000e+02 1.280000000000010000e+14 0.000000000000000000e+00 1.072842714487612925e+00 2.308504292467038546e-02 1.157190876450715084e-01 2.749077962360716929e-02 0.000000000000000000e+00 1.139739479578818493e+00 2.580403437575749109e-02 6.008846169149115086e+08 1.744703883224595487e+08
2.600000000000000000e+02 1.280000000000010000e+14 1.000000000000000000e+00 1.019226231480541367e+00 1.445194441701697259e-02 5.344167351487826012e-02 4.515547790750053941e-03 0.000000000000000000e+00 1.016937682770661544e+00 1.859352090895501075e-02 3.380100978948500156e+08 3.020689645338811353e+07
2.610000000000000000e+02 1.280000000000010000e+14 0.000000000000000000e+00 1.224969027757731865e+00 2.964746327276971891e-02 1.408240661335172228e-01 3.862404274165517210e-02 0.000000000000000000e+00 1.250768618075300376e+00 2.770555516164423596e-02 1.535439427450124264e+09 5.144619335466620326e+08
2.620000000000000000e+02 1.280000000000010000e+14 0.000000000000000000e+00 1.855351451736709567e+00 1.926169811050959246e-01 2.758543725195922725e-01 6.874422008846237109e-02 0.000000000000000000e+00 1.862185026332072058e+00 2.417539800852963883e-01 2.717820200663970470e+09 9.082641236957353354e+08
2.630000000000000000e+02 1.280000000000010000e+14 0.000000000000000000e+00 1.319745198430813726e+00 7.393675688857939687e-02 1.139295519812733998e-01 2.537274363159676416e-02 0.000000000000000000e+00 1.516116863439424201e+00 7.560880639357545063e-02 1.170076150864199162e+09 3.551907626112746596e+08
2.640000000000000000e+02 1.280000000000010000e+14 0.000000000000000000e+00 1.130108641302876693e+00 2.743230403596882971e-01 3.139315794293937034e-01 1.786978618746363212e-01 0.000000000000000000e+00 9.356750848337135329e-01 2.356795588888421222e-01 4.249714693717588902e+09 3.603842930290236473e+09
2.650000000000000000e+02 1.280000000000010000e+14 0.000000000000000000e+00 1.012618278828549157e+00 8.788818446104922077e-02 1.726183242679881769e-01 4.086890718652846921e-02 0.000000000000000000e+00 1.260199010085762739e+00 8.476713828423536323e-02 1.749079805967655659e+09 6.872593909382781982e+08
2.660000000000000000e+02 1.280000000000010000e+14 1.000000000000000000e+00 1.009755817476635231e+00 3.582342275307608820e-02 8.306242219044414343e-02 2.193562328862486491e-02 0.000000000000000000e+00 1.164181160985459318e+00 1.948851120500015230e-02 7.805613808122863770e+08 3.096934533888510466e+08
2.670000000000000000e+02 1.280000000000010000e+14 0.000000000000000000e+00 1.217949346249886933e+00 9.552529125394254583e-02 1.691429149041000501e-01 9.313061775578312940e-02 0.000000000000000000e+00 1.319060970480769202e+00 9.743510608874951517e-02 1.837373998951008081e+09 1.370659541722154140e+09
2.680000000000000000e+02 1.280000000000010000e+14 1.000000000000000000e+00 1.046337105962259262e+00 1.946150189345461842e-02 6.410442316548699282e-02 9.432128155532411296e-03 0.000000000000000000e+00 1.163813620363644663e+00 3.202862727092443962e-02 5.121987057996913195e+08 1.316849957820932567e+08
2.690000000000000000e+02 1.280000000000010000e+14 0.000000000000000000e+00 1.085147368278891022e+00 8.863220545189683108e-02 1.629080568910766524e-01 7.385330249729477048e-02 0.000000000000000000e+00 1.267230984877640632e+00 9.748959790576906814e-02 1.536192474191104650e+09 1.055533235899704218e+09
2.700000000000000000e+02 1.280000000000010000e+14 0.000000000000000000e+00 1.123459056207328555e+00 5.905260423169544221e-02 1.734718532977946592e-01 3.437461662041770005e-02 0.000000000000000000e+00 1.243976124489020396e+00 6.850727796859258645e-02 1.886965593381300211e+09 5.185364814641898274e+08
2.710000000000000000e+02 1.280000000000010000e+14 1.000000000000000000e+00 1.067526871156200041e+00 3.108851368937463194e-02 5.311756214359565631e-02 2.730002983008436405e-03 0.000000000000000000e+00 1.231773170292794539e+00 1.168072066137535933e-02 4.100527211708441973e+08 3.192457392003682256e+07
2.720000000000000000e+02 1.280000000000020000e+14 0.000000000000000000e+00 1.424010604877096631e+00 1.257628982220899416e-01 2.533185296149970123e-01 1.208850153788266629e-01 0.000000000000000000e+00 1.589796941169874467e+00 9.763504791109840764e-02 1.550771650305303335e+09 7.374315057132287025e+08
2.730000000000000000e+02 1.280000000000010000e+14 0.000000000000000000e+00 1.193869099461202454e+00 1.185426847474293360e-01 1.727994396646077291e-01 3.433260186389250346e-02 0.000000000000000000e+00 1.199447952378189131e+00 9.030938597299263682e-02 1.966274250122344971e+09 4.909306778710501194e+08
2.740000000000000000e+02 1.280000000000010000e+14 1.000000000000000000e+00 1.109309353959679445e+00 2.348189370671557516e-02 5.776364453787128511e-02 6.951675911468617637e-03 0.000000000000000000e+00 1.241836461262251889e+00 1.795946496697530329e-02 5.069238183032473326e+08 1.004135626471951604e+08
2.750000000000000000e+02 1.280000000000010000e+14 0.000000000000000000e+00 1.438436758740557542e+00 1.795867962591929656e-01 2.903088686201290014e-01 1.749576247387998884e-01 0.000000000000000000e+00 4.260159488659134852e-01 1.783402443312484820e-01 4.286316648387524128e+09 3.103182167219830036e+09
2.760000000000000000e+02 1.280000000000010000e+14 1.000000000000000000e+00 1.134875264858436150e+00 9.142787272932351508e-03 5.375193972790274360e-02 5.298393810183545452e-03 0.000000000000000000e+00 1.146656749087523242e+00 1.504080882755063318e-02 4.744710218116185665e+08 6.940854721771849692e+07
2.770000000000000000e+02 1.280000000000010000e+14 0.000000000000000000e+00 1.152698990639187127e+00 1.348357485992388582e-01 2.608657555336210687e-01 1.029236667057711468e-01 0.000000000000000000e+00 1.124201963583561836e+00 1.220621567936094054e-01 3.553819525141671181e+09 1.792978276440656424e+09
2.780000000000000000e+02 1.280000000000010000e+14 0.000000000000000000e+00 1.080276193065234258e+00 1.341227317037685385e-01 3.432730524988001908e-01 1.299905572095775563e-01 0.000000000000000000e+00 1.030980895197251002e+00 1.572667602203832449e-01 4.160304694125969410e+09 2.295064072302672863e+09
2.790000000000000000e+02 1.280000000000010000e+14 0.000000000000000000e+00 1.903367519459751023e+00 1.006841806879087559e-01 2.501335102622885276e-01 7.031848380842169177e-02 0.000000000000000000e+00 1.697455673807905185e+00 9.901383985737104154e-02 2.869947115804981232e+09 1.060185064233793974e+09
2.800000000000000000e+02 1.280000000000010000e+14 0.000000000000000000e+00 1.404723363687130133e+00 1.471207387038882264e-01 1.991199038750294525e-01 1.112915193751472936e-01 0.000000000000000000e+00 1.335042959902224657e+00 2.301805863222660675e-01 2.121203324688631296e+09 1.466256193483123779e+09
2.810000000000000000e+02 1.280000000000010000e+14 0.000000000000000000e+00 1.072831679304252717e+00 1.076455535460856400e-01 2.490492000598153177e-01 8.845968073572843537e-02 0.000000000000000000e+00 1.005820438514097193e+00 6.405778178810757340e-02 5.434858443745857477e+08 4.575391049294031411e+07
2.820000000000000000e+02 1.280000000000010000e+14 0.000000000000000000e+00 1.154039443662221887e+00 1.837639079180739682e-02 6.588384839353524092e-02 6.529694985651488329e-03 0.000000000000000000e+00 1.091095977190442268e+00 1.512017261036772454e-02 4.232304995330640674e+08 3.642683970248629898e+07
2.830000000000000000e+02 1.280000000000010000e+14 0.000000000000000000e+00 9.949587396169040643e-01 1.998596487504063213e-01 1.500268531232706037e-01 4.402353117505995034e-02 0.000000000000000000e+00 8.530253942678654999e-01 1.637459637154305425e-01 1.237268872762166023e+09 8.530349299561980963e+08
2.840000000000000000e+02 1.280000000000010000e+14 0.000000000000000000e+00 1.219093100988019707e+00 6.360336160586721466e-02 1.238409927967143581e-01 2.562220542568595036e-02 0.000000000000000000e+00 1.136912997445236329e+00 9.474599102854461274e-02 8.073138897869803905e+08 3.729267021151586175e+08
2.850000000000000000e+02 1.280000000000010000e+14 1.000000000000000000e+00 1.068717656729172516e+00 2.062639681368567957e-02 8.359605289734316214e-02 1.356182614506936876e-02 0.000000000000000000e+00 1.107234717974854066e+00 1.885659124502590128e-02 7.627409446428171396e+08 1.925827735756507814e+08
2.860000000000000000e+02 1.280000000000010000e+14 0.000000000000000000e+00 1.096299534961771238e+00 7.249372980160445623e-02 9.601471349531814914e-02 8.645792601725234977e-03 0.000000000000000000e+00 1.171250253669518626e+00 6.654520280742420857e-02 7.376323163557437658e+08 1.152249186335198134e+08
2.870000000000000000e+02 1.280000000000010000e+14 0.000000000000000000e+00 1.284496174748102737e+00 3.420175732925330447e-02 8.202512086685453951e-02 1.052406682744616052e-02 0.000000000000000000e+00 1.340857257189237206e+00 2.449042978525244399e-02 6.738889514455808401e+08 1.351322846970444024e+08
2.880000000000000000e+02 1.280000000000010000e+14 0.000000000000000000e+00 1.680779376822500781e+00 5.964702759800020321e-02 9.242130773531402610e-02 1.387262982855286785e-02 0.000000000000000000e+00 1.648496484041069854e+00 6.302210338406633028e-02 8.705597033810967207e+08 1.839352101183311939e+08
2.890000000000000000e+02 1.280000000000010000e+14 0.000000000000000000e+00 9.546832515298747657e-01 1.906501454666563455e-01 2.782230213521406648e-01 1.375848268925485562e-01 0.000000000000000000e+00 1.065841398979477495e+00 1.630228173859384622e-01 1.180307143658376217e+09 4.872280406860260963e+08
2.900000000000000000e+02 1.280000000000010000e+14 1.000000000000000000e+00 1.067280178926088174e+00 3.530140997073840520e-02 8.575725091357241925e-02 6.404857376051144996e-03 0.000000000000000000e+00 1.108832391931220407e+00 3.095032357735517936e-02 7.392010111481852531e+08 9.198619058350966871e+07
2.910000000000000000e+02 1.280000000000010000e+14 0.000000000000000000e+00 1.047057146642696335e+00 9.572880796405985881e-02 1.368359143862067084e-01 3.761470434931151602e-02 0.000000000000000000e+00 1.085567326628059437e+00 1.003095513211437056e-01 1.572861914954067707e+09 5.315845754252195954e+08
2.920000000000000000e+02 1.280000000000010000e+14 0.000000000000000000e+00 1.114453078338831560e+00 8.825685724755548411e-02 1.808898832257370970e-01 4.249031166293468914e-02 0.000000000000000000e+00 1.283147482764242620e+00 1.177099570267950285e-01 2.067603426137186289e+09 6.205307846208590269e+08
2.930000000000000000e+02 1.280000000000010000e+14 1.000000000000000000e+00 1.015887971928790545e+00 2.341911899127547755e-02 9.499672691778617006e-02 2.988878157286270487e-02 0.000000000000000000e+00 1.188459304019104268e+00 8.556319632571071643e-03 3.771707643731750250e+08 2.266089488150553033e+07
2.940000000000000000e+02 1.280000000000010000e+14 0.000000000000000000e+00 1.276036282726222382e+00 1.295761365083716588e-01 1.587574110379812720e-01 7.212341281329143206e-02 0.000000000000000000e+00 1.028612819659528999e+00 8.741188078168664333e-02 2.080081482324018002e+09 1.158057913164824009e+09
2.950000000000000000e+02 1.280000000000010000e+14 1.000000000000000000e+00 1.053938801819077398e+00 2.819221702628337337e-02 8.556731733086328506e-02 2.155850314931456041e-02 0.000000000000000000e+00 1.036559933115208887e+00 3.529363018307420108e-02 7.892492203512730598e+08 3.021764826787688732e+08
2.960000000000000000e+02 1.280000000000010000e+14 0.000000000000000000e+00 1.108585237812592661e+00 1.412454345434355774e-01 1.173746170039173808e-01 5.875809486988509134e-02 0.000000000000000000e+00 1.219026003001612457e+00 1.199065391471694636e-01 1.286491972307532787e+09 8.274820346061226130e+08
2.970000000000000000e+02 1.280000000000010000e+14 0.000000000000000000e+00 1.074450213168345991e+00 6.317478992225265821e-02 1.337897708600361280e-01 4.139007895761781519e-02 0.000000000000000000e+00 1.128865811851145429e+00 5.157694845644675979e-02 1.220467347488876104e+09 5.718004087721382380e+08
2.980000000000000000e+02 1.280000000000010000e+14 0.000000000000000000e+00 1.349098141963409159e+00 6.668478154454406115e-02 1.616815183380750365e-01 8.206126935576371628e-02 0.000000000000000000e+00 1.426884306631690080e+00 1.029092542506002961e-01 1.705257080779861450e+09 1.069267501978958607e+09
2.990000000000000000e+02 1.280000000000010000e+14 1.000000000000000000e+00 1.089266199243743349e+00 3.808805527622296724e-03 4.200395576069369113e-02 3.364892337053478847e-03 0.000000000000000000e+00 1.162046781564468390e+00 1.268858458313001578e-02 3.246878490674630404e+08 1.908163008438467234e+07
3.000000000000000000e+02 1.280000000000020000e+14 0.000000000000000000e+00 9.359598491124092590e-01 1.690261363782502926e-02 1.304763670535148690e-01 2.385253160296013988e-02 0.000000000000000000e+00 1.201995651425691092e+00 4.006155323279497055e-02 9.981716887444329262e+08 2.493606458537671566e+08
3.010000000000000000e+02 1.280000000000010000e+14 1.000000000000000000e+00 1.081480234369893267e+00 3.051281956330533646e-02 9.520019738866977721e-02 2.315901218879065290e-02 0.000000000000000000e+00 1.051348141296005734e+00 1.858486958645230377e-02 7.457017553859137297e+08 3.656450757318708301e+08
3.020000000000000000e+02 1.280000000000010000e+14 0.000000000000000000e+00 1.027479968137320121e+00 8.855605410272081313e-02 2.446156653211907506e-01 5.992821939933340447e-02 0.000000000000000000e+00 1.169701485661218232e+00 1.017621799616221651e-01 1.390187057500455618e+09 6.642830170025640726e+08
3.030000000000000000e+02 1.280000000000010000e+14 0.000000000000000000e+00 1.079995520614682958e+00 1.482949575611905435e-01 2.383571395053336039e-01 9.022111697199682034e-02 0.000000000000000000e+00 9.051399226240816054e-01 1.112395990708903992e-01 3.267317959029937744e+09 1.410344652137867212e+09
3.040000000000000000e+02 1.280000000000010000e+14 0.000000000000000000e+00 1.187859955081847607e+00 2.608230073300035756e-01 2.641734377882221096e-01 1.366350389698407219e-01 0.000000000000000000e+00 1.281707144482952865e+00 2.577782397993961805e-01 3.265701930092973709e+09 2.095814648135647058e+09
3.050000000000000000e+02 1.280000000000010000e+14 0.000000000000000000e+00 1.593350717528248639e+00 7.795988265645524551e-02 1.306522531794440389e-01 3.550448902960583880e-02 0.000000000000000000e+00 1.653128831086286388e+00 8.197214741122037240e-02 9.622023204882746935e+08 4.822570797918598652e+08
3.060000000000000000e+02 1.280000000000010000e+14 1.000000000000000000e+00 1.147787181416259683e+00 3.255325410769892291e-02 8.650769168718369651e-02 2.588961810526252405e-02 0.000000000000000000e+00 1.277891916370131664e+00 2.023345473097458089e-02 8.241191798483732939e+08 3.460104880646094680e+08
3.070000000000000000e+02 1.280000000000010000e+14 0.000000000000000000e+00 9.827876850298346012e-01 1.000712139000247136e-01 1.634077312714246055e-01 3.575538124208640922e-02 0.000000000000000000e+00 1.185227266791380130e+00 5.201410555938539015e-02 7.635277359011294842e+08 1.828385602261271477e+08
3.080000000000000000e+02 1.280000000000010000e+14 0.000000000000000000e+00 1.237785941083183960e+00 7.571094484323279139e-02 1.814532542590244213e-01 6.908025729155310712e-02 0.000000000000000000e+00 1.236923123592762686e+00 1.274220342049995902e-01 1.938818580015476227e+09 8.886491356998612881e+08
3.090000000000000000e+02 1.280000000000010000e+14 0.000000000000000000e+00 1.160644712444567350e+00 1.082178621722675732e-01 1.446866371296831599e-01 6.198739427020183435e-02 0.000000000000000000e+00 1.032254370801620524e+00 7.398805671501551551e-02 1.663908412380855560e+09 9.200192796308214664e+08
3.100000000000000000e+02 1.280000000000010000e+14 0.000000000000000000e+00 1.109444832401137893e+00 1.378770990154429277e-01 2.160078185482924573e-01 1.294461928004594642e-01 0.000000000000000000e+00 1.286628886220638757e+00 4.644775437041005761e-02 7.657952022395757437e+08 3.029768784334248900e+08
3.110000000000000000e+02 1.280000000000010000e+14 0.000000000000000000e+00 1.192415678620751374e+00 5.635011965962041097e-02 9.254821845288650761e-02 2.754195149706030465e-02 0.000000000000000000e+00 1.322462510403582980e+00 4.957541119310342193e-02 1.109156109554502726e+09 4.087352733685561419e+08
3.120000000000000000e+02 1.280000000000010000e+14 0.000000000000000000e+00 1.040402718792424075e+00 5.661802453530284662e-02 1.195075896067724075e-01 3.537499266843426027e-02 0.000000000000000000e+00 1.116743561693188669e+00 8.207825283857958509e-02 1.078871530578276157e+09 5.259935023341405392e+08
3.130000000000000000e+02 1.280000000000010000e+14 0.000000000000000000e+00 1.086205726970678631e+00 6.821486278789573587e-02 1.279205873869833643e-01 6.960902812226912872e-02 0.000000000000000000e+00 9.392127683947401051e-01 6.100189797635800770e-02 5.563695087192792892e+08 1.139513450433936268e+08
3.140000000000000000e+02 1.280000000000010000e+14 0.000000000000000000e+00 1.064237040984026272e+00 5.362655498182619662e-02 5.933442814872372933e-02 1.150285183319471778e-02 0.000000000000000000e+00 1.181256030991661099e+00 6.245801130414518204e-02 5.162751481356149316e+08 1.665156197490986586e+08
3.150000000000000000e+02 1.280000000000010000e+14 0.000000000000000000e+00 1.165251730344045278e+00 7.098341876522439031e-02 1.519662992299651016e-01 4.916017609210971556e-02 0.000000000000000000e+00 1.229520017450923319e+00 3.695108903094083269e-02 1.500248368941928625e+09 7.320553753072816133e+08
3.160000000000000000e+02 1.280000000000010000e+14 0.000000000000000000e+00 1.397440979285672569e+00 1.040586268043462853e-01 1.784452216357017285e-01 1.038685420619087502e-01 0.000000000000000000e+00 1.498996040262853935e+00 1.461643243842531970e-01 2.028682446553563595e+09 1.368706397124422073e+09
3.170000000000000000e+02 1.280000000000010000e+14 1.000000000000000000e+00 1.074809226702553966e+00 2.541292405631515386e-02 9.311774226624681960e-02 1.557722676709337450e-02 0.000000000000000000e+00 1.227941543560384652e+00 4.356744430483235758e-02 7.395302442053256035e+08 2.502487730849345922e+08
3.180000000000000000e+02 1.280000000000010000e+14 0.000000000000000000e+00 9.652123683969366930e-01 2.423399723675902576e-02 1.613897641397794569e-01 5.654407097123063247e-02 0.000000000000000000e+00 1.286893360926282259e+00 2.742511887414762761e-02 6.346032554363200665e+08 1.036079766293453127e+08
3.190000000000000000e+02 1.280000000000010000e+14 1.000000000000000000e+00 9.992319562377103281e-01 2.856357632971304183e-02 6.372685763337218590e-02 8.827403310391434069e-03 0.000000000000000000e+00 1.223897532040491232e+00 2.020368917182770868e-02 3.756326815139380693e+08 3.128055524434417486e+07
3.200000000000000000e+02 1.280000000000010000e+14 1.000000000000000000e+00 1.076577931730021476e+00 2.293161211454874254e-02 5.077925800697223602e-02 7.882202194750066379e-03 0.000000000000000000e+00 1.095860178719095579e+00 2.495422149829461603e-02 4.374249155564451218e+08 1.027305754079769403e+08
3.210000000000000000e+02 1.280000000000010000e+14 0.000000000000000000e+00 1.177087212496045643e+00 1.129654803570636357e-01 1.423167775991703299e-01 7.480010370754472393e-02 0.000000000000000000e+00 1.157091839414200241e+00 1.367083278791640932e-01 1.606108083316874981e+09 1.014180359300551057e+09
3.220000000000000000e+02 1.280000000000010000e+14 0.000000000000000000e+00 1.080185819405916181e+00 5.700301300255665449e-02 1.094200319315723896e-01 1.626811853561107094e-02 0.000000000000000000e+00 1.212501472971406757e+00 4.737685161609998807e-02 7.536417004397553205e+08 1.377135981844483316e+08
3.230000000000000000e+02 1.280000000000010000e+14 0.000000000000000000e+00 1.194351436446114745e+00 9.240529304575864633e-02 9.124286527754275899e-02 1.341393932125366228e-02 0.000000000000000000e+00 1.158982680078293415e+00 6.993791798918545799e-02 7.099824439772831202e+08 2.028930442886614501e+08
3.240000000000000000e+02 1.280000000000010000e+14 1.000000000000000000e+00 1.145556948235649797e+00 2.519521165373329180e-02 6.125556858568800139e-02 4.013671136541224413e-03 0.000000000000000000e+00 1.163399324805209023e+00 1.574426860155107161e-02 4.562690892525560856e+08 4.934204634868064523e+07
