# rID[0] Hid[1]   R200: DS[2], eta[3], detla[4], fm[5], fm2[6];   R500: DS[7], eta[8], detla[9], fm[10], fm2[11]
1.000000000000000000e+00 1.060000000000010000e+14 0.000000000000000000e+00 1.357818784157842629e+00 1.005382271400482100e-02 9.863329747234841904e-02 1.334497361153665941e-02 0.000000000000000000e+00 1.221274084761654111e+00 4.624224053529685241e-02 9.406712166559168100e+08 1.838712849423625469e+08
2.000000000000000000e+00 1.060000000000010000e+14 0.000000000000000000e+00 1.186849433536442344e+00 2.061748107745220090e-02 1.931254699517817308e-01 4.122572656017599313e-02 0.000000000000000000e+00 1.354488827471471479e+00 2.294087493343686252e-02 1.116127113918047428e+09 1.273008575677856356e+08
3.000000000000000000e+00 1.060000000000010000e+14 0.000000000000000000e+00 1.059252680149840753e+00 8.798895189311031761e-02 1.364333112182981866e-01 6.007496935311982394e-02 0.000000000000000000e+00 1.147264741843256664e+00 7.238262577461408720e-02 1.594525044395416260e+09 9.251412766710408926e+08
4.000000000000000000e+00 1.060000000000010000e+14 0.000000000000000000e+00 1.527368032197535141e+00 8.747363166219530861e-02 1.839500429117535141e-01 6.886307733851605717e-02 0.000000000000000000e+00 1.310542215281938816e+00 1.259318361776201323e-01 2.031093536399026394e+09 1.064511241915687442e+09
5.000000000000000000e+00 1.060000000000010000e+14 0.000000000000000000e+00 1.016327819603749738e+00 1.348414123079179905e-01 3.886544346706147235e-01 1.901717642244128981e-01 0.000000000000000000e+00 1.321165270792135082e+00 1.890568741688533061e-01 2.562975080173465252e+09 1.226488396903474092e+09
6.000000000000000000e+00 1.060000000000010000e+14 0.000000000000000000e+00 1.226469260316322973e+00 6.960863330016574257e-02 1.191938217349704648e-01 9.913249701335426212e-03 0.000000000000000000e+00 1.427685017539982892e+00 7.091554534408950339e-02 1.081422430497132540e+09 1.434572579039643407e+08
7.000000000000000000e+00 1.060000000000010000e+14 0.000000000000000000e+00 1.221061435042019694e+00 9.635424291737924862e-02 2.369387421309596398e-01 8.688957860511364872e-02 0.000000000000000000e+00 1.322026978878660497e+00 1.188177068527064562e-01 1.344683566947411776e+09 2.913812034837133884e+08
8.000000000000000000e+00 1.060000000000010000e+14 0.000000000000000000e+00 1.176155612176263299e+00 7.505320508191530571e-02 1.603720917933277867e-01 3.452803764721076168e-02 0.000000000000000000e+00 1.038001368796647839e+00 9.930378616633431244e-02 1.468550274211281538e+09 4.647910962366672754e+08
9.000000000000000000e+00 1.060000000000010000e+14 0.000000000000000000e+00 1.133386813194994458e+00 6.468241591416377945e-02 2.018035013842124914e-01 5.601538013883693157e-02 0.000000000000000000e+00 1.325148067262339913e+00 6.300546667076811769e-02 1.187046146516857386e+09 2.845780535223022699e+08
1.000000000000000000e+01 1.060000000000020000e+14 1.000000000000000000e+00 1.126158154115352028e+00 2.983356680851408441e-02 9.902411591347418107e-02 2.814692003570972920e-02 0.000000000000000000e+00 1.311681936164842410e+00 2.832791784078368680e-02 1.176161971001426220e+09 3.959430600503312945e+08
1.100000000000000000e+01 1.060000000000010000e+14 0.000000000000000000e+00 1.283484555132972327e+00 9.081478083037100579e-02 2.826372948495574078e-01 1.149600931905606221e-01 0.000000000000000000e+00 8.052982142855524827e-01 6.712874609256699876e-02 3.838270328063474655e+09 1.947143882240074158e+09
1.200000000000000000e+01 1.060000000000020000e+14 0.000000000000000000e+00 9.389299781299237369e-01 1.124235541091381935e-01 3.143360545367699377e-01 1.783955531412730056e-01 0.000000000000000000e+00 6.201855290762324779e-01 9.789316212875440182e-02 1.047285973646094322e+09 2.816110040663287044e+08
1.300000000000000000e+01 1.060000000000030000e+14 0.000000000000000000e+00 1.183295679827362390e+00 9.107471417381877987e-02 1.174485820236342709e-01 4.576572633589304911e-02 0.000000000000000000e+00 1.010536169062341338e+00 5.556440890175061431e-02 1.392831357914078951e+09 7.530281617518111467e+08
1.400000000000000000e+01 1.060000000000010000e+14 0.000000000000000000e+00 1.093925681492956326e+00 1.388439956781783446e-01 1.569830112537259070e-01 6.960094896283229582e-02 0.000000000000000000e+00 1.294867294329344887e+00 1.411019087109676440e-01 7.949751564337515831e+08 2.080286203810893893e+08
1.500000000000000000e+01 1.060000000000010000e+14 0.000000000000000000e+00 1.110309274347244024e+00 1.864480990118757286e-01 1.972384926591451149e-01 5.798237821781716816e-02 0.000000000000000000e+00 1.073187941899533815e+00 2.173025684744457342e-01 2.280377557382678032e+09 8.563910076342090368e+08
1.600000000000000000e+01 1.060000000000020000e+14 0.000000000000000000e+00 1.242686399658216923e+00 4.661773594485964234e-02 1.203480636441647544e-01 3.290067219679634197e-02 0.000000000000000000e+00 1.182076537261264493e+00 7.027618565886081803e-02 1.192096537151990175e+09 3.989599578417131901e+08
1.700000000000000000e+01 1.060000000000010000e+14 0.000000000000000000e+00 1.145661707563650600e+00 1.030972199049574184e-01 1.462361188066456930e-01 4.123012662925559096e-02 0.000000000000000000e+00 1.111909318132582536e+00 1.105478782987922431e-01 1.516750521099079370e+09 5.574888793670196533e+08
1.800000000000000000e+01 1.060000000000010000e+14 0.000000000000000000e+00 1.205791919205745577e+00 7.554035698426818379e-02 1.340756665158504557e-01 2.897618743176386125e-02 0.000000000000000000e+00 1.148633546430841701e+00 6.963910859901206729e-02 1.431673910468354225e+09 3.997201109168084860e+08
1.900000000000000000e+01 1.060000000000010000e+14 0.000000000000000000e+00 1.150420826043397238e+00 7.390779878243945722e-02 1.590702882765362425e-01 3.077701438031578765e-02 0.000000000000000000e+00 1.307360180357964641e+00 1.034099865453014522e-01 9.396043601181113720e+08 1.916176418400831521e+08
2.000000000000000000e+01 1.060000000000020000e+14 0.000000000000000000e+00 9.918491152998821780e-01 5.896734446693176895e-02 2.389292649395666768e-01 9.482837086002297855e-02 0.000000000000000000e+00 1.180634216184605956e+00 4.338544802903974984e-02 7.670538063427675962e+08 1.297369789890006781e+08
2.100000000000000000e+01 1.060000000000010000e+14 0.000000000000000000e+00 1.969679747833400940e+00 7.248455028450023763e-02 1.958674445260551455e-01 1.847332495327756036e-02 0.000000000000000000e+00 1.912250508747906030e+00 8.965899522931526644e-02 2.065139213961967945e+09 2.232834571572602987e+08
2.200000000000000000e+01 1.060000000000010000e+14 0.000000000000000000e+00 1.130023386256097107e+00 1.180604520537579943e-01 1.446031516800842520e-01 5.149278295345711270e-02 0.000000000000000000e+00 1.279260638872018685e+00 1.038284974576270669e-01 1.515421767516104698e+09 7.037417406917899847e+08
2.300000000000000000e+01 1.060000000000010000e+14 0.000000000000000000e+00 1.150056993254773285e+00 1.250322021857488419e-01 2.232249698272728289e-01 9.970294664464732226e-02 0.000000000000000000e+00 1.281738883222708347e+00 4.810716994076055797e-02 1.012387065370156527e+09 3.449660867578999996e+08
2.400000000000000000e+01 1.060000000000010000e+14 0.000000000000000000e+00 8.627225832457590116e-01 1.450090398491231947e-01 1.576483520863916077e-01 3.235706812006122063e-02 0.000000000000000000e+00 1.426347497162840705e+00 6.445911909147820917e-02 5.814249136129934788e+08 1.691199809441910982e+08
2.500000000000000000e+01 1.060000000000010000e+14 0.000000000000000000e+00 1.112911810919808620e+00 1.019249335559481856e-01 1.513924929806285125e-01 4.614590087839585270e-02 0.000000000000000000e+00 1.409861975592226147e+00 8.593087432773846568e-02 8.284714637623646259e+08 1.511027423963756561e+08
2.600000000000000000e+01 1.060000000000010000e+14 0.000000000000000000e+00 1.158088438566937883e+00 3.515010440550805221e-02 8.485180407172442096e-02 9.592176883516647865e-03 0.000000000000000000e+00 1.189627613418684948e+00 3.530142546687518174e-02 6.077174155337073803e+08 1.049885012582052499e+08
2.700000000000000000e+01 1.060000000000010000e+14 0.000000000000000000e+00 1.077040822538393616e+00 2.003417928882261431e-02 1.194875742547711756e-01 1.067775403589447773e-02 0.000000000000000000e+00 1.213182931490804917e+00 3.391675541952707956e-02 8.055838831165792942e+08 4.477146185300097615e+07
2.800000000000000000e+01 1.060000000000010000e+14 0.000000000000000000e+00 1.521120022484771406e+00 1.623557432632838360e-01 1.795960001177912546e-01 8.513895160182072264e-02 0.000000000000000000e+00 1.549961155884261199e+00 2.165766742681261847e-01 2.117693532721434355e+09 1.166971389847183943e+09
2.900000000000000000e+01 1.060000000000010000e+14 0.000000000000000000e+00 1.068866858304499123e+00 3.028361663438529708e-02 1.172640525040387766e-01 1.994779512953987963e-02 0.000000000000000000e+00 1.101759562149196459e+00 6.112137537450428038e-02 1.166612423655651569e+09 2.917890150908759236e+08
3.000000000000000000e+01 1.060000000000010000e+14 0.000000000000000000e+00 1.085833172787368239e+00 1.031456520925445736e-01 2.100252874273267067e-01 7.281043034064922648e-02 0.000000000000000000e+00 1.196815631365337751e+00 7.990849754889739476e-02 2.277507609401165962e+09 1.132305064462461948e+09
3.100000000000000000e+01 1.060000000000010000e+14 0.000000000000000000e+00 1.511679278296388151e+00 1.300544717624154689e-01 2.524133660619936603e-01 4.078405688622754183e-02 0.000000000000000000e+00 1.404010856756445769e+00 1.439240985890369584e-01 1.998103342663974524e+09 5.561877004949131012e+08
3.200000000000000000e+01 1.060000000000010000e+14 0.000000000000000000e+00 1.286531895646771284e+00 6.623339460857451122e-02 1.130043669010658558e-01 2.285755186693016333e-02 0.000000000000000000e+00 1.280072699784939871e+00 7.735457946356334713e-02 9.872868663225986958e+08 3.248407836894187331e+08
3.300000000000000000e+01 1.060000000000010000e+14 0.000000000000000000e+00 1.015158111654322015e+00 1.306005151261813990e-01 3.068774780379127654e-01 2.061066510371712956e-01 0.000000000000000000e+00 1.234855987922152121e+00 5.096542875716925797e-02 7.451143737505457401e+08 7.341206511794255674e+07
3.400000000000000000e+01 1.060000000000010000e+14 0.000000000000000000e+00 1.031832580051574411e+00 1.577314806742110831e-01 3.021444121579507369e-01 1.103915916807862857e-01 0.000000000000000000e+00 1.218230371693614700e+00 1.031756073756555786e-01 1.140018118694404840e+09 5.460808033128434420e+08
3.500000000000000000e+01 1.060000000000010000e+14 0.000000000000000000e+00 1.049809308438538702e+00 3.600028190827335439e-02 1.155951365885243415e-01 2.508909644057724306e-02 0.000000000000000000e+00 1.329248619425742461e+00 4.677718532802832563e-02 1.001428752224040985e+09 3.854316163833849430e+08
3.600000000000000000e+01 1.060000000000010000e+14 0.000000000000000000e+00 1.845048455661383535e+00 1.756071036919451822e-01 2.934611472163463630e-01 1.385100839621745128e-01 0.000000000000000000e+00 1.940284343156330360e+00 5.285514216389056164e-02 1.413716252126254082e+09 2.079156382095618844e+08
3.700000000000000000e+01 1.060000000000010000e+14 1.000000000000000000e+00 9.358266215404442701e-01 5.886126070385096394e-03 6.138285125458363412e-02 6.839134461107398977e-03 0.000000000000000000e+00 1.152351516560562672e+00 2.969530037338040038e-02 5.839056799899270535e+08 1.005234903812267482e+08
3.800000000000000000e+01 1.060000000000010000e+14 0.000000000000000000e+00 1.147400633105803092e+00 9.802895345671837346e-02 1.593892185449090615e-01 3.317414369648102879e-02 0.000000000000000000e+00 1.247576584137159772e+00 1.184921222520941286e-01 1.908012647595369816e+09 4.656144480746348500e+08
3.900000000000000000e+01 1.060000000000010000e+14 0.000000000000000000e+00 1.138862629702308338e+00 1.867371944379500256e-02 1.377036401538817567e-01 2.337802849056525370e-02 0.000000000000000000e+00 1.289244852297887212e+00 3.395643358131642670e-02 1.231796206511288881e+09 3.137979555506743789e+08
4.000000000000000000e+01 1.060000000000010000e+14 0.000000000000000000e+00 1.404463705876372925e+00 4.525515675888507061e-02 1.790098718311134707e-01 2.980077560015698471e-02 0.000000000000000000e+00 1.515916358202746173e+00 9.218013799732752145e-02 1.951365075149771690e+09 3.944702846484212279e+08
4.100000000000000000e+01 1.060000000000010000e+14 1.000000000000000000e+00 1.121876596584429286e+00 1.709887590979609212e-02 8.283189705267585135e-02 4.481199805779362451e-03 0.000000000000000000e+00 1.302135741772637134e+00 2.350699738652356138e-02 7.287799192856669426e+08 5.387473626873674244e+07
4.200000000000000000e+01 1.060000000000010000e+14 0.000000000000000000e+00 1.237708604497584464e+00 5.873627966355359636e-02 1.360431350940305983e-01 3.929461619204534240e-02 0.000000000000000000e+00 1.439007401654339047e+00 8.042961836234159556e-02 1.241021019200572729e+09 5.336610319333734512e+08
4.300000000000000000e+01 1.060000000000010000e+14 0.000000000000000000e+00 1.829276956490025974e+00 8.938711972073885847e-02 1.661666130986116097e-01 2.390766561285418562e-02 0.000000000000000000e+00 1.749699587758533292e+00 9.112033857899975997e-02 1.774084106063008547e+09 2.994571315980951190e+08
4.400000000000000000e+01 1.060000000000010000e+14 0.000000000000000000e+00 1.211461183400352581e+00 1.547527495273451903e-01 3.908597246052933349e-01 1.835891426983801145e-01 0.000000000000000000e+00 1.242575980390780099e+00 1.294618620987240953e-01 1.614354065714749575e+09 7.477775892673084736e+08
4.500000000000000000e+01 1.060000000000010000e+14 0.000000000000000000e+00 1.349101322026506677e+00 5.545528359329077867e-02 2.080533346600622335e-01 4.197624161662209807e-02 0.000000000000000000e+00 1.299573952743452221e+00 5.652085708667257263e-02 1.293663308986844301e+09 2.910265533241536617e+08
4.600000000000000000e+01 1.060000000000010000e+14 0.000000000000000000e+00 1.162737918829400474e+00 4.247116086777339566e-02 1.663851525572155876e-01 7.177522242739634017e-02 0.000000000000000000e+00 1.128111497723059076e+00 8.264885607397177980e-02 1.857674273850085258e+09 1.079908353950022221e+09
4.700000000000000000e+01 1.060000000000020000e+14 0.000000000000000000e+00 1.270254926061413991e+00 1.101097937273650129e-01 4.505740614185344550e-01 1.982436920777752853e-01 0.000000000000000000e+00 1.587186662895297307e+00 1.689116087202350014e-01 2.151781824897644043e+09 5.496136724836984873e+08
4.800000000000000000e+01 1.060000000000010000e+14 0.000000000000000000e+00 1.134188088231028457e+00 8.311074102523516305e-02 1.538354358055767646e-01 6.814598482381194200e-02 0.000000000000000000e+00 1.111941198306278134e+00 8.551869432818220984e-02 1.511239194360885382e+09 1.072210000149658084e+09
4.900000000000000000e+01 1.060000000000020000e+14 0.000000000000000000e+00 9.646101861159489532e-01 8.722555642774201812e-02 1.696244659979700142e-01 3.695193742910024559e-02 0.000000000000000000e+00 1.047955211377443296e+00 1.015847364825591681e-01 1.195801144189854383e+09 3.653483075052276850e+08
5.000000000000000000e+01 1.060000000000010000e+14 1.000000000000000000e+00 9.260443122199819577e-01 3.103339091197328259e-02 8.572442772362598440e-02 2.011616627708806213e-02 0.000000000000000000e+00 1.177850675102956046e+00 2.174230573695692947e-02 3.484853301621002555e+08 3.508677203545222431e+07
5.100000000000000000e+01 1.060000000000010000e+14 0.000000000000000000e+00 1.194015885023107737e+00 9.649787902343620605e-02 1.399471964024806003e-01 5.791636092080911652e-02 0.000000000000000000e+00 1.246132384542095295e+00 7.638466605602746429e-02 1.570478341042646646e+09 7.698115602022254467e+08
5.200000000000000000e+01 1.060000000000010000e+14 0.000000000000000000e+00 1.284222094020717631e+00 3.900884081448374036e-02 1.383958721428920902e-01 1.709949760020244153e-02 0.000000000000000000e+00 1.477138248479516358e+00 5.090792230478778657e-02 1.350175714007701397e+09 2.389833623144131303e+08
5.300000000000000000e+01 1.060000000000010000e+14 0.000000000000000000e+00 1.110275846582414072e+00 6.699270310154961661e-02 1.210185860719002748e-01 1.511032689450222954e-02 0.000000000000000000e+00 1.333619789513778242e+00 7.208235103548417400e-02 8.636306356077282429e+08 1.357427453578787148e+08
5.400000000000000000e+01 1.060000000000010000e+14 0.000000000000000000e+00 5.340734390283505828e-01 1.056700391302389797e-01 1.135502221532756068e-01 9.331043494765735996e-03 0.000000000000000000e+00 1.201415213685172123e+00 4.823491848358982953e-02 9.095131890123994350e+08 1.069274084045888782e+08
5.500000000000000000e+01 1.060000000000010000e+14 0.000000000000000000e+00 1.026660763632933016e+00 5.468625042953668275e-02 1.354970699938301271e-01 2.150190809167980624e-02 0.000000000000000000e+00 1.264148872432260040e+00 3.878858590995316186e-02 1.139906590056004763e+09 3.194154881065487862e+08
5.600000000000000000e+01 1.060000000000010000e+14 0.000000000000000000e+00 1.151742225773967565e+00 4.483720725790033002e-02 1.259475594412639288e-01 1.206470763971875630e-02 0.000000000000000000e+00 1.206957440403929827e+00 5.074175411256412471e-02 1.102352065162621260e+09 1.687813796674343944e+08
5.700000000000000000e+01 1.060000000000040000e+14 0.000000000000000000e+00 1.114620820796909717e+00 8.313146699890118507e-02 1.147214689535868137e-01 5.280080238507121881e-02 0.000000000000000000e+00 1.209214390760367408e+00 5.434162438261148226e-02 9.874637132451604605e+08 1.965469515312493145e+08
5.800000000000000000e+01 1.060000000000010000e+14 0.000000000000000000e+00 1.083415466268396798e+00 4.292461407225611064e-02 1.445030234651351608e-01 5.338879566385416192e-02 0.000000000000000000e+00 1.028741965460598706e+00 8.208022609727212704e-02 1.370145855310574770e+09 7.818510377651958466e+08
5.900000000000000000e+01 1.060000000000010000e+14 0.000000000000000000e+00 1.176819881856568717e+00 4.437541659959833712e-02 1.442490416995596825e-01 3.230461554655018191e-02 0.000000000000000000e+00 1.085858243440716686e+00 6.364534496305912503e-02 1.131185803070344448e+09 1.463342566356559098e+08
6.000000000000000000e+01 1.060000000000010000e+14 0.000000000000000000e+00 1.276793057547963794e+00 2.504155309872059879e-02 1.042859548455530999e-01 8.485202500263631584e-03 0.000000000000000000e+00 1.268425976757654006e+00 3.340595183169412646e-02 9.013877279313434362e+08 1.178788057639557272e+08
6.100000000000000000e+01 1.060000000000010000e+14 0.000000000000000000e+00 9.143194833317942471e-01 4.613593106575963887e-02 1.804035873505524801e-01 3.391892362926557380e-02 0.000000000000000000e+00 1.052559108680695354e+00 3.226925894060550526e-02 1.148043815532176256e+09 6.327757934349179268e+08
6.200000000000000000e+01 1.060000000000020000e+14 0.000000000000000000e+00 9.993587789128579590e-01 9.641112435760740285e-02 2.807417212874146473e-01 1.343982879922732410e-01 0.000000000000000000e+00 1.220853668319239027e+00 3.926128242245406630e-02 9.085093935870567560e+08 7.156444126094619930e+07
6.300000000000000000e+01 1.060000000000010000e+14 1.000000000000000000e+00 1.116594451333345006e+00 3.636557699555097167e-02 8.673321292537468363e-02 1.005199369471853482e-02 0.000000000000000000e+00 1.145923221949005644e+00 3.595152871685156071e-02 7.097596656114451885e+08 1.401098368701017201e+08
6.400000000000000000e+01 1.060000000000020000e+14 0.000000000000000000e+00 8.664192551078622184e-01 1.123066496981061785e-01 2.324733628968886079e-01 1.486116597642561377e-01 0.000000000000000000e+00 1.222100728557807825e+00 7.649580125146621112e-02 8.989206241252133846e+08 3.929410046731292605e+08
6.500000000000000000e+01 1.060000000000010000e+14 0.000000000000000000e+00 1.051933902352861772e+00 1.480422502159969012e-01 1.862204211735426496e-01 7.504639393312480256e-02 0.000000000000000000e+00 1.229623199187507732e+00 1.020914053320257087e-01 1.894391671365906715e+09 1.217793415922912598e+09
6.600000000000000000e+01 1.060000000000010000e+14 0.000000000000000000e+00 1.230487730611952601e+00 5.890705675767551192e-02 1.732737481213826591e-01 4.118349947070534811e-02 0.000000000000000000e+00 1.196549442629010862e+00 7.364162873826139710e-02 1.920752910780765295e+09 5.377278841621800661e+08
6.700000000000000000e+01 1.060000000000010000e+14 0.000000000000000000e+00 1.239641272752045609e+00 1.468156179496909464e-01 2.098661979010409684e-01 1.309898032314602556e-01 0.000000000000000000e+00 1.152035100788947775e+00 1.610567563926664780e-01 2.675664154359312534e+09 1.901851586388168335e+09
6.800000000000000000e+01 1.060000000000020000e+14 0.000000000000000000e+00 1.085327321206421169e+00 3.275557717755596399e-02 1.060516588672703708e+00 1.000000000000000000e+00 0.000000000000000000e+00 1.087532257215461984e+00 3.275560209384902749e-02 1.060158736582075310e+10 9.996625681347650528e+09
6.900000000000000000e+01 1.060000000000010000e+14 0.000000000000000000e+00 1.171112323537892852e+00 1.252401333370263270e-01 2.762213260720986496e-01 1.386847445461574513e-01 0.000000000000000000e+00 7.624431981467778563e-01 1.222224670848934824e-01 6.705121419877313375e+08 9.641160148462633789e+07
7.000000000000000000e+01 1.060000000000010000e+14 0.000000000000000000e+00 1.352909000404734163e+00 7.917759644114283346e-02 2.461980122820664751e-01 2.513737930246997404e-02 0.000000000000000000e+00 1.495541416560246972e+00 3.874335073050420158e-02 1.797683703836780548e+09 2.862007488268775344e+08
7.100000000000000000e+01 1.060000000000010000e+14 0.000000000000000000e+00 1.155468825212417672e+00 3.633951719669775010e-02 2.072426548870092422e-01 2.944092479308170127e-02 0.000000000000000000e+00 1.198139879560749632e+00 6.379912524867362156e-02 8.801706604745941162e+08 7.505208079809390008e+07
7.200000000000000000e+01 1.060000000000010000e+14 0.000000000000000000e+00 1.179875042138302188e+00 3.155069732863943766e-02 1.354850620796813065e-01 8.581127201402886581e-03 0.000000000000000000e+00 1.240618725405308487e+00 6.581454662974185743e-02 1.162209715961087704e+09 8.386246668468831480e+07
7.300000000000000000e+01 1.060000000000020000e+14 1.000000000000000000e+00 9.727833063769338873e-01 3.983927962727085853e-02 9.446906252269779425e-02 1.311238651102464292e-02 0.000000000000000000e+00 1.182392490488251457e+00 3.402578068190621058e-02 5.550393199926748276e+08 1.705935282265757322e+08
7.400000000000000000e+01 1.060000000000010000e+14 0.000000000000000000e+00 1.146162664770811190e+00 4.248305793820739140e-02 2.179619777358989818e-01 7.064900605414760337e-02 0.000000000000000000e+00 1.288847880135624013e+00 6.920530302814591195e-02 1.558110507237125874e+09 5.307376714344534278e+08
7.500000000000000000e+01 1.060000000000010000e+14 0.000000000000000000e+00 1.101900257718661402e+00 5.926552546353633377e-02 1.092157889630224060e-01 1.878421355245978377e-02 0.000000000000000000e+00 1.112358958316438162e+00 3.977849797939266713e-02 7.259215295018602610e+08 2.261366296447972655e+08
7.600000000000000000e+01 1.060000000000010000e+14 0.000000000000000000e+00 1.295900342225803303e+00 4.277310341632167140e-02 1.237480793476388868e-01 3.073888333964798839e-02 0.000000000000000000e+00 1.413899653320568772e+00 2.036314362299858002e-02 9.786816199066482782e+08 2.767813477736088634e+08
7.700000000000000000e+01 1.060000000000020000e+14 0.000000000000000000e+00 1.394404667502725292e+00 4.497143293368321970e-02 9.722322790774821921e-02 2.604997097340862669e-02 0.000000000000000000e+00 1.315085207335261464e+00 4.848491930245788645e-02 1.071173740420745850e+09 3.421972472099689245e+08
7.800000000000000000e+01 1.060000000000040000e+14 0.000000000000000000e+00 9.942589884233976605e-01 1.234552320959126787e-01 2.267325738230141496e-01 1.148506178879752510e-01 0.000000000000000000e+00 1.380236100757922024e+00 5.877876293866030055e-02 5.993100873665047884e+08 1.045846160805011839e+08
7.900000000000000000e+01 1.060000000000010000e+14 0.000000000000000000e+00 1.300561956072325609e+00 8.045889801259616114e-02 1.263952061333338261e-01 5.862857271771887424e-02 0.000000000000000000e+00 1.331130567742597082e+00 1.271949776352552519e-01 1.416505032136294603e+09 8.239388458840814829e+08
8.000000000000000000e+01 1.060000000000020000e+14 0.000000000000000000e+00 1.364609331424796235e+00 1.149754832713678343e-01 2.315352871083957986e-01 8.081141537984919132e-02 0.000000000000000000e+00 1.373520032054811546e+00 1.067264674965699295e-01 2.106184809873076677e+09 1.232879603685688257e+09
8.100000000000000000e+01 1.060000000000010000e+14 0.000000000000000000e+00 1.094176980546994971e+00 4.086317139232636952e-02 1.226650527164972332e-01 2.489099562717059580e-02 0.000000000000000000e+00 1.227513508345064563e+00 5.007217078561628648e-02 9.446931236938397884e+08 2.111181024473868310e+08
8.200000000000000000e+01 1.060000000000020000e+14 0.000000000000000000e+00 1.270147448916828736e+00 8.734196280540311094e-03 2.451908304265526875e-02 3.415993047536280015e-03 0.000000000000000000e+00 1.201638548661341011e+00 1.095625529346328474e-02 2.923457780118154287e+08 4.592596100725691020e+07
8.300000000000000000e+01 1.060000000000010000e+14 0.000000000000000000e+00 1.339052557468543680e+00 5.913510306945394396e-02 1.617632519415461156e-01 4.652868350328037000e-02 0.000000000000000000e+00 1.536933256411574744e+00 8.501511557676834363e-02 1.646907771054155827e+09 6.298849580762935877e+08
8.400000000000000000e+01 1.060000000000010000e+14 0.000000000000000000e+00 1.140074505507677083e+00 3.976796463899912037e-02 1.766220548915517496e-01 3.534015941235021246e-02 0.000000000000000000e+00 1.236999139989509722e+00 4.011535140143942385e-02 1.414739147403830528e+09 5.265388040057718158e+08
8.500000000000000000e+01 1.060000000000010000e+14 0.000000000000000000e+00 1.396554083712634897e+00 6.383850774834705366e-02 9.979247771826488256e-02 4.708188037017851935e-02 0.000000000000000000e+00 1.344763534876897593e+00 8.001429674176803453e-02 1.166440543559507847e+09 6.162861153953325748e+08
8.600000000000000000e+01 1.060000000000010000e+14 0.000000000000000000e+00 9.655939056164386525e-01 7.425653914527406696e-02 1.389779444422220844e-01 3.041471178188343352e-02 0.000000000000000000e+00 9.180854375804039513e-01 4.551000457735211724e-02 8.539889641068193913e+08 2.817501315893775821e+08
8.700000000000000000e+01 1.060000000000010000e+14 0.000000000000000000e+00 1.276869086824913513e+00 1.317630297635953018e-01 1.424853782734064322e-01 2.938597526156576031e-02 0.000000000000000000e+00 1.455869565201698634e+00 1.377113541355107218e-01 1.565634555825361967e+09 4.455714120098857880e+08
8.800000000000000000e+01 1.060000000000010000e+14 0.000000000000000000e+00 1.283754867431157187e+00 2.377111709405187734e-01 3.236115969641352730e-01 1.713408620340555188e-01 0.000000000000000000e+00 1.760769515534860608e+00 1.366915419522536368e-01 9.228386768641595840e+08 1.025186629481819421e+08
8.900000000000000000e+01 1.060000000000010000e+14 0.000000000000000000e+00 9.901198913423391312e-01 7.927544763084591606e-02 1.906743798312269533e-01 3.692616944674112500e-02 0.000000000000000000e+00 1.031341766242636959e+00 4.350451224308623382e-02 7.545075909514772892e+08 1.641529630866381526e+08
9.000000000000000000e+01 1.060000000000040000e+14 0.000000000000000000e+00 1.263958379195986970e+00 8.809544617210356143e-02 2.912847524706994040e-01 1.268863281403803389e-01 0.000000000000000000e+00 1.359540615310385725e+00 3.918952856353556669e-02 8.606602039210761786e+08 1.857631933640307188e+08
9.100000000000000000e+01 1.060000000000010000e+14 0.000000000000000000e+00 1.548849194311487931e+00 4.213493301063966218e-02 1.194138215918844059e-01 1.904092974828697216e-02 0.000000000000000000e+00 1.428142852434485688e+00 6.814208182549730264e-02 9.762214527485935688e+08 2.370174763934356868e+08
9.200000000000000000e+01 1.060000000000010000e+14 0.000000000000000000e+00 1.152586976780086703e+00 9.943191314558559590e-02 1.164102675919067437e-01 1.669003157771626819e-02 0.000000000000000000e+00 1.225516456527097509e+00 9.286433032295840495e-02 9.681030259174617529e+08 1.803088401508940756e+08
9.300000000000000000e+01 1.060000000000010000e+14 0.000000000000000000e+00 1.137648605939717728e+00 6.828494540615311081e-02 1.045578475673631519e-01 2.775176325990356269e-02 0.000000000000000000e+00 1.164929901697760339e+00 4.430967865219980623e-02 5.579588406218775511e+08 1.734574048776317537e+08
9.400000000000000000e+01 1.060000000000010000e+14 0.000000000000000000e+00 1.300440122200680948e+00 1.775997503943896605e-01 2.692346215976730850e-01 1.425296216141432593e-01 0.000000000000000000e+00 9.751477579228841064e-01 1.095548708006710698e-01 9.511968108267390728e+08 2.384569659922180772e+08
9.500000000000000000e+01 1.060000000000010000e+14 0.000000000000000000e+00 1.206691758607031595e+00 7.623880082318044982e-02 1.121239066741057944e-01 1.610948589581196952e-02 0.000000000000000000e+00 1.289971892908835072e+00 7.961567759772969488e-02 1.066556781348481178e+09 1.842515651352398992e+08
9.600000000000000000e+01 1.060000000000010000e+14 0.000000000000000000e+00 1.040938758834247357e+00 1.379115516989171675e-01 1.898270205803095356e-01 7.622948518816549668e-02 0.000000000000000000e+00 1.101971911932201564e+00 1.412064074458657947e-01 1.973706478483644962e+09 1.122606278511822939e+09
9.700000000000000000e+01 1.060000000000010000e+14 0.000000000000000000e+00 1.188049431372093956e+00 3.905945434183825254e-02 1.999647087839942494e-01 4.003998280818110017e-02 0.000000000000000000e+00 1.137174406760056211e+00 5.427072273198152441e-02 1.821679059374546289e+09 6.029800699299076796e+08
9.800000000000000000e+01 1.060000000000010000e+14 0.000000000000000000e+00 1.239106757126688718e+00 3.736881182280705344e-02 6.803569643270254708e-02 8.538518484245593426e-03 0.000000000000000000e+00 1.189815535272052749e+00 2.701292978748649418e-02 5.711593378015155792e+08 6.576020405549087375e+07
9.900000000000000000e+01 1.060000000000010000e+14 0.000000000000000000e+00 1.121206710777916449e+00 2.232927600052165423e-02 2.008616797872108395e-01 2.831092235304384641e-02 0.000000000000000000e+00 1.293258987287195572e+00 4.436341201648713595e-02 1.930080058412291050e+09 3.639748676637312770e+08
1.000000000000000000e+02 1.060000000000020000e+14 0.000000000000000000e+00 1.186485208236078170e+00 6.186571401154614125e-02 1.338722952558231982e-01 2.432129383627094216e-02 0.000000000000000000e+00 1.199318531154347500e+00 7.811829906003013579e-02 1.141238316928628206e+09 3.317938092014993429e+08
1.010000000000000000e+02 1.060000000000040000e+14 1.000000000000000000e+00 1.059998822901439652e+00 4.963310346373200378e-03 6.355967076151376738e-02 2.322108446886797864e-02 0.000000000000000000e+00 1.112476522804896062e+00 2.514821482995078725e-02 8.685197418758350611e+08 3.239654585647656322e+08
1.020000000000000000e+02 1.060000000000010000e+14 0.000000000000000000e+00 1.323767904746914192e+00 8.836885142972611407e-02 1.251837165287661979e-01 5.163493294425161584e-02 0.000000000000000000e+00 1.419915549927016629e+00 1.472700665023329858e-01 1.266500243076965332e+09 6.726083606586750746e+08
1.030000000000000000e+02 1.060000000000010000e+14 0.000000000000000000e+00 1.179072315398288273e+00 1.296174398252654680e-01 2.832889699883335832e-01 1.145336955925992661e-01 0.000000000000000000e+00 1.082114442287092748e+00 1.790803665712827342e-01 3.175063201817979336e+09 1.633782815698075294e+09
1.040000000000000000e+02 1.060000000000010000e+14 0.000000000000000000e+00 1.289607396224595748e+00 9.640687882740162085e-02 1.522427803491717413e-01 7.008011936812741371e-02 0.000000000000000000e+00 1.263810804968160673e+00 1.444733603321419757e-01 1.672537835151631117e+09 8.977373414234620333e+08
1.050000000000000000e+02 1.060000000000020000e+14 0.000000000000000000e+00 1.079140917498686569e+00 7.270658982510157242e-02 8.030895393435343033e-02 1.027978521539020529e-02 0.000000000000000000e+00 1.173050729221151167e+00 1.238355627059789521e-02 8.281682334389641285e+08 1.531879412240854502e+08
1.060000000000000000e+02 1.060000000000010000e+14 0.000000000000000000e+00 1.137507920852631749e+00 1.628432924268072290e-02 1.386277504092498780e-01 1.742294266500855199e-02 0.000000000000000000e+00 1.246159583223373390e+00 2.976474437865163705e-02 1.331879111772188425e+09 2.462736013519359529e+08
1.070000000000000000e+02 1.060000000000010000e+14 0.000000000000000000e+00 1.051765744936824287e+00 5.399773957515867362e-02 9.801855383784750797e-02 9.351982512450413704e-03 0.000000000000000000e+00 1.023881081975897223e+00 3.157068560950625907e-02 8.021352799769567251e+08 1.368318778506646156e+08
1.080000000000000000e+02 1.060000000000010000e+14 0.000000000000000000e+00 1.225736558951741939e+00 1.292418563916674090e-01 1.940930293829622733e-01 9.659307883899066749e-02 0.000000000000000000e+00 1.368288957851265142e+00 1.342138372864271623e-01 2.138700771068011045e+09 1.481238295065825462e+09
1.090000000000000000e+02 1.060000000000010000e+14 0.000000000000000000e+00 1.159183978473078414e+00 7.423741562094146595e-02 1.675751351188113636e-01 7.588698683324993088e-02 0.000000000000000000e+00 1.259805770076364295e+00 6.943331751091444404e-02 4.806874221127526760e+08 3.799731968780104071e+07
1.100000000000000000e+02 1.060000000000120000e+14 1.000000000000000000e+00 9.854303007778583146e-01 1.764851917771251277e-02 9.416616867887028786e-03 2.816291608336898497e-03 0.000000000000000000e+00 1.220554690018474497e+00 2.543764243679784692e-03 9.803341086454705894e+07 3.956284955127159506e+07
1.110000000000000000e+02 1.060000000000010000e+14 1.000000000000000000e+00 1.019775288347190889e+00 3.001771199338880772e-02 6.615662842997509230e-02 6.379712340138439172e-03 0.000000000000000000e+00 1.337557535952967225e+00 4.123284619604072193e-02 5.177074938396777511e+08 9.721359829059240222e+07
1.120000000000000000e+02 1.060000000000010000e+14 0.000000000000000000e+00 2.709390103028045615e+00 8.351449837879282301e-02 2.207917582449757943e-01 8.101871337752125646e-02 0.000000000000000000e+00 2.875570759492387385e+00 8.522382330827739383e-02 1.299089682953814983e+09 3.265226559470279813e+08
1.130000000000000000e+02 1.060000000000010000e+14 0.000000000000000000e+00 1.845164363559041121e+00 1.823934590497733876e-01 3.037056217911791034e-01 1.647495385184655770e-01 0.000000000000000000e+00 1.936990893900998545e+00 1.499030357476816844e-01 1.613046531216545343e+09 7.275728891242396832e+08
1.140000000000000000e+02 1.060000000000010000e+14 0.000000000000000000e+00 1.536330698681524609e+00 1.446860045570018960e-01 2.928904623559711595e-01 1.057467547029954241e-01 0.000000000000000000e+00 1.341115653448694989e+00 1.821668310765540422e-01 3.516808143272396564e+09 1.471799181158679485e+09
1.150000000000000000e+02 1.060000000000020000e+14 0.000000000000000000e+00 1.042950719972529416e+00 1.211827002603475117e-01 2.115330223564758638e-01 9.777408790608495270e-02 0.000000000000000000e+00 1.090546478228805682e+00 6.715343903643344881e-02 1.293616757862718105e+09 3.424610719808660150e+08
1.160000000000000000e+02 1.060000000000010000e+14 0.000000000000000000e+00 1.370981632181471621e+00 9.431328769946009660e-02 1.592192541796828009e-01 6.934615399503740729e-02 0.000000000000000000e+00 1.439873324180730885e+00 4.954295474671957522e-02 9.961946821993366480e+08 1.472260025460022688e+08
1.170000000000000000e+02 1.060000000000010000e+14 0.000000000000000000e+00 1.704851931665393616e+00 6.964856641189681730e-02 1.828653183685775008e-01 2.459925799129423010e-02 0.000000000000000000e+00 1.644988232532148764e+00 8.442548347258861663e-02 1.968228054720667362e+09 3.025855846979240179e+08
1.180000000000000000e+02 1.060000000000010000e+14 0.000000000000000000e+00 1.216941549395713862e+00 2.311443970073256624e-02 1.345694612631174458e-01 1.804508389935569404e-02 0.000000000000000000e+00 1.385093415091547930e+00 1.713606132944547542e-02 1.287036493613785505e+09 2.484886441208393574e+08
1.190000000000000000e+02 1.060000000000010000e+14 1.000000000000000000e+00 9.840976931214187040e-01 2.292087806983949053e-02 6.579466861707677916e-02 8.812903624748309045e-03 0.000000000000000000e+00 1.263116342997753883e+00 3.017606957379726645e-02 4.489509087575808764e+08 5.242729334057365358e+07
1.200000000000000000e+02 1.060000000000010000e+14 0.000000000000000000e+00 1.128407934787309719e+00 5.812126655950988763e-02 1.156931731866596980e-01 1.803660329748106583e-02 0.000000000000000000e+00 1.169337405863134949e+00 6.161365317963644894e-02 1.069054748195669770e+09 2.815296285567471385e+08
1.210000000000000000e+02 1.060000000000010000e+14 0.000000000000000000e+00 1.282431351409617726e+00 2.219639652912019645e-01 3.557970180466096255e-01 2.466029254879905097e-01 0.000000000000000000e+00 1.636214928480255626e+00 1.770826585436132694e-01 1.086277811969273567e+09 3.047916413254950643e+08
1.220000000000000000e+02 1.060000000000010000e+14 0.000000000000000000e+00 1.025006732863905423e+00 1.084031523164881300e-01 2.174923488412037753e-01 9.218539534070809005e-02 0.000000000000000000e+00 9.594469776172490638e-01 1.495002780483911942e-01 2.576580950827141762e+09 1.516579777540728807e+09
1.230000000000000000e+02 1.060000000000010000e+14 0.000000000000000000e+00 1.071968290657454359e+00 6.331415934985752669e-02 1.150104989032613295e-01 9.888791601599522876e-03 0.000000000000000000e+00 1.095954301101421002e+00 5.419114396416361418e-02 1.065980552521083593e+09 1.427369235113950968e+08
1.240000000000000000e+02 1.060000000000010000e+14 0.000000000000000000e+00 1.085402490729679759e+00 8.722258178794463357e-02 1.775145018731844604e-01 6.053608948130726614e-02 0.000000000000000000e+00 1.199947306993856877e+00 2.961042828013568662e-02 1.002018843509407163e+09 2.192202065916054547e+08
1.250000000000000000e+02 1.060000000000010000e+14 0.000000000000000000e+00 1.265166067602929711e+00 3.672397900905133294e-02 9.896137267139155924e-02 2.397502757140780941e-02 0.000000000000000000e+00 1.144552101937660993e+00 4.153386528544181222e-02 8.883781629234735966e+08 3.342554884968833923e+08
1.260000000000000000e+02 1.060000000000010000e+14 0.000000000000000000e+00 1.127261659678914008e+00 1.190784294964416096e-01 1.622068064841025725e-01 3.204943320692715814e-02 0.000000000000000000e+00 1.133598015660259195e+00 1.073665265469395946e-01 1.192193407030535221e+09 4.513781180479656458e+08
1.270000000000000000e+02 1.060000000000010000e+14 0.000000000000000000e+00 1.186887764336534090e+00 5.392485865525866590e-02 1.809496585993697615e-01 4.462157447142647143e-02 0.000000000000000000e+00 1.244931822408712252e+00 5.786317274737565880e-02 1.480534659683494806e+09 6.008177759517989159e+08
1.280000000000000000e+02 1.060000000000010000e+14 0.000000000000000000e+00 1.155433687506832507e+00 7.402871063197806467e-02 1.410160979159905126e-01 2.391922947052324902e-02 0.000000000000000000e+00 1.007613501396233513e+00 4.123580090699619644e-02 1.055202918129830837e+09 1.468863919663111866e+08
1.290000000000000000e+02 1.060000000000010000e+14 1.000000000000000000e+00 1.128613927609078749e+00 1.691212078503085900e-02 7.411448255543573449e-02 1.406424830547026682e-02 0.000000000000000000e+00 1.212206967414785508e+00 3.081619783577614277e-02 6.521123871753708124e+08 1.983628278580227494e+08
1.300000000000000000e+02 1.060000000000010000e+14 0.000000000000000000e+00 1.076270326210416517e+00 6.140985256516939828e-02 1.320682982935979799e-01 3.645673484206704562e-02 0.000000000000000000e+00 1.278419747813461571e+00 2.053457899698763259e-02 8.781409633380106688e+08 1.520855453602936566e+08
1.310000000000000000e+02 1.060000000000010000e+14 0.000000000000000000e+00 1.101497770581494562e+00 6.400944540175693143e-02 1.427187171223974205e-01 2.412333695191825472e-02 0.000000000000000000e+00 1.284329602503930579e+00 2.922144554832767707e-02 1.034030812400744796e+09 3.928110576675585508e+08
1.320000000000000000e+02 1.060000000000040000e+14 0.000000000000000000e+00 9.890375650799891893e-01 9.485047743385778551e-02 1.302184572609658142e-01 4.926136363636363785e-02 0.000000000000000000e+00 1.141412358055626797e+00 4.467788402284099403e-02 4.793030485471331477e+08 1.569807159713737369e+08
1.330000000000000000e+02 1.060000000000010000e+14 0.000000000000000000e+00 1.161304814399835239e+00 2.975594614052904166e-02 1.224661215251873769e-01 2.903512665300507847e-02 0.000000000000000000e+00 1.117633182967240124e+00 5.570349573923536607e-02 1.309912705147680759e+09 3.943538377469862103e+08
1.340000000000000000e+02 1.060000000000020000e+14 0.000000000000000000e+00 9.694227650124997986e-01 7.929980189000136737e-02 9.476626614399115411e-02 3.564944640943811666e-02 0.000000000000000000e+00 1.235687442327856322e+00 5.252032057932000397e-02 8.091057973433610201e+08 3.417946778758199811e+08
1.350000000000000000e+02 1.060000000000010000e+14 0.000000000000000000e+00 1.570975611038135655e+00 1.036897335620857660e-02 1.188793428766650867e-01 1.424227041696076584e-02 0.000000000000000000e+00 1.570502941222681415e+00 1.914747872560534220e-02 1.238388070785005569e+09 1.822570198116461039e+08
1.360000000000000000e+02 1.060000000000050000e+14 0.000000000000000000e+00 8.156833197434841809e-01 9.211246558077745838e-02 2.296162240504769914e-01 1.493735163703139579e-01 0.000000000000000000e+00 1.225618437959613116e+00 2.392375441109885828e-02 4.480797200723782182e+08 1.315873821659364402e+08
1.370000000000000000e+02 1.060000000000010000e+14 0.000000000000000000e+00 1.174075114458717817e+00 4.592643984540874247e-02 1.010482495643081208e-01 2.105656397744233230e-02 0.000000000000000000e+00 1.183616119515852994e+00 6.770327120048766356e-02 9.422571869116613865e+08 2.644588812655310035e+08
1.380000000000000000e+02 1.060000000000010000e+14 0.000000000000000000e+00 1.075709086247317758e+00 1.229034498277889048e-01 1.578749361152554376e-01 2.883259173573273632e-02 0.000000000000000000e+00 1.286694355516818877e+00 1.932694740203148159e-02 5.154486200520840883e+08 1.007908677281803638e+08
1.390000000000000000e+02 1.060000000000010000e+14 0.000000000000000000e+00 1.200272815235246204e+00 4.662260284964653972e-02 1.419419745140108047e-01 2.558360964826734280e-02 0.000000000000000000e+00 1.288706800736159064e+00 4.923621038024189600e-02 1.469170650734363079e+09 3.321024672119872570e+08
1.400000000000000000e+02 1.060000000000010000e+14 0.000000000000000000e+00 1.324022008194439159e+00 4.246423465920157875e-02 1.330569505172017608e-01 2.955387326641636600e-02 0.000000000000000000e+00 1.336454549181317786e+00 4.303564802309359227e-02 1.419067733564476728e+09 4.153124329657169580e+08
1.410000000000000000e+02 1.060000000000010000e+14 0.000000000000000000e+00 1.419240970399652246e+00 8.778089248024663338e-02 1.730016191648210966e-01 2.613091736452349476e-02 0.000000000000000000e+00 1.317916090191810552e+00 9.923702421085212055e-02 1.910913696161732197e+09 3.240773879406387210e+08
1.420000000000000000e+02 1.060000000000020000e+14 0.000000000000000000e+00 9.969940846041238647e-01 4.324916089556014170e-02 9.651742424242423790e-02 1.858889766147830622e-02 0.000000000000000000e+00 1.024126626819437336e+00 5.898954648596720779e-02 9.315234358568340540e+08 2.943644958204581141e+08
1.430000000000000000e+02 1.060000000000010000e+14 1.000000000000000000e+00 9.617313873376490685e-01 2.899855508179167984e-02 4.064746425597716428e-02 6.673050235914516036e-03 0.000000000000000000e+00 1.204001909971027739e+00 1.662532274189644499e-02 3.139666040306159854e+08 9.396183106803506613e+07
1.440000000000000000e+02 1.060000000000020000e+14 1.000000000000000000e+00 9.359731523065684122e-01 3.781732953269974912e-02 7.269840410846603596e-02 1.071321658830187359e-02 0.000000000000000000e+00 1.178644741557034470e+00 2.376579579714554330e-02 6.184398617154649496e+08 1.066554964032036215e+08
1.450000000000000000e+02 1.060000000000010000e+14 1.000000000000000000e+00 1.029551360578311536e+00 1.513956295646252080e-02 7.545082308408723737e-02 5.993824997679133779e-03 0.000000000000000000e+00 1.088815314927422895e+00 1.769008834715995668e-02 4.704680557282199264e+08 7.575211816068588197e+07
1.460000000000000000e+02 1.060000000000010000e+14 0.000000000000000000e+00 9.540601925660661120e-01 9.256313838235402658e-02 3.135348693807937792e-01 1.890362388330893983e-01 0.000000000000000000e+00 9.638722970972600779e-01 2.805035539736715558e-02 7.305069159165636301e+08 1.643391658155729771e+08
1.470000000000000000e+02 1.060000000000010000e+14 0.000000000000000000e+00 1.191638471046765124e+00 3.153164451102771076e-02 8.420892526077097817e-02 7.675850340136054425e-03 0.000000000000000000e+00 1.264234051304580220e+00 2.565409985139583543e-02 6.197429327993351221e+08 1.155484245565843433e+08
1.480000000000000000e+02 1.060000000000010000e+14 0.000000000000000000e+00 1.086355110867209151e+00 1.076223643383647927e-01 1.743875587311005670e-01 5.954751230661040756e-02 0.000000000000000000e+00 1.193103138067083346e+00 1.211791189584810191e-01 1.683724619517766953e+09 9.018318469141094685e+08
1.490000000000000000e+02 1.060000000000010000e+14 0.000000000000000000e+00 1.117859686220572080e+00 1.783047660374808829e-01 2.915591870421470055e-01 1.932451360777667215e-01 0.000000000000000000e+00 6.951934924221123691e-01 1.499405340204057191e-01 9.571985360331422091e+08 2.599653329331318438e+08
1.500000000000000000e+02 1.060000000000010000e+14 0.000000000000000000e+00 1.575855105134857270e+00 8.106558429095901686e-02 1.488285748683081666e-01 2.320162612126411977e-02 0.000000000000000000e+00 1.670192480694899340e+00 9.593579968092688648e-02 1.418561451333474159e+09 3.317567327683392167e+08
1.510000000000000000e+02 1.060000000000010000e+14 0.000000000000000000e+00 1.193432435459039764e+00 1.161745228681282799e-01 2.782753788041708587e-01 1.287593164934961176e-01 0.000000000000000000e+00 1.469265510999455238e+00 4.859258894820960017e-02 8.199028947174695730e+08 1.206880488189918995e+08
1.520000000000000000e+02 1.060000000000010000e+14 0.000000000000000000e+00 1.171328876642931505e+00 4.924169255068838041e-02 1.103037854497124354e-01 1.354338322608313917e-02 0.000000000000000000e+00 1.265712253653413333e+00 3.181033303211380087e-02 1.052957987353787541e+09 1.813037935569755137e+08
1.530000000000000000e+02 1.060000000000010000e+14 0.000000000000000000e+00 1.394718342552969448e+00 8.534928692227269909e-02 1.080605243000125892e-01 2.617790642988202660e-02 0.000000000000000000e+00 1.485043017375669905e+00 1.183137714102899807e-01 9.856695569534921646e+08 3.296348333185737133e+08
1.540000000000000000e+02 1.060000000000010000e+14 0.000000000000000000e+00 1.060837030317967944e+00 7.790085086079838461e-02 1.074728089985597518e-01 1.218205658449488665e-02 0.000000000000000000e+00 1.305460432614650390e+00 4.859502077254277547e-02 6.936711676680264473e+08 1.854449549022631049e+08
1.550000000000000000e+02 1.060000000000010000e+14 1.000000000000000000e+00 1.146404314315252693e+00 3.994930768400454385e-02 8.353665610460833668e-02 1.247907719850883251e-02 0.000000000000000000e+00 1.295690039982611230e+00 3.013746961147403466e-02 6.832696030751537085e+08 1.473099284039686322e+08
1.560000000000000000e+02 1.060000000000010000e+14 0.000000000000000000e+00 1.113138283952464169e+00 6.417910062410696337e-02 1.230882495908893620e-01 2.281952376181411307e-02 0.000000000000000000e+00 1.296980580683054329e+00 7.359503437035323781e-02 6.418224132089079618e+08 4.823814418906009942e+07
1.570000000000000000e+02 1.060000000000010000e+14 0.000000000000000000e+00 1.013108186494998009e+00 4.098746035041463814e-02 1.180508941747381441e-01 2.645358350912670187e-02 0.000000000000000000e+00 1.235737435653097904e+00 3.672300453529855901e-02 5.336627817951923013e+08 5.788578719447863847e+07
1.580000000000000000e+02 1.060000000000010000e+14 0.000000000000000000e+00 1.163293171542926441e+00 2.467412261197378109e-01 2.001214472054586302e-01 9.130140661677003944e-02 0.000000000000000000e+00 1.038639647074637073e+00 2.749196688052896187e-01 2.176994724462236404e+09 1.429070064956031084e+09
1.590000000000000000e+02 1.060000000000010000e+14 0.000000000000000000e+00 1.254790308749901717e+00 1.718650245446043390e-01 2.339086681145691182e-01 1.347783566910924768e-01 0.000000000000000000e+00 1.070361925413701121e+00 1.711936868097500841e-01 2.819225862825371265e+09 1.974120450129309177e+09
1.600000000000000000e+02 1.060000000000010000e+14 0.000000000000000000e+00 1.190862042333155291e+00 7.080855170465678861e-02 1.139295332634507052e-01 4.804474474530386757e-02 0.000000000000000000e+00 1.186383503223241043e+00 5.882161164167550027e-02 1.296736541481893063e+09 6.647849065778613091e+08
1.610000000000000000e+02 1.060000000000010000e+14 0.000000000000000000e+00 1.214466585163235024e+00 1.078338788737434606e-01 2.027305420617677434e-01 2.658149404048813086e-02 0.000000000000000000e+00 1.174147350832903225e+00 6.324362332223128214e-02 1.392600337420601606e+09 4.195507251348102689e+08
1.620000000000000000e+02 1.060000000000010000e+14 0.000000000000000000e+00 1.075046711639700892e+00 8.751645748550353210e-02 3.915902883247620037e-01 2.692456902983219047e-01 0.000000000000000000e+00 1.130390621481972557e+00 5.499063462131954794e-02 1.027108563278620362e+09 3.345706683679559231e+08
1.630000000000000000e+02 1.060000000000010000e+14 0.000000000000000000e+00 1.285513453230676451e+00 2.425861608014488399e-02 1.488372930608445333e-01 2.444208167819275634e-02 0.000000000000000000e+00 1.334266472796527436e+00 3.263329281951050237e-02 1.639559463523914337e+09 3.168136751125668287e+08
1.640000000000000000e+02 1.060000000000010000e+14 0.000000000000000000e+00 1.281563128484967562e+00 1.431957126777361478e-01 1.976530121912794813e-01 8.672289682251145548e-02 0.000000000000000000e+00 1.359096211661023235e+00 1.533774316566917095e-01 2.290593361576286316e+09 1.341012390909307241e+09
1.650000000000000000e+02 1.060000000000010000e+14 0.000000000000000000e+00 1.103246177024606034e+00 7.180627048517371214e-02 1.192773771043084824e-01 3.994976154567317361e-02 0.000000000000000000e+00 1.279793039821288225e+00 5.237730880210604567e-02 6.995823267508184910e+08 8.877584157947191596e+07
1.660000000000000000e+02 1.060000000000010000e+14 1.000000000000000000e+00 1.049742173988640559e+00 9.758930033083441230e-03 5.448034239971372844e-02 4.046008926116013114e-03 0.000000000000000000e+00 1.148320106774735283e+00 4.699866853279140513e-03 4.496229447909764647e+08 3.678215654195086658e+07
1.670000000000000000e+02 1.060000000000020000e+14 0.000000000000000000e+00 1.058787050929157703e+00 1.171076948923246569e-01 1.792694215548907566e-01 6.568788578785927923e-02 0.000000000000000000e+00 1.173976686918613233e+00 9.766787125627619803e-02 7.912750600057421923e+08 1.277691645133505613e+08
1.680000000000000000e+02 1.060000000000020000e+14 0.000000000000000000e+00 1.354166628722699661e+00 4.022957653695160424e-02 1.490944357709658163e-01 2.420416870482091504e-02 0.000000000000000000e+00 1.413801564770419184e+00 5.490831898430016678e-02 1.272278157757968426e+09 3.053942282789857984e+08
1.690000000000000000e+02 1.060000000000010000e+14 0.000000000000000000e+00 1.342912910401602655e+00 1.881659435168026029e-01 2.272682724917088615e-01 6.363409121314753114e-02 0.000000000000000000e+00 1.224535748715048333e+00 1.722832157072074211e-01 2.649669249615688324e+09 9.771875556351504326e+08
1.700000000000000000e+02 1.060000000000010000e+14 0.000000000000000000e+00 1.103642631808714469e+00 8.372349021319347440e-02 2.146798962169708114e-01 4.566024681379977218e-02 0.000000000000000000e+00 1.216239142884363522e+00 3.680683238172090949e-02 1.043818369342278481e+09 3.301278942166054249e+08
1.710000000000000000e+02 1.060000000000080000e+14 0.000000000000000000e+00 1.356226092383240767e+00 1.913442939376455015e-02 3.944563810847192403e-02 1.725163923748317465e-02 0.000000000000000000e+00 1.138510461257330020e+00 3.329167830344740425e-02 4.998748808982104063e+08 2.186214122185451388e+08
1.720000000000000000e+02 1.060000000000010000e+14 0.000000000000000000e+00 1.029898850329497906e+00 5.644549794715215951e-02 2.033495461137395099e-01 8.885984344094467746e-02 0.000000000000000000e+00 1.152080805636618743e+00 4.892667723975962363e-02 5.757444666503845453e+08 4.353805783051770926e+07
1.730000000000000000e+02 1.060000000000010000e+14 0.000000000000000000e+00 1.056517211506163845e+00 1.198892260352023426e-01 1.326716588543496445e-01 5.516917764907808275e-02 0.000000000000000000e+00 1.215024055883680232e+00 3.937282027091884573e-02 6.086249713382612467e+08 8.296502881591880322e+07
1.740000000000000000e+02 1.060000000000030000e+14 1.000000000000000000e+00 1.118347258778364717e+00 1.436388325506241827e-02 6.316585535179984612e-02 1.188636182853926131e-02 0.000000000000000000e+00 1.100590910441941572e+00 1.717464404461246583e-02 2.289759703093796372e+08 2.148216342264652252e+07
1.750000000000000000e+02 1.060000000000030000e+14 0.000000000000000000e+00 1.297649468960004215e+00 4.987159417999918742e-02 1.684920191713293880e-01 6.529030417346923243e-02 0.000000000000000000e+00 1.382456567614023468e+00 8.507029002094020076e-02 1.729145964650927544e+09 8.436554603528026342e+08
1.760000000000000000e+02 1.060000000000010000e+14 0.000000000000000000e+00 1.081134328889200358e+00 7.756079276741623119e-02 9.568965543161855880e-02 1.977983947048466556e-02 0.000000000000000000e+00 1.215781918096733083e+00 3.512070436862688855e-02 7.472649892498418093e+08 2.590355751231667101e+08
1.770000000000000000e+02 1.060000000000010000e+14 1.000000000000000000e+00 1.021569484073268752e+00 3.825107381919072569e-02 7.451276380697638424e-02 9.324559864944860152e-03 0.000000000000000000e+00 1.097490468486994830e+00 4.910205987932202837e-02 5.415508528130106926e+08 1.492855995756339133e+08
1.780000000000000000e+02 1.060000000000010000e+14 1.000000000000000000e+00 1.038635475766956695e+00 3.536149292038281294e-02 5.646124693761182811e-02 1.326868400873001778e-02 0.000000000000000000e+00 1.174593961580752133e+00 2.326635871389108254e-02 5.065265730202483535e+08 1.772551062025489807e+08
1.790000000000000000e+02 1.060000000000010000e+14 0.000000000000000000e+00 1.227316981219450431e+00 4.399179719795878046e-02 1.694912995883165741e-01 3.866616502547999545e-02 0.000000000000000000e+00 1.363024151312354659e+00 5.828940138737997295e-02 1.809427037049782276e+09 5.192596925979381204e+08
1.800000000000000000e+02 1.060000000000010000e+14 0.000000000000000000e+00 1.371243190526291622e+00 4.147373168337553651e-02 8.412354804119137608e-02 7.066193372651247660e-03 0.000000000000000000e+00 1.635042214368177094e+00 3.373574153316238888e-02 7.360436897671821117e+08 1.091339094651065618e+08
1.810000000000000000e+02 1.060000000000010000e+14 0.000000000000000000e+00 1.061833172682508319e+00 5.320930710933665514e-02 1.219524951115738415e-01 4.015076120629379464e-02 0.000000000000000000e+00 1.039464849052692097e+00 3.818762250704784561e-02 1.249685412157722712e+09 5.943794219266272783e+08
1.820000000000000000e+02 1.060000000000050000e+14 1.000000000000000000e+00 1.032115063085422335e+00 2.137468051608846023e-02 5.927006115018424587e-02 1.529029500256338762e-02 0.000000000000000000e+00 1.051076328439088270e+00 2.438125490367956671e-02 4.818456163989081979e+08 1.465283261754725277e+08
1.830000000000000000e+02 1.060000000000010000e+14 0.000000000000000000e+00 1.095809038655915835e+00 4.424625831595474512e-02 1.134624010851177922e-01 3.276358460205471002e-02 0.000000000000000000e+00 1.322315607810347737e+00 1.621903563693648243e-02 5.255598940534490943e+08 6.520749212224205583e+07
1.840000000000000000e+02 1.060000000000010000e+14 1.000000000000000000e+00 1.020922626852138526e+00 2.271738327719220740e-02 7.833394210645701350e-02 6.352304485711717831e-03 0.000000000000000000e+00 1.288915212935792587e+00 2.271043689236315610e-02 7.184387296498336792e+08 9.323129207832688093e+07
1.850000000000000000e+02 1.060000000000030000e+14 0.000000000000000000e+00 1.026110359146028772e+00 4.184934234272535275e-02 2.168454327921828101e-02 5.915965222743710221e-03 0.000000000000000000e+00 1.146545735580759340e+00 2.437613110014991494e-02 1.646069044487724602e+08 3.013501959967220202e+07
1.860000000000000000e+02 1.060000000000010000e+14 0.000000000000000000e+00 1.002430835509313001e+00 5.279115491249525977e-02 1.262785815199380102e-01 2.283072338360128684e-02 0.000000000000000000e+00 1.109705132589389187e+00 6.387686082422924794e-02 7.825490916790990829e+08 3.368412339381105900e+08
1.870000000000000000e+02 1.060000000000010000e+14 0.000000000000000000e+00 9.719446855988348455e-01 1.215908360181284370e-01 1.716030842480735230e-01 8.626466961567978708e-02 0.000000000000000000e+00 9.935662898956992839e-01 1.085300424178827633e-01 2.280328065218453884e+09 1.523564254381159782e+09
1.880000000000000000e+02 1.060000000000010000e+14 0.000000000000000000e+00 1.112643964081407422e+00 4.636762089229220368e-02 7.080803484842726481e-02 9.051197541388616638e-03 0.000000000000000000e+00 1.143959464322225505e+00 4.160270255742389012e-02 5.009836217990871072e+08 1.287240268006134331e+08
1.890000000000000000e+02 1.060000000000010000e+14 0.000000000000000000e+00 1.641088935150195383e+00 7.357932615567436274e-02 2.011915728391970581e-01 5.274538263220283907e-02 0.000000000000000000e+00 1.645612958618930088e+00 1.020137438926390083e-01 1.987307304048719406e+09 7.017029589199674129e+08
1.900000000000000000e+02 1.060000000000010000e+14 1.000000000000000000e+00 1.020902256874936409e+00 2.374553067901824868e-02 7.786513678852578779e-02 2.824698865013541837e-02 0.000000000000000000e+00 1.082289825882320811e+00 1.428334965953240339e-02 3.937727097453665733e+08 1.460795912119252980e+08
1.910000000000000000e+02 1.060000000000010000e+14 0.000000000000000000e+00 1.023208539809124185e+00 7.500022155169915050e-02 8.110440428703243054e-02 1.853925047909716836e-02 0.000000000000000000e+00 1.053532669455331527e+00 2.093803640593267304e-02 8.439989784235811234e+08 3.163253373758394122e+08
1.920000000000000000e+02 1.060000000000030000e+14 0.000000000000000000e+00 1.123640253521637433e+00 1.087281654546269211e-01 1.348775791687221448e-01 1.336677681649253366e-02 0.000000000000000000e+00 8.955180155417793442e-01 1.021008767783766341e-01 1.362181288267555475e+09 1.957129922661653459e+08
1.930000000000000000e+02 1.060000000000010000e+14 0.000000000000000000e+00 1.101648808141356017e+00 2.992284020776056139e-02 1.182568988028009915e-01 2.859457119192831964e-02 0.000000000000000000e+00 1.185958160310042864e+00 1.517279703161824450e-02 6.399261400668401718e+08 1.451927951885009408e+08
1.940000000000000000e+02 1.060000000000010000e+14 0.000000000000000000e+00 1.100578532039623747e+00 5.572594746303930618e-02 1.879500183251021084e-01 4.187285830505131645e-02 0.000000000000000000e+00 1.154818410192678835e+00 1.285401981536297977e-01 2.112330154112221241e+09 5.884922067553220987e+08
1.950000000000000000e+02 1.060000000000010000e+14 0.000000000000000000e+00 1.102592513317678602e+00 2.015256889280422903e-01 2.294363403896327036e-01 1.330103579184177265e-01 0.000000000000000000e+00 1.205675735872047794e+00 1.755951732981319569e-01 2.922534161678532124e+09 1.936019551810940027e+09
1.960000000000000000e+02 1.060000000000010000e+14 0.000000000000000000e+00 1.200613241239164353e+00 9.507103107501413408e-02 1.283554863160203952e-01 5.089782262929852530e-02 0.000000000000000000e+00 1.272439181010343034e+00 8.236854528742615367e-02 5.686011971666816473e+08 5.952459590978375077e+07
1.970000000000000000e+02 1.060000000000010000e+14 0.000000000000000000e+00 1.556359345772573510e+00 3.644251456802210382e-02 1.306409266386750756e-01 3.334049027715927510e-02 0.000000000000000000e+00 1.641177266238396992e+00 2.960886260463236816e-02 9.572251826925095320e+08 4.676305498627617955e+08
1.980000000000000000e+02 1.060000000000020000e+14 0.000000000000000000e+00 1.673226339405370577e+00 3.904848745918128999e-02 8.544804663638499997e-02 1.155180515310517617e-02 0.000000000000000000e+00 1.987772382963178153e+00 5.275088482982766974e-02 7.994100946387243271e+08 1.773730704514131844e+08
1.990000000000000000e+02 1.060000000000020000e+14 0.000000000000000000e+00 1.195908975443798594e+00 7.276971860516127932e-02 1.537428336322869959e-01 7.492798206278027118e-02 0.000000000000000000e+00 1.303196335985488785e+00 9.604949048856124827e-02 1.963885863179976463e+09 1.011914994183395386e+09
2.000000000000000000e+02 1.060000000000010000e+14 0.000000000000000000e+00 9.165160648788313047e-01 1.082120399008695832e-01 2.194023444719998273e-01 1.089173639353648304e-01 0.000000000000000000e+00 1.081086743201289835e+00 1.070495228569329910e-01 1.213919212139333487e+09 4.132243530679353476e+08
2.010000000000000000e+02 1.060000000000010000e+14 0.000000000000000000e+00 1.212381032652103841e+00 5.295541837011134151e-02 1.587256575740820519e-01 3.388062910855808851e-02 0.000000000000000000e+00 1.234567248758588365e+00 9.772408440084753845e-02 1.306456619226717710e+09 4.655442928982971907e+08
2.020000000000000000e+02 1.060000000000010000e+14 0.000000000000000000e+00 1.120454506730660382e+00 3.818494218171147869e-02 1.024257424907366043e-01 1.807050692455259774e-02 0.000000000000000000e+00 1.163700648853826403e+00 3.817223048907122246e-02 8.341233615464370251e+08 2.722685356858628392e+08
2.030000000000000000e+02 1.060000000000010000e+14 0.000000000000000000e+00 1.190677437743060896e+00 1.291392503091207122e-01 1.948829857557073109e-01 6.343426315697542339e-02 0.000000000000000000e+00 1.140911561688803033e+00 1.323170117889880815e-01 2.208547765960637569e+09 8.994677933207626343e+08
2.040000000000000000e+02 1.060000000000010000e+14 0.000000000000000000e+00 9.332384047356868662e-01 5.815281749082467505e-02 2.625150442619502700e-01 1.098281648666197263e-01 0.000000000000000000e+00 1.024838406686341186e+00 4.214988484041521516e-02 1.544095174662234783e+09 8.330246688563613892e+08
2.050000000000000000e+02 1.060000000000020000e+14 0.000000000000000000e+00 1.012282368187862103e+00 5.967092846318895749e-02 1.107759915754903818e-01 1.167597765363128509e-02 0.000000000000000000e+00 1.150851621466921770e+00 4.682172522888205374e-02 9.115576407292786837e+08 1.729189520757041574e+08
2.060000000000000000e+02 1.060000000000010000e+14 0.000000000000000000e+00 1.112016855559193163e+00 1.361778177043659888e-01 1.769896322255866961e-01 6.889221314371293814e-02 0.000000000000000000e+00 1.091271992952803638e+00 1.071251633060391895e-01 1.867417034998583317e+09 9.716263627587181330e+08
2.070000000000000000e+02 1.060000000000010000e+14 0.000000000000000000e+00 1.768008392888668068e+00 2.021214836498352874e-01 2.377237359931798910e-01 8.740119352088661364e-02 0.000000000000000000e+00 1.404870302205037502e+00 2.575140456191185589e-01 2.639211298532950401e+09 1.222509103538120031e+09
2.080000000000000000e+02 1.060000000000010000e+14 0.000000000000000000e+00 8.888232061010864493e-01 1.913628081294397321e-01 4.174305215598050345e-01 1.911293588301462287e-01 0.000000000000000000e+00 8.739428019232928779e-01 6.654866699895124749e-02 1.047043245361122251e+09 3.903131855296564698e+08
2.090000000000000000e+02 1.060000000000010000e+14 0.000000000000000000e+00 1.140083366057554226e+00 4.857302418729193133e-02 1.269429687790989414e-01 6.369935007749197298e-02 0.000000000000000000e+00 1.237598346818070238e+00 1.516819077503315898e-02 5.036521232423966527e+08 9.648371580269044638e+07
2.100000000000000000e+02 1.060000000000010000e+14 0.000000000000000000e+00 1.090150622424056914e+00 2.801905680639834445e-02 1.102879819805799022e-01 3.166268565821971082e-02 0.000000000000000000e+00 1.410126686485541736e+00 6.636298471112128672e-02 9.282611334278225899e+08 5.116228925972282290e+08
2.110000000000000000e+02 1.060000000000010000e+14 0.000000000000000000e+00 2.593493296855605035e+00 5.600913478953581381e-02 1.082873275828706294e-01 1.366663707204469197e-02 0.000000000000000000e+00 3.035842351192544530e+00 7.208296874322936421e-02 8.635632932189841270e+08 1.930831383104860187e+08
2.120000000000000000e+02 1.060000000000010000e+14 0.000000000000000000e+00 1.728243418127024089e+00 1.000428966243390866e-01 1.879980628837049361e-01 4.926045523128917691e-02 0.000000000000000000e+00 1.781998436101777328e+00 1.235259713999814074e-01 1.536694048556387186e+09 6.285967146611520052e+08
2.130000000000000000e+02 1.060000000000010000e+14 0.000000000000000000e+00 1.163158354279413498e+00 1.658287945685096854e-01 2.183598033120397186e-01 1.323347031777678262e-01 0.000000000000000000e+00 8.962361802610646633e-01 1.850031898688559717e-01 2.967470385689716339e+09 2.095039989129901409e+09
2.140000000000000000e+02 1.060000000000010000e+14 0.000000000000000000e+00 1.186497068912652608e+00 5.862189621496329689e-02 1.082671819623827053e-01 4.106460852959897823e-02 0.000000000000000000e+00 1.333949931513503717e+00 4.238444216770689138e-02 1.188415275027715921e+09 6.066808712433309555e+08
2.150000000000000000e+02 1.060000000000010000e+14 0.000000000000000000e+00 1.218824581716060340e+00 1.363720038396230849e-01 1.594282086516327079e-01 7.646235577380679216e-02 0.000000000000000000e+00 1.155138972585659562e+00 1.403668880565432375e-01 1.529223495175887823e+09 1.050669568541901350e+09
2.160000000000000000e+02 1.060000000000010000e+14 0.000000000000000000e+00 1.309357677659632069e+00 8.095581008673174983e-02 1.772723640918563159e-01 4.737627543607667718e-02 0.000000000000000000e+00 1.296221792149222285e+00 9.135410672928129250e-02 2.210105157980519295e+09 6.755532084151611328e+08
2.170000000000000000e+02 1.060000000000020000e+14 0.000000000000000000e+00 1.166881766137678911e+00 1.164788639252214708e-01 1.261331713903944551e-01 8.201595904847937268e-02 0.000000000000000000e+00 1.180476060703987251e+00 3.688142466136260650e-02 5.361710363404785991e+08 2.163390458770144582e+08
2.180000000000000000e+02 1.060000000000010000e+14 0.000000000000000000e+00 1.762919510666307588e+00 2.229266615079525046e-02 2.170858165283564012e-01 8.463887458209778947e-02 0.000000000000000000e+00 1.652745184742137274e+00 5.427183665308540211e-02 1.445355543322991848e+09 3.484584836775068045e+08
2.190000000000000000e+02 1.060000000000010000e+14 0.000000000000000000e+00 1.488969804922759099e+00 9.611735200442797500e-02 1.878142426973802015e-01 2.973881896657221829e-02 0.000000000000000000e+00 1.667280325034444566e+00 1.195395610063022945e-01 1.918061716635105848e+09 3.859175473781638145e+08
2.200000000000000000e+02 1.060000000000010000e+14 0.000000000000000000e+00 1.233802971240726798e+00 7.571895394594138629e-02 2.019268615771958875e-01 6.581596078865621646e-02 0.000000000000000000e+00 1.276525691007741159e+00 1.393453735349307054e-01 1.605966022634022236e+09 4.946553372498607635e+08
2.210000000000000000e+02 1.060000000000010000e+14 0.000000000000000000e+00 1.154277598563501206e+00 4.356449482308673987e-02 9.010592201362928322e-02 1.460522965030406142e-02 0.000000000000000000e+00 1.081434546509820516e+00 2.731317804850253925e-02 4.890813043396768570e+08 9.030105611778095365e+07
2.220000000000000000e+02 1.060000000000010000e+14 0.000000000000000000e+00 1.174365553056515799e+00 8.992211343939150725e-02 1.962220069954603852e-01 9.302509364490418875e-02 0.000000000000000000e+00 1.265063085534276599e+00 1.082527478372862090e-01 2.300942068736982822e+09 1.359491082925605536e+09
2.230000000000000000e+02 1.060000000000010000e+14 0.000000000000000000e+00 1.052632651814662257e+00 4.495768171810039793e-02 1.221738096241712229e-01 2.878221575978823568e-02 0.000000000000000000e+00 1.221181725182698408e+00 7.243290819818026804e-02 9.172437184354944229e+08 2.641770135620296001e+08
2.240000000000000000e+02 1.060000000000010000e+14 0.000000000000000000e+00 1.169047473935757031e+00 7.240497916240085097e-02 1.783234754942545908e-01 3.599653770886647453e-02 0.000000000000000000e+00 1.195212438550714573e+00 1.241219790369830767e-01 1.776266918192984104e+09 5.125359792087857723e+08
2.250000000000000000e+02 1.060000000000010000e+14 0.000000000000000000e+00 1.116782472364959089e+00 8.495566590266720453e-02 1.058822934666880239e-01 3.418964883683679734e-02 0.000000000000000000e+00 1.098758076123086846e+00 6.162521690425995513e-02 1.018757542897821784e+09 4.844177323751110435e+08
2.260000000000000000e+02 1.060000000000010000e+14 0.000000000000000000e+00 1.703177925694320693e+00 4.851390700261897643e-02 1.294708004604073759e-01 2.133536720182676455e-02 0.000000000000000000e+00 1.690774437707004640e+00 6.037317904544820674e-02 1.237409425394057035e+09 2.725724657334195375e+08
2.270000000000000000e+02 1.060000000000010000e+14 0.000000000000000000e+00 1.083683513840445700e+00 8.211911578378672250e-02 1.039573618697109680e-01 4.459293466794814892e-02 0.000000000000000000e+00 1.048307276633554608e+00 5.472728129960646032e-02 4.759820640443360209e+08 5.811886174321131408e+07
2.280000000000000000e+02 1.060000000000010000e+14 0.000000000000000000e+00 1.394256894270595293e+00 8.034106165555278400e-02 1.776031859708461225e-01 6.019604419036414522e-02 0.000000000000000000e+00 1.465976775884402672e+00 8.309488156110206303e-02 1.955112251018101454e+09 8.021541043372310400e+08
2.290000000000000000e+02 1.060000000000010000e+14 0.000000000000000000e+00 1.232402649178765186e+00 3.157799040018438586e-02 8.106468313758301292e-02 9.278002959983969525e-03 0.000000000000000000e+00 1.317866602271826837e+00 6.621611968024150585e-02 6.611313692816538811e+08 1.268162406457607746e+08
2.300000000000000000e+02 1.060000000000010000e+14 0.000000000000000000e+00 1.242391863800719642e+00 1.756637830559455368e-02 1.594606217502912426e-01 2.051074957006763025e-02 0.000000000000000000e+00 9.980859297518741569e-01 1.418580691187612715e-02 1.730077719202172995e+09 2.558741867426261008e+08
2.310000000000000000e+02 1.060000000000010000e+14 0.000000000000000000e+00 1.328125071594003392e+00 6.637642973528379287e-02 1.210024597223545578e-01 1.825773550356895800e-02 0.000000000000000000e+00 1.288486890306806965e+00 5.167941713352796479e-02 1.083919181233709335e+09 2.789174107736063004e+08
2.320000000000000000e+02 1.060000000000010000e+14 0.000000000000000000e+00 1.207402390364459066e+00 6.782298788250587518e-02 1.452070986149233134e-01 4.099399622008962490e-02 0.000000000000000000e+00 1.509638489498486225e+00 3.050793360414790628e-02 1.083374800529216290e+09 2.885842043516409993e+08
2.330000000000000000e+02 1.060000000000010000e+14 1.000000000000000000e+00 1.093467852587488576e+00 2.515034873267407711e-02 7.313955633598870354e-02 1.316821869531699385e-02 0.000000000000000000e+00 1.264803678872348236e+00 1.623725390247688846e-02 4.937824793846980929e+08 5.196740905985575169e+07
2.340000000000000000e+02 1.060000000000010000e+14 0.000000000000000000e+00 1.093992014566908866e+00 1.814317929832055809e-02 1.677769302342382030e-01 4.152480069353550046e-02 0.000000000000000000e+00 1.043870252785312536e+00 2.654609799696795724e-02 1.401846435231910706e+09 2.607153960436420441e+08
2.350000000000000000e+02 1.060000000000010000e+14 0.000000000000000000e+00 1.108147763680850328e+00 3.195756065837968701e-02 1.261465156416698152e-01 2.659800851200513905e-02 0.000000000000000000e+00 1.300173521825078282e+00 4.885696851660028400e-02 1.403136025197059155e+09 3.821505914775627851e+08
2.360000000000000000e+02 1.060000000000040000e+14 1.000000000000000000e+00 1.092494988941230538e+00 3.954917397611219104e-02 3.228015371178408893e-02 4.998466130353655841e-03 0.000000000000000000e+00 1.162359923260370964e+00 2.476875511697377782e-02 3.952925937496839762e+08 7.307404439179065824e+07
2.370000000000000000e+02 1.060000000000010000e+14 0.000000000000000000e+00 1.028897349256631344e+00 1.038633327241764992e-01 1.393622721194410496e-01 3.772289339278899617e-02 0.000000000000000000e+00 1.073215269128849458e+00 7.854912229443485050e-02 1.262763448297143221e+09 6.099913048668228388e+08
2.380000000000000000e+02 1.060000000000010000e+14 1.000000000000000000e+00 1.089857345441192393e+00 2.354435219610717667e-02 7.893456122640342409e-02 1.585183086677386874e-02 0.000000000000000000e+00 1.266443591918347877e+00 2.531787964898144991e-02 6.894387218125486374e+08 2.200745332367947102e+08
2.390000000000000000e+02 1.060000000000010000e+14 0.000000000000000000e+00 1.065557320190132495e+00 6.054639637980302469e-02 2.092162476543764360e-01 1.291328256884722026e-01 0.000000000000000000e+00 1.335742793947197526e+00 3.025481264097548695e-02 4.008767749267572165e+08 6.963341980628938973e+07
2.400000000000000000e+02 1.060000000000010000e+14 0.000000000000000000e+00 1.239321177434588472e+00 1.038684565424843609e-01 1.335090741402085168e-01 6.316310329545503366e-02 0.000000000000000000e+00 1.184539801819892935e+00 1.188711278469027771e-01 1.477174754914721966e+09 8.241983482384594679e+08
2.410000000000000000e+02 1.060000000000010000e+14 1.000000000000000000e+00 1.001573758315105200e+00 2.064776600403211981e-02 9.288908636216282322e-02 2.016571026805825256e-02 0.000000000000000000e+00 1.150276498604827058e+00 2.443796682941265855e-02 6.260841866602663994e+08 1.830922780798175633e+08
2.420000000000000000e+02 1.060000000000010000e+14 0.000000000000000000e+00 1.032266774492708539e+00 7.285846725748838792e-02 1.048006054443469670e-01 1.707931254486003830e-02 0.000000000000000000e+00 1.129598358075157405e+00 8.248809075893107079e-02 1.118234323018391132e+09 2.552514950962704718e+08
2.430000000000000000e+02 1.060000000000010000e+14 0.000000000000000000e+00 1.324995191306507669e+00 5.899586978906173201e-02 1.591743026215409473e-01 5.213849287169042973e-02 0.000000000000000000e+00 1.381112151475202943e+00 9.083934599587015213e-02 1.612309269443398714e+09 7.348393198509901762e+08
2.440000000000000000e+02 1.060000000000020000e+14 0.000000000000000000e+00 1.074749374479086583e+00 6.804546983223540291e-02 2.560676514275029292e-01 1.187316668419637899e-01 0.000000000000000000e+00 1.070257460011913242e+00 3.304522012698506150e-02 1.771303771365473032e+09 5.706572580873886347e+08
2.450000000000000000e+02 1.060000000000010000e+14 0.000000000000000000e+00 1.147033310655834137e+00 6.720134334647603902e-02 1.281288006001712609e-01 1.777719296867430812e-02 0.000000000000000000e+00 1.036100945331378087e+00 1.193765702222224778e-01 1.310633707406043291e+09 2.341022129019800723e+08
2.460000000000000000e+02 1.060000000000010000e+14 0.000000000000000000e+00 1.953728208688405354e+00 1.184444408577844249e-02 8.837160362154286575e-02 1.579035422107959857e-02 0.000000000000000000e+00 2.034792984613797984e+00 3.819864759523289299e-02 7.257382026872164011e+08 2.091249924296723902e+08
2.470000000000000000e+02 1.060000000000010000e+14 0.000000000000000000e+00 1.016746737779014476e+00 2.240319810660504340e-02 1.277660843908427490e-01 4.228492788180895218e-02 0.000000000000000000e+00 1.173012258177910105e+00 4.150626539282788879e-02 6.697913374333447218e+08 1.708518302834043801e+08
2.480000000000000000e+02 1.060000000000010000e+14 0.000000000000000000e+00 1.007716395441149437e+00 9.908878788065923759e-02 1.223276314858699060e-01 1.390845506313443877e-02 0.000000000000000000e+00 1.667190777802239010e+00 2.993932137490658285e-02 1.030039937557472825e+09 1.909557796579364240e+08
2.490000000000000000e+02 1.060000000000010000e+14 1.000000000000000000e+00 1.055132086159120686e+00 2.273426784859020403e-02 9.165236319631349382e-02 1.173106388839472748e-02 0.000000000000000000e+00 1.163649625745129201e+00 3.625685452566282385e-02 7.507404638423200846e+08 1.414674092589496374e+08
2.500000000000000000e+02 1.060000000000010000e+14 0.000000000000000000e+00 1.145889679804011685e+00 2.517652096574798382e-01 2.929945671354298176e-01 1.307305142247723595e-01 0.000000000000000000e+00 1.116102002524891113e+00 2.722972032863651970e-01 1.868095935908988714e+09 7.092869229093099833e+08
2.510000000000000000e+02 1.060000000000010000e+14 0.000000000000000000e+00 9.039883122553593608e-01 5.218782317887424999e-02 1.015051352361626552e-01 1.794513568116483729e-02 0.000000000000000000e+00 1.118586304995259351e+00 5.421945138154104366e-02 7.119301798183572292e+08 9.050991568281552196e+07
2.520000000000000000e+02 1.060000000000020000e+14 0.000000000000000000e+00 1.292752343975187346e+00 1.585152120033112844e-01 1.396435601319373221e-01 3.554262982879306115e-02 0.000000000000000000e+00 1.120216907950714269e+00 2.224730708339449359e-01 1.623201014851407766e+09 4.453476243055426478e+08
2.530000000000000000e+02 1.060000000000020000e+14 0.000000000000000000e+00 8.145629434676547875e-01 8.982167771627977415e-02 1.913750348523678840e-02 5.410297935571119383e-03 0.000000000000000000e+00 1.400914477791063373e+00 6.403159147684442387e-02 1.936443989767818749e+08 6.494036805243924260e+07
2.540000000000000000e+02 1.060000000000010000e+14 1.000000000000000000e+00 1.122864961708999854e+00 1.381120579677276236e-02 8.426374465634263455e-02 1.435004741642544740e-02 0.000000000000000000e+00 1.273473407512055733e+00 1.366020521398910066e-02 6.963424482431689501e+08 2.038774232689897418e+08
2.550000000000000000e+02 1.060000000000010000e+14 0.000000000000000000e+00 8.272589935251311033e-01 9.800644627955872046e-02 1.365834388212200656e-01 4.296676816992148207e-02 0.000000000000000000e+00 1.018652182047075305e+00 2.722884048683282820e-02 7.803384327586897612e+08 2.045379827602129579e+08
2.560000000000000000e+02 1.060000000000010000e+14 0.000000000000000000e+00 1.182727350821609846e+00 3.222965235646579885e-02 1.272809315034657274e-01 2.023971471355573773e-02 0.000000000000000000e+00 1.323251646896596911e+00 4.996216583161502967e-02 9.991728512314281464e+08 2.856954199223778844e+08
2.570000000000000000e+02 1.060000000000010000e+14 0.000000000000000000e+00 1.120934568342336624e+00 1.646028475040379746e-01 3.494203329882390463e-01 2.172392901488343908e-01 0.000000000000000000e+00 1.174540447089730266e+00 1.170043322607789704e-01 1.463415392697594643e+09 5.554944738694666624e+08
2.580000000000000000e+02 1.060000000000010000e+14 0.000000000000000000e+00 1.138107678035791048e+00 1.482503055098182386e-02 1.316802245434711138e-01 1.549580083086762872e-02 0.000000000000000000e+00 1.121783789382765795e+00 3.437678501419336868e-02 1.074428502606352806e+09 2.228417236715390980e+08
2.590000000000000000e+02 1.060000000000010000e+14 0.000000000000000000e+00 1.395725492756197061e+00 1.109302340646785012e-01 1.467009367624866611e-01 2.507803010784349917e-02 0.000000000000000000e+00 1.224506609140836311e+00 6.249680314282440169e-02 1.474864785345417023e+09 4.395591690087968111e+08
2.600000000000000000e+02 1.060000000000010000e+14 0.000000000000000000e+00 1.256269207648432085e+00 3.936397285269661872e-02 1.302807759559100331e-01 2.509841508917263000e-02 0.000000000000000000e+00 1.277195152858702665e+00 3.667327995520611172e-02 9.804169371821855307e+08 2.587772115549531579e+08
2.610000000000000000e+02 1.060000000000010000e+14 0.000000000000000000e+00 1.428329695834967383e+00 8.363835362962156184e-02 1.535362421098284136e-01 4.841726956555368611e-02 0.000000000000000000e+00 1.425648385881119973e+00 1.126548663987456261e-01 1.616542421742027283e+09 5.740373386608970165e+08
2.620000000000000000e+02 1.060000000000010000e+14 0.000000000000000000e+00 1.137506799849734573e+00 1.010730399998243240e-01 1.913255802437569264e-01 5.497792550924741894e-02 0.000000000000000000e+00 1.263187702364058085e+00 1.245008817768599590e-01 1.521990177441298485e+09 7.898577995542727709e+08
2.630000000000000000e+02 1.060000000000010000e+14 0.000000000000000000e+00 1.118807872427010075e+00 2.143082212938701714e-02 1.181399442968495833e-01 3.867843653185078223e-02 0.000000000000000000e+00 1.082663697142040693e+00 3.364796868167459903e-02 6.996403552547594309e+08 2.245788560350734293e+08
2.640000000000000000e+02 1.060000000000060000e+14 0.000000000000000000e+00 1.064070556946915991e+00 1.774626090345097357e-02 1.256079828922085084e-01 4.320857868964234766e-02 0.000000000000000000e+00 1.135229012098761592e+00 5.025517663871667540e-02 7.746578987161816359e+08 2.185856910955365002e+08
2.650000000000000000e+02 1.060000000000010000e+14 0.000000000000000000e+00 1.010755655539276043e+00 1.650645206451593905e-02 1.332860111505858591e-01 2.325956085964345568e-02 0.000000000000000000e+00 1.326643896312179605e+00 8.916076055162037994e-02 1.095520414404466391e+09 3.702520330583301187e+08
2.660000000000000000e+02 1.060000000000010000e+14 0.000000000000000000e+00 1.164845934731701504e+00 1.972693671399414483e-01 2.331754070806687784e-01 6.000847522921642918e-02 0.000000000000000000e+00 1.100629137476681452e+00 1.901363138245656670e-01 2.235922359543001652e+09 8.748269828432691097e+08
2.670000000000000000e+02 1.060000000000010000e+14 0.000000000000000000e+00 1.175970648522605577e+00 6.370183608558253885e-02 1.222441074580156856e-01 2.265551936827932614e-02 0.000000000000000000e+00 1.107952245942877223e+00 6.014159856785897956e-02 1.055597931721587896e+09 3.073649670386147499e+08
2.680000000000000000e+02 1.060000000000010000e+14 0.000000000000000000e+00 9.660255192244172617e-01 4.421665900240290270e-02 8.369375908843255940e-02 1.653969476644059217e-02 0.000000000000000000e+00 1.099934067625920164e+00 3.536192578771290423e-02 8.846724965886138678e+08 2.469310125286093056e+08
2.690000000000000000e+02 1.060000000000010000e+14 0.000000000000000000e+00 1.900972815016238382e+00 4.615139435647354349e-02 8.936257897803180639e-02 7.060811828875071181e-03 0.000000000000000000e+00 1.759482100687740358e+00 5.867773029352917752e-02 8.262706178798209429e+08 8.019491328171457350e+07
2.700000000000000000e+02 1.060000000000020000e+14 0.000000000000000000e+00 1.201693470572797295e+00 7.490341866191151110e-02 1.003459538139365309e-01 3.374458315364942118e-02 0.000000000000000000e+00 1.213776292225296372e+00 6.803942135238522093e-02 1.121472976822363377e+09 4.866298363242764473e+08
2.710000000000000000e+02 1.060000000000010000e+14 0.000000000000000000e+00 1.235356276039309309e+00 1.427885145628579877e-01 2.560115501434686580e-01 1.414645561879674385e-01 0.000000000000000000e+00 1.188877983797942406e+00 1.596625409344946955e-01 3.089019841309928894e+09 2.065186938105668306e+09
2.720000000000000000e+02 1.060000000000050000e+14 1.000000000000000000e+00 8.609057596233551379e-01 2.334011708060965140e-02 3.622648973582214688e-02 9.679505759892882699e-03 0.000000000000000000e+00 1.146798604103426378e+00 3.314238197549650156e-02 3.298037880033156872e+08 1.219539131111849099e+08
2.730000000000000000e+02 1.060000000000010000e+14 0.000000000000000000e+00 9.875185411828080184e-01 5.059784432740963012e-02 1.596134485245054857e-01 2.896171893497492475e-02 0.000000000000000000e+00 9.251525598279535245e-01 5.014657507284395188e-02 1.018818905625945687e+09 3.709873993963427544e+08
2.740000000000000000e+02 1.060000000000010000e+14 0.000000000000000000e+00 1.132570735441082999e+00 2.611891797465069540e-02 1.023653605635488628e-01 1.359308952190113433e-02 0.000000000000000000e+00 1.143086657194539502e+00 1.867171163933984551e-02 7.600740063374161720e+08 1.016951744024008960e+08
2.750000000000000000e+02 1.060000000000020000e+14 0.000000000000000000e+00 1.748710069645667886e+00 3.650731805004517327e-02 1.737761047945491910e-01 4.385410135295183393e-02 0.000000000000000000e+00 1.741245100939091017e+00 3.936455275958890970e-02 1.860690411526551247e+09 5.392094443330003023e+08
2.760000000000000000e+02 1.060000000000010000e+14 0.000000000000000000e+00 1.215590001485837401e+00 2.283147031554074932e-02 9.125464475404940212e-02 7.378332458064316979e-03 0.000000000000000000e+00 1.277061660019452871e+00 2.151539542815228759e-02 5.759895569990313053e+08 4.444122589931727946e+07
2.770000000000000000e+02 1.060000000000050000e+14 0.000000000000000000e+00 1.046530831840622344e+00 5.984467303810487443e-02 4.092913231452909029e-02 8.934380865050984416e-03 0.000000000000000000e+00 1.304024981839302821e+00 2.161514990577834833e-02 4.791499867921501994e+08 1.285921479853274822e+08
2.780000000000000000e+02 1.060000000000010000e+14 0.000000000000000000e+00 1.761588617203958984e+00 6.768520538643220397e-02 6.965003766015172293e-02 2.250570666584685367e-02 0.000000000000000000e+00 1.859803371430724939e+00 8.417905000830414042e-02 7.527805026084685326e+08 2.811329068689123988e+08
2.790000000000000000e+02 1.060000000000020000e+14 0.000000000000000000e+00 1.373318122291449006e+00 1.837236049752812850e-01 1.842054806678995182e-01 6.453081429184540085e-02 0.000000000000000000e+00 1.298269594940500316e+00 1.695327039143525727e-01 2.306953841924531937e+09 1.098420672139998674e+09
2.800000000000000000e+02 1.060000000000020000e+14 0.000000000000000000e+00 1.135741807192810926e+00 5.544622609520460932e-02 9.887125456807632773e-02 1.603523530254367946e-02 0.000000000000000000e+00 1.072958879525526932e+00 2.141820176525314687e-02 5.822209315755434036e+08 2.512837796953155994e+08
2.810000000000000000e+02 1.060000000000020000e+14 0.000000000000000000e+00 1.146468546190511084e+00 2.707442680717228947e-02 1.279602984692735368e-01 1.725684605100715960e-02 0.000000000000000000e+00 1.266806952191530167e+00 5.026533682564460204e-02 1.213789399510963202e+09 2.542106745181500614e+08
2.820000000000000000e+02 1.060000000000010000e+14 0.000000000000000000e+00 1.156913677309285848e+00 2.188948436747127635e-02 6.480037186559127471e-02 5.167988923807221788e-03 0.000000000000000000e+00 1.094362948243235101e+00 2.455787838390383754e-02 5.301688454270667434e+08 6.606855641014441103e+07
2.830000000000000000e+02 1.060000000000010000e+14 1.000000000000000000e+00 1.093396206293893780e+00 2.778904937893038676e-02 5.055629564058444075e-02 9.584746521319660942e-03 0.000000000000000000e+00 1.159801090136618029e+00 2.048397090359390868e-02 4.114958151987597942e+08 1.313493200878485888e+08
2.840000000000000000e+02 1.060000000000010000e+14 0.000000000000000000e+00 1.138057260632252321e+00 5.821598683494126625e-02 1.167665539694374283e-01 4.552144896437598787e-02 0.000000000000000000e+00 1.098302991514483740e+00 2.092855366624880170e-02 5.086288826906994581e+08 4.794357009590563178e+07
2.850000000000000000e+02 1.060000000000010000e+14 1.000000000000000000e+00 1.065157709908079342e+00 3.574351356936807805e-02 6.974833276874992105e-02 1.459019284889828336e-02 0.000000000000000000e+00 1.064938159880217450e+00 1.090824791966415151e-02 6.853733698505119085e+08 1.901323023288178146e+08
2.860000000000000000e+02 1.060000000000010000e+14 0.000000000000000000e+00 8.307259228465520007e-01 9.897720975697377188e-02 1.281529542480893402e-01 2.354420491191342932e-02 0.000000000000000000e+00 9.825509967351673257e-01 4.677053040009201273e-02 1.241951633904702425e+09 4.450915665220180750e+08
2.870000000000000000e+02 1.060000000000010000e+14 0.000000000000000000e+00 1.146833276014139980e+00 3.053036368666891057e-02 1.231331505478757832e-01 3.542619842365565125e-02 0.000000000000000000e+00 1.214758790863519788e+00 8.524480955221281492e-03 1.309517103338805437e+09 5.018530977791362405e+08
2.880000000000000000e+02 1.060000000000010000e+14 0.000000000000000000e+00 1.030148431088860672e+00 1.150329517434432874e-01 1.237489885109081394e-01 2.180800573469926160e-02 0.000000000000000000e+00 1.148428770734750692e+00 1.343935497821954483e-01 1.455582700649550438e+09 3.178235695212376118e+08
2.890000000000000000e+02 1.060000000000070000e+14 0.000000000000000000e+00 1.244881941983998264e+00 1.515199694063746882e-01 1.745262999932139514e-01 9.385182946013806426e-02 0.000000000000000000e+00 1.268199645885492277e+00 1.913931510664544366e-01 1.702125633184727192e+09 1.278310008476544380e+09
2.900000000000000000e+02 1.060000000000010000e+14 0.000000000000000000e+00 1.121537013349553469e+00 9.311396700870398779e-02 2.672369343169840872e-01 8.768696289169272684e-02 0.000000000000000000e+00 1.297357890211481068e+00 8.048891712918217201e-02 1.777199326622450829e+09 3.561884538236064315e+08
2.910000000000000000e+02 1.060000000000010000e+14 0.000000000000000000e+00 1.293130122421324302e+00 1.456717553547507704e-01 3.087548095540540438e-01 1.762346846846846726e-01 0.000000000000000000e+00 1.437447963516890193e+00 1.125127315845560610e-01 1.343455036342949390e+09 5.099301859011468887e+08
2.920000000000000000e+02 1.060000000000020000e+14 1.000000000000000000e+00 1.072642302175357276e+00 3.066060815199149123e-02 6.219877561839826791e-02 8.220838310494315432e-03 0.000000000000000000e+00 1.096787685695068904e+00 3.615069423728584086e-02 4.641059889773443341e+08 8.189779567327445745e+07
2.930000000000000000e+02 1.060000000000010000e+14 0.000000000000000000e+00 1.020358398738574923e+00 1.625113130702511843e-01 2.439312133482928746e-01 1.366312235592016533e-01 0.000000000000000000e+00 9.229350870510378835e-01 9.437944116770802250e-02 7.840932012714431286e+08 7.623488564790003002e+07
2.940000000000000000e+02 1.060000000000020000e+14 1.000000000000000000e+00 1.106346531393902488e+00 3.131604560281473632e-02 7.152739627395522659e-02 1.286745259012673191e-02 0.000000000000000000e+00 1.132379087164034681e+00 3.999328122971023552e-02 8.054921568914108276e+08 1.778780907590147555e+08
2.950000000000000000e+02 1.060000000000010000e+14 0.000000000000000000e+00 1.107165938399994554e+00 5.074391757277021270e-02 8.333008938192795756e-02 1.433227013684785708e-02 0.000000000000000000e+00 1.127648109484175265e+00 2.645284867537370938e-02 7.559276771999499798e+08 2.075175521302773058e+08
2.960000000000000000e+02 1.060000000000020000e+14 0.000000000000000000e+00 4.071659668997851811e-01 1.895663212401759723e-01 1.385041604487067535e-01 6.193200696036085806e-02 0.000000000000000000e+00 1.101365264464127192e+00 1.034996736476776480e-01 1.482926260797607422e+09 1.094314138698926210e+09
2.970000000000000000e+02 1.060000000000010000e+14 0.000000000000000000e+00 1.109965264579397370e+00 1.940438178645444989e-01 2.285908774192313420e-01 1.138106437805207760e-01 0.000000000000000000e+00 1.014116072241526778e+00 2.484999311514274056e-01 2.642371918263844967e+09 1.551402581177945852e+09
2.980000000000000000e+02 1.060000000000010000e+14 0.000000000000000000e+00 1.139182927499931219e+00 6.921186771707722729e-02 1.284055364453961512e-01 2.781139186295503163e-02 0.000000000000000000e+00 1.052342009572595494e+00 6.920835134349122286e-02 1.262124787198185205e+09 3.562269873643933535e+08
2.990000000000000000e+02 1.060000000000010000e+14 0.000000000000000000e+00 1.046846654233076768e+00 8.932616014687891348e-02 7.686233885163332169e-02 1.266468242825855017e-02 0.000000000000000000e+00 1.317643619377532493e+00 7.203494360870547897e-02 6.068475478465223312e+08 1.919709111856452823e+08
3.000000000000000000e+02 1.060000000000010000e+14 0.000000000000000000e+00 9.868574372578683418e-01 6.306214877235626071e-02 1.362892998833674651e-01 4.377770022683650369e-02 0.000000000000000000e+00 1.208990606382766897e+00 5.129187640529172393e-02 8.536614366561785936e+08 1.406367981404908299e+08
3.010000000000000000e+02 1.060000000000010000e+14 0.000000000000000000e+00 1.165665150507397163e+00 2.617722499146667853e-02 1.174764710836270903e-01 3.389507814097859895e-02 0.000000000000000000e+00 1.033503863632611708e+00 5.323598237294086682e-02 1.154742971439619064e+09 4.896842625912331343e+08
3.020000000000000000e+02 1.060000000000010000e+14 0.000000000000000000e+00 1.218764764852100502e+00 5.710406376639114850e-02 1.879403789486620846e-01 4.587023005402748183e-02 0.000000000000000000e+00 1.392223547792505789e+00 8.655738896276173044e-02 1.439220435802386522e+09 6.664428621258395910e+08
3.030000000000000000e+02 1.060000000000010000e+14 0.000000000000000000e+00 1.061558898025405151e+00 4.186639731771783085e-02 7.886107337116311788e-02 3.314940315182876573e-02 0.000000000000000000e+00 1.219128647226622730e+00 3.704522173464767226e-02 4.424898794773872495e+08 9.596538290707181394e+07
3.040000000000000000e+02 1.060000000000080000e+14 0.000000000000000000e+00 1.176806014632262976e+00 1.143600201169342884e-01 9.696916636686025992e-02 1.486162351316503913e-02 0.000000000000000000e+00 1.291975191408940793e+00 4.373524824898302604e-02 6.646338612829262018e+08 1.611662336621520817e+08
3.050000000000000000e+02 1.060000000000010000e+14 0.000000000000000000e+00 1.638363353271030665e+00 8.063312711203614314e-02 1.619922542099457297e-01 4.302657000210417804e-02 0.000000000000000000e+00 1.622237121988061359e+00 8.704819184457299186e-02 1.585563415510424137e+09 5.848123384378433228e+08
3.060000000000000000e+02 1.060000000000010000e+14 0.000000000000000000e+00 2.605633995345368881e+00 7.056241286460529505e-02 1.226844331656038317e-01 4.642985253088879882e-02 0.000000000000000000e+00 2.555665662977532282e+00 8.003804111024223622e-02 1.395763559978341818e+09 6.098328821444549561e+08
3.070000000000000000e+02 1.060000000000020000e+14 0.000000000000000000e+00 1.072056905448527386e+00 4.151789021799907886e-02 5.751366377434794647e-02 5.003260897386675211e-03 0.000000000000000000e+00 1.030686022523640277e+00 5.963603777484888929e-02 4.924613428441606164e+08 7.541203667394916713e+07
3.080000000000000000e+02 1.060000000000010000e+14 1.000000000000000000e+00 1.143920821621321027e+00 1.600677701418566634e-02 9.773731630761121891e-02 1.839126219988517635e-02 0.000000000000000000e+00 1.204417076944498843e+00 2.530368613616214291e-02 7.657878880719734430e+08 2.759685052010579109e+08
3.090000000000000000e+02 1.060000000000010000e+14 0.000000000000000000e+00 1.331587654146146882e+00 6.126031570644205337e-02 1.379918873512859523e-01 1.795933902649013078e-02 0.000000000000000000e+00 1.295928909129605566e+00 8.288756414862472055e-02 1.435169662380715609e+09 2.218008820790920556e+08
3.100000000000000000e+02 1.060000000000010000e+14 0.000000000000000000e+00 1.060458552610596517e+00 6.054272371649666029e-02 1.593488174815236857e-01 1.938043995677568923e-02 0.000000000000000000e+00 1.163925123217969482e+00 3.022214310845599064e-02 7.130039477932202816e+08 1.806345444489416778e+08
3.110000000000000000e+02 1.060000000000010000e+14 0.000000000000000000e+00 1.349084665971674646e+00 7.715221744056334485e-02 1.445643233364360680e-01 5.543419529139328311e-02 0.000000000000000000e+00 1.308566185182823638e+00 1.040608277917244723e-01 1.595399984290489912e+09 7.847884359801765680e+08
3.120000000000000000e+02 1.060000000000010000e+14 0.000000000000000000e+00 1.171922579016307253e+00 6.451452376780167364e-02 1.626966061843050926e-01 3.924063426466625065e-02 0.000000000000000000e+00 1.207660349863898031e+00 8.573117948095736185e-02 1.871950318969691038e+09 5.413847196668926477e+08
3.130000000000000000e+02 1.060000000000020000e+14 0.000000000000000000e+00 1.334019764145120357e+00 1.468682398020284552e-01 2.137013857448913090e-01 7.521585469511922473e-02 0.000000000000000000e+00 1.246573979891341999e+00 1.484242857212108857e-01 2.066182143277594805e+09 1.182520518384409904e+09
3.140000000000000000e+02 1.060000000000020000e+14 0.000000000000000000e+00 1.274457976542948678e+00 3.919899614798141169e-02 9.762726874253165044e-02 4.696749026101028346e-02 0.000000000000000000e+00 1.289392579388387361e+00 9.550265251562781166e-02 1.400620862833590984e+09 7.143705377125964165e+08
3.150000000000000000e+02 1.060000000000010000e+14 0.000000000000000000e+00 1.186019910829483104e+00 1.380151201956164309e-01 1.692865999747039663e-01 7.158226747403202694e-02 0.000000000000000000e+00 1.079691803880845180e+00 1.487469393366758208e-01 2.018435557507872105e+09 1.007220189705650210e+09
3.160000000000000000e+02 1.060000000000020000e+14 0.000000000000000000e+00 1.372150291945420930e+00 8.301322698108429265e-02 6.775127343427224391e-02 2.678494179405545988e-02 0.000000000000000000e+00 1.295978875567594502e+00 6.919564836361750959e-02 6.838564596188615561e+08 3.721164451840022802e+08
3.170000000000000000e+02 1.060000000000010000e+14 0.000000000000000000e+00 1.292616043467039955e+00 9.519905034117739917e-02 1.088409558082831519e-01 1.253388355960530220e-02 0.000000000000000000e+00 1.353819191172762171e+00 1.253387535649960749e-01 9.671303210552533865e+08 1.654155200003658831e+08
3.180000000000000000e+02 1.060000000000020000e+14 0.000000000000000000e+00 1.130167046699029232e+00 5.640828852975970226e-02 1.383339979983954082e-01 4.491162336749295048e-02 0.000000000000000000e+00 1.227197366315748495e+00 1.065622647550528851e-01 1.420535408098030806e+09 6.239551976939013004e+08
3.190000000000000000e+02 1.060000000000010000e+14 0.000000000000000000e+00 9.485472705672736149e-01 7.721961992388234886e-02 6.052853574970697148e-02 4.282424345960926526e-03 0.000000000000000000e+00 1.308117702067890464e+00 2.515841888623459449e-02 3.100368795296632648e+08 6.507534389918447286e+07
3.200000000000000000e+02 1.060000000000010000e+14 1.000000000000000000e+00 1.105350558048777909e+00 2.639033583356292095e-02 4.831631312115754195e-02 3.629780479769998021e-03 0.000000000000000000e+00 1.035315845884848152e+00 1.614060035139182683e-02 4.077359511082816124e+08 5.058491216625289619e+07
3.210000000000000000e+02 1.060000000000010000e+14 0.000000000000000000e+00 8.641225742262651499e-01 4.780062502481063208e-02 1.661098011159839183e-01 3.370859532695351379e-02 0.000000000000000000e+00 1.297159742267464777e+00 2.528386830608577579e-02 7.285628341247482300e+08 1.808466647310229838e+08
3.220000000000000000e+02 1.060000000000010000e+14 0.000000000000000000e+00 2.431462362066461935e+00 5.251586789374777797e-02 1.795347260366239872e-01 4.675305319334932541e-02 0.000000000000000000e+00 2.734906953798046825e+00 8.969756587532146108e-02 1.266851779539175749e+09 1.562103336762446165e+08
3.230000000000000000e+02 1.060000000000010000e+14 0.000000000000000000e+00 1.102028008536648285e+00 1.656692237408622093e-01 1.598541343477187793e-01 3.232507016708087433e-02 0.000000000000000000e+00 1.257636090019543129e+00 1.276347444892496352e-01 1.444619203649175406e+09 4.809194321095753312e+08
3.240000000000000000e+02 1.060000000000010000e+14 0.000000000000000000e+00 1.175988360662772791e+00 5.785692267151268386e-02 1.387545830366899990e-01 5.755450483104854881e-02 0.000000000000000000e+00 1.258771781349997232e+00 1.212092364642827769e-02 7.965071187603238821e+08 7.793115797868943214e+07
