# rID[0] Hid[1]   R200: DS[2], eta[3], detla[4], fm[5], fm2[6];   R500: DS[7], eta[8], detla[9], fm[10], fm2[11]
1.000000000000000000e+00 3.300000000107900000e+13 0.000000000000000000e+00 1.049782426498742982e+00 2.362868773698968139e-01 -1.000000000000000000e+00 -1.000000000000000000e+00 0.000000000000000000e+00 6.922332709445744303e-01 1.073853866773510496e-01 -1.000000000000000000e+00 -1.000000000000000000e+00
2.000000000000000000e+00 3.300000000005600000e+13 0.000000000000000000e+00 8.175030214053884414e-01 1.973713539165090625e-01 -1.000000000000000000e+00 -1.000000000000000000e+00 0.000000000000000000e+00 8.063277659709894296e-01 1.194969881499853698e-01 -1.000000000000000000e+00 -1.000000000000000000e+00
3.000000000000000000e+00 3.300000000000100000e+13 0.000000000000000000e+00 1.128565289532885485e+00 7.637394209908075771e-02 7.314686291862686207e-02 7.314686291862686207e-02 0.000000000000000000e+00 1.113451328632560244e+00 9.134368764760192327e-02 8.912585555823774338e+08 8.912585555823774338e+08
4.000000000000000000e+00 3.300000000008200000e+13 1.000000000000000000e+00 1.044323109459095233e+00 2.869425910452756343e-02 -1.000000000000000000e+00 -1.000000000000000000e+00 0.000000000000000000e+00 1.289333266729891569e+00 5.536211899001265008e-02 -1.000000000000000000e+00 -1.000000000000000000e+00
5.000000000000000000e+00 3.300000000010600000e+13 0.000000000000000000e+00 8.384814869882689647e-01 8.450444068846658940e-02 -1.000000000000000000e+00 -1.000000000000000000e+00 0.000000000000000000e+00 -4.626649135877370367e-01 1.053572386927576210e-01 -1.000000000000000000e+00 -1.000000000000000000e+00
6.000000000000000000e+00 3.300000000000100000e+13 0.000000000000000000e+00 9.323349261030976498e-01 1.361009596885737194e-01 2.228440999764035313e-01 1.196168297242843903e-01 0.000000000000000000e+00 8.089777267126173621e-01 1.606429384717004694e-01 2.120942595577011108e+09 1.693686958584847450e+09
7.000000000000000000e+00 3.300000000015200000e+13 1.000000000000000000e+00 9.158949317173461502e-01 3.741961838303281551e-02 -1.000000000000000000e+00 -1.000000000000000000e+00 0.000000000000000000e+00 6.385175892795791341e-01 1.959750673953474520e-01 -1.000000000000000000e+00 -1.000000000000000000e+00
8.000000000000000000e+00 -1.000000000000000000e+00 -1.000000000000000000e+00 -1.000000000000000000e+00 -1.000000000000000000e+00 -1.000000000000000000e+00 -1.000000000000000000e+00 -1.000000000000000000e+00 -1.000000000000000000e+00 -1.000000000000000000e+00 -1.000000000000000000e+00 -1.000000000000000000e+00
9.000000000000000000e+00 3.300000000000200000e+13 0.000000000000000000e+00 1.021742093417159714e+00 6.216402069516449580e-02 -1.000000000000000000e+00 -1.000000000000000000e+00 0.000000000000000000e+00 9.068966118762147310e-01 5.460506559266545962e-02 -1.000000000000000000e+00 -1.000000000000000000e+00
1.000000000000000000e+01 -1.000000000000000000e+00 -1.000000000000000000e+00 -1.000000000000000000e+00 -1.000000000000000000e+00 -1.000000000000000000e+00 -1.000000000000000000e+00 -1.000000000000000000e+00 -1.000000000000000000e+00 -1.000000000000000000e+00 -1.000000000000000000e+00 -1.000000000000000000e+00
1.100000000000000000e+01 -1.000000000000000000e+00 -1.000000000000000000e+00 -1.000000000000000000e+00 -1.000000000000000000e+00 -1.000000000000000000e+00 -1.000000000000000000e+00 -1.000000000000000000e+00 -1.000000000000000000e+00 -1.000000000000000000e+00 -1.000000000000000000e+00 -1.000000000000000000e+00
1.200000000000000000e+01 3.300000000005300000e+13 0.000000000000000000e+00 8.320636272040012882e-01 1.026676448338259551e-01 -1.000000000000000000e+00 -1.000000000000000000e+00 0.000000000000000000e+00 7.798563733052338298e-01 9.434912778929233079e-02 -1.000000000000000000e+00 -1.000000000000000000e+00
1.300000000000000000e+01 3.300000000005800000e+13 0.000000000000000000e+00 8.895952969383508213e-01 1.301840465061264163e-01 -1.000000000000000000e+00 -1.000000000000000000e+00 0.000000000000000000e+00 nan 1.189781646804510679e-01 -1.000000000000000000e+00 -1.000000000000000000e+00
1.400000000000000000e+01 3.300000000007000000e+13 0.000000000000000000e+00 1.036408098495261942e+00 7.017104067248372545e-02 -1.000000000000000000e+00 -1.000000000000000000e+00 0.000000000000000000e+00 9.031649222061205462e-01 5.734904258441293756e-02 -1.000000000000000000e+00 -1.000000000000000000e+00
1.500000000000000000e+01 3.300000000000700000e+13 0.000000000000000000e+00 1.136078254625916939e+00 8.724209975765000180e-02 -1.000000000000000000e+00 -1.000000000000000000e+00 0.000000000000000000e+00 9.388664187371534853e-01 1.476242203252974561e-01 -1.000000000000000000e+00 -1.000000000000000000e+00
1.600000000000000000e+01 3.300000000000400000e+13 0.000000000000000000e+00 8.417929635985383907e-01 1.310752839404053516e-01 5.947930325029048698e-02 5.947930325029048698e-02 0.000000000000000000e+00 8.516312380604793564e-01 6.312155235334022951e-02 9.338676472374558449e+08 9.338676472374558449e+08
1.700000000000000000e+01 3.300000000004100000e+13 0.000000000000000000e+00 8.804150076983429107e-01 1.563443115507991699e-01 -1.000000000000000000e+00 -1.000000000000000000e+00 0.000000000000000000e+00 7.816904278044297660e-01 1.700901065518915511e-01 -1.000000000000000000e+00 -1.000000000000000000e+00
1.800000000000000000e+01 3.300000000000300000e+13 0.000000000000000000e+00 9.732921316154565794e-01 1.285366048438742193e-01 7.808006934286797207e-02 7.808006934286797207e-02 0.000000000000000000e+00 1.106963336071829840e+00 9.907524591384976598e-02 1.060169693527674794e+09 1.060169693527674794e+09
1.900000000000000000e+01 3.300000000000900000e+13 0.000000000000000000e+00 1.081534710486805828e+00 1.514739609225511929e-01 1.169478302727167129e-01 1.169478302727167129e-01 0.000000000000000000e+00 1.089922703729216735e+00 1.867070220182356077e-01 -1.000000000000000000e+00 -1.000000000000000000e+00
2.000000000000000000e+01 -1.000000000000000000e+00 -1.000000000000000000e+00 -1.000000000000000000e+00 -1.000000000000000000e+00 -1.000000000000000000e+00 -1.000000000000000000e+00 -1.000000000000000000e+00 -1.000000000000000000e+00 -1.000000000000000000e+00 -1.000000000000000000e+00 -1.000000000000000000e+00
2.100000000000000000e+01 3.300000000009500000e+13 0.000000000000000000e+00 9.260589430176303649e-01 1.159896350676117155e-01 -1.000000000000000000e+00 -1.000000000000000000e+00 0.000000000000000000e+00 1.052047151859113461e+00 1.476642694821890256e-01 -1.000000000000000000e+00 -1.000000000000000000e+00
2.200000000000000000e+01 3.300000000010300000e+13 0.000000000000000000e+00 1.011734449320641493e+00 2.406866159317394560e-01 -1.000000000000000000e+00 -1.000000000000000000e+00 0.000000000000000000e+00 9.797814705814388292e-01 1.154547944813589244e-01 -1.000000000000000000e+00 -1.000000000000000000e+00
2.300000000000000000e+01 -1.000000000000000000e+00 -1.000000000000000000e+00 -1.000000000000000000e+00 -1.000000000000000000e+00 -1.000000000000000000e+00 -1.000000000000000000e+00 -1.000000000000000000e+00 -1.000000000000000000e+00 -1.000000000000000000e+00 -1.000000000000000000e+00 -1.000000000000000000e+00
2.400000000000000000e+01 3.300000000015300000e+13 0.000000000000000000e+00 8.763246103388380170e-01 1.091082875601339236e-01 -1.000000000000000000e+00 -1.000000000000000000e+00 0.000000000000000000e+00 -7.584436469836054462e-01 1.183921130710363923e-01 -1.000000000000000000e+00 -1.000000000000000000e+00
2.500000000000000000e+01 -1.000000000000000000e+00 -1.000000000000000000e+00 -1.000000000000000000e+00 -1.000000000000000000e+00 -1.000000000000000000e+00 -1.000000000000000000e+00 -1.000000000000000000e+00 -1.000000000000000000e+00 -1.000000000000000000e+00 -1.000000000000000000e+00 -1.000000000000000000e+00
2.600000000000000000e+01 3.300000000004600000e+13 0.000000000000000000e+00 7.836725857094407610e-01 9.977790073802779436e-02 -1.000000000000000000e+00 -1.000000000000000000e+00 0.000000000000000000e+00 7.140739905997097736e-01 8.541383052382230112e-02 -1.000000000000000000e+00 -1.000000000000000000e+00
2.700000000000000000e+01 3.300000000007100000e+13 0.000000000000000000e+00 9.726897803468662618e-01 9.584006609197337490e-02 -1.000000000000000000e+00 -1.000000000000000000e+00 0.000000000000000000e+00 1.067170592146264418e+00 1.342877543223571224e-01 -1.000000000000000000e+00 -1.000000000000000000e+00
2.800000000000000000e+01 -1.000000000000000000e+00 -1.000000000000000000e+00 -1.000000000000000000e+00 -1.000000000000000000e+00 -1.000000000000000000e+00 -1.000000000000000000e+00 -1.000000000000000000e+00 -1.000000000000000000e+00 -1.000000000000000000e+00 -1.000000000000000000e+00 -1.000000000000000000e+00
2.900000000000000000e+01 3.300000000000100000e+13 0.000000000000000000e+00 1.014529469360242020e+00 4.546056056059595563e-02 -1.000000000000000000e+00 -1.000000000000000000e+00 0.000000000000000000e+00 9.440821067001294864e-01 4.558916028570077217e-02 -1.000000000000000000e+00 -1.000000000000000000e+00
3.000000000000000000e+01 3.300000000009800000e+13 0.000000000000000000e+00 1.026287105752339945e+00 1.369819336876111071e-01 -1.000000000000000000e+00 -1.000000000000000000e+00 0.000000000000000000e+00 1.086979683683169773e+00 8.666992166833717426e-02 -1.000000000000000000e+00 -1.000000000000000000e+00
3.100000000000000000e+01 -1.000000000000000000e+00 -1.000000000000000000e+00 -1.000000000000000000e+00 -1.000000000000000000e+00 -1.000000000000000000e+00 -1.000000000000000000e+00 -1.000000000000000000e+00 -1.000000000000000000e+00 -1.000000000000000000e+00 -1.000000000000000000e+00 -1.000000000000000000e+00
3.200000000000000000e+01 3.300000000000100000e+13 0.000000000000000000e+00 1.371544372889675234e+00 4.994065791111758357e-02 -1.000000000000000000e+00 -1.000000000000000000e+00 0.000000000000000000e+00 1.246839146413187160e+00 9.435742373950337103e-02 -1.000000000000000000e+00 -1.000000000000000000e+00
3.300000000000000000e+01 3.300000000004300000e+13 0.000000000000000000e+00 9.891865647529507477e-01 1.269778435133195049e-01 -1.000000000000000000e+00 -1.000000000000000000e+00 0.000000000000000000e+00 8.544544383992169756e-01 1.343594511433739980e-01 -1.000000000000000000e+00 -1.000000000000000000e+00
3.400000000000000000e+01 3.300000000000200000e+13 0.000000000000000000e+00 9.740003464581926673e-01 9.202453651509419352e-02 -1.000000000000000000e+00 -1.000000000000000000e+00 0.000000000000000000e+00 8.272163657964999306e-01 9.440203478483633059e-02 -1.000000000000000000e+00 -1.000000000000000000e+00
3.500000000000000000e+01 3.300000000006900000e+13 0.000000000000000000e+00 8.797734824215349692e-01 7.959457289334273544e-02 -1.000000000000000000e+00 -1.000000000000000000e+00 0.000000000000000000e+00 8.244946873965920409e-01 1.820696399760566089e-02 -1.000000000000000000e+00 -1.000000000000000000e+00
3.600000000000000000e+01 3.300000000001000000e+13 0.000000000000000000e+00 9.965772012878160169e-01 8.219633738259815581e-02 -1.000000000000000000e+00 -1.000000000000000000e+00 0.000000000000000000e+00 1.068017076191816850e+00 7.833883817798335814e-02 -1.000000000000000000e+00 -1.000000000000000000e+00
3.700000000000000000e+01 3.300000000009400000e+13 0.000000000000000000e+00 1.115864745539332459e+00 9.942551701073189252e-02 -1.000000000000000000e+00 -1.000000000000000000e+00 0.000000000000000000e+00 1.140599449885709937e+00 1.179984701359303445e-01 -1.000000000000000000e+00 -1.000000000000000000e+00
3.800000000000000000e+01 3.300000000000100000e+13 0.000000000000000000e+00 1.197653452803051133e+00 9.216289769194868642e-02 5.722632752359185088e-02 5.722632752359185088e-02 0.000000000000000000e+00 1.120955570592808481e+00 1.319118787215284583e-01 6.788320595945248604e+08 6.788320595945248604e+08
3.900000000000000000e+01 3.300000000003100000e+13 0.000000000000000000e+00 8.981114037564147390e-01 5.290695142353313979e-02 -1.000000000000000000e+00 -1.000000000000000000e+00 0.000000000000000000e+00 8.813896519334033508e-01 7.279491611410018881e-02 -1.000000000000000000e+00 -1.000000000000000000e+00
4.000000000000000000e+01 3.300000000075700000e+13 0.000000000000000000e+00 1.189405393544670897e+00 8.847347071867811552e-02 -1.000000000000000000e+00 -1.000000000000000000e+00 0.000000000000000000e+00 8.275938311797775837e-01 1.013507029672601756e-01 -1.000000000000000000e+00 -1.000000000000000000e+00
4.100000000000000000e+01 3.300000000003800000e+13 0.000000000000000000e+00 1.024698794281852399e+00 9.755779436135122995e-02 -1.000000000000000000e+00 -1.000000000000000000e+00 0.000000000000000000e+00 1.065921765919165987e+00 1.396811717034035227e-01 -1.000000000000000000e+00 -1.000000000000000000e+00
4.200000000000000000e+01 -1.000000000000000000e+00 -1.000000000000000000e+00 -1.000000000000000000e+00 -1.000000000000000000e+00 -1.000000000000000000e+00 -1.000000000000000000e+00 -1.000000000000000000e+00 -1.000000000000000000e+00 -1.000000000000000000e+00 -1.000000000000000000e+00 -1.000000000000000000e+00
4.300000000000000000e+01 3.300000000029500000e+13 0.000000000000000000e+00 1.369851113995547598e+00 2.610591374323479874e-01 -1.000000000000000000e+00 -1.000000000000000000e+00 0.000000000000000000e+00 9.477037493739273177e-01 1.487173499790636066e-01 -1.000000000000000000e+00 -1.000000000000000000e+00
4.400000000000000000e+01 3.300000000005600000e+13 0.000000000000000000e+00 1.036798992206875436e+00 4.655216349432917539e-02 -1.000000000000000000e+00 -1.000000000000000000e+00 0.000000000000000000e+00 7.480760519426573607e-01 7.194156759181005723e-02 -1.000000000000000000e+00 -1.000000000000000000e+00
4.500000000000000000e+01 3.300000000000100000e+13 0.000000000000000000e+00 9.955007032322960026e-01 7.055554470153022062e-02 -1.000000000000000000e+00 -1.000000000000000000e+00 0.000000000000000000e+00 9.409263780032085522e-01 5.524987216666805284e-02 -1.000000000000000000e+00 -1.000000000000000000e+00
4.600000000000000000e+01 3.300000000067600000e+13 0.000000000000000000e+00 1.328689927833972106e+00 1.355354543853976301e-01 -1.000000000000000000e+00 -1.000000000000000000e+00 0.000000000000000000e+00 7.437138517577909225e-01 1.346287209592496870e-01 -1.000000000000000000e+00 -1.000000000000000000e+00
4.700000000000000000e+01 3.300000000002100000e+13 0.000000000000000000e+00 9.047157357834139102e-01 9.478015025975579377e-02 -1.000000000000000000e+00 -1.000000000000000000e+00 0.000000000000000000e+00 8.985378393865476321e-01 6.994581134324003024e-02 -1.000000000000000000e+00 -1.000000000000000000e+00
4.800000000000000000e+01 3.300000000000100000e+13 0.000000000000000000e+00 9.589261406289671941e-01 4.041988677755836701e-02 -1.000000000000000000e+00 -1.000000000000000000e+00 1.000000000000000000e+00 1.011946263250317335e+00 2.122947595671321325e-02 -1.000000000000000000e+00 -1.000000000000000000e+00
4.900000000000000000e+01 3.300000000000300000e+13 0.000000000000000000e+00 9.238962664499212885e-01 1.193005614123918146e-01 -1.000000000000000000e+00 -1.000000000000000000e+00 0.000000000000000000e+00 8.037478075106001540e-01 1.907556362430375685e-01 -1.000000000000000000e+00 -1.000000000000000000e+00
5.000000000000000000e+01 -1.000000000000000000e+00 -1.000000000000000000e+00 -1.000000000000000000e+00 -1.000000000000000000e+00 -1.000000000000000000e+00 -1.000000000000000000e+00 -1.000000000000000000e+00 -1.000000000000000000e+00 -1.000000000000000000e+00 -1.000000000000000000e+00 -1.000000000000000000e+00
5.100000000000000000e+01 3.300000000023200000e+13 0.000000000000000000e+00 1.043136673704928796e+00 1.966370169032462811e-01 -1.000000000000000000e+00 -1.000000000000000000e+00 0.000000000000000000e+00 1.019798081080200980e+00 2.120904405024112704e-01 -1.000000000000000000e+00 -1.000000000000000000e+00
5.200000000000000000e+01 3.300000000000600000e+13 0.000000000000000000e+00 1.159605579157881428e+00 1.171869608556716513e-01 -1.000000000000000000e+00 -1.000000000000000000e+00 0.000000000000000000e+00 9.323251225354025618e-01 6.423680477719022341e-02 -1.000000000000000000e+00 -1.000000000000000000e+00
5.300000000000000000e+01 -1.000000000000000000e+00 -1.000000000000000000e+00 -1.000000000000000000e+00 -1.000000000000000000e+00 -1.000000000000000000e+00 -1.000000000000000000e+00 -1.000000000000000000e+00 -1.000000000000000000e+00 -1.000000000000000000e+00 -1.000000000000000000e+00 -1.000000000000000000e+00
5.400000000000000000e+01 3.300000000000700000e+13 0.000000000000000000e+00 1.013295596772458840e+00 6.734001440556737494e-02 -1.000000000000000000e+00 -1.000000000000000000e+00 0.000000000000000000e+00 8.984380315353431845e-01 7.431608801164597822e-02 -1.000000000000000000e+00 -1.000000000000000000e+00
5.500000000000000000e+01 3.300000000000100000e+13 0.000000000000000000e+00 9.825651759892205517e-01 1.725452064676491759e-01 -1.000000000000000000e+00 -1.000000000000000000e+00 0.000000000000000000e+00 1.079617897871548049e+00 8.276236773347779574e-02 -1.000000000000000000e+00 -1.000000000000000000e+00
5.600000000000000000e+01 3.300000000003700000e+13 0.000000000000000000e+00 1.196229149092235877e+00 5.434363128355107486e-02 -1.000000000000000000e+00 -1.000000000000000000e+00 0.000000000000000000e+00 1.370620808483473452e+00 6.829641470266903380e-02 -1.000000000000000000e+00 -1.000000000000000000e+00
5.700000000000000000e+01 3.300000000006700000e+13 0.000000000000000000e+00 1.051865437415506310e+00 9.636010393874014368e-02 -1.000000000000000000e+00 -1.000000000000000000e+00 0.000000000000000000e+00 8.032763340803068530e-01 1.570400706786249378e-01 -1.000000000000000000e+00 -1.000000000000000000e+00
5.800000000000000000e+01 3.300000000000800000e+13 0.000000000000000000e+00 1.016873471961166731e+00 5.196001948794502084e-02 -1.000000000000000000e+00 -1.000000000000000000e+00 1.000000000000000000e+00 1.008611606542673123e+00 1.786122860166978674e-02 -1.000000000000000000e+00 -1.000000000000000000e+00
5.900000000000000000e+01 -1.000000000000000000e+00 -1.000000000000000000e+00 -1.000000000000000000e+00 -1.000000000000000000e+00 -1.000000000000000000e+00 -1.000000000000000000e+00 -1.000000000000000000e+00 -1.000000000000000000e+00 -1.000000000000000000e+00 -1.000000000000000000e+00 -1.000000000000000000e+00
6.000000000000000000e+01 3.300000000000300000e+13 0.000000000000000000e+00 1.190165792349678897e+00 1.338079096922039357e-01 3.873346820795004475e-01 3.299310759495230339e-01 0.000000000000000000e+00 1.211398970454149682e+00 6.782377260961426624e-02 7.651607038916122913e+08 7.651607038916122913e+08
6.100000000000000000e+01 3.300000000001100000e+13 0.000000000000000000e+00 9.638970368784540721e-01 2.515270572428664475e-01 3.366733135078071593e-01 3.366733135078071593e-01 0.000000000000000000e+00 1.086729826330952164e+00 1.983308992669940984e-01 -1.000000000000000000e+00 -1.000000000000000000e+00
6.200000000000000000e+01 3.300000000005100000e+13 0.000000000000000000e+00 9.692196760556466284e-01 6.625739488584914128e-02 -1.000000000000000000e+00 -1.000000000000000000e+00 0.000000000000000000e+00 1.144910788788166434e+00 1.297553621464946627e-01 -1.000000000000000000e+00 -1.000000000000000000e+00
6.300000000000000000e+01 3.300000000000100000e+13 0.000000000000000000e+00 9.355291215092360613e-01 7.900451149332438083e-02 3.389591654392078157e-02 3.389591654392078157e-02 0.000000000000000000e+00 8.415407403843119249e-01 7.487997353287209612e-02 4.198537693205308914e+08 4.198537693205308914e+08
6.400000000000000000e+01 3.300000000000400000e+13 0.000000000000000000e+00 9.111539623834201684e-01 1.033511076904552184e-01 1.131655959477406853e-01 1.131655959477406853e-01 0.000000000000000000e+00 7.690677033364217152e-01 8.108370136362416658e-02 1.410950782594404936e+09 1.410950782594404936e+09
6.500000000000000000e+01 3.300000000036100000e+13 0.000000000000000000e+00 6.600747330968902427e-01 1.285191952142847038e-01 -1.000000000000000000e+00 -1.000000000000000000e+00 0.000000000000000000e+00 1.203228892720473953e+00 2.250431298041386252e-01 -1.000000000000000000e+00 -1.000000000000000000e+00
6.600000000000000000e+01 -1.000000000000000000e+00 -1.000000000000000000e+00 -1.000000000000000000e+00 -1.000000000000000000e+00 -1.000000000000000000e+00 -1.000000000000000000e+00 -1.000000000000000000e+00 -1.000000000000000000e+00 -1.000000000000000000e+00 -1.000000000000000000e+00 -1.000000000000000000e+00
6.700000000000000000e+01 3.300000000003900000e+13 0.000000000000000000e+00 9.969856439487393418e-01 1.730637833211934040e-01 -1.000000000000000000e+00 -1.000000000000000000e+00 0.000000000000000000e+00 9.842907997319145785e-01 1.910905589565650986e-01 -1.000000000000000000e+00 -1.000000000000000000e+00
6.800000000000000000e+01 3.300000000000800000e+13 0.000000000000000000e+00 1.054066015259916389e+00 6.243692606601962403e-02 -1.000000000000000000e+00 -1.000000000000000000e+00 0.000000000000000000e+00 9.556373643032880505e-01 6.169704726690115881e-02 -1.000000000000000000e+00 -1.000000000000000000e+00
6.900000000000000000e+01 3.300000000008500000e+13 0.000000000000000000e+00 1.228218897112477892e+00 6.525666194384474594e-02 -1.000000000000000000e+00 -1.000000000000000000e+00 0.000000000000000000e+00 1.044573991508184196e+00 7.956215093906159053e-02 -1.000000000000000000e+00 -1.000000000000000000e+00
7.000000000000000000e+01 3.300000000000800000e+13 0.000000000000000000e+00 9.769913157348475430e-01 6.592251933659817875e-02 -1.000000000000000000e+00 -1.000000000000000000e+00 0.000000000000000000e+00 1.014305509172900743e+00 6.653625220488408598e-02 -1.000000000000000000e+00 -1.000000000000000000e+00
7.100000000000000000e+01 3.300000000009200000e+13 0.000000000000000000e+00 1.299448004395549860e+00 5.476227065735972399e-02 -1.000000000000000000e+00 -1.000000000000000000e+00 0.000000000000000000e+00 1.838273663250091339e+00 2.973907368115143446e-01 -1.000000000000000000e+00 -1.000000000000000000e+00
7.200000000000000000e+01 -1.000000000000000000e+00 -1.000000000000000000e+00 -1.000000000000000000e+00 -1.000000000000000000e+00 -1.000000000000000000e+00 -1.000000000000000000e+00 -1.000000000000000000e+00 -1.000000000000000000e+00 -1.000000000000000000e+00 -1.000000000000000000e+00 -1.000000000000000000e+00
7.300000000000000000e+01 3.300000000007500000e+13 0.000000000000000000e+00 9.597996632706756737e-01 1.292014086461284739e-01 -1.000000000000000000e+00 -1.000000000000000000e+00 0.000000000000000000e+00 9.206581735523753363e-01 1.219656079128304399e-01 -1.000000000000000000e+00 -1.000000000000000000e+00
7.400000000000000000e+01 3.300000000000100000e+13 0.000000000000000000e+00 7.881930990533289050e-01 2.388261718788616261e-01 3.074419188747959386e-01 3.074419188747959386e-01 0.000000000000000000e+00 9.328183835254484357e-01 1.119744882770707661e-01 -1.000000000000000000e+00 -1.000000000000000000e+00
7.500000000000000000e+01 3.300000000003300000e+13 0.000000000000000000e+00 9.323952164157650602e-01 2.239556737200346370e-01 -1.000000000000000000e+00 -1.000000000000000000e+00 0.000000000000000000e+00 8.774510109249303857e-01 1.872582422699222704e-01 -1.000000000000000000e+00 -1.000000000000000000e+00
7.600000000000000000e+01 3.300000000001700000e+13 0.000000000000000000e+00 9.700360179324944987e-01 4.260059405107535085e-02 -1.000000000000000000e+00 -1.000000000000000000e+00 0.000000000000000000e+00 1.140353588537323493e+00 7.050608311483089197e-02 -1.000000000000000000e+00 -1.000000000000000000e+00
7.700000000000000000e+01 3.300000000001300000e+13 1.000000000000000000e+00 1.042835328165447217e+00 3.992374014101153501e-02 -1.000000000000000000e+00 -1.000000000000000000e+00 1.000000000000000000e+00 1.008014591836174478e+00 2.053884092591205801e-02 -1.000000000000000000e+00 -1.000000000000000000e+00
7.800000000000000000e+01 3.300000000005000000e+13 0.000000000000000000e+00 9.520565114567076659e-01 2.082399747347592200e-01 -1.000000000000000000e+00 -1.000000000000000000e+00 0.000000000000000000e+00 6.874408550212449676e-01 1.965312530678399727e-01 -1.000000000000000000e+00 -1.000000000000000000e+00
7.900000000000000000e+01 3.300000000017200000e+13 0.000000000000000000e+00 8.704778260607335394e-01 1.011829776422505656e-01 -1.000000000000000000e+00 -1.000000000000000000e+00 0.000000000000000000e+00 8.719011693367463289e-01 1.694956903358892653e-01 -1.000000000000000000e+00 -1.000000000000000000e+00
8.000000000000000000e+01 3.300000000001400000e+13 1.000000000000000000e+00 9.943910819757043607e-01 2.600021677264636316e-02 -1.000000000000000000e+00 -1.000000000000000000e+00 0.000000000000000000e+00 9.722222012747752107e-01 5.663608371074293352e-02 -1.000000000000000000e+00 -1.000000000000000000e+00
8.100000000000000000e+01 3.300000000016600000e+13 0.000000000000000000e+00 1.370090001983943262e+00 6.455740542064251908e-02 -1.000000000000000000e+00 -1.000000000000000000e+00 0.000000000000000000e+00 1.361737759763653965e+00 1.000129889652440485e-01 -1.000000000000000000e+00 -1.000000000000000000e+00
8.200000000000000000e+01 -1.000000000000000000e+00 -1.000000000000000000e+00 -1.000000000000000000e+00 -1.000000000000000000e+00 -1.000000000000000000e+00 -1.000000000000000000e+00 -1.000000000000000000e+00 -1.000000000000000000e+00 -1.000000000000000000e+00 -1.000000000000000000e+00 -1.000000000000000000e+00
8.300000000000000000e+01 3.300000000007800000e+13 0.000000000000000000e+00 1.167903888892236841e+00 6.998981055505831828e-02 -1.000000000000000000e+00 -1.000000000000000000e+00 0.000000000000000000e+00 9.553064941350858374e-01 6.830023227187220769e-02 -1.000000000000000000e+00 -1.000000000000000000e+00
8.400000000000000000e+01 -1.000000000000000000e+00 -1.000000000000000000e+00 -1.000000000000000000e+00 -1.000000000000000000e+00 -1.000000000000000000e+00 -1.000000000000000000e+00 -1.000000000000000000e+00 -1.000000000000000000e+00 -1.000000000000000000e+00 -1.000000000000000000e+00 -1.000000000000000000e+00
8.500000000000000000e+01 -1.000000000000000000e+00 -1.000000000000000000e+00 -1.000000000000000000e+00 -1.000000000000000000e+00 -1.000000000000000000e+00 -1.000000000000000000e+00 -1.000000000000000000e+00 -1.000000000000000000e+00 -1.000000000000000000e+00 -1.000000000000000000e+00 -1.000000000000000000e+00
8.600000000000000000e+01 -1.000000000000000000e+00 -1.000000000000000000e+00 -1.000000000000000000e+00 -1.000000000000000000e+00 -1.000000000000000000e+00 -1.000000000000000000e+00 -1.000000000000000000e+00 -1.000000000000000000e+00 -1.000000000000000000e+00 -1.000000000000000000e+00 -1.000000000000000000e+00
8.700000000000000000e+01 3.300000000000600000e+13 0.000000000000000000e+00 1.000323324981409634e+00 1.424180017402335297e-01 -1.000000000000000000e+00 -1.000000000000000000e+00 0.000000000000000000e+00 8.999773165187137103e-01 1.506618717645576422e-01 -1.000000000000000000e+00 -1.000000000000000000e+00
8.800000000000000000e+01 3.300000000000100000e+13 1.000000000000000000e+00 9.682266112243370637e-01 3.381165618408043388e-02 -1.000000000000000000e+00 -1.000000000000000000e+00 0.000000000000000000e+00 1.029340262853305044e+00 4.428260107318354039e-02 -1.000000000000000000e+00 -1.000000000000000000e+00
8.900000000000000000e+01 3.300000000001100000e+13 0.000000000000000000e+00 7.874376700519944983e-01 2.788382872963718895e-01 1.959910292568554924e-01 1.959910292568554924e-01 0.000000000000000000e+00 4.262033384970930761e-01 2.688119535349755562e-01 -1.000000000000000000e+00 -1.000000000000000000e+00
9.000000000000000000e+01 -1.000000000000000000e+00 -1.000000000000000000e+00 -1.000000000000000000e+00 -1.000000000000000000e+00 -1.000000000000000000e+00 -1.000000000000000000e+00 -1.000000000000000000e+00 -1.000000000000000000e+00 -1.000000000000000000e+00 -1.000000000000000000e+00 -1.000000000000000000e+00
9.100000000000000000e+01 -1.000000000000000000e+00 -1.000000000000000000e+00 -1.000000000000000000e+00 -1.000000000000000000e+00 -1.000000000000000000e+00 -1.000000000000000000e+00 -1.000000000000000000e+00 -1.000000000000000000e+00 -1.000000000000000000e+00 -1.000000000000000000e+00 -1.000000000000000000e+00
9.200000000000000000e+01 3.300000000000200000e+13 0.000000000000000000e+00 9.165989256495014059e-01 5.776826940450987408e-02 -1.000000000000000000e+00 -1.000000000000000000e+00 0.000000000000000000e+00 8.935653127973786081e-01 4.646397932933050978e-02 -1.000000000000000000e+00 -1.000000000000000000e+00
9.300000000000000000e+01 3.300000000001700000e+13 0.000000000000000000e+00 1.055570433892549120e+00 8.161761715859058852e-02 -1.000000000000000000e+00 -1.000000000000000000e+00 0.000000000000000000e+00 8.921970730524363402e-01 1.002280536355947549e-01 -1.000000000000000000e+00 -1.000000000000000000e+00
9.400000000000000000e+01 3.300000000002900000e+13 0.000000000000000000e+00 1.095823655819765374e+00 7.322370964670488203e-02 -1.000000000000000000e+00 -1.000000000000000000e+00 0.000000000000000000e+00 1.540406521506940685e+00 1.154209373391517218e-01 -1.000000000000000000e+00 -1.000000000000000000e+00
9.500000000000000000e+01 3.300000000000100000e+13 0.000000000000000000e+00 2.134556222077035770e+00 1.008817114165017487e-01 1.217707998592174323e-01 1.217707998592174323e-01 0.000000000000000000e+00 2.079194317735243214e+00 1.164480740087869282e-01 1.414071209714826345e+09 1.414071209714826345e+09
9.600000000000000000e+01 -1.000000000000000000e+00 -1.000000000000000000e+00 -1.000000000000000000e+00 -1.000000000000000000e+00 -1.000000000000000000e+00 -1.000000000000000000e+00 -1.000000000000000000e+00 -1.000000000000000000e+00 -1.000000000000000000e+00 -1.000000000000000000e+00 -1.000000000000000000e+00
9.700000000000000000e+01 3.300000000002500000e+13 0.000000000000000000e+00 1.068678147624051888e+00 7.125359418182668214e-02 -1.000000000000000000e+00 -1.000000000000000000e+00 0.000000000000000000e+00 9.711703545059944265e-01 1.129652260638559086e-01 -1.000000000000000000e+00 -1.000000000000000000e+00
9.800000000000000000e+01 3.300000000012100000e+13 0.000000000000000000e+00 6.877101951621859000e-01 1.069712452190825780e-01 -1.000000000000000000e+00 -1.000000000000000000e+00 0.000000000000000000e+00 7.420720292212185099e-01 1.263268762894921571e-01 -1.000000000000000000e+00 -1.000000000000000000e+00
9.900000000000000000e+01 3.300000000000500000e+13 0.000000000000000000e+00 1.203062962289432214e+00 9.719707369169328093e-02 -1.000000000000000000e+00 -1.000000000000000000e+00 0.000000000000000000e+00 1.146994577132917303e+00 1.362800471248913625e-01 -1.000000000000000000e+00 -1.000000000000000000e+00
1.000000000000000000e+02 3.300000000015000000e+13 0.000000000000000000e+00 1.208401080744936129e+00 7.817585997186592139e-02 -1.000000000000000000e+00 -1.000000000000000000e+00 0.000000000000000000e+00 1.161670397376970865e+00 1.604835294811776392e-01 -1.000000000000000000e+00 -1.000000000000000000e+00
1.010000000000000000e+02 3.300000000030300000e+13 0.000000000000000000e+00 1.343144412759182504e+00 9.516137371571457837e-02 -1.000000000000000000e+00 -1.000000000000000000e+00 0.000000000000000000e+00 1.232828811136985836e+00 1.070075547277782729e-01 -1.000000000000000000e+00 -1.000000000000000000e+00
1.020000000000000000e+02 3.300000000000700000e+13 0.000000000000000000e+00 9.989462321417669211e-01 1.125924569667878100e-01 -1.000000000000000000e+00 -1.000000000000000000e+00 0.000000000000000000e+00 8.686857447087946715e-01 1.446497957122513667e-01 -1.000000000000000000e+00 -1.000000000000000000e+00
1.030000000000000000e+02 3.300000000014800000e+13 0.000000000000000000e+00 7.089446714074060241e-01 1.879159536216456206e-01 -1.000000000000000000e+00 -1.000000000000000000e+00 0.000000000000000000e+00 6.460463039168120591e-01 1.007222144389182533e-01 -1.000000000000000000e+00 -1.000000000000000000e+00
1.040000000000000000e+02 3.300000000000200000e+13 0.000000000000000000e+00 9.794612342399918736e-01 4.014932367656399992e-02 -1.000000000000000000e+00 -1.000000000000000000e+00 0.000000000000000000e+00 1.075224412504587335e+00 6.725899043821900736e-02 -1.000000000000000000e+00 -1.000000000000000000e+00
1.050000000000000000e+02 3.300000000021400000e+13 0.000000000000000000e+00 7.818545863918128225e-01 6.230913637270823341e-02 -1.000000000000000000e+00 -1.000000000000000000e+00 0.000000000000000000e+00 6.060962235255660246e-01 1.233962714792959936e-01 -1.000000000000000000e+00 -1.000000000000000000e+00
1.060000000000000000e+02 -1.000000000000000000e+00 -1.000000000000000000e+00 -1.000000000000000000e+00 -1.000000000000000000e+00 -1.000000000000000000e+00 -1.000000000000000000e+00 -1.000000000000000000e+00 -1.000000000000000000e+00 -1.000000000000000000e+00 -1.000000000000000000e+00 -1.000000000000000000e+00
1.070000000000000000e+02 3.300000000001100000e+13 0.000000000000000000e+00 1.232263031606126269e+00 3.425228194430804396e-02 9.042613588456500928e-02 9.042613588456500928e-02 0.000000000000000000e+00 1.016389762785027573e+00 4.666333555021041218e-02 1.227211931392745733e+09 1.227211931392745733e+09
1.080000000000000000e+02 3.300000000009700000e+13 0.000000000000000000e+00 1.086373885991831489e+00 9.815853079429266714e-02 -1.000000000000000000e+00 -1.000000000000000000e+00 0.000000000000000000e+00 9.880161186496889680e-01 9.345752155876137224e-02 -1.000000000000000000e+00 -1.000000000000000000e+00
1.090000000000000000e+02 -1.000000000000000000e+00 -1.000000000000000000e+00 -1.000000000000000000e+00 -1.000000000000000000e+00 -1.000000000000000000e+00 -1.000000000000000000e+00 -1.000000000000000000e+00 -1.000000000000000000e+00 -1.000000000000000000e+00 -1.000000000000000000e+00 -1.000000000000000000e+00
1.100000000000000000e+02 3.300000000023200000e+13 0.000000000000000000e+00 -1.288629224216622848e+00 2.232245292591860109e-01 -1.000000000000000000e+00 -1.000000000000000000e+00 0.000000000000000000e+00 8.093231435629157922e-01 2.437308953434716707e-01 -1.000000000000000000e+00 -1.000000000000000000e+00
1.110000000000000000e+02 3.300000000102700000e+13 0.000000000000000000e+00 8.536169012772372167e-01 1.243270006696704372e-01 -1.000000000000000000e+00 -1.000000000000000000e+00 0.000000000000000000e+00 1.359357482494272018e+00 1.271800779776686152e-01 -1.000000000000000000e+00 -1.000000000000000000e+00
1.120000000000000000e+02 3.300000000004600000e+13 0.000000000000000000e+00 1.594571095875318978e+00 8.621054653546041113e-02 -1.000000000000000000e+00 -1.000000000000000000e+00 0.000000000000000000e+00 1.583258821933325011e+00 6.863935935641547748e-02 -1.000000000000000000e+00 -1.000000000000000000e+00
1.130000000000000000e+02 3.300000000002800000e+13 0.000000000000000000e+00 1.147759395072974531e+00 7.852939814616190228e-02 -1.000000000000000000e+00 -1.000000000000000000e+00 0.000000000000000000e+00 1.025078577065930308e+00 5.818880676401771285e-02 -1.000000000000000000e+00 -1.000000000000000000e+00
1.140000000000000000e+02 3.300000000000200000e+13 0.000000000000000000e+00 9.475932577033274740e-01 7.431028004755708960e-02 -1.000000000000000000e+00 -1.000000000000000000e+00 0.000000000000000000e+00 7.595131805524454327e-01 5.662051279441854268e-02 -1.000000000000000000e+00 -1.000000000000000000e+00
1.150000000000000000e+02 -1.000000000000000000e+00 -1.000000000000000000e+00 -1.000000000000000000e+00 -1.000000000000000000e+00 -1.000000000000000000e+00 -1.000000000000000000e+00 -1.000000000000000000e+00 -1.000000000000000000e+00 -1.000000000000000000e+00 -1.000000000000000000e+00 -1.000000000000000000e+00
1.160000000000000000e+02 3.300000000000700000e+13 0.000000000000000000e+00 1.047812358214645245e+00 6.018429526842745264e-02 -1.000000000000000000e+00 -1.000000000000000000e+00 0.000000000000000000e+00 9.468541382775303994e-01 7.688260568442407961e-02 -1.000000000000000000e+00 -1.000000000000000000e+00
1.170000000000000000e+02 3.300000000000800000e+13 1.000000000000000000e+00 8.827343838641629192e-01 3.834229327033786272e-02 -1.000000000000000000e+00 -1.000000000000000000e+00 0.000000000000000000e+00 9.262464499899917270e-01 6.019583996990534452e-02 -1.000000000000000000e+00 -1.000000000000000000e+00
1.180000000000000000e+02 3.300000000003800000e+13 0.000000000000000000e+00 7.638947107957562155e-01 1.055522617611484026e-01 -1.000000000000000000e+00 -1.000000000000000000e+00 0.000000000000000000e+00 1.037337300079555602e+00 8.256170341501364862e-02 -1.000000000000000000e+00 -1.000000000000000000e+00
1.190000000000000000e+02 3.300000000033900000e+13 0.000000000000000000e+00 1.255932608680233153e+00 4.314170810132940403e-02 -1.000000000000000000e+00 -1.000000000000000000e+00 0.000000000000000000e+00 1.138011027498844863e+00 5.492619943162808938e-02 -1.000000000000000000e+00 -1.000000000000000000e+00
1.200000000000000000e+02 3.300000000000700000e+13 0.000000000000000000e+00 1.120055846254945475e+00 8.702109753912809498e-02 -1.000000000000000000e+00 -1.000000000000000000e+00 0.000000000000000000e+00 1.057137927476727191e+00 8.552996675770964397e-02 -1.000000000000000000e+00 -1.000000000000000000e+00
1.210000000000000000e+02 3.300000000003800000e+13 0.000000000000000000e+00 9.563297231127548814e-01 1.867985661926332419e-01 -1.000000000000000000e+00 -1.000000000000000000e+00 0.000000000000000000e+00 8.841179470668123486e-01 7.360350607829843628e-02 -1.000000000000000000e+00 -1.000000000000000000e+00
1.220000000000000000e+02 3.300000000000700000e+13 0.000000000000000000e+00 9.571177022244679033e-01 4.716775177545630415e-02 -1.000000000000000000e+00 -1.000000000000000000e+00 0.000000000000000000e+00 8.566302327022167207e-01 9.575845660679344062e-02 -1.000000000000000000e+00 -1.000000000000000000e+00
1.230000000000000000e+02 -1.000000000000000000e+00 -1.000000000000000000e+00 -1.000000000000000000e+00 -1.000000000000000000e+00 -1.000000000000000000e+00 -1.000000000000000000e+00 -1.000000000000000000e+00 -1.000000000000000000e+00 -1.000000000000000000e+00 -1.000000000000000000e+00 -1.000000000000000000e+00
1.240000000000000000e+02 3.300000000000800000e+13 0.000000000000000000e+00 7.780385667821058115e-01 8.955587280965691954e-02 1.884997253119103100e-01 1.884997253119103100e-01 0.000000000000000000e+00 9.977441892152250080e-01 1.096705063089938176e-01 -1.000000000000000000e+00 -1.000000000000000000e+00
1.250000000000000000e+02 -1.000000000000000000e+00 -1.000000000000000000e+00 -1.000000000000000000e+00 -1.000000000000000000e+00 -1.000000000000000000e+00 -1.000000000000000000e+00 -1.000000000000000000e+00 -1.000000000000000000e+00 -1.000000000000000000e+00 -1.000000000000000000e+00 -1.000000000000000000e+00
1.260000000000000000e+02 3.300000000025900000e+13 0.000000000000000000e+00 1.088576116415096662e+00 1.030051154585564094e-01 -1.000000000000000000e+00 -1.000000000000000000e+00 0.000000000000000000e+00 9.107724663393255149e-01 1.125788496564625873e-01 -1.000000000000000000e+00 -1.000000000000000000e+00
1.270000000000000000e+02 3.300000000002700000e+13 0.000000000000000000e+00 1.167664605738501837e+00 1.422078112071190892e-01 -1.000000000000000000e+00 -1.000000000000000000e+00 0.000000000000000000e+00 1.242699857780603434e+00 1.409370121458414504e-01 -1.000000000000000000e+00 -1.000000000000000000e+00
1.280000000000000000e+02 3.300000000004900000e+13 0.000000000000000000e+00 8.585887168665479185e-01 5.120598701591800445e-02 -1.000000000000000000e+00 -1.000000000000000000e+00 0.000000000000000000e+00 7.734503594063576459e-01 1.445682021106839237e-02 -1.000000000000000000e+00 -1.000000000000000000e+00
1.290000000000000000e+02 3.300000000000100000e+13 0.000000000000000000e+00 1.582425951034269973e+00 4.533129000279090964e-02 3.675815809338941337e-02 3.675815809338941337e-02 0.000000000000000000e+00 1.583274057792177558e+00 5.667878171460683651e-02 4.120987670296429992e+08 4.120987670296429992e+08
1.300000000000000000e+02 3.300000000008300000e+13 0.000000000000000000e+00 7.016302053528726823e-01 2.437899866904442436e-01 -1.000000000000000000e+00 -1.000000000000000000e+00 0.000000000000000000e+00 8.233668595048118100e-01 2.721367882267259342e-01 -1.000000000000000000e+00 -1.000000000000000000e+00
1.310000000000000000e+02 3.300000000000100000e+13 0.000000000000000000e+00 1.026912753590513150e+00 7.584112743033984139e-02 -1.000000000000000000e+00 -1.000000000000000000e+00 0.000000000000000000e+00 1.061873537536931034e+00 1.465783671945737332e-01 -1.000000000000000000e+00 -1.000000000000000000e+00
1.320000000000000000e+02 3.300000000007400000e+13 0.000000000000000000e+00 1.061978752198661446e+00 5.622450894783499742e-02 -1.000000000000000000e+00 -1.000000000000000000e+00 0.000000000000000000e+00 9.811342223109640326e-01 1.156777992406059219e-01 -1.000000000000000000e+00 -1.000000000000000000e+00
1.330000000000000000e+02 3.300000000000200000e+13 0.000000000000000000e+00 9.709737073262925122e-01 8.598461915802166344e-02 5.607722424641672226e-02 5.607722424641672226e-02 0.000000000000000000e+00 9.284418327116681358e-01 8.847804439927813014e-02 7.367407714667626619e+08 7.367407714667626619e+08
1.340000000000000000e+02 3.300000000008600000e+13 0.000000000000000000e+00 9.789822631500222361e-01 1.296868555069797257e-01 -1.000000000000000000e+00 -1.000000000000000000e+00 0.000000000000000000e+00 8.319538294903622289e-01 1.474752921035579201e-01 -1.000000000000000000e+00 -1.000000000000000000e+00
1.350000000000000000e+02 3.300000000000500000e+13 0.000000000000000000e+00 1.310177854064948466e+00 1.310362231259959154e-01 -1.000000000000000000e+00 -1.000000000000000000e+00 0.000000000000000000e+00 1.266097690556060584e+00 8.396644728052110596e-02 -1.000000000000000000e+00 -1.000000000000000000e+00
1.360000000000000000e+02 3.300000000014500000e+13 0.000000000000000000e+00 1.090661769166814565e+00 1.241750557245279857e-01 -1.000000000000000000e+00 -1.000000000000000000e+00 0.000000000000000000e+00 1.274399939265660864e+00 1.618080024178507603e-01 -1.000000000000000000e+00 -1.000000000000000000e+00
1.370000000000000000e+02 3.300000000000100000e+13 1.000000000000000000e+00 1.015281861732260982e+00 2.931294086058726031e-02 1.082193494378184441e-02 1.082193494378184441e-02 0.000000000000000000e+00 1.193464684153533462e+00 3.756594498886925426e-02 1.381677154836123884e+08 1.381677154836123884e+08
1.380000000000000000e+02 3.300000000000200000e+13 0.000000000000000000e+00 1.117371698459070251e+00 5.617122653916131053e-02 -1.000000000000000000e+00 -1.000000000000000000e+00 0.000000000000000000e+00 1.096698427410291554e+00 7.863780023812891318e-02 -1.000000000000000000e+00 -1.000000000000000000e+00
1.390000000000000000e+02 3.300000000000500000e+13 0.000000000000000000e+00 1.057129637472429939e+00 6.086917246790070346e-02 -1.000000000000000000e+00 -1.000000000000000000e+00 0.000000000000000000e+00 9.210666881331432965e-01 9.823597834057022637e-02 -1.000000000000000000e+00 -1.000000000000000000e+00
1.400000000000000000e+02 3.300000000000300000e+13 0.000000000000000000e+00 9.985787568338617692e-01 8.064655386973877682e-02 -1.000000000000000000e+00 -1.000000000000000000e+00 0.000000000000000000e+00 1.014764848174337208e+00 9.151582523753455656e-02 -1.000000000000000000e+00 -1.000000000000000000e+00
1.410000000000000000e+02 3.300000000000400000e+13 1.000000000000000000e+00 1.091599473312726554e+00 1.570857478912273536e-02 -1.000000000000000000e+00 -1.000000000000000000e+00 1.000000000000000000e+00 1.048545522738890901e+00 3.778616587402943566e-02 -1.000000000000000000e+00 -1.000000000000000000e+00
1.420000000000000000e+02 3.300000000044900000e+13 0.000000000000000000e+00 1.019137561872031306e+00 3.659589083671339060e-01 -1.000000000000000000e+00 -1.000000000000000000e+00 0.000000000000000000e+00 1.251332035627468642e+00 3.539205866336206929e-01 -1.000000000000000000e+00 -1.000000000000000000e+00
1.430000000000000000e+02 3.300000000000100000e+13 0.000000000000000000e+00 1.451319667819987558e+00 8.066359624739381784e-02 1.591941360571757780e-01 1.591941360571757780e-01 0.000000000000000000e+00 1.455157967989380463e+00 6.790705651351187921e-02 -1.000000000000000000e+00 -1.000000000000000000e+00
1.440000000000000000e+02 3.300000000006400000e+13 0.000000000000000000e+00 8.527602332582160383e-01 1.114343725409284169e-01 -1.000000000000000000e+00 -1.000000000000000000e+00 0.000000000000000000e+00 1.107616714907269317e+00 1.499496675052467975e-01 -1.000000000000000000e+00 -1.000000000000000000e+00
1.450000000000000000e+02 3.300000000000100000e+13 0.000000000000000000e+00 1.012231167717031477e+00 4.474876974256618983e-02 8.769778794244643960e-02 5.847804012352867536e-02 0.000000000000000000e+00 8.497258735382114958e-01 5.671397426131232627e-02 1.035123217841363788e+09 6.902337959248046875e+08
1.460000000000000000e+02 3.300000000001100000e+13 0.000000000000000000e+00 9.097410359972034621e-01 9.997490649456652889e-02 -1.000000000000000000e+00 -1.000000000000000000e+00 0.000000000000000000e+00 3.427337306613066348e-01 6.650768005050286535e-02 -1.000000000000000000e+00 -1.000000000000000000e+00
1.470000000000000000e+02 3.300000000001500000e+13 0.000000000000000000e+00 8.453738275591178297e-01 1.088500862721984846e-01 -1.000000000000000000e+00 -1.000000000000000000e+00 0.000000000000000000e+00 8.598447782515399318e-01 1.266609102976632983e-01 -1.000000000000000000e+00 -1.000000000000000000e+00
1.480000000000000000e+02 3.300000000002200000e+13 0.000000000000000000e+00 1.113639257494410062e+00 5.192267631494306562e-02 -1.000000000000000000e+00 -1.000000000000000000e+00 0.000000000000000000e+00 1.113639257494410062e+00 5.201037835612868504e-02 -1.000000000000000000e+00 -1.000000000000000000e+00
1.490000000000000000e+02 -1.000000000000000000e+00 -1.000000000000000000e+00 -1.000000000000000000e+00 -1.000000000000000000e+00 -1.000000000000000000e+00 -1.000000000000000000e+00 -1.000000000000000000e+00 -1.000000000000000000e+00 -1.000000000000000000e+00 -1.000000000000000000e+00 -1.000000000000000000e+00
1.500000000000000000e+02 3.300000000002200000e+13 1.000000000000000000e+00 1.022036126858148597e+00 3.367141938961751291e-02 -1.000000000000000000e+00 -1.000000000000000000e+00 1.000000000000000000e+00 8.614956485174772860e-01 2.641240626297778477e-02 -1.000000000000000000e+00 -1.000000000000000000e+00
1.510000000000000000e+02 3.300000000004800000e+13 0.000000000000000000e+00 1.046050874001228204e+00 9.281119043363647569e-02 -1.000000000000000000e+00 -1.000000000000000000e+00 0.000000000000000000e+00 6.459287995609049871e-01 4.420913160351726268e-02 -1.000000000000000000e+00 -1.000000000000000000e+00
1.520000000000000000e+02 3.300000000000200000e+13 0.000000000000000000e+00 1.018372967472384705e+00 5.091045169683976190e-02 -1.000000000000000000e+00 -1.000000000000000000e+00 0.000000000000000000e+00 8.245593536084677710e-01 5.865098281500333299e-02 -1.000000000000000000e+00 -1.000000000000000000e+00
1.530000000000000000e+02 3.300000000000300000e+13 0.000000000000000000e+00 9.013670152504263955e-01 1.012008548631546379e-01 -1.000000000000000000e+00 -1.000000000000000000e+00 0.000000000000000000e+00 8.658005212826042074e-01 6.616101671630419956e-02 -1.000000000000000000e+00 -1.000000000000000000e+00
1.540000000000000000e+02 3.300000000002600000e+13 0.000000000000000000e+00 1.085682859975763526e+00 3.174884504207978186e-01 -1.000000000000000000e+00 -1.000000000000000000e+00 0.000000000000000000e+00 6.936561210418014101e-01 3.603202662694954261e-01 -1.000000000000000000e+00 -1.000000000000000000e+00
1.550000000000000000e+02 3.300000000003900000e+13 0.000000000000000000e+00 1.101884999682851918e+00 8.222686292069207592e-02 -1.000000000000000000e+00 -1.000000000000000000e+00 0.000000000000000000e+00 9.917943676922293950e-01 7.475118361348236096e-02 -1.000000000000000000e+00 -1.000000000000000000e+00
1.560000000000000000e+02 3.300000000001100000e+13 0.000000000000000000e+00 1.188001576776651191e+00 1.342737123097741680e-01 2.321672787354127354e-01 2.321672787354127354e-01 0.000000000000000000e+00 1.302731319978598368e+00 8.176731803946883648e-02 -1.000000000000000000e+00 -1.000000000000000000e+00
1.570000000000000000e+02 3.300000000000700000e+13 0.000000000000000000e+00 8.536485084068696771e-01 1.796633519779655963e-01 -1.000000000000000000e+00 -1.000000000000000000e+00 0.000000000000000000e+00 1.811145293975897408e+00 9.420434217241195618e-02 -1.000000000000000000e+00 -1.000000000000000000e+00
1.580000000000000000e+02 -1.000000000000000000e+00 -1.000000000000000000e+00 -1.000000000000000000e+00 -1.000000000000000000e+00 -1.000000000000000000e+00 -1.000000000000000000e+00 -1.000000000000000000e+00 -1.000000000000000000e+00 -1.000000000000000000e+00 -1.000000000000000000e+00 -1.000000000000000000e+00
1.590000000000000000e+02 -1.000000000000000000e+00 -1.000000000000000000e+00 -1.000000000000000000e+00 -1.000000000000000000e+00 -1.000000000000000000e+00 -1.000000000000000000e+00 -1.000000000000000000e+00 -1.000000000000000000e+00 -1.000000000000000000e+00 -1.000000000000000000e+00 -1.000000000000000000e+00
1.600000000000000000e+02 3.300000000000100000e+13 0.000000000000000000e+00 9.965763882506946114e-01 7.909686629322616735e-02 1.530151126954067686e-01 1.530151126954067686e-01 0.000000000000000000e+00 1.072902980219278879e+00 6.830482655053426999e-02 -1.000000000000000000e+00 -1.000000000000000000e+00
1.610000000000000000e+02 3.300000000013500000e+13 0.000000000000000000e+00 8.818470959830939648e-01 2.341893035590122685e-01 -1.000000000000000000e+00 -1.000000000000000000e+00 0.000000000000000000e+00 8.232870185928983231e-01 1.970229203479034741e-01 -1.000000000000000000e+00 -1.000000000000000000e+00
1.620000000000000000e+02 3.300000000003800000e+13 0.000000000000000000e+00 1.010237068511959935e+00 1.191636047680133814e-01 -1.000000000000000000e+00 -1.000000000000000000e+00 0.000000000000000000e+00 9.967896008277177256e-01 1.304928392992777686e-01 -1.000000000000000000e+00 -1.000000000000000000e+00
1.630000000000000000e+02 3.300000000000600000e+13 0.000000000000000000e+00 5.997367586541130224e-01 4.276598059727743789e-02 1.825586192152387488e-01 1.310089400513699265e-01 0.000000000000000000e+00 9.019389720674058086e-01 9.545305244854046522e-02 -1.000000000000000000e+00 -1.000000000000000000e+00
1.640000000000000000e+02 -1.000000000000000000e+00 -1.000000000000000000e+00 -1.000000000000000000e+00 -1.000000000000000000e+00 -1.000000000000000000e+00 -1.000000000000000000e+00 -1.000000000000000000e+00 -1.000000000000000000e+00 -1.000000000000000000e+00 -1.000000000000000000e+00 -1.000000000000000000e+00
1.650000000000000000e+02 3.300000000039900000e+13 0.000000000000000000e+00 6.741269599385730782e-01 9.056789290025553385e-02 -1.000000000000000000e+00 -1.000000000000000000e+00 0.000000000000000000e+00 5.589191770282685434e-01 3.799673687804013683e-02 -1.000000000000000000e+00 -1.000000000000000000e+00
1.660000000000000000e+02 3.300000000014200000e+13 0.000000000000000000e+00 9.384579112353635955e-01 7.513476890766801475e-02 -1.000000000000000000e+00 -1.000000000000000000e+00 0.000000000000000000e+00 5.667924203540927186e-01 9.399158191433222564e-02 -1.000000000000000000e+00 -1.000000000000000000e+00
1.670000000000000000e+02 3.300000000082300000e+13 0.000000000000000000e+00 1.118526852583757281e+00 1.792907037130681003e-01 -1.000000000000000000e+00 -1.000000000000000000e+00 0.000000000000000000e+00 7.322870873008054948e-01 2.048069210394983242e-01 -1.000000000000000000e+00 -1.000000000000000000e+00
1.680000000000000000e+02 3.300000000024200000e+13 0.000000000000000000e+00 7.635888658033046505e-01 3.466785483245662242e-02 -1.000000000000000000e+00 -1.000000000000000000e+00 0.000000000000000000e+00 5.677100780256111312e-01 8.571731116586046861e-02 -1.000000000000000000e+00 -1.000000000000000000e+00
1.690000000000000000e+02 3.300000000008600000e+13 0.000000000000000000e+00 7.526988501038929247e-01 2.170476660353038711e-01 -1.000000000000000000e+00 -1.000000000000000000e+00 0.000000000000000000e+00 1.110703257755159878e+00 5.046975567895618103e-02 -1.000000000000000000e+00 -1.000000000000000000e+00
1.700000000000000000e+02 3.300000000001400000e+13 0.000000000000000000e+00 1.048980082871209696e+00 8.185267847222559012e-02 -1.000000000000000000e+00 -1.000000000000000000e+00 0.000000000000000000e+00 1.026375260028127512e+00 1.020685575014234348e-01 -1.000000000000000000e+00 -1.000000000000000000e+00
1.710000000000000000e+02 3.300000000025200000e+13 0.000000000000000000e+00 1.020818838488520175e+00 7.283233921455435633e-02 -1.000000000000000000e+00 -1.000000000000000000e+00 1.000000000000000000e+00 1.107335684497447570e+00 2.839872080844628097e-02 -1.000000000000000000e+00 -1.000000000000000000e+00
1.720000000000000000e+02 3.300000000000600000e+13 0.000000000000000000e+00 9.703563364003636726e-01 1.089647354834594462e-01 -1.000000000000000000e+00 -1.000000000000000000e+00 0.000000000000000000e+00 8.498806933043193679e-01 9.712189309779528656e-02 -1.000000000000000000e+00 -1.000000000000000000e+00
1.730000000000000000e+02 3.300000000001400000e+13 0.000000000000000000e+00 8.646783771860530043e-01 4.871005512395967102e-02 -1.000000000000000000e+00 -1.000000000000000000e+00 0.000000000000000000e+00 8.864515306999893873e-01 8.740758812262663935e-02 -1.000000000000000000e+00 -1.000000000000000000e+00
1.740000000000000000e+02 3.300000000000100000e+13 0.000000000000000000e+00 1.381405371456778441e+00 5.820699907087192176e-02 5.730828472012665376e-02 5.730828472012665376e-02 0.000000000000000000e+00 1.339686303777032128e+00 7.331476652985322029e-02 6.492470261009645462e+08 6.492470261009645462e+08
1.750000000000000000e+02 3.300000000002900000e+13 0.000000000000000000e+00 9.814934889546764740e-01 7.121869336191874456e-02 -1.000000000000000000e+00 -1.000000000000000000e+00 0.000000000000000000e+00 8.611414374740475886e-01 9.505567205462911451e-02 -1.000000000000000000e+00 -1.000000000000000000e+00
1.760000000000000000e+02 3.300000000000100000e+13 0.000000000000000000e+00 1.005229855659941718e+00 7.869757140494489100e-02 1.597951395330347579e-01 1.127079132936075201e-01 0.000000000000000000e+00 8.842602912974195650e-01 8.747366029751837968e-02 2.000884822517796516e+09 1.411279177488435507e+09
1.770000000000000000e+02 -1.000000000000000000e+00 -1.000000000000000000e+00 -1.000000000000000000e+00 -1.000000000000000000e+00 -1.000000000000000000e+00 -1.000000000000000000e+00 -1.000000000000000000e+00 -1.000000000000000000e+00 -1.000000000000000000e+00 -1.000000000000000000e+00 -1.000000000000000000e+00
1.780000000000000000e+02 3.300000000000100000e+13 0.000000000000000000e+00 1.024190295582349863e+00 6.961323748829263691e-02 6.121946505550280443e-02 4.837071334336109224e-02 0.000000000000000000e+00 1.119168238658752923e+00 7.633240723990032672e-02 -1.000000000000000000e+00 -1.000000000000000000e+00
1.790000000000000000e+02 3.300000000001100000e+13 0.000000000000000000e+00 1.032334510307969744e+00 5.504917967013280705e-02 -1.000000000000000000e+00 -1.000000000000000000e+00 0.000000000000000000e+00 9.073888302303990683e-01 6.373318341134968923e-02 -1.000000000000000000e+00 -1.000000000000000000e+00
1.800000000000000000e+02 3.300000000004000000e+13 0.000000000000000000e+00 1.137497375366735231e+00 1.644403663581898156e-01 -1.000000000000000000e+00 -1.000000000000000000e+00 0.000000000000000000e+00 1.172483861289028706e+00 2.110393743787760124e-01 -1.000000000000000000e+00 -1.000000000000000000e+00
1.810000000000000000e+02 3.300000000001500000e+13 0.000000000000000000e+00 1.163063297757433556e+00 1.502519846764860667e-01 -1.000000000000000000e+00 -1.000000000000000000e+00 0.000000000000000000e+00 1.094751057681149664e+00 1.890834943464191065e-01 -1.000000000000000000e+00 -1.000000000000000000e+00
1.820000000000000000e+02 3.300000000000100000e+13 0.000000000000000000e+00 1.170261892251943436e+00 4.364366363429235396e-02 6.266502771457801990e-02 2.609850509245827468e-02 0.000000000000000000e+00 1.182897228565661152e+00 4.940359690114207863e-02 4.683735768943606615e+08 3.094849600747879744e+08
1.830000000000000000e+02 3.300000000005900000e+13 1.000000000000000000e+00 8.534862940556685595e-01 3.056201664268815010e-02 -1.000000000000000000e+00 -1.000000000000000000e+00 0.000000000000000000e+00 8.297797425887716294e-01 1.154112278827283539e-01 -1.000000000000000000e+00 -1.000000000000000000e+00
1.840000000000000000e+02 -1.000000000000000000e+00 -1.000000000000000000e+00 -1.000000000000000000e+00 -1.000000000000000000e+00 -1.000000000000000000e+00 -1.000000000000000000e+00 -1.000000000000000000e+00 -1.000000000000000000e+00 -1.000000000000000000e+00 -1.000000000000000000e+00 -1.000000000000000000e+00
1.850000000000000000e+02 3.300000000000100000e+13 1.000000000000000000e+00 1.048812930284518163e+00 3.757984584323390692e-02 3.356976452964998553e-02 3.356976452964998553e-02 0.000000000000000000e+00 9.726543837119717706e-01 6.879135550815983213e-02 -1.000000000000000000e+00 -1.000000000000000000e+00
1.860000000000000000e+02 3.300000000000300000e+13 0.000000000000000000e+00 7.271671975181257519e-01 6.313675124641014713e-02 -1.000000000000000000e+00 -1.000000000000000000e+00 0.000000000000000000e+00 8.322390649533719653e-01 4.704517494597108829e-02 -1.000000000000000000e+00 -1.000000000000000000e+00
1.870000000000000000e+02 3.300000000000100000e+13 1.000000000000000000e+00 1.022214186122278878e+00 3.026522387650562931e-02 -1.000000000000000000e+00 -1.000000000000000000e+00 0.000000000000000000e+00 1.038640826607705403e+00 5.361983057232962147e-02 -1.000000000000000000e+00 -1.000000000000000000e+00
1.880000000000000000e+02 3.300000000000400000e+13 1.000000000000000000e+00 9.551889501101217261e-01 2.533446560470807574e-02 -1.000000000000000000e+00 -1.000000000000000000e+00 1.000000000000000000e+00 8.878696668323072805e-01 3.161847447043970860e-02 -1.000000000000000000e+00 -1.000000000000000000e+00
1.890000000000000000e+02 3.300000000003800000e+13 0.000000000000000000e+00 5.841622049518307991e-01 4.881683840017970316e-02 -1.000000000000000000e+00 -1.000000000000000000e+00 0.000000000000000000e+00 9.798624359637507775e-01 4.804879802726073901e-02 -1.000000000000000000e+00 -1.000000000000000000e+00
1.900000000000000000e+02 3.300000000000100000e+13 1.000000000000000000e+00 1.112628648208980442e+00 1.281739174302023304e-02 -1.000000000000000000e+00 -1.000000000000000000e+00 1.000000000000000000e+00 1.038558004515607314e+00 3.231711906239480986e-02 -1.000000000000000000e+00 -1.000000000000000000e+00
1.910000000000000000e+02 3.300000000002000000e+13 0.000000000000000000e+00 8.391463249961709225e-01 1.154849082948363331e-01 1.000000000000000000e+00 1.000000000000000000e+00 0.000000000000000000e+00 8.391463249961709225e-01 1.154996561364805968e-01 1.001860920218905830e+10 1.001860920218905830e+10
1.920000000000000000e+02 -1.000000000000000000e+00 -1.000000000000000000e+00 -1.000000000000000000e+00 -1.000000000000000000e+00 -1.000000000000000000e+00 -1.000000000000000000e+00 -1.000000000000000000e+00 -1.000000000000000000e+00 -1.000000000000000000e+00 -1.000000000000000000e+00 -1.000000000000000000e+00
1.930000000000000000e+02 -1.000000000000000000e+00 -1.000000000000000000e+00 -1.000000000000000000e+00 -1.000000000000000000e+00 -1.000000000000000000e+00 -1.000000000000000000e+00 -1.000000000000000000e+00 -1.000000000000000000e+00 -1.000000000000000000e+00 -1.000000000000000000e+00 -1.000000000000000000e+00
1.940000000000000000e+02 3.300000000003000000e+13 0.000000000000000000e+00 -2.833734974623376424e+00 3.839534295832911504e-01 4.270769412652213326e-01 4.270769412652213326e-01 0.000000000000000000e+00 5.905900039795947132e-01 1.185381849147373323e-01 -1.000000000000000000e+00 -1.000000000000000000e+00
1.950000000000000000e+02 -1.000000000000000000e+00 -1.000000000000000000e+00 -1.000000000000000000e+00 -1.000000000000000000e+00 -1.000000000000000000e+00 -1.000000000000000000e+00 -1.000000000000000000e+00 -1.000000000000000000e+00 -1.000000000000000000e+00 -1.000000000000000000e+00 -1.000000000000000000e+00
1.960000000000000000e+02 3.300000000008200000e+13 0.000000000000000000e+00 9.879496847424005246e-01 1.319523702814405786e-01 -1.000000000000000000e+00 -1.000000000000000000e+00 0.000000000000000000e+00 8.687849123304044463e-01 1.627062102739286475e-01 -1.000000000000000000e+00 -1.000000000000000000e+00
1.970000000000000000e+02 3.300000000004500000e+13 0.000000000000000000e+00 1.134640551407787745e+00 1.017827019548494666e-01 -1.000000000000000000e+00 -1.000000000000000000e+00 0.000000000000000000e+00 1.066032053729016882e+00 1.211735654221719194e-01 -1.000000000000000000e+00 -1.000000000000000000e+00
1.980000000000000000e+02 3.300000000009500000e+13 0.000000000000000000e+00 7.329803703505018975e-01 9.821078681537678823e-02 -1.000000000000000000e+00 -1.000000000000000000e+00 0.000000000000000000e+00 1.116272622318646768e+00 1.467135101631074356e-01 -1.000000000000000000e+00 -1.000000000000000000e+00
1.990000000000000000e+02 3.300000000000400000e+13 0.000000000000000000e+00 9.808284152248551990e-01 6.727149243320904026e-02 -1.000000000000000000e+00 -1.000000000000000000e+00 0.000000000000000000e+00 9.277713457025938970e-01 9.538681254776466834e-02 -1.000000000000000000e+00 -1.000000000000000000e+00
2.000000000000000000e+02 3.300000000000100000e+13 0.000000000000000000e+00 1.078310668537020955e+00 9.230598911597814871e-02 1.953347692589707182e-02 1.953347692589707182e-02 1.000000000000000000e+00 1.138468042329146002e+00 3.349751176933443014e-02 -1.000000000000000000e+00 -1.000000000000000000e+00
2.010000000000000000e+02 3.300000000000200000e+13 0.000000000000000000e+00 8.276549983964012203e-01 6.503326898055239447e-02 -1.000000000000000000e+00 -1.000000000000000000e+00 1.000000000000000000e+00 9.225585941410214819e-01 3.629324281559662829e-02 -1.000000000000000000e+00 -1.000000000000000000e+00
2.020000000000000000e+02 3.300000000003400000e+13 0.000000000000000000e+00 1.074323385135634412e+00 1.028096800625925428e-01 -1.000000000000000000e+00 -1.000000000000000000e+00 0.000000000000000000e+00 9.827589885859594476e-01 9.776827844758888275e-02 -1.000000000000000000e+00 -1.000000000000000000e+00
2.030000000000000000e+02 3.300000000001000000e+13 1.000000000000000000e+00 1.047958953321386666e+00 3.587073775362640410e-02 -1.000000000000000000e+00 -1.000000000000000000e+00 1.000000000000000000e+00 1.109525020260439421e+00 3.972311567490423301e-02 -1.000000000000000000e+00 -1.000000000000000000e+00
2.040000000000000000e+02 3.300000000018700000e+13 0.000000000000000000e+00 1.264880501550683434e+00 1.233502409876603423e-01 -1.000000000000000000e+00 -1.000000000000000000e+00 0.000000000000000000e+00 8.691951358176552844e-01 1.069654669139566000e-01 -1.000000000000000000e+00 -1.000000000000000000e+00
2.050000000000000000e+02 3.300000000001200000e+13 0.000000000000000000e+00 1.338999077073167454e+00 1.029983263679669914e-01 -1.000000000000000000e+00 -1.000000000000000000e+00 0.000000000000000000e+00 1.103336334162336119e+00 1.455336025412952428e-01 -1.000000000000000000e+00 -1.000000000000000000e+00
2.060000000000000000e+02 -1.000000000000000000e+00 -1.000000000000000000e+00 -1.000000000000000000e+00 -1.000000000000000000e+00 -1.000000000000000000e+00 -1.000000000000000000e+00 -1.000000000000000000e+00 -1.000000000000000000e+00 -1.000000000000000000e+00 -1.000000000000000000e+00 -1.000000000000000000e+00
2.070000000000000000e+02 3.300000000006600000e+13 0.000000000000000000e+00 1.024109512270626521e+00 9.985304901363589725e-02 -1.000000000000000000e+00 -1.000000000000000000e+00 0.000000000000000000e+00 7.585005203136712115e-01 1.019696398556977635e-01 -1.000000000000000000e+00 -1.000000000000000000e+00
2.080000000000000000e+02 -1.000000000000000000e+00 -1.000000000000000000e+00 -1.000000000000000000e+00 -1.000000000000000000e+00 -1.000000000000000000e+00 -1.000000000000000000e+00 -1.000000000000000000e+00 -1.000000000000000000e+00 -1.000000000000000000e+00 -1.000000000000000000e+00 -1.000000000000000000e+00
2.090000000000000000e+02 -1.000000000000000000e+00 -1.000000000000000000e+00 -1.000000000000000000e+00 -1.000000000000000000e+00 -1.000000000000000000e+00 -1.000000000000000000e+00 -1.000000000000000000e+00 -1.000000000000000000e+00 -1.000000000000000000e+00 -1.000000000000000000e+00 -1.000000000000000000e+00
2.100000000000000000e+02 -1.000000000000000000e+00 -1.000000000000000000e+00 -1.000000000000000000e+00 -1.000000000000000000e+00 -1.000000000000000000e+00 -1.000000000000000000e+00 -1.000000000000000000e+00 -1.000000000000000000e+00 -1.000000000000000000e+00 -1.000000000000000000e+00 -1.000000000000000000e+00
2.110000000000000000e+02 3.300000000000100000e+13 0.000000000000000000e+00 1.379777393320644530e+00 1.310508220949892499e-01 9.467770471889935813e-02 9.467770471889935813e-02 0.000000000000000000e+00 1.218232428190390015e+00 1.360263195757810128e-01 1.138757221410930157e+09 1.138757221410930157e+09
2.120000000000000000e+02 3.300000000001000000e+13 0.000000000000000000e+00 7.842276128380518685e-01 6.629522529362950889e-02 -1.000000000000000000e+00 -1.000000000000000000e+00 0.000000000000000000e+00 9.161138424304603456e-01 1.514497493859785493e-01 -1.000000000000000000e+00 -1.000000000000000000e+00
2.130000000000000000e+02 3.300000000000900000e+13 0.000000000000000000e+00 1.061598919834324084e+00 7.745094521059811554e-02 -1.000000000000000000e+00 -1.000000000000000000e+00 0.000000000000000000e+00 1.143692640822627560e+00 9.387087865391074981e-02 -1.000000000000000000e+00 -1.000000000000000000e+00
2.140000000000000000e+02 -1.000000000000000000e+00 -1.000000000000000000e+00 -1.000000000000000000e+00 -1.000000000000000000e+00 -1.000000000000000000e+00 -1.000000000000000000e+00 -1.000000000000000000e+00 -1.000000000000000000e+00 -1.000000000000000000e+00 -1.000000000000000000e+00 -1.000000000000000000e+00
2.150000000000000000e+02 3.300000000000500000e+13 0.000000000000000000e+00 1.013511425382652043e+00 1.118259875142034176e-01 -1.000000000000000000e+00 -1.000000000000000000e+00 0.000000000000000000e+00 1.019056624790830590e+00 1.536890316185961503e-01 -1.000000000000000000e+00 -1.000000000000000000e+00
2.160000000000000000e+02 -1.000000000000000000e+00 -1.000000000000000000e+00 -1.000000000000000000e+00 -1.000000000000000000e+00 -1.000000000000000000e+00 -1.000000000000000000e+00 -1.000000000000000000e+00 -1.000000000000000000e+00 -1.000000000000000000e+00 -1.000000000000000000e+00 -1.000000000000000000e+00
2.170000000000000000e+02 3.300000000004200000e+13 0.000000000000000000e+00 9.392659194974788406e-01 1.516121653821414228e-01 -1.000000000000000000e+00 -1.000000000000000000e+00 0.000000000000000000e+00 2.989964530966394696e-01 1.442845113062555806e-01 -1.000000000000000000e+00 -1.000000000000000000e+00
2.180000000000000000e+02 -1.000000000000000000e+00 -1.000000000000000000e+00 -1.000000000000000000e+00 -1.000000000000000000e+00 -1.000000000000000000e+00 -1.000000000000000000e+00 -1.000000000000000000e+00 -1.000000000000000000e+00 -1.000000000000000000e+00 -1.000000000000000000e+00 -1.000000000000000000e+00
2.190000000000000000e+02 3.300000000003700000e+13 0.000000000000000000e+00 1.071932289393074500e+00 7.494624013683570674e-02 -1.000000000000000000e+00 -1.000000000000000000e+00 0.000000000000000000e+00 9.680644855159555862e-01 8.155543106851453894e-02 -1.000000000000000000e+00 -1.000000000000000000e+00
2.200000000000000000e+02 3.300000000002200000e+13 0.000000000000000000e+00 1.014278887654668448e+00 1.136219719447417453e-01 -1.000000000000000000e+00 -1.000000000000000000e+00 0.000000000000000000e+00 1.212048861681002121e+00 1.692751067155750244e-01 -1.000000000000000000e+00 -1.000000000000000000e+00
2.210000000000000000e+02 3.300000000013900000e+13 0.000000000000000000e+00 1.136082670175140086e+00 4.818048648086298291e-02 -1.000000000000000000e+00 -1.000000000000000000e+00 0.000000000000000000e+00 1.069364076108941575e+00 5.846111457403759676e-02 -1.000000000000000000e+00 -1.000000000000000000e+00
2.220000000000000000e+02 3.300000000026200000e+13 0.000000000000000000e+00 1.070953194866832714e+00 4.440935472265984674e-02 -1.000000000000000000e+00 -1.000000000000000000e+00 0.000000000000000000e+00 nan 4.744299460444527383e-02 -1.000000000000000000e+00 -1.000000000000000000e+00
2.230000000000000000e+02 3.300000000009200000e+13 0.000000000000000000e+00 1.053072209140406779e+00 5.150246702133719906e-02 -1.000000000000000000e+00 -1.000000000000000000e+00 1.000000000000000000e+00 1.024712196402712605e+00 1.990226189236378451e-02 -1.000000000000000000e+00 -1.000000000000000000e+00
2.240000000000000000e+02 3.300000000007600000e+13 0.000000000000000000e+00 1.113255278059650077e+00 2.198403123136814796e-01 -1.000000000000000000e+00 -1.000000000000000000e+00 0.000000000000000000e+00 8.310593480998049731e-01 8.837998627096131654e-02 -1.000000000000000000e+00 -1.000000000000000000e+00
2.250000000000000000e+02 3.300000000003300000e+13 0.000000000000000000e+00 5.199229659879471832e-01 1.739403452302832609e-01 -1.000000000000000000e+00 -1.000000000000000000e+00 0.000000000000000000e+00 8.018764834200418079e-01 1.437498561057745650e-01 -1.000000000000000000e+00 -1.000000000000000000e+00
2.260000000000000000e+02 3.300000000000500000e+13 0.000000000000000000e+00 1.071242024887964162e+00 6.234654980733247281e-02 -1.000000000000000000e+00 -1.000000000000000000e+00 0.000000000000000000e+00 1.009493936226740551e+00 1.166517883001408351e-01 -1.000000000000000000e+00 -1.000000000000000000e+00
2.270000000000000000e+02 3.300000000000100000e+13 0.000000000000000000e+00 7.828360825855354976e-01 1.337400522209441500e-01 2.337917428630627015e-01 1.457216211590260102e-01 1.000000000000000000e+00 9.916834364105859834e-01 3.917445105354996904e-02 -1.000000000000000000e+00 -1.000000000000000000e+00
2.280000000000000000e+02 3.300000000000100000e+13 1.000000000000000000e+00 9.289907855143402227e-01 3.522103337383634958e-02 5.439361969705438365e-02 5.439361969705438365e-02 0.000000000000000000e+00 8.757778345372948525e-01 6.980069767120872237e-02 -1.000000000000000000e+00 -1.000000000000000000e+00
2.290000000000000000e+02 3.300000000000100000e+13 1.000000000000000000e+00 1.001342201059584269e+00 2.901552854563453285e-02 -1.000000000000000000e+00 -1.000000000000000000e+00 0.000000000000000000e+00 9.759208333710283068e-01 4.716287086361849179e-02 -1.000000000000000000e+00 -1.000000000000000000e+00
2.300000000000000000e+02 3.300000000000700000e+13 0.000000000000000000e+00 9.698816010464187398e-01 9.167717824981699848e-02 -1.000000000000000000e+00 -1.000000000000000000e+00 0.000000000000000000e+00 9.340110070106345530e-01 1.153564896897325415e-01 -1.000000000000000000e+00 -1.000000000000000000e+00
2.310000000000000000e+02 3.300000000000200000e+13 0.000000000000000000e+00 1.113338190878852219e+00 6.374076990311976221e-02 -1.000000000000000000e+00 -1.000000000000000000e+00 0.000000000000000000e+00 1.124535758875443436e+00 1.027224175730568900e-01 -1.000000000000000000e+00 -1.000000000000000000e+00
2.320000000000000000e+02 3.300000000030800000e+13 0.000000000000000000e+00 1.200554560349098798e+00 9.745860065908673597e-02 -1.000000000000000000e+00 -1.000000000000000000e+00 0.000000000000000000e+00 8.855281983296930948e-01 8.390891809215540731e-02 -1.000000000000000000e+00 -1.000000000000000000e+00
2.330000000000000000e+02 3.300000000000200000e+13 0.000000000000000000e+00 9.995497223239632190e-01 6.818726092630042479e-02 -1.000000000000000000e+00 -1.000000000000000000e+00 0.000000000000000000e+00 1.036306902948890052e+00 5.779864746563151412e-02 -1.000000000000000000e+00 -1.000000000000000000e+00
2.340000000000000000e+02 3.300000000000100000e+13 0.000000000000000000e+00 1.026907500188489086e+00 7.123901100588027335e-02 -1.000000000000000000e+00 -1.000000000000000000e+00 0.000000000000000000e+00 1.003864314135256341e+00 7.167680739516650579e-02 -1.000000000000000000e+00 -1.000000000000000000e+00
2.350000000000000000e+02 3.300000000002000000e+13 0.000000000000000000e+00 1.269849425332943094e+00 2.031554216241456823e-01 -1.000000000000000000e+00 -1.000000000000000000e+00 0.000000000000000000e+00 1.028756984011970799e+00 1.437071833868527326e-01 -1.000000000000000000e+00 -1.000000000000000000e+00
2.360000000000000000e+02 3.300000000001400000e+13 0.000000000000000000e+00 9.945803322213827569e-01 1.793727692471111523e-01 -1.000000000000000000e+00 -1.000000000000000000e+00 0.000000000000000000e+00 1.004846360205712053e+00 1.125912954466037202e-01 -1.000000000000000000e+00 -1.000000000000000000e+00
2.370000000000000000e+02 -1.000000000000000000e+00 -1.000000000000000000e+00 -1.000000000000000000e+00 -1.000000000000000000e+00 -1.000000000000000000e+00 -1.000000000000000000e+00 -1.000000000000000000e+00 -1.000000000000000000e+00 -1.000000000000000000e+00 -1.000000000000000000e+00 -1.000000000000000000e+00
2.380000000000000000e+02 3.300000000000800000e+13 0.000000000000000000e+00 9.740855707122771934e-01 1.061376651527559251e-01 -1.000000000000000000e+00 -1.000000000000000000e+00 0.000000000000000000e+00 8.773498196802043125e-01 9.779482122806343325e-02 -1.000000000000000000e+00 -1.000000000000000000e+00
2.390000000000000000e+02 -1.000000000000000000e+00 -1.000000000000000000e+00 -1.000000000000000000e+00 -1.000000000000000000e+00 -1.000000000000000000e+00 -1.000000000000000000e+00 -1.000000000000000000e+00 -1.000000000000000000e+00 -1.000000000000000000e+00 -1.000000000000000000e+00 -1.000000000000000000e+00
2.400000000000000000e+02 3.300000000001100000e+13 0.000000000000000000e+00 9.906936175975691317e-01 2.271091249802555945e-01 1.162927364552209242e-01 1.162927364552209242e-01 0.000000000000000000e+00 1.079221366539686144e+00 1.412732070420931463e-01 -1.000000000000000000e+00 -1.000000000000000000e+00
2.410000000000000000e+02 -1.000000000000000000e+00 -1.000000000000000000e+00 -1.000000000000000000e+00 -1.000000000000000000e+00 -1.000000000000000000e+00 -1.000000000000000000e+00 -1.000000000000000000e+00 -1.000000000000000000e+00 -1.000000000000000000e+00 -1.000000000000000000e+00 -1.000000000000000000e+00
2.420000000000000000e+02 -1.000000000000000000e+00 -1.000000000000000000e+00 -1.000000000000000000e+00 -1.000000000000000000e+00 -1.000000000000000000e+00 -1.000000000000000000e+00 -1.000000000000000000e+00 -1.000000000000000000e+00 -1.000000000000000000e+00 -1.000000000000000000e+00 -1.000000000000000000e+00
2.430000000000000000e+02 3.300000000001200000e+13 0.000000000000000000e+00 8.553324096159049539e-01 1.805596835500186959e-01 -1.000000000000000000e+00 -1.000000000000000000e+00 0.000000000000000000e+00 7.943191688718528320e-01 8.854938842865459070e-02 -1.000000000000000000e+00 -1.000000000000000000e+00
2.440000000000000000e+02 -1.000000000000000000e+00 -1.000000000000000000e+00 -1.000000000000000000e+00 -1.000000000000000000e+00 -1.000000000000000000e+00 -1.000000000000000000e+00 -1.000000000000000000e+00 -1.000000000000000000e+00 -1.000000000000000000e+00 -1.000000000000000000e+00 -1.000000000000000000e+00
2.450000000000000000e+02 -1.000000000000000000e+00 -1.000000000000000000e+00 -1.000000000000000000e+00 -1.000000000000000000e+00 -1.000000000000000000e+00 -1.000000000000000000e+00 -1.000000000000000000e+00 -1.000000000000000000e+00 -1.000000000000000000e+00 -1.000000000000000000e+00 -1.000000000000000000e+00
2.460000000000000000e+02 3.300000000000400000e+13 0.000000000000000000e+00 9.977075856080974692e-01 9.493417998102657296e-02 -1.000000000000000000e+00 -1.000000000000000000e+00 0.000000000000000000e+00 9.533762734650521598e-01 1.403114480783981266e-01 -1.000000000000000000e+00 -1.000000000000000000e+00
2.470000000000000000e+02 3.300000000010500000e+13 0.000000000000000000e+00 1.207505160687795787e+00 4.789271770179120979e-02 -1.000000000000000000e+00 -1.000000000000000000e+00 0.000000000000000000e+00 1.067864239599510823e+00 6.872642675853292415e-02 -1.000000000000000000e+00 -1.000000000000000000e+00
2.480000000000000000e+02 3.300000000000100000e+13 0.000000000000000000e+00 1.562295457346733585e+00 1.058700049476979932e-01 1.346411158739554970e-01 1.346411158739554970e-01 0.000000000000000000e+00 nan 1.599696818728971182e-01 1.585433515053696394e+09 1.585433515053696394e+09
2.490000000000000000e+02 3.300000000001400000e+13 1.000000000000000000e+00 9.946264336461857480e-01 2.720165176758742101e-02 -1.000000000000000000e+00 -1.000000000000000000e+00 0.000000000000000000e+00 1.006384779420673059e+00 4.273535140136495297e-02 -1.000000000000000000e+00 -1.000000000000000000e+00
2.500000000000000000e+02 3.300000000000100000e+13 0.000000000000000000e+00 9.177866749039013117e-01 7.218412195506762608e-02 -1.000000000000000000e+00 -1.000000000000000000e+00 0.000000000000000000e+00 8.990032929775999548e-01 6.931861095493767333e-02 -1.000000000000000000e+00 -1.000000000000000000e+00
2.510000000000000000e+02 3.300000000000800000e+13 0.000000000000000000e+00 1.255971941705314121e+00 8.230137617850365184e-02 -1.000000000000000000e+00 -1.000000000000000000e+00 0.000000000000000000e+00 1.319991042880386267e+00 8.878026746017185500e-02 -1.000000000000000000e+00 -1.000000000000000000e+00
2.520000000000000000e+02 -1.000000000000000000e+00 -1.000000000000000000e+00 -1.000000000000000000e+00 -1.000000000000000000e+00 -1.000000000000000000e+00 -1.000000000000000000e+00 -1.000000000000000000e+00 -1.000000000000000000e+00 -1.000000000000000000e+00 -1.000000000000000000e+00 -1.000000000000000000e+00
2.530000000000000000e+02 3.300000000011900000e+13 0.000000000000000000e+00 1.448688450786058679e+00 1.019821323226912380e-01 -1.000000000000000000e+00 -1.000000000000000000e+00 0.000000000000000000e+00 1.115970166835347444e+00 1.437890173935864324e-01 -1.000000000000000000e+00 -1.000000000000000000e+00
2.540000000000000000e+02 3.300000000000200000e+13 0.000000000000000000e+00 1.121741633359930601e+00 8.650792069282181584e-02 -1.000000000000000000e+00 -1.000000000000000000e+00 0.000000000000000000e+00 1.247923619937643780e+00 4.699206390737801359e-02 -1.000000000000000000e+00 -1.000000000000000000e+00
2.550000000000000000e+02 3.300000000000200000e+13 0.000000000000000000e+00 1.013167237898233930e+00 1.814886445525469572e-01 2.045993268700878054e-01 1.459849905747621357e-01 0.000000000000000000e+00 8.335516664917440588e-01 1.949873942938442073e-01 2.557996628234380245e+09 1.825172738227929115e+09
2.560000000000000000e+02 3.300000000002700000e+13 0.000000000000000000e+00 1.231487216832203524e+00 9.424581252942211551e-02 -1.000000000000000000e+00 -1.000000000000000000e+00 0.000000000000000000e+00 1.083765730068517286e+00 1.604432753259734945e-01 -1.000000000000000000e+00 -1.000000000000000000e+00
2.570000000000000000e+02 3.300000000000100000e+13 0.000000000000000000e+00 6.990673665723794450e-01 1.155634367625958947e-01 2.572368226564578642e-01 1.854829968171381738e-01 0.000000000000000000e+00 8.096444915073192083e-01 9.854546879274313220e-02 1.276505683465064526e+09 1.276505683465064526e+09
2.580000000000000000e+02 3.300000000001300000e+13 0.000000000000000000e+00 1.058315489384914265e+00 1.000492190608739951e-01 -1.000000000000000000e+00 -1.000000000000000000e+00 0.000000000000000000e+00 1.054567922914998679e+00 9.810328135820743645e-02 -1.000000000000000000e+00 -1.000000000000000000e+00
2.590000000000000000e+02 3.300000000003500000e+13 0.000000000000000000e+00 1.110903747336208447e+00 8.771485454043519148e-02 -1.000000000000000000e+00 -1.000000000000000000e+00 0.000000000000000000e+00 1.076801486080451786e+00 6.116584737911827385e-02 -1.000000000000000000e+00 -1.000000000000000000e+00
2.600000000000000000e+02 3.300000000003000000e+13 0.000000000000000000e+00 8.483639313688460248e-01 9.128344108784593181e-02 -1.000000000000000000e+00 -1.000000000000000000e+00 0.000000000000000000e+00 8.599973753665639542e-01 1.295278315781417389e-01 -1.000000000000000000e+00 -1.000000000000000000e+00
2.610000000000000000e+02 3.300000000001700000e+13 0.000000000000000000e+00 9.888270170849091656e-01 1.184284514989265430e-01 -1.000000000000000000e+00 -1.000000000000000000e+00 0.000000000000000000e+00 1.055466923348362673e+00 9.312971944382990308e-02 -1.000000000000000000e+00 -1.000000000000000000e+00
2.620000000000000000e+02 3.300000000000500000e+13 0.000000000000000000e+00 9.723336849979329344e-01 6.352861311924742904e-02 -1.000000000000000000e+00 -1.000000000000000000e+00 0.000000000000000000e+00 1.006869407295069019e+00 8.704999948819928945e-02 -1.000000000000000000e+00 -1.000000000000000000e+00
2.630000000000000000e+02 -1.000000000000000000e+00 -1.000000000000000000e+00 -1.000000000000000000e+00 -1.000000000000000000e+00 -1.000000000000000000e+00 -1.000000000000000000e+00 -1.000000000000000000e+00 -1.000000000000000000e+00 -1.000000000000000000e+00 -1.000000000000000000e+00 -1.000000000000000000e+00
2.640000000000000000e+02 -1.000000000000000000e+00 -1.000000000000000000e+00 -1.000000000000000000e+00 -1.000000000000000000e+00 -1.000000000000000000e+00 -1.000000000000000000e+00 -1.000000000000000000e+00 -1.000000000000000000e+00 -1.000000000000000000e+00 -1.000000000000000000e+00 -1.000000000000000000e+00
2.650000000000000000e+02 -1.000000000000000000e+00 -1.000000000000000000e+00 -1.000000000000000000e+00 -1.000000000000000000e+00 -1.000000000000000000e+00 -1.000000000000000000e+00 -1.000000000000000000e+00 -1.000000000000000000e+00 -1.000000000000000000e+00 -1.000000000000000000e+00 -1.000000000000000000e+00
2.660000000000000000e+02 3.300000000009600000e+13 0.000000000000000000e+00 1.099922404842010426e+00 1.338030664964617034e-01 -1.000000000000000000e+00 -1.000000000000000000e+00 0.000000000000000000e+00 1.034141168086591511e+00 8.381119901086953039e-02 -1.000000000000000000e+00 -1.000000000000000000e+00
2.670000000000000000e+02 3.300000000007000000e+13 0.000000000000000000e+00 1.273233016346005497e+00 1.645289786696093326e-01 -1.000000000000000000e+00 -1.000000000000000000e+00 0.000000000000000000e+00 1.215726739400586398e+00 1.891955972580811607e-01 -1.000000000000000000e+00 -1.000000000000000000e+00
2.680000000000000000e+02 3.300000000000700000e+13 0.000000000000000000e+00 9.951202969172087132e-01 4.394864231257443465e-02 -1.000000000000000000e+00 -1.000000000000000000e+00 0.000000000000000000e+00 9.543114274495452243e-01 8.491487455379383154e-02 -1.000000000000000000e+00 -1.000000000000000000e+00
2.690000000000000000e+02 3.300000000043100000e+13 0.000000000000000000e+00 1.263070674986916497e+00 1.348413227120854041e-01 -1.000000000000000000e+00 -1.000000000000000000e+00 0.000000000000000000e+00 9.068771908050760056e-01 1.319740380191765650e-01 -1.000000000000000000e+00 -1.000000000000000000e+00
2.700000000000000000e+02 3.300000000007400000e+13 0.000000000000000000e+00 7.722175817849988855e-01 1.256602903043341768e-01 -1.000000000000000000e+00 -1.000000000000000000e+00 0.000000000000000000e+00 1.069836931125484503e+00 1.712124984817932349e-01 -1.000000000000000000e+00 -1.000000000000000000e+00
2.710000000000000000e+02 3.300000000001500000e+13 0.000000000000000000e+00 1.097470602444790000e+00 8.698348709459174932e-02 -1.000000000000000000e+00 -1.000000000000000000e+00 0.000000000000000000e+00 1.036566105796556281e+00 1.692818055328279558e-01 -1.000000000000000000e+00 -1.000000000000000000e+00
2.720000000000000000e+02 3.300000000000400000e+13 0.000000000000000000e+00 1.186170459443692371e+00 2.077042369689570678e-01 1.724219446270728318e-01 1.724219446270728318e-01 0.000000000000000000e+00 1.018614251945293425e+00 1.854375138759654651e-01 2.180005440360653877e+09 2.180005440360653877e+09
2.730000000000000000e+02 3.300000000005500000e+13 0.000000000000000000e+00 1.115085871905963089e+00 4.177647086927710474e-01 -1.000000000000000000e+00 -1.000000000000000000e+00 0.000000000000000000e+00 1.115302563480208509e+00 3.751544841031149713e-01 -1.000000000000000000e+00 -1.000000000000000000e+00
2.740000000000000000e+02 3.300000000012100000e+13 0.000000000000000000e+00 2.124611726959549363e-01 1.727088486346416984e-01 -1.000000000000000000e+00 -1.000000000000000000e+00 0.000000000000000000e+00 8.161565427858865629e-01 1.636104284947246246e-01 -1.000000000000000000e+00 -1.000000000000000000e+00
2.750000000000000000e+02 3.300000000000600000e+13 0.000000000000000000e+00 1.124792479818629065e+00 5.540173291951727003e-02 -1.000000000000000000e+00 -1.000000000000000000e+00 0.000000000000000000e+00 1.230036438654402486e+00 1.216387424212339308e-01 -1.000000000000000000e+00 -1.000000000000000000e+00
2.760000000000000000e+02 3.300000000000200000e+13 0.000000000000000000e+00 9.469002035027633823e-01 2.499289430540765355e-01 3.970721247699501855e-01 3.970721247699501855e-01 0.000000000000000000e+00 1.372909046130193822e+00 1.207433460330500918e-01 -1.000000000000000000e+00 -1.000000000000000000e+00
2.770000000000000000e+02 -1.000000000000000000e+00 -1.000000000000000000e+00 -1.000000000000000000e+00 -1.000000000000000000e+00 -1.000000000000000000e+00 -1.000000000000000000e+00 -1.000000000000000000e+00 -1.000000000000000000e+00 -1.000000000000000000e+00 -1.000000000000000000e+00 -1.000000000000000000e+00
2.780000000000000000e+02 3.300000000003300000e+13 0.000000000000000000e+00 1.024905659058588325e+00 6.443396867744360934e-02 -1.000000000000000000e+00 -1.000000000000000000e+00 0.000000000000000000e+00 1.135084187460697391e+00 5.082998270101508898e-02 -1.000000000000000000e+00 -1.000000000000000000e+00
2.790000000000000000e+02 -1.000000000000000000e+00 -1.000000000000000000e+00 -1.000000000000000000e+00 -1.000000000000000000e+00 -1.000000000000000000e+00 -1.000000000000000000e+00 -1.000000000000000000e+00 -1.000000000000000000e+00 -1.000000000000000000e+00 -1.000000000000000000e+00 -1.000000000000000000e+00
2.800000000000000000e+02 3.300000000003500000e+13 0.000000000000000000e+00 9.797405613525198564e-01 4.174404986003258516e-02 -1.000000000000000000e+00 -1.000000000000000000e+00 0.000000000000000000e+00 8.357832929935097299e-01 1.105718733849208602e-01 -1.000000000000000000e+00 -1.000000000000000000e+00
2.810000000000000000e+02 3.300000000013200000e+13 0.000000000000000000e+00 1.031626657901473010e+00 5.784280484065668082e-02 -1.000000000000000000e+00 -1.000000000000000000e+00 0.000000000000000000e+00 8.035950021115341180e-01 1.608037404503121492e-01 -1.000000000000000000e+00 -1.000000000000000000e+00
2.820000000000000000e+02 3.300000000000100000e+13 0.000000000000000000e+00 1.021873502717383086e+00 5.553132972052240296e-02 9.892465790491690447e-02 9.892465790491690447e-02 0.000000000000000000e+00 9.915689597310896053e-01 1.232782403276606598e-01 -1.000000000000000000e+00 -1.000000000000000000e+00
2.830000000000000000e+02 3.300000000024800000e+13 0.000000000000000000e+00 1.093802974431896446e+00 7.923244899492294657e-02 -1.000000000000000000e+00 -1.000000000000000000e+00 0.000000000000000000e+00 1.072025946982433808e+00 5.571799395532389676e-02 -1.000000000000000000e+00 -1.000000000000000000e+00
2.840000000000000000e+02 3.300000000000200000e+13 0.000000000000000000e+00 1.081373517824750330e+00 9.377027542220191247e-02 2.963407668942599771e-02 2.963407668942599771e-02 0.000000000000000000e+00 9.871636237389238566e-01 1.234181432357616404e-01 -1.000000000000000000e+00 -1.000000000000000000e+00
2.850000000000000000e+02 3.300000000000800000e+13 0.000000000000000000e+00 9.245946495941355092e-01 1.247638711457019906e-01 -1.000000000000000000e+00 -1.000000000000000000e+00 0.000000000000000000e+00 9.514951476226775062e-01 1.417653929736811258e-01 -1.000000000000000000e+00 -1.000000000000000000e+00
2.860000000000000000e+02 3.300000000033500000e+13 0.000000000000000000e+00 8.709763765812614800e-01 1.158677587417816096e-01 -1.000000000000000000e+00 -1.000000000000000000e+00 0.000000000000000000e+00 4.720031162281388970e-01 1.201469692879931078e-01 -1.000000000000000000e+00 -1.000000000000000000e+00
2.870000000000000000e+02 -1.000000000000000000e+00 -1.000000000000000000e+00 -1.000000000000000000e+00 -1.000000000000000000e+00 -1.000000000000000000e+00 -1.000000000000000000e+00 -1.000000000000000000e+00 -1.000000000000000000e+00 -1.000000000000000000e+00 -1.000000000000000000e+00 -1.000000000000000000e+00
2.880000000000000000e+02 3.300000000001400000e+13 0.000000000000000000e+00 1.043743007111412657e+00 3.328223919169947531e-01 3.294544974913885538e-01 3.294544974913885538e-01 0.000000000000000000e+00 1.932565746324494294e+00 1.533266994395902083e-01 -1.000000000000000000e+00 -1.000000000000000000e+00
2.890000000000000000e+02 3.300000000001500000e+13 0.000000000000000000e+00 9.285914520413526274e-01 1.611168664699109687e-01 -1.000000000000000000e+00 -1.000000000000000000e+00 0.000000000000000000e+00 9.501846439706800318e-01 1.559957790132528999e-01 -1.000000000000000000e+00 -1.000000000000000000e+00
2.900000000000000000e+02 3.300000000011000000e+13 0.000000000000000000e+00 1.020311665519520128e+00 5.808435738824950512e-02 -1.000000000000000000e+00 -1.000000000000000000e+00 0.000000000000000000e+00 1.082474442807118242e+00 1.085344794533783241e-01 -1.000000000000000000e+00 -1.000000000000000000e+00
2.910000000000000000e+02 3.300000000003700000e+13 0.000000000000000000e+00 6.113724901168307024e-01 9.737875466015120940e-02 -1.000000000000000000e+00 -1.000000000000000000e+00 0.000000000000000000e+00 6.626492549060534198e-01 5.619584832958712806e-02 -1.000000000000000000e+00 -1.000000000000000000e+00
2.920000000000000000e+02 3.300000000002900000e+13 0.000000000000000000e+00 1.009012709143437991e+00 1.503844299873547952e-01 -1.000000000000000000e+00 -1.000000000000000000e+00 0.000000000000000000e+00 9.075088075337702787e-01 1.758117158102250055e-01 -1.000000000000000000e+00 -1.000000000000000000e+00
2.930000000000000000e+02 3.300000000008300000e+13 0.000000000000000000e+00 9.231394345147108105e-01 1.615995148523516611e-01 -1.000000000000000000e+00 -1.000000000000000000e+00 0.000000000000000000e+00 9.131588043973519753e-01 1.192003686152787179e-01 -1.000000000000000000e+00 -1.000000000000000000e+00
2.940000000000000000e+02 3.300000000000100000e+13 0.000000000000000000e+00 7.927615327632475672e-01 9.278097669115696611e-02 1.228602459175361650e-01 1.228602459175361650e-01 0.000000000000000000e+00 1.060663799782072036e+00 1.152487525506784710e-01 -1.000000000000000000e+00 -1.000000000000000000e+00
2.950000000000000000e+02 -1.000000000000000000e+00 -1.000000000000000000e+00 -1.000000000000000000e+00 -1.000000000000000000e+00 -1.000000000000000000e+00 -1.000000000000000000e+00 -1.000000000000000000e+00 -1.000000000000000000e+00 -1.000000000000000000e+00 -1.000000000000000000e+00 -1.000000000000000000e+00
2.960000000000000000e+02 3.300000000001500000e+13 0.000000000000000000e+00 8.424973872935392905e-01 1.515267785435668868e-01 -1.000000000000000000e+00 -1.000000000000000000e+00 0.000000000000000000e+00 6.908083313959190175e-01 1.437771003840728201e-01 -1.000000000000000000e+00 -1.000000000000000000e+00
2.970000000000000000e+02 3.300000000001000000e+13 0.000000000000000000e+00 1.244138794137897852e+00 1.149427784990510043e-01 -1.000000000000000000e+00 -1.000000000000000000e+00 0.000000000000000000e+00 1.151111113675594710e+00 1.360586835895769009e-01 -1.000000000000000000e+00 -1.000000000000000000e+00
2.980000000000000000e+02 -1.000000000000000000e+00 -1.000000000000000000e+00 -1.000000000000000000e+00 -1.000000000000000000e+00 -1.000000000000000000e+00 -1.000000000000000000e+00 -1.000000000000000000e+00 -1.000000000000000000e+00 -1.000000000000000000e+00 -1.000000000000000000e+00 -1.000000000000000000e+00
2.990000000000000000e+02 3.300000000005500000e+13 1.000000000000000000e+00 8.751287555520315120e-01 3.696158736045591225e-02 -1.000000000000000000e+00 -1.000000000000000000e+00 0.000000000000000000e+00 1.428157490541894781e+00 9.374071866990922597e-02 -1.000000000000000000e+00 -1.000000000000000000e+00
3.000000000000000000e+02 3.300000000000800000e+13 0.000000000000000000e+00 1.177347596042692679e+00 6.559985960578675057e-02 3.833211193036507175e-02 3.833211193036507175e-02 0.000000000000000000e+00 1.199310778457312043e+00 4.875642627653851285e-02 4.800404109138332009e+08 4.800404109138332009e+08
3.010000000000000000e+02 3.300000000002300000e+13 0.000000000000000000e+00 1.026170621325966925e+00 7.084980934146206666e-02 -1.000000000000000000e+00 -1.000000000000000000e+00 0.000000000000000000e+00 8.773124793361122276e-01 1.022563192221058320e-01 -1.000000000000000000e+00 -1.000000000000000000e+00
3.020000000000000000e+02 3.300000000008700000e+13 0.000000000000000000e+00 8.752800030874338111e-01 1.257157630424291239e-01 -1.000000000000000000e+00 -1.000000000000000000e+00 0.000000000000000000e+00 8.117508519428527913e-01 2.040418259239756282e-01 -1.000000000000000000e+00 -1.000000000000000000e+00
3.030000000000000000e+02 3.300000000000700000e+13 0.000000000000000000e+00 9.362393322449018562e-01 4.519537529043803070e-02 -1.000000000000000000e+00 -1.000000000000000000e+00 0.000000000000000000e+00 9.265543928125222761e-01 9.401444656789083310e-02 -1.000000000000000000e+00 -1.000000000000000000e+00
3.040000000000000000e+02 3.300000000000900000e+13 0.000000000000000000e+00 1.058289495384785672e+00 1.163442760548077382e-01 -1.000000000000000000e+00 -1.000000000000000000e+00 0.000000000000000000e+00 1.113135303661788589e+00 1.344768432262968827e-01 -1.000000000000000000e+00 -1.000000000000000000e+00
3.050000000000000000e+02 3.300000000001000000e+13 0.000000000000000000e+00 9.276800461196510472e-01 1.913726204278724252e-01 1.354725327623268472e-01 1.354725327623268472e-01 0.000000000000000000e+00 6.222554081512952084e-01 2.239745035713724963e-01 1.965530982033198118e+09 1.965530982033198118e+09
3.060000000000000000e+02 3.300000000017000000e+13 0.000000000000000000e+00 1.497552205051627894e+00 1.098782838935057904e-01 -1.000000000000000000e+00 -1.000000000000000000e+00 0.000000000000000000e+00 -2.121295797682788375e+01 5.749452711232777569e-01 -1.000000000000000000e+00 -1.000000000000000000e+00
3.070000000000000000e+02 3.300000000002100000e+13 0.000000000000000000e+00 8.941331582378639897e-01 6.077612941066098950e-02 -1.000000000000000000e+00 -1.000000000000000000e+00 0.000000000000000000e+00 9.095940833094077194e-01 6.313352953914022625e-02 -1.000000000000000000e+00 -1.000000000000000000e+00
3.080000000000000000e+02 3.300000000000700000e+13 0.000000000000000000e+00 9.270866747932214880e-01 1.318051157276875773e-01 -1.000000000000000000e+00 -1.000000000000000000e+00 0.000000000000000000e+00 8.529377325536894316e-01 1.605759779295433398e-01 -1.000000000000000000e+00 -1.000000000000000000e+00
3.090000000000000000e+02 3.300000000000300000e+13 0.000000000000000000e+00 8.925742840481726281e-01 9.299616238982318095e-02 2.044523816350521661e-01 2.044523816350521661e-01 0.000000000000000000e+00 8.819976856370290719e-01 6.600308781310094963e-02 -1.000000000000000000e+00 -1.000000000000000000e+00
3.100000000000000000e+02 3.300000000017300000e+13 0.000000000000000000e+00 9.479169251349716108e-01 1.149257809247274248e-01 -1.000000000000000000e+00 -1.000000000000000000e+00 1.000000000000000000e+00 8.698981647804349127e-01 2.471571554507561233e-02 -1.000000000000000000e+00 -1.000000000000000000e+00
3.110000000000000000e+02 -1.000000000000000000e+00 -1.000000000000000000e+00 -1.000000000000000000e+00 -1.000000000000000000e+00 -1.000000000000000000e+00 -1.000000000000000000e+00 -1.000000000000000000e+00 -1.000000000000000000e+00 -1.000000000000000000e+00 -1.000000000000000000e+00 -1.000000000000000000e+00
3.120000000000000000e+02 3.300000000071900000e+13 0.000000000000000000e+00 nan 3.045336502017898656e-02 -1.000000000000000000e+00 -1.000000000000000000e+00 0.000000000000000000e+00 1.277161256150342927e+00 1.150342820824415552e-01 -1.000000000000000000e+00 -1.000000000000000000e+00
3.130000000000000000e+02 3.300000000001700000e+13 0.000000000000000000e+00 8.926086178737244747e-01 1.432403252457138676e-01 -1.000000000000000000e+00 -1.000000000000000000e+00 0.000000000000000000e+00 8.056150112513033035e-01 2.357312253646121902e-01 -1.000000000000000000e+00 -1.000000000000000000e+00
3.140000000000000000e+02 -1.000000000000000000e+00 -1.000000000000000000e+00 -1.000000000000000000e+00 -1.000000000000000000e+00 -1.000000000000000000e+00 -1.000000000000000000e+00 -1.000000000000000000e+00 -1.000000000000000000e+00 -1.000000000000000000e+00 -1.000000000000000000e+00 -1.000000000000000000e+00
3.150000000000000000e+02 3.300000000053400000e+13 0.000000000000000000e+00 1.253674071821212044e+00 5.733129599943944527e-02 -1.000000000000000000e+00 -1.000000000000000000e+00 0.000000000000000000e+00 1.076109406797804535e+00 9.190683759152998289e-02 -1.000000000000000000e+00 -1.000000000000000000e+00
3.160000000000000000e+02 3.300000000000200000e+13 0.000000000000000000e+00 1.346023347478561005e+00 1.519896568931867753e-01 1.137508838410891954e-01 1.137508838410891954e-01 0.000000000000000000e+00 1.185596883651888866e+00 2.014070585862006990e-01 1.364475100801517010e+09 1.364475100801517010e+09
3.170000000000000000e+02 3.300000000000300000e+13 1.000000000000000000e+00 9.918149207109574483e-01 3.315286918489390722e-02 -1.000000000000000000e+00 -1.000000000000000000e+00 0.000000000000000000e+00 1.001514301583369404e+00 8.070963541969926325e-02 -1.000000000000000000e+00 -1.000000000000000000e+00
3.180000000000000000e+02 -1.000000000000000000e+00 -1.000000000000000000e+00 -1.000000000000000000e+00 -1.000000000000000000e+00 -1.000000000000000000e+00 -1.000000000000000000e+00 -1.000000000000000000e+00 -1.000000000000000000e+00 -1.000000000000000000e+00 -1.000000000000000000e+00 -1.000000000000000000e+00
3.190000000000000000e+02 3.300000000000200000e+13 0.000000000000000000e+00 1.008472445130436768e+00 4.514947829762871317e-02 -1.000000000000000000e+00 -1.000000000000000000e+00 0.000000000000000000e+00 9.720729394209296492e-01 5.298970736598563464e-02 -1.000000000000000000e+00 -1.000000000000000000e+00
3.200000000000000000e+02 3.300000000030400000e+13 0.000000000000000000e+00 6.876469680307699672e-01 9.089346457960853498e-02 -1.000000000000000000e+00 -1.000000000000000000e+00 0.000000000000000000e+00 9.277009913698831545e-01 2.086490271754965764e-01 -1.000000000000000000e+00 -1.000000000000000000e+00
3.210000000000000000e+02 -1.000000000000000000e+00 -1.000000000000000000e+00 -1.000000000000000000e+00 -1.000000000000000000e+00 -1.000000000000000000e+00 -1.000000000000000000e+00 -1.000000000000000000e+00 -1.000000000000000000e+00 -1.000000000000000000e+00 -1.000000000000000000e+00 -1.000000000000000000e+00
3.220000000000000000e+02 3.300000000001100000e+13 0.000000000000000000e+00 1.123717020033820901e+00 4.811659636920539995e-02 -1.000000000000000000e+00 -1.000000000000000000e+00 0.000000000000000000e+00 9.705877648183703910e-01 1.125524564839223557e-01 -1.000000000000000000e+00 -1.000000000000000000e+00
3.230000000000000000e+02 3.300000000031900000e+13 0.000000000000000000e+00 9.893400550838604701e-01 1.003428199256743286e-01 -1.000000000000000000e+00 -1.000000000000000000e+00 0.000000000000000000e+00 8.778154217365659040e-01 8.213428722077525945e-02 -1.000000000000000000e+00 -1.000000000000000000e+00
3.240000000000000000e+02 3.300000000002000000e+13 0.000000000000000000e+00 8.438490062765072741e-01 1.376033640109316225e-01 -1.000000000000000000e+00 -1.000000000000000000e+00 0.000000000000000000e+00 6.928356124958711115e-01 1.820412823678065617e-01 -1.000000000000000000e+00 -1.000000000000000000e+00
