# rID[0] Hid[1]   R200: DS[2], eta[3], detla[4], fm[5], fm2[6];   R500: DS[7], eta[8], detla[9], fm[10], fm2[11]
1.000000000000000000e+00 6.200000000000300000e+13 0.000000000000000000e+00 1.187727854906199365e+00 3.329570478078669460e-02 7.716774836348737343e-02 1.373609080666337613e-02 0.000000000000000000e+00 1.103547382294298496e+00 2.822441883182577604e-02 8.020575677242538929e+08 1.913910562672101557e+08
2.000000000000000000e+00 6.200000000000200000e+13 0.000000000000000000e+00 1.045509429318726591e+00 5.139192642396789995e-02 2.464594375066400112e-01 1.390084895546605526e-01 0.000000000000000000e+00 1.455689205067853154e+00 3.495522709221615676e-02 1.299907030555253267e+09 4.171956596517711282e+08
3.000000000000000000e+00 6.200000000000400000e+13 0.000000000000000000e+00 1.335248331814585576e+00 2.089985127126099684e-02 6.334372396310844477e-02 1.802758181414605351e-02 0.000000000000000000e+00 1.507504213484026190e+00 8.054731909919317714e-03 6.857813767831591368e+08 2.721223638646286726e+08
4.000000000000000000e+00 6.200000000000500000e+13 0.000000000000000000e+00 1.119256882361896688e+00 1.230966994786154567e-01 1.934805617508215947e-01 1.170702346145055944e-01 0.000000000000000000e+00 1.232925361390813768e+00 1.652578632633205924e-01 1.831248688189534664e+09 1.831248688189534664e+09
5.000000000000000000e+00 6.200000000016100000e+13 0.000000000000000000e+00 1.335734871026821535e+00 5.934942055850784409e-02 -1.000000000000000000e+00 -1.000000000000000000e+00 0.000000000000000000e+00 1.321324934600257794e+00 6.194652444986531448e-02 -1.000000000000000000e+00 -1.000000000000000000e+00
6.000000000000000000e+00 6.200000000000100000e+13 0.000000000000000000e+00 1.197932336750216598e+00 2.496028120993756816e-02 8.998404287114329658e-02 1.580984618378708864e-02 0.000000000000000000e+00 1.094496694607637544e+00 1.775888634356661763e-02 9.280634886396409273e+08 2.102505358489612341e+08
7.000000000000000000e+00 6.200000000000200000e+13 0.000000000000000000e+00 1.279808215291226015e+00 4.799146698454575394e-02 1.632111052586132371e-01 4.675986529660650787e-02 0.000000000000000000e+00 1.199975251515913444e+00 8.526382461688525316e-02 1.518450635289140940e+09 5.906558622191045284e+08
8.000000000000000000e+00 6.200000000005000000e+13 0.000000000000000000e+00 1.132830635593118140e+00 1.148206021969681578e-01 1.964786902672369107e-01 1.618149118686806331e-01 0.000000000000000000e+00 1.429608781813130447e+00 4.822911124034275077e-02 5.783071722902030498e+07 5.783071722902030498e+07
9.000000000000000000e+00 6.200000000000100000e+13 0.000000000000000000e+00 5.991451493806054795e-01 1.956278558588585570e-01 5.074237875525479113e-01 3.469116591576649200e-01 0.000000000000000000e+00 1.375821311612692499e+00 7.809396605896656851e-02 1.488212504014386177e+09 7.748536958601031303e+08
1.000000000000000000e+01 6.200000000000100000e+13 0.000000000000000000e+00 1.262519690343304468e+00 8.987912474692855147e-02 1.599737393515438810e-01 5.086357101474153763e-02 0.000000000000000000e+00 1.442139459586228467e+00 1.117385213249261072e-01 1.320734580765685797e+09 8.016768109255709648e+08
1.100000000000000000e+01 6.200000000004200000e+13 0.000000000000000000e+00 1.136370444537569302e+00 2.285165758215895737e-01 2.690919029153818753e-01 2.171981547843735150e-01 0.000000000000000000e+00 1.821150456562008468e+00 8.690876920807616424e-02 6.159613665041720867e+08 6.159613665041720867e+08
1.200000000000000000e+01 6.200000000000200000e+13 0.000000000000000000e+00 1.242695450461633877e+00 1.259031482393793422e-01 1.345708060657710148e-01 4.768406889213192001e-02 0.000000000000000000e+00 1.322292261757920917e+00 1.386203072154120197e-01 1.104316186168713331e+09 5.772177231650465727e+08
1.300000000000000000e+01 6.200000000007300000e+13 0.000000000000000000e+00 1.104268931557413458e+00 7.339711629319534136e-02 6.235580609122971102e-02 3.036947521376258743e-02 0.000000000000000000e+00 9.749608971998846574e-01 5.500979113147049654e-02 2.988931263576086760e+08 2.988931263576086760e+08
1.400000000000000000e+01 6.200000000008700000e+13 0.000000000000000000e+00 1.175289626228640971e+00 7.549444088559985333e-02 4.663166706077086915e-02 3.880917474580278942e-02 0.000000000000000000e+00 1.252468077763400744e+00 4.089860396548462840e-02 -1.000000000000000000e+00 -1.000000000000000000e+00
1.500000000000000000e+01 6.200000000000100000e+13 0.000000000000000000e+00 1.656570835051385249e+00 1.946650426148646418e-01 2.351398866571018653e-01 1.467001434720229536e-01 0.000000000000000000e+00 1.478978124696845420e+00 2.294000031554455643e-01 3.204681474844954967e+09 2.368578902002307415e+09
1.600000000000000000e+01 6.200000000000500000e+13 0.000000000000000000e+00 1.299598070796411431e+00 4.498832991820116145e-02 7.708175435670336362e-02 3.946200066999023398e-02 0.000000000000000000e+00 1.417575152882247336e+00 5.507718165769816959e-02 1.107294898654970884e+09 5.668795734771599770e+08
1.700000000000000000e+01 6.200000000000200000e+13 0.000000000000000000e+00 1.192054951394539319e+00 2.772823592412189744e-02 5.926568647010965751e-02 1.811687093733535883e-02 0.000000000000000000e+00 1.240983137834307914e+00 2.808705966864411679e-02 7.247879282918132544e+08 2.394418218088951111e+08
1.800000000000000000e+01 6.200000000000800000e+13 0.000000000000000000e+00 1.571288786304661622e+00 1.620093710431947664e-01 1.835028833152243244e-01 1.235532512082855305e-01 0.000000000000000000e+00 1.272856265866561420e+00 2.106183069379489181e-01 2.616559956324141979e+09 1.964743768830272436e+09
1.900000000000000000e+01 6.200000000000100000e+13 0.000000000000000000e+00 1.293658394979430026e+00 4.407865755839692617e-02 1.367582801696145545e-01 2.479988794234123939e-02 0.000000000000000000e+00 1.376055072280315983e+00 1.814897088886494383e-02 1.380232419357002974e+09 3.371303333085750341e+08
2.000000000000000000e+01 6.200000000006000000e+13 0.000000000000000000e+00 1.415893477547977009e+00 6.062146724388888658e-02 1.320074484042828289e-01 7.791200161758274345e-02 0.000000000000000000e+00 1.503454562604346290e+00 9.304923995451749863e-02 1.649779104122137070e+09 9.737146940024325848e+08
2.100000000000000000e+01 6.200000000002000000e+13 1.000000000000000000e+00 1.090244385808501137e+00 2.656184263927304293e-02 7.837658000529293401e-02 4.512104447328955936e-02 0.000000000000000000e+00 1.214082838556313826e+00 4.956966099485643484e-02 8.487945037573740482e+08 6.277989078683723211e+08
2.200000000000000000e+01 6.200000000001000000e+13 0.000000000000000000e+00 9.982948724226116122e-01 1.619513704377232577e-01 5.811614857297505571e-02 4.900915841085305008e-02 0.000000000000000000e+00 1.169798355935265377e+00 7.872920404005488704e-02 1.038909281092563987e+09 8.761088059308823347e+08
2.300000000000000000e+01 6.200000000041100000e+13 0.000000000000000000e+00 2.089181377560644037e+00 9.005436809368984330e-02 1.117211124766423813e+00 1.000000000000000000e+00 0.000000000000000000e+00 2.089181377560644037e+00 9.006114150236974036e-02 9.747316379621173859e+09 8.724686107703279495e+09
2.400000000000000000e+01 6.200000000000200000e+13 0.000000000000000000e+00 1.248120161254248517e+00 1.107804386241726530e-01 1.721508350829664691e-01 1.024755841517101251e-01 0.000000000000000000e+00 1.294290384111400183e+00 1.637802916516794827e-01 1.713918444608893871e+09 1.259443163497276783e+09
2.500000000000000000e+01 6.200000000009800000e+13 0.000000000000000000e+00 1.683335095387499036e+00 1.722571747863729519e-01 1.797402264551620499e-01 9.875147598605021892e-02 0.000000000000000000e+00 1.791612735968470149e+00 1.558506178133111097e-01 1.306352857010618210e+09 1.306352857010618210e+09
2.600000000000000000e+01 6.200000000000700000e+13 0.000000000000000000e+00 1.673470456491183755e+00 1.888472619864048629e-01 3.302536450177043781e-01 2.711198882966002754e-01 0.000000000000000000e+00 1.923075638343216376e+00 7.510037757229467981e-02 1.005901628045021772e+09 3.674409321055381894e+08
2.700000000000000000e+01 6.200000000000200000e+13 0.000000000000000000e+00 9.262370505331111170e-01 4.418498848047600763e-02 2.003159928867812578e-01 7.535364552459988818e-02 0.000000000000000000e+00 1.481577829987502426e+00 7.961207344707647848e-02 9.788798867685377598e+08 5.052960716317744851e+08
2.800000000000000000e+01 6.200000000002800000e+13 0.000000000000000000e+00 1.527771525947398734e+00 2.097268662769568304e-01 2.963587916881025297e-01 1.739442369203927918e-01 0.000000000000000000e+00 1.090272177338869053e+00 2.535379424869958487e-01 4.265329804545759678e+09 2.503484151218805790e+09
2.900000000000000000e+01 6.200000000000100000e+13 0.000000000000000000e+00 2.111959970857438584e+00 7.655031694918185137e-02 1.104361340872439395e-01 1.522431241671568652e-02 0.000000000000000000e+00 1.977265377806346036e+00 5.735166261806604049e-02 1.184812288291139603e+09 1.840321617820208371e+08
3.000000000000000000e+01 6.200000000000300000e+13 0.000000000000000000e+00 1.405343826805902641e+00 1.639625810392799921e-01 1.426616698622973634e-01 8.947375787085749821e-02 0.000000000000000000e+00 1.403222929915477701e+00 2.079956114917040633e-01 1.958364982230976582e+09 1.258724041439569473e+09
3.100000000000000000e+01 6.200000000000100000e+13 0.000000000000000000e+00 1.412660604794994779e+00 1.067998013795751905e-01 2.986142993243656729e-01 1.298055256924596501e-01 0.000000000000000000e+00 1.182476684795653377e+00 1.331949506487395130e-01 2.138134339386277676e+09 1.120296234621772051e+09
3.200000000000000000e+01 6.200000000000100000e+13 0.000000000000000000e+00 6.079215133489407341e-01 1.138661719654897181e-01 5.623864726435321426e-01 2.689251965377590925e-01 0.000000000000000000e+00 1.399890297965628916e+00 3.072420604946021067e-02 1.223384697313060284e+09 4.118114572966328263e+08
3.300000000000000000e+01 6.200000000000500000e+13 0.000000000000000000e+00 1.055142473616575982e+00 1.713515523861451895e-01 2.728169857802608123e-01 1.149868751666923983e-01 0.000000000000000000e+00 1.241078970219688493e+00 1.279748730248045363e-01 2.066035961860432386e+09 1.198894035948943853e+09
3.400000000000000000e+01 6.200000000000100000e+13 0.000000000000000000e+00 1.278415409179507467e+00 4.768510337712068836e-02 1.100434891496184370e-01 4.519227423003305960e-02 0.000000000000000000e+00 1.359174729438695994e+00 8.658867334710196317e-02 1.227052697034205914e+09 6.105628038348488808e+08
3.500000000000000000e+01 6.200000000000200000e+13 0.000000000000000000e+00 1.138133908048649001e+00 1.909673851139192802e-01 1.905104251353770817e-01 9.158387508621575190e-02 0.000000000000000000e+00 1.001652292336390859e+00 2.401168735913238872e-01 2.402150763567800999e+09 1.192107934750597477e+09
3.600000000000000000e+01 6.200000000000100000e+13 0.000000000000000000e+00 1.137091645052088928e+00 6.587883555682957915e-02 1.080199457274694519e-01 8.904587975314014192e-02 0.000000000000000000e+00 1.392444214631679111e+00 2.897214422857863347e-02 1.089252558696035892e+08 7.453048114077241719e+07
3.700000000000000000e+01 6.200000000000200000e+13 0.000000000000000000e+00 6.339118487759833886e-01 1.089135848917718585e-01 5.956309146974864827e-02 1.601567164789504186e-02 0.000000000000000000e+00 1.655441915742327907e+00 5.486811276937698240e-02 5.115031990856171250e+08 2.958984025601539612e+08
3.800000000000000000e+01 6.200000000000100000e+13 0.000000000000000000e+00 1.180837797285029689e+00 1.711392190333749230e-02 5.947469462159948178e-02 1.260579909433604331e-02 0.000000000000000000e+00 1.262134700906123230e+00 6.528475218399600044e-02 5.924792077913681269e+08 1.825935516974821389e+08
3.900000000000000000e+01 6.200000000000100000e+13 0.000000000000000000e+00 1.338214554942767975e+00 4.543980967764386925e-02 8.609500383052073880e-02 2.315092251707773913e-02 0.000000000000000000e+00 1.368996207936783227e+00 6.775597992057116881e-02 6.276989708602210283e+08 1.279723981485192031e+08
4.000000000000000000e+01 6.200000000019000000e+13 0.000000000000000000e+00 9.923859747929854036e-01 5.760599865126069669e-02 -1.000000000000000000e+00 -1.000000000000000000e+00 0.000000000000000000e+00 9.794834567378023493e-01 4.391482089878037676e-02 -1.000000000000000000e+00 -1.000000000000000000e+00
4.100000000000000000e+01 6.200000000000400000e+13 0.000000000000000000e+00 1.141117830549767564e+00 2.559116629226029227e-01 3.142871717501745654e-01 1.806519190482596959e-01 0.000000000000000000e+00 1.885409287490690033e+00 1.877546826708509919e-01 1.928119079666356802e+09 9.027744553885278702e+08
4.200000000000000000e+01 6.200000000001200000e+13 0.000000000000000000e+00 1.175422999635027166e+00 8.721697032695469032e-02 9.040454520797294724e-02 3.073364635256251726e-02 0.000000000000000000e+00 1.464228844229521265e+00 6.205553867472871077e-02 5.649385350267860889e+08 5.176008533866653442e+08
4.300000000000000000e+01 6.200000000000200000e+13 0.000000000000000000e+00 1.476909065092770312e+00 7.508171796385940122e-02 4.216392644097680803e-02 2.740745949691445957e-02 0.000000000000000000e+00 1.582878601016812992e+00 1.165294647214273061e-01 5.735882540519818068e+08 3.728447079719213843e+08
4.400000000000000000e+01 6.200000000000400000e+13 0.000000000000000000e+00 1.117205912748290508e+00 1.216572971076242543e-01 3.303637893793436864e-01 1.508092754842878802e-01 0.000000000000000000e+00 1.780711770869812804e+00 9.312866056484017663e-02 5.293425450541304946e+08 4.430354174568839073e+08
4.500000000000000000e+01 6.200000000001000000e+13 0.000000000000000000e+00 1.112952904194661752e+00 1.336583670387192779e-01 1.466356795677500602e-01 1.466356795677500602e-01 0.000000000000000000e+00 8.803482090928763659e-01 1.417225912995284665e-01 2.302940660405774117e+09 2.302940660405774117e+09
4.600000000000000000e+01 6.200000000000100000e+13 0.000000000000000000e+00 9.488909070763374975e-01 7.508182321865870812e-02 2.730702002980341381e-01 1.604510815669595858e-01 0.000000000000000000e+00 1.320812595949359070e+00 8.421953960763435554e-02 9.504682011393557787e+08 2.960297510036056638e+08
4.700000000000000000e+01 6.200000000003800000e+13 1.000000000000000000e+00 1.142617532410744818e+00 3.254652243671122408e-02 4.975321181139436000e-02 4.006995358848456507e-02 0.000000000000000000e+00 1.283274535077114864e+00 3.292819652406500652e-02 6.791469467519793510e+08 5.469674347713259459e+08
4.800000000000000000e+01 6.200000000000100000e+13 0.000000000000000000e+00 1.328218035045890755e+00 1.989274830767749289e-02 1.009281145506979727e-01 2.702868557960392062e-02 0.000000000000000000e+00 1.361441871326744435e+00 2.531071413943550980e-02 1.146854832991627932e+09 3.526963063756843805e+08
4.900000000000000000e+01 6.200000000000300000e+13 0.000000000000000000e+00 1.009726428587276903e+00 1.644450719593657795e-01 2.411038992961671845e-01 1.060909408787351071e-01 0.000000000000000000e+00 9.016653446893143631e-01 1.071382901138855648e-01 1.762234885427340746e+09 7.763626747268906832e+08
5.000000000000000000e+01 6.200000000000800000e+13 0.000000000000000000e+00 1.068922527039082304e+00 1.135229500210268722e-01 5.998327470904426389e-02 5.538001147612271746e-02 0.000000000000000000e+00 1.214646470792339006e+00 8.357896668861600209e-02 9.622794677818906307e+08 8.884317874856396914e+08
5.100000000000000000e+01 6.200000000000500000e+13 0.000000000000000000e+00 1.244237775954726510e+00 5.979821024862850415e-02 2.811451361575503793e-01 5.609212341947414360e-02 0.000000000000000000e+00 1.311102232872463524e+00 1.155931371671362479e-01 2.788083835079267979e+09 7.379395692644556761e+08
5.200000000000000000e+01 6.200000000000100000e+13 0.000000000000000000e+00 1.139699506056581102e+00 3.462984499527374527e-02 1.152204229213791148e-01 2.695421207759270826e-02 0.000000000000000000e+00 1.182292329633740646e+00 2.233198386108820391e-02 9.159841773602550030e+08 4.069911124676344395e+08
5.300000000000000000e+01 6.200000000028000000e+13 0.000000000000000000e+00 9.501171345201100404e-01 1.072555663107501445e-01 7.463371206641368494e-02 7.463371206641368494e-02 0.000000000000000000e+00 8.656131101513745429e-01 1.243678526398837164e-01 9.969988023384331465e+08 9.969988023384331465e+08
5.400000000000000000e+01 6.200000000000200000e+13 0.000000000000000000e+00 1.069405834633855079e+00 1.647749744142285311e-01 1.894108119346875618e-01 1.013067535832666288e-01 0.000000000000000000e+00 1.206719672940276267e+00 1.485594650818658491e-01 1.230239154660541773e+09 7.580907788563706875e+08
5.500000000000000000e+01 6.200000000000100000e+13 0.000000000000000000e+00 1.221452473182032872e+00 8.071777265571493387e-02 1.341006618580496135e-01 3.306982111944604952e-02 0.000000000000000000e+00 1.295533385618257816e+00 1.182325308562393040e-01 1.404710219065236092e+09 4.368867853067629933e+08
5.600000000000000000e+01 6.200000000000100000e+13 0.000000000000000000e+00 1.012924245776192222e+00 1.498201117089525136e-01 4.077263055513990486e-01 1.595627077296986052e-01 0.000000000000000000e+00 1.491420572919412546e+00 1.183970934450012807e-01 1.138595391099298954e+09 4.064145817697291970e+08
5.700000000000000000e+01 6.200000000000700000e+13 0.000000000000000000e+00 2.055471779508705854e+00 1.388175052486657624e-01 1.465600941979815497e-01 1.046936262845528237e-01 0.000000000000000000e+00 1.949157669464831377e+00 1.880182335262040594e-01 1.681140820768637180e+09 1.234495554557502508e+09
5.800000000000000000e+01 6.200000000000100000e+13 0.000000000000000000e+00 1.975663804186865935e+00 4.066973270804017521e-02 3.544088754455032575e-01 1.136036607828429662e-01 0.000000000000000000e+00 1.705378684913763321e+00 2.549645698189302243e-02 4.412711268994956970e+09 1.655533641611505270e+09
5.900000000000000000e+01 6.200000000000200000e+13 0.000000000000000000e+00 1.297439177764908580e+00 1.520496595469269241e-01 3.294725865788022401e-01 2.067751708539556366e-01 0.000000000000000000e+00 1.159451110772692140e+00 2.265261197178745634e-01 3.586393644052564621e+09 2.427180048771775246e+09
6.000000000000000000e+01 6.200000000000100000e+13 0.000000000000000000e+00 1.341382707152910747e+00 1.044660619964427190e-01 1.843564555412689765e-01 8.897618812126008303e-02 0.000000000000000000e+00 1.356524976521727321e+00 1.193212328003647599e-01 2.083354341554684162e+09 1.070118979400730371e+09
6.100000000000000000e+01 6.200000000000800000e+13 0.000000000000000000e+00 1.122380435368264928e+00 1.470767910792229460e-01 8.554578943692127402e-02 5.049456539894739415e-02 0.000000000000000000e+00 1.219107963414517437e+00 1.431055576229703641e-01 9.801817138654673100e+08 7.780258320915477276e+08
6.200000000000000000e+01 6.200000000001600000e+13 0.000000000000000000e+00 9.329743777393089132e-01 4.648559904101898926e-02 -1.000000000000000000e+00 -1.000000000000000000e+00 1.000000000000000000e+00 1.044297990376671814e+00 2.296867134883163672e-02 -1.000000000000000000e+00 -1.000000000000000000e+00
6.300000000000000000e+01 6.200000000000100000e+13 0.000000000000000000e+00 1.162475505530226938e+00 1.218797775997154248e-01 1.620060248429596172e-01 5.358874250235914904e-02 0.000000000000000000e+00 1.055164609328337777e+00 1.183053881052698458e-01 1.839947216253897667e+09 6.778065002183614969e+08
6.400000000000000000e+01 6.200000000000200000e+13 0.000000000000000000e+00 1.198656739212323963e+00 1.190237667209602529e-01 1.798544182114261702e-01 9.300543765217013370e-02 0.000000000000000000e+00 1.443676995061458967e+00 8.239111917332231361e-02 1.036724547787374020e+09 6.299020167179601192e+08
6.500000000000000000e+01 6.200000000000100000e+13 0.000000000000000000e+00 1.513302705897927813e+00 8.300403485863536157e-02 2.087845649638314094e-01 1.277767130113844907e-01 0.000000000000000000e+00 1.517419180739367990e+00 5.117580666233565584e-02 7.779284963542996645e+08 3.547614500025750995e+08
6.600000000000000000e+01 6.200000000000600000e+13 0.000000000000000000e+00 1.045666307462387534e+00 2.105287840606213379e-01 2.641590920073981774e-01 1.315277893710213863e-01 0.000000000000000000e+00 1.227526324963290838e+00 1.930072216011227415e-01 2.026281495890973806e+09 1.932146769500996590e+09
6.700000000000000000e+01 6.200000000000100000e+13 0.000000000000000000e+00 1.066512966453178501e+00 7.757948703479493335e-02 2.471873506852760027e-01 5.348790213935442073e-02 0.000000000000000000e+00 1.131864047063277035e+00 6.390774498944284954e-02 1.561161721090374231e+09 3.695701935233270526e+08
6.800000000000000000e+01 6.200000000000100000e+13 0.000000000000000000e+00 1.475813699450366556e+00 9.296604599985434925e-02 1.733057416491716740e-01 4.461441726080359049e-02 0.000000000000000000e+00 1.252888449210500355e+00 1.338756080133323700e-01 1.852992616886619806e+09 7.158580069660309553e+08
6.900000000000000000e+01 6.200000000000500000e+13 0.000000000000000000e+00 1.165847342229214600e+00 6.650652712007174006e-02 1.383333256883188811e-01 5.609284717157399930e-02 0.000000000000000000e+00 1.183105914248387069e+00 6.389730917025825130e-02 1.074819730063279629e+09 7.673435135690304041e+08
7.000000000000000000e+01 6.200000000000100000e+13 0.000000000000000000e+00 8.753017640030189561e-01 1.290589176367799018e-01 2.943327975969280419e-01 2.207904950658573784e-01 0.000000000000000000e+00 1.200417012677405415e+00 1.467308574843495805e-01 8.051688888283996582e+08 2.871114323760076165e+08
7.100000000000000000e+01 6.200000000000400000e+13 0.000000000000000000e+00 1.301900188718600582e+00 7.747104229826132227e-02 1.097997604316724579e-01 4.842808567826378113e-02 0.000000000000000000e+00 1.234900319320519246e+00 8.302857431602810034e-02 1.025372029406366348e+09 5.574297297969381809e+08
7.200000000000000000e+01 6.200000000000300000e+13 1.000000000000000000e+00 1.106738627751598925e+00 3.663602553364589398e-02 1.159341762957582546e-02 9.001397113866632660e-03 0.000000000000000000e+00 1.127398223952004397e+00 2.502834982797037811e-02 3.600089573420892656e+07 2.006802514536195248e+07
7.300000000000000000e+01 6.200000000000200000e+13 0.000000000000000000e+00 9.839283533988177899e-01 4.550365430621530760e-02 2.386376141565173803e-01 6.684088707470919877e-02 0.000000000000000000e+00 1.215388575431884499e+00 1.026925198313144300e-01 1.720981524418949366e+09 1.220130340952588320e+09
7.400000000000000000e+01 6.200000000000100000e+13 0.000000000000000000e+00 1.102058771884832478e+00 5.520703016002913993e-02 1.505657554949234589e-01 8.226440547311621165e-02 0.000000000000000000e+00 1.208460442538492163e+00 4.504402398878626368e-02 2.130862821195808411e+09 1.305958634611368418e+09
7.500000000000000000e+01 6.200000000000100000e+13 0.000000000000000000e+00 1.856305884161643327e+00 2.549381814741329411e-01 2.382581481864978479e-01 7.187163481450802027e-02 0.000000000000000000e+00 1.224871899099617467e+00 1.696713703637309500e-01 2.328081270289484501e+09 1.072469822703152180e+09
7.600000000000000000e+01 6.200000000000100000e+13 0.000000000000000000e+00 1.110217854414256911e+00 5.264979220299278312e-02 5.356985840304276381e-02 1.055338088163678030e-02 0.000000000000000000e+00 1.080844726589607951e+00 3.912860981582123865e-02 5.690367774322305918e+08 1.493162121733168364e+08
7.700000000000000000e+01 6.200000000000600000e+13 0.000000000000000000e+00 1.285233586662017258e+00 1.659912823438390306e-01 1.000000000000000000e+00 1.000000000000000000e+00 0.000000000000000000e+00 1.285233586662017258e+00 1.659996574353087562e-01 9.842705630013860703e+09 9.842705630013860703e+09
7.800000000000000000e+01 6.200000000000100000e+13 0.000000000000000000e+00 1.235214404188733628e+00 1.297758957250867151e-01 2.329380643993483602e-01 4.676528361591011235e-02 0.000000000000000000e+00 1.302376655695520968e+00 1.879951203991579722e-01 1.953836548377142668e+09 6.001608044185625315e+08
7.900000000000000000e+01 6.200000000003300000e+13 0.000000000000000000e+00 1.421480645485250882e+00 1.588099441807244161e-01 1.247825309528324933e+00 1.000000000000000000e+00 0.000000000000000000e+00 1.484012269433893749e+00 1.547078836930797230e-01 1.168906687348861504e+10 9.367550717421380997e+09
8.000000000000000000e+01 6.200000000000300000e+13 0.000000000000000000e+00 1.159355915648072388e+00 1.398839183694546573e-01 1.274242114811099114e-01 1.169674147575003736e-01 0.000000000000000000e+00 1.157101557694155014e+00 1.390850743764297515e-01 1.720504694378414154e+09 1.639632194893435240e+09
8.100000000000000000e+01 6.200000000000100000e+13 0.000000000000000000e+00 8.663188232390041099e-01 2.351564456974068740e-01 3.885367014249139772e-01 1.725131183148843339e-01 0.000000000000000000e+00 1.743940529253515059e+00 1.285151533951806591e-01 5.786141255050557852e+08 4.990306854742698669e+08
8.200000000000000000e+01 6.200000000001900000e+13 0.000000000000000000e+00 8.112936823512502116e-01 2.388946524749319122e-01 3.059425889181227598e-01 3.059425889181227598e-01 0.000000000000000000e+00 3.235554174190701238e-01 2.301424462209735733e-01 3.505294217066977024e+09 3.505294217066977024e+09
8.300000000000000000e+01 6.200000000000200000e+13 0.000000000000000000e+00 1.170843120027165174e+00 3.016256771964112571e-02 1.815280687617512878e-01 6.058996201220213929e-02 0.000000000000000000e+00 1.177802864143092876e+00 9.987701082657472751e-02 1.538444671924885988e+09 5.739295783869477510e+08
8.400000000000000000e+01 6.200000000006300000e+13 0.000000000000000000e+00 1.112492480492779157e+00 4.630312675859962063e-02 -1.000000000000000000e+00 -1.000000000000000000e+00 0.000000000000000000e+00 1.152116170025729192e+00 5.419522747219632924e-02 -1.000000000000000000e+00 -1.000000000000000000e+00
8.500000000000000000e+01 6.200000000000100000e+13 0.000000000000000000e+00 1.953904212324604206e+00 2.517936029726212110e-01 1.938960766635751953e-01 8.904455044949508014e-02 0.000000000000000000e+00 1.830816315978989195e+00 3.260654892886455380e-01 2.411485845193806648e+09 1.314902917681427240e+09
8.600000000000000000e+01 6.200000000003200000e+13 0.000000000000000000e+00 1.375824328230622839e+00 1.324886108010698005e-01 1.408704186824041860e-01 1.061884197462070328e-01 0.000000000000000000e+00 1.126195073119619305e+00 1.704734511044847245e-01 1.724259061277366161e+09 1.299750129677097559e+09
8.700000000000000000e+01 6.200000000000100000e+13 0.000000000000000000e+00 1.235329985241310879e+00 8.797681356397828167e-02 9.477132033906422726e-02 3.738910971696757929e-02 0.000000000000000000e+00 1.253022413877146191e+00 1.008195917844329076e-01 1.337022186384087801e+09 5.309042170515918136e+08
8.800000000000000000e+01 6.200000000000300000e+13 0.000000000000000000e+00 1.074309620790064423e+00 8.274014040331242881e-02 7.330059607868895377e-02 3.600200334986370515e-02 0.000000000000000000e+00 1.235262818980755517e+00 9.359044913933155241e-02 7.441818243385766745e+08 6.314194831237572432e+08
8.900000000000000000e+01 6.200000000000100000e+13 1.000000000000000000e+00 1.045082924293583071e+00 1.857827713602080294e-02 7.501438721642440799e-02 2.795786934984016356e-02 0.000000000000000000e+00 1.295173530198488798e+00 1.682400133797768912e-02 8.494862743945993185e+08 4.726674830724499822e+08
9.000000000000000000e+01 6.200000000000900000e+13 0.000000000000000000e+00 1.208753696189234006e+00 8.919725649873452844e-02 1.832140340570321546e-01 7.497180564516552070e-02 0.000000000000000000e+00 1.199456394644182078e+00 1.319275866958215804e-01 1.917158322177915096e+09 1.080820086553019524e+09
9.100000000000000000e+01 6.200000000000900000e+13 0.000000000000000000e+00 1.314999113775780826e+00 1.549899464839420427e-01 1.641011030709766116e-01 7.285180534619481452e-02 0.000000000000000000e+00 1.679021778676185628e+00 1.316006827745830887e-01 8.943660985914645195e+08 8.399810155153368711e+08
9.200000000000000000e+01 6.200000000000400000e+13 0.000000000000000000e+00 1.164278723433329388e+00 1.912124580855111347e-02 1.248621405419983715e-03 1.248621405419983715e-03 0.000000000000000000e+00 1.412662517670514317e+00 3.663227830447420702e-02 1.684545551165052131e+07 1.684545551165052131e+07
9.300000000000000000e+01 6.200000000000200000e+13 0.000000000000000000e+00 1.161873648249106328e+00 2.267355710838657445e-01 3.089252830742392208e-01 1.894604266697100248e-01 0.000000000000000000e+00 1.173144303254064491e+00 2.036653652857619567e-01 4.434010517846070290e+09 2.796845754383202076e+09
9.400000000000000000e+01 6.200000000000600000e+13 0.000000000000000000e+00 1.235391240070834895e+00 2.206274902976548269e-01 2.279690537580096599e-01 6.899443801648039165e-02 0.000000000000000000e+00 1.113230028741440281e+00 2.428716996548136164e-01 2.141380362092356682e+09 9.018040182557258606e+08
9.500000000000000000e+01 6.200000000000300000e+13 0.000000000000000000e+00 1.262145323901544769e+00 4.137310658460981866e-02 9.117286339630786829e-02 4.086509601311201501e-02 0.000000000000000000e+00 1.325308408232427571e+00 4.315567858763297293e-02 6.929040587922339439e+08 2.570773801347913444e+08
9.600000000000000000e+01 6.200000000007300000e+13 0.000000000000000000e+00 1.024208602640554355e+00 1.347295885232016877e-01 1.493256337300311598e-01 8.961925621912221473e-02 0.000000000000000000e+00 9.330672883892119351e-01 2.040263900713395473e-01 1.832965904714240551e+09 1.100072619497373343e+09
9.700000000000000000e+01 6.200000000001000000e+13 0.000000000000000000e+00 1.061476834673122038e+00 1.466465249764453138e-01 2.307614220254910198e-01 1.062796116288898252e-01 0.000000000000000000e+00 1.212078830330386436e+00 1.227047243868785303e-01 1.954484721019906521e+09 1.455200522105190277e+09
9.800000000000000000e+01 6.200000000000200000e+13 0.000000000000000000e+00 9.219032998461388351e-01 2.872606447679001418e-01 5.976092439119854438e-01 4.527406701495839125e-01 0.000000000000000000e+00 1.670149977292869181e+00 1.362406146134047258e-01 2.250799086105585098e+09 1.481218711083722115e+09
9.900000000000000000e+01 6.200000000000200000e+13 0.000000000000000000e+00 1.202167505269451819e+00 5.101829242949279530e-02 1.069941309890307807e-01 2.977887088513555408e-02 0.000000000000000000e+00 1.502349448231577123e+00 5.707188472284973474e-02 9.548885540116664171e+08 4.588829802402277589e+08
1.000000000000000000e+02 6.200000000003600000e+13 0.000000000000000000e+00 1.659210707253519823e+00 5.419200171163377627e-02 1.463439750285873142e-01 1.076855085452915889e-01 0.000000000000000000e+00 1.724257986869864867e+00 7.714378832716134449e-02 1.724535509231473684e+09 1.268979356886595011e+09
1.010000000000000000e+02 6.200000000002000000e+13 0.000000000000000000e+00 1.465691686233590030e+00 1.937534700415119993e-01 2.760435999269167384e-01 7.034679283143092932e-02 0.000000000000000000e+00 1.424092379546805676e+00 2.121857907456625170e-01 1.723663245789969444e+09 9.877327465747520924e+08
1.020000000000000000e+02 6.200000000000300000e+13 0.000000000000000000e+00 1.227179067298155291e+00 2.213393772917798472e-02 3.806890979325340540e-02 1.536991419481233481e-02 0.000000000000000000e+00 1.406321820617878693e+00 3.264050418729119718e-02 2.405789365590887368e+08 2.405789365590887368e+08
1.030000000000000000e+02 6.200000000000700000e+13 0.000000000000000000e+00 1.308227011463671152e+00 1.217687290053603155e-01 5.010654063086973642e-02 2.842633255490819785e-02 0.000000000000000000e+00 1.072020713257360702e+00 1.283287016096298638e-01 8.797446740119003057e+08 4.990948158066344857e+08
1.040000000000000000e+02 6.200000000000100000e+13 0.000000000000000000e+00 1.276734925746133120e+00 5.821526406115917068e-02 1.296792367864847140e-01 3.414087637364632971e-02 0.000000000000000000e+00 1.504645098671153702e+00 6.791132563155741209e-02 1.264331260044366360e+09 4.712847009867666364e+08
1.050000000000000000e+02 6.200000000000700000e+13 0.000000000000000000e+00 1.228988214276260260e+00 4.792510527519167757e-02 1.756067475931005761e-01 7.145274533411115347e-02 0.000000000000000000e+00 1.142394278030823163e+00 1.122342133776188799e-01 1.580235295902096033e+09 1.012219059756366968e+09
1.060000000000000000e+02 6.200000000000100000e+13 0.000000000000000000e+00 1.272492266296726626e+00 1.116126519962994113e-01 1.797396795539283332e-01 7.877856527045334900e-02 0.000000000000000000e+00 1.358560055907092279e+00 1.048762202571505153e-01 1.779250143812641859e+09 1.078438158693005323e+09
1.070000000000000000e+02 6.200000000000200000e+13 0.000000000000000000e+00 1.241714286162074021e+00 9.087534567092690752e-02 3.180817469127715513e-02 1.085716124376291322e-02 0.000000000000000000e+00 1.378252773993727587e+00 6.872533888048329431e-02 5.054536152850249410e+08 1.725277057126246989e+08
1.080000000000000000e+02 6.200000000000100000e+13 0.000000000000000000e+00 1.018582275968000550e+00 1.369582304952452756e-01 2.707242376793146943e-01 1.055084224904562773e-01 0.000000000000000000e+00 1.494842324731171512e+00 1.025810939698591634e-01 2.389546239293656826e+09 1.183192578513412237e+09
1.090000000000000000e+02 6.200000000004300000e+13 0.000000000000000000e+00 1.160461968933682808e+00 6.771831707568275183e-02 -1.000000000000000000e+00 -1.000000000000000000e+00 0.000000000000000000e+00 1.153966509558342457e+00 2.919355090114828313e-02 -1.000000000000000000e+00 -1.000000000000000000e+00
1.100000000000000000e+02 6.200000000000300000e+13 0.000000000000000000e+00 1.038430988109073860e+00 6.492180292881694070e-02 1.463483268228661094e-01 6.405044253056554893e-02 0.000000000000000000e+00 1.216524615069943360e+00 8.822447522920798257e-02 1.205542124908177137e+09 8.223936504188294411e+08
1.110000000000000000e+02 6.200000000001000000e+13 0.000000000000000000e+00 1.075390820204126019e+00 9.760869067971347790e-02 1.181193459739243307e-01 1.147146973550808441e-01 0.000000000000000000e+00 8.941408834807516026e-01 1.195611158748805941e-01 1.791624467852820396e+09 1.739983039264925003e+09
1.120000000000000000e+02 6.200000000000300000e+13 0.000000000000000000e+00 1.127442089623126309e+00 1.046846800621565043e-01 1.782308163637066067e-01 1.015138802254398065e-01 0.000000000000000000e+00 9.288078057241305752e-01 1.199366219352293872e-01 2.295837382793262959e+09 1.307626626241614819e+09
1.130000000000000000e+02 6.200000000000800000e+13 0.000000000000000000e+00 1.188513565548621198e+00 4.587690334351297861e-02 9.636105556151096374e-02 3.434892377526993501e-02 0.000000000000000000e+00 1.210973743685781923e+00 9.078286710803247506e-02 7.811361823092105389e+08 4.532495163957449794e+08
1.140000000000000000e+02 6.200000000000200000e+13 0.000000000000000000e+00 1.737170193135877838e+00 2.532501958467198167e-01 2.415428449063095062e-01 1.478426764262404103e-01 0.000000000000000000e+00 1.181495930952406237e+00 2.645053717558262241e-01 3.573425003870442867e+09 2.524530203768568993e+09
1.150000000000000000e+02 6.200000000000900000e+13 0.000000000000000000e+00 1.125959125265095562e+00 1.785939084434361723e-01 1.638231594143122194e-01 6.820169107032378331e-02 0.000000000000000000e+00 1.131404240280518669e+00 2.234896005269263186e-01 1.362899493257316113e+09 6.322356503171613216e+08
1.160000000000000000e+02 6.200000000000300000e+13 0.000000000000000000e+00 1.139757171863384988e+00 9.188712345922686597e-02 1.217988833541513022e-01 1.126102725398425847e-01 0.000000000000000000e+00 1.007295206023236078e+00 1.134177048297149992e-01 1.521912953221109390e+09 1.407098552339105129e+09
1.170000000000000000e+02 6.200000000000200000e+13 0.000000000000000000e+00 1.236034986391440160e+00 3.638377819820337589e-02 6.333604489337822663e-02 4.745517396184063125e-02 0.000000000000000000e+00 1.228078693670088040e+00 3.668698110992319600e-02 7.657340359566327333e+08 6.925570093392168283e+08
1.180000000000000000e+02 6.200000000000100000e+13 0.000000000000000000e+00 1.263432679878039311e+00 8.408953076041028596e-02 1.574105201526337372e-01 6.477350579779395101e-02 0.000000000000000000e+00 1.095881659482081494e+00 9.104521015308582321e-02 1.586403520701421022e+09 8.850609344311410189e+08
1.190000000000000000e+02 6.200000000000100000e+13 0.000000000000000000e+00 1.591882184825244906e+00 2.560519914906810302e-01 4.444525740226514254e-01 2.256973261364700056e-01 0.000000000000000000e+00 1.554335287522888631e+00 2.639271613190409815e-01 2.626942842297957897e+09 1.095199498618334055e+09
1.200000000000000000e+02 6.200000000000100000e+13 0.000000000000000000e+00 1.900687260439948734e+00 7.822080147113978643e-02 9.692381164197839960e-02 5.073370177865251657e-02 0.000000000000000000e+00 2.352522684771735317e+00 8.479534290735420143e-02 6.934616358695852757e+08 1.535243422855251431e+08
1.210000000000000000e+02 6.200000000000300000e+13 0.000000000000000000e+00 1.599321224132458363e+00 3.047021160398168116e-02 8.960730570964244024e-02 4.983376647965865464e-02 0.000000000000000000e+00 1.490440770869338571e+00 5.739438272716478051e-02 8.629982721729370356e+08 6.607280323592960835e+08
1.220000000000000000e+02 6.200000000000100000e+13 0.000000000000000000e+00 1.096842908749782630e+00 4.671825770812415568e-02 1.727703034114606018e-01 6.478495189891701755e-02 0.000000000000000000e+00 1.173972117862204012e+00 6.392636620676055148e-02 2.373887821594258308e+09 9.655223444220741987e+08
1.230000000000000000e+02 6.200000000013900000e+13 0.000000000000000000e+00 1.016064048355526772e+00 8.634498006898676248e-02 -1.000000000000000000e+00 -1.000000000000000000e+00 0.000000000000000000e+00 9.518817039184223061e-01 1.200787591225768863e-01 -1.000000000000000000e+00 -1.000000000000000000e+00
1.240000000000000000e+02 6.200000000000100000e+13 0.000000000000000000e+00 1.118946797100090373e+00 6.572009407168415140e-02 1.061896588574449685e-01 5.184898467164555935e-02 0.000000000000000000e+00 1.413202081487445527e+00 9.541818708763054324e-02 1.134241284763834476e+09 7.567077438474048376e+08
1.250000000000000000e+02 6.200000000000300000e+13 0.000000000000000000e+00 1.210679366440888804e+00 6.205831877207085290e-02 8.894078009562408904e-02 3.457652927168868712e-02 0.000000000000000000e+00 1.431750099045094204e+00 3.775710391263517596e-02 8.377274198786458969e+08 3.524274555458630919e+08
1.260000000000000000e+02 6.200000000000100000e+13 0.000000000000000000e+00 1.199086268515080489e+00 6.958878550853743461e-02 3.025088972819420241e-01 1.798553812382981398e-01 0.000000000000000000e+00 1.259648984780199488e+00 1.518931574032943710e-01 1.700174228455735683e+09 9.218232556852859259e+08
1.270000000000000000e+02 6.200000000000500000e+13 0.000000000000000000e+00 1.184706186705976272e+00 3.716474061950373470e-02 8.779250583222191623e-03 5.668744403331195565e-03 0.000000000000000000e+00 1.279051855691003770e+00 5.219200350322331788e-02 1.403417529213324487e+08 9.061838694374105334e+07
1.280000000000000000e+02 6.200000000000100000e+13 0.000000000000000000e+00 1.640805283399858316e+00 1.277530287334695813e-01 1.501275277706328182e-01 5.599008213048757565e-02 0.000000000000000000e+00 1.551499182361901985e+00 1.795170070238319426e-01 1.709603451700156212e+09 6.999439218672165871e+08
1.290000000000000000e+02 6.200000000000100000e+13 0.000000000000000000e+00 1.170950922510175296e+00 3.195530598960458213e-02 9.968076831647235125e-02 2.808483418772399556e-02 0.000000000000000000e+00 1.322488758838910483e+00 3.849042282238376855e-02 5.937149948390238285e+08 1.693981678031545281e+08
1.300000000000000000e+02 6.200000000003700000e+13 0.000000000000000000e+00 1.243580273928393876e+00 6.520505638092304046e-02 5.665529925253889876e-03 5.665529925253889876e-03 0.000000000000000000e+00 1.266539575954751529e+00 5.204555561370319272e-02 8.004033683847457170e+07 8.004033683847457170e+07
1.310000000000000000e+02 6.200000000000100000e+13 0.000000000000000000e+00 1.296006437922951893e+00 1.340418547680723854e-02 5.108119561607439574e-02 3.207399535038193278e-02 0.000000000000000000e+00 1.497560964066454225e+00 2.953476390827752471e-02 1.040598271569514573e+08 5.055960136923683435e+07
1.320000000000000000e+02 6.200000000002200000e+13 0.000000000000000000e+00 1.112196102285118116e+00 6.987554544989757477e-02 3.878777200246674196e-03 3.878777200246674196e-03 0.000000000000000000e+00 1.374084636924386649e+00 5.266655057262525225e-02 6.578586125043798238e+07 6.578586125043798238e+07
1.330000000000000000e+02 6.200000000000100000e+13 0.000000000000000000e+00 1.142480192572691955e+00 4.979308971145234713e-02 4.855383174392597506e-02 1.322555807031169234e-02 0.000000000000000000e+00 1.195108743528233042e+00 3.156481146191176396e-02 6.190555256499851942e+08 1.898002787920009792e+08
1.340000000000000000e+02 6.200000000002000000e+13 0.000000000000000000e+00 1.312979542978127023e+00 9.138955522277709964e-02 1.829812792511700537e-01 8.895888776727539637e-02 0.000000000000000000e+00 1.244990608310976299e+00 7.684648384284506473e-02 8.676170149890753031e+08 8.676170149890753031e+08
1.350000000000000000e+02 6.200000000000100000e+13 0.000000000000000000e+00 1.123565058337512523e+00 1.616538333998608912e-01 1.937543260804405476e-01 1.303966145264452148e-01 0.000000000000000000e+00 9.223352616585028807e-01 1.501034483341558978e-01 2.845972062225149632e+09 2.026101754820760965e+09
1.360000000000000000e+02 6.200000000001400000e+13 0.000000000000000000e+00 1.486162650550138853e+00 7.177879632550746014e-02 9.934711487026025301e-02 8.825868872539519017e-02 0.000000000000000000e+00 1.449932919166286194e+00 9.669752646811842489e-02 1.268797273928832293e+09 1.127183047052299500e+09
1.370000000000000000e+02 6.200000000000100000e+13 0.000000000000000000e+00 1.256414330155792625e+00 5.926760330760627582e-02 1.212200245421222317e-01 5.279237616953622036e-02 0.000000000000000000e+00 1.480557270579567319e+00 5.326807371809400699e-02 8.802979574192371368e+08 1.435122862272150815e+08
1.380000000000000000e+02 6.200000000000100000e+13 0.000000000000000000e+00 1.054713340671617816e+00 1.358894231073531078e-01 2.890162438769604547e-01 6.994480441564675244e-02 0.000000000000000000e+00 9.545986517660898230e-01 2.259271088706535369e-01 2.909907258307569027e+09 9.921653520404903889e+08
1.390000000000000000e+02 6.200000000000200000e+13 0.000000000000000000e+00 1.304255288607768737e+00 1.672906581191140607e-01 2.365759930122306454e-01 1.316582278739344414e-01 0.000000000000000000e+00 1.125740541442081577e+00 2.341452824390544418e-01 2.852887926726187229e+09 1.745306099210396767e+09
1.400000000000000000e+02 6.200000000000400000e+13 0.000000000000000000e+00 1.115698117459561489e+00 3.182810150591866560e-02 1.567935860250184443e-01 5.084170494022743209e-02 0.000000000000000000e+00 9.514319727058977438e-01 8.750961786787206376e-02 1.657027590407425642e+09 8.509732779751400948e+08
1.410000000000000000e+02 6.200000000000500000e+13 0.000000000000000000e+00 9.930724115093713111e-01 5.833358863252688375e-02 7.089132173941056769e-02 3.240857570860201931e-02 0.000000000000000000e+00 1.196362199187182007e+00 5.228969179431301739e-02 8.901646393101319075e+08 4.469112796334465742e+08
1.420000000000000000e+02 6.200000000000500000e+13 0.000000000000000000e+00 8.221416033118092992e-01 6.441638551240802535e-02 1.029854757381642311e-02 9.217980321163271942e-03 0.000000000000000000e+00 1.087835005179602632e+00 2.652375802322090234e-02 1.693480991320818290e+07 1.693480991320818290e+07
1.430000000000000000e+02 6.200000000000100000e+13 0.000000000000000000e+00 1.298004737946905518e+00 1.295100008697246396e-01 3.303671503280403154e-01 1.563880701087128899e-01 0.000000000000000000e+00 1.098267842637005831e+00 6.732258326197461396e-02 1.922621585450240850e+09 4.746785618479431272e+08
1.440000000000000000e+02 6.200000000001100000e+13 0.000000000000000000e+00 1.547148468027498502e+00 5.870344213158664587e-02 1.033988534177193275e+00 1.000000000000000000e+00 0.000000000000000000e+00 1.547148468027498502e+00 5.870392154584888611e-02 1.008533301892832565e+10 9.753815139694784164e+09
1.450000000000000000e+02 6.200000000000100000e+13 0.000000000000000000e+00 1.455589859877319148e+00 5.801271949930339455e-02 5.365525699982536673e-02 4.182470846188175717e-02 0.000000000000000000e+00 1.680614169979636197e+00 3.300096363052970605e-02 6.818764819220076799e+08 6.200824542286745310e+08
1.460000000000000000e+02 6.200000000000100000e+13 0.000000000000000000e+00 1.291680580729068328e+00 1.376556215255297644e-01 1.768626813421905197e-01 7.922473364653542793e-02 0.000000000000000000e+00 1.168729495334432933e+00 1.798089858177330524e-01 2.096601102952735424e+09 1.004705124832713366e+09
1.470000000000000000e+02 6.200000000000400000e+13 0.000000000000000000e+00 1.133067326465478475e+00 1.508461006989153808e-01 1.675348994753841636e-01 1.106387214013728609e-01 0.000000000000000000e+00 9.275862159556050868e-01 2.037879432194721063e-01 2.249028062064343929e+09 1.485240328801862001e+09
1.480000000000000000e+02 6.200000000000300000e+13 0.000000000000000000e+00 1.200135701138057120e+00 6.143075735600950910e-02 9.838321222186922899e-02 4.405394319356252530e-02 0.000000000000000000e+00 1.368229341766392659e+00 8.763396751847198074e-02 1.190711661194859982e+09 6.211256697584941387e+08
1.490000000000000000e+02 6.200000000000600000e+13 0.000000000000000000e+00 1.880740297189504862e+00 2.144601115731198659e-01 2.631853953285910874e-01 1.235460299058089850e-01 0.000000000000000000e+00 1.828099428924521375e+00 2.460950630279223061e-01 1.921617163350184202e+09 1.285238605154315710e+09
1.500000000000000000e+02 6.200000000000800000e+13 0.000000000000000000e+00 1.236797967142588606e+00 9.803044130141543022e-02 1.114595098684590391e-01 2.731197573209838067e-02 0.000000000000000000e+00 1.518561712511260486e+00 1.322370047196221310e-01 8.824369762583390474e+08 4.188929086915396452e+08
1.510000000000000000e+02 6.200000000000100000e+13 0.000000000000000000e+00 1.308049173696554712e+00 2.091387008370888256e-01 1.894904295559355356e-01 1.477861547230426564e-01 0.000000000000000000e+00 1.239074313732179577e+00 2.254281953409190409e-01 2.571405706084537983e+09 2.159241586590944767e+09
1.520000000000000000e+02 6.200000000000100000e+13 0.000000000000000000e+00 1.170224187021434270e+00 1.828861519497455845e-02 1.656942349874325829e-02 1.354414598209225870e-02 0.000000000000000000e+00 1.218236690471369288e+00 2.278160725692168070e-02 2.099778233034465313e+08 1.716396645930113792e+08
1.530000000000000000e+02 6.200000000000100000e+13 0.000000000000000000e+00 1.385425655928009148e+00 1.435240739735190174e-01 1.821787680856499225e-01 7.187928191551128110e-02 0.000000000000000000e+00 1.313825496600552478e+00 2.141488663589578567e-01 1.804455658471751451e+09 8.821647379737938643e+08
1.540000000000000000e+02 6.200000000000200000e+13 0.000000000000000000e+00 1.331058622056581209e+00 1.147750732146262526e-01 2.318378765770545968e-01 1.411148817945996892e-01 0.000000000000000000e+00 1.211814339275916419e+00 1.909286698276719541e-01 3.177326843293045044e+09 1.933972604192158937e+09
1.550000000000000000e+02 6.200000000001000000e+13 0.000000000000000000e+00 1.305981295932429065e+00 1.105185180309534304e-01 1.259569912786121237e-01 4.857241060839814079e-02 0.000000000000000000e+00 1.482598127962243106e+00 1.198269882847040474e-01 1.420957750583732605e+09 6.511331653202326298e+08
1.560000000000000000e+02 6.200000000000100000e+13 0.000000000000000000e+00 1.189925984611848175e+00 2.446718176521092136e-01 2.344488662750665864e-01 8.369952846539942259e-02 0.000000000000000000e+00 1.447085327831758139e+00 2.396131563565965239e-01 1.684321237327606440e+09 8.526023296802843809e+08
1.570000000000000000e+02 6.200000000000100000e+13 0.000000000000000000e+00 1.128952490509265161e+00 1.074977919558651462e-01 1.889306251476420562e-01 7.987034801385074767e-02 0.000000000000000000e+00 1.077906714526088994e+00 1.280150206765053589e-01 2.499361740921020031e+09 1.230472975808734417e+09
1.580000000000000000e+02 6.200000000001500000e+13 0.000000000000000000e+00 1.234022371678714869e+00 2.221293283758399850e-01 2.189645723713546654e-01 1.595574651870915184e-01 0.000000000000000000e+00 1.101839374881737665e+00 2.797215667964996211e-01 2.486912501477950573e+09 1.990637392152061939e+09
1.590000000000000000e+02 6.200000000002300000e+13 0.000000000000000000e+00 1.053596674722613313e+00 6.525751694021511562e-02 7.735505419712629394e-02 3.198332673124707620e-02 0.000000000000000000e+00 9.089579223557532339e-01 9.084604144260838288e-02 9.661351176012992859e+08 3.994595499090491533e+08
1.600000000000000000e+02 6.200000000000100000e+13 0.000000000000000000e+00 2.664544492026870159e+00 1.845220082620188939e-01 1.770511955822997030e-01 8.442897640450622299e-02 0.000000000000000000e+00 2.232080870125800587e+00 2.269385362279520701e-01 2.159123655750743866e+09 1.083671383996984243e+09
1.610000000000000000e+02 6.200000000000200000e+13 0.000000000000000000e+00 1.257016672545817393e+00 1.113146659803310873e-01 2.097677049869832167e-01 1.224513955866249892e-01 0.000000000000000000e+00 1.285494553361728132e+00 1.554421585362423530e-01 2.607713562836730480e+09 1.540164482715500355e+09
1.620000000000000000e+02 6.200000000000400000e+13 0.000000000000000000e+00 1.138722790003824148e+00 1.166213347657484994e-01 1.674353047952712725e-01 8.535286720225207513e-02 0.000000000000000000e+00 1.224731489922024519e+00 1.277136742561579275e-01 1.388713592086145639e+09 1.274759726017360449e+09
1.630000000000000000e+02 6.200000000000100000e+13 0.000000000000000000e+00 9.465382996113329561e-01 9.231949552735510545e-02 2.108661114623352761e-01 1.451599961095171032e-01 0.000000000000000000e+00 1.042914250632165807e+00 3.378423329387163221e-02 9.913318811682459116e+08 3.917349947701764107e+08
1.640000000000000000e+02 6.200000000003900000e+13 0.000000000000000000e+00 -7.611594853568462993e-01 2.641196225644879547e-01 5.688540187926721670e-01 5.038937335226120195e-01 0.000000000000000000e+00 1.313208155399298249e+00 1.193247911178290793e-01 1.161017615479912758e+09 5.906198336381334066e+08
1.650000000000000000e+02 6.200000000000600000e+13 0.000000000000000000e+00 9.410782142559841468e-01 2.199714512673293931e-01 2.198193000140354347e-01 1.790124149898562056e-01 0.000000000000000000e+00 4.835000973905432264e-01 2.538703423814920312e-01 3.946589833145624638e+09 3.213951536378756046e+09
1.660000000000000000e+02 6.200000000000100000e+13 0.000000000000000000e+00 1.284921055617405328e+00 2.860950543701761689e-02 7.180671358168355667e-02 2.799257672833594182e-02 0.000000000000000000e+00 1.332181303856506682e+00 1.571193277378913136e-02 6.617506256681296825e+08 3.566053636285166144e+08
1.670000000000000000e+02 6.200000000000100000e+13 0.000000000000000000e+00 1.040022514693190736e+00 1.698805479771443305e-01 2.367772962229482969e-01 1.092856989654753253e-01 0.000000000000000000e+00 1.252122538864610224e+00 1.967187675525092216e-01 1.666943339167162895e+09 5.705902156811878681e+08
1.680000000000000000e+02 6.200000000004100000e+13 0.000000000000000000e+00 1.241753207958743888e+00 7.727688046822582535e-02 3.050772775741827925e-02 2.746675409675324031e-02 0.000000000000000000e+00 1.124895748021810915e+00 1.062458026147641704e-01 4.341249603250508308e+08 3.908519056982694864e+08
1.690000000000000000e+02 6.200000000001300000e+13 0.000000000000000000e+00 1.171215266692742674e+00 1.905144963702500721e-02 6.494823655313605726e-02 2.519650722749550154e-02 0.000000000000000000e+00 1.108932673411620939e+00 4.440904147373517935e-02 9.046775845252732038e+08 3.509674243179057837e+08
1.700000000000000000e+02 6.200000000001200000e+13 0.000000000000000000e+00 1.064949025687287110e+00 1.016413801758598162e-01 1.257635847046288669e-01 8.583311861503213624e-02 0.000000000000000000e+00 1.346904170206721485e+00 1.137563460725871112e-01 2.314176545878238201e+09 1.579415777826355696e+09
1.710000000000000000e+02 6.200000000001300000e+13 0.000000000000000000e+00 1.316887741101650855e+00 1.050901180051457273e-01 9.501071610066505468e-02 3.594991367147181566e-02 0.000000000000000000e+00 1.587996141817708651e+00 1.116548470821073502e-01 9.148395393381016254e+08 6.283722255896337032e+08
1.720000000000000000e+02 6.200000000000200000e+13 0.000000000000000000e+00 1.253828671162293018e+00 9.775613531285888558e-02 7.493968046712244646e-02 1.829112995510695158e-02 0.000000000000000000e+00 1.333103020843082742e+00 1.044711433757741642e-01 8.382560473019415140e+08 2.165043152125883698e+08
1.730000000000000000e+02 6.200000000000100000e+13 0.000000000000000000e+00 9.614383332987062047e-01 1.126417988071945903e-01 4.076279407617643957e-01 2.153098818328193775e-01 0.000000000000000000e+00 9.925526720996349361e-01 6.398527325433663038e-02 2.206691495595627308e+09 6.117008318544411659e+08
1.740000000000000000e+02 6.200000000000100000e+13 0.000000000000000000e+00 1.225347033820429088e+00 4.913967527227746518e-02 9.197511361446307487e-02 3.497957737284816682e-02 0.000000000000000000e+00 1.167307424072219213e+00 7.391506977146482249e-02 1.234762942814738274e+09 5.116159924840914607e+08
1.750000000000000000e+02 6.200000000000400000e+13 0.000000000000000000e+00 1.166360985538872574e+00 1.350608283749858973e-01 1.594348747263582278e-01 7.203757720170357592e-02 0.000000000000000000e+00 1.154088094730671310e+00 1.555715795463656348e-01 9.209605607663868666e+08 9.209605607663868666e+08
1.760000000000000000e+02 6.200000000000100000e+13 0.000000000000000000e+00 1.145106899828454816e+00 4.953832397230517604e-02 6.105013681887624943e-02 3.679585808860974527e-02 0.000000000000000000e+00 1.245305260407143733e+00 4.771293198323990625e-02 7.643268937662098408e+08 5.910229746675430536e+08
1.770000000000000000e+02 6.200000000001200000e+13 0.000000000000000000e+00 1.551718211371114986e+00 8.016191857214501060e-02 2.641179604661277325e-01 1.345149001904704655e-01 0.000000000000000000e+00 1.984689572810042435e+00 1.067564734125813902e-01 2.043254123106207609e+09 1.189604951343700886e+09
1.780000000000000000e+02 6.200000000000100000e+13 0.000000000000000000e+00 1.220433050394601704e+00 1.694829033480494684e-01 1.703190161922020218e-01 5.120196410825977873e-02 0.000000000000000000e+00 1.143135119241982300e+00 1.808871425321427195e-01 1.348757170923952341e+09 3.489047939705737233e+08
1.790000000000000000e+02 6.200000000000100000e+13 0.000000000000000000e+00 1.900132397965855535e+00 1.236392584451886933e-01 1.466245708390252200e-01 5.057049512327929652e-02 0.000000000000000000e+00 1.815315759221850511e+00 1.638807998493304607e-01 1.760348020953058958e+09 6.256711235379981995e+08
1.800000000000000000e+02 6.200000000000100000e+13 0.000000000000000000e+00 1.199695972093484331e+00 5.670484258195570421e-02 1.731431190413385002e-01 3.028777430254613046e-02 0.000000000000000000e+00 1.177337123396560825e+00 7.048331022997564310e-02 1.557246186700057983e+09 3.958250658119893670e+08
1.810000000000000000e+02 6.200000000000300000e+13 0.000000000000000000e+00 1.370143149675153493e+00 9.728651186485143265e-02 9.509129346072214828e-02 2.923760871457361035e-02 0.000000000000000000e+00 1.411422693634633907e+00 1.199640212833455316e-01 9.732212062312029600e+08 4.248386507967140079e+08
1.820000000000000000e+02 6.200000000000100000e+13 1.000000000000000000e+00 1.135203672944747666e+00 3.265844147148786597e-02 8.815248995766666873e-02 3.259504713472280435e-02 0.000000000000000000e+00 1.328716265781413108e+00 2.557153669594856155e-02 5.569718848337167501e+08 4.720580034914379716e+08
1.830000000000000000e+02 6.200000000000100000e+13 0.000000000000000000e+00 1.300634208197039010e+00 1.097356856359075622e-01 1.245660247592847297e-01 2.847808999803497568e-02 0.000000000000000000e+00 1.192761627835865257e+00 1.246124790290474987e-01 1.546194851800705433e+09 3.615838302867954969e+08
1.840000000000000000e+02 6.200000000000500000e+13 0.000000000000000000e+00 1.475260566254750216e+00 1.586150935289507014e-01 1.911754794599405671e-01 1.164699083811944480e-01 0.000000000000000000e+00 1.163612903768602047e+00 2.130315056177022603e-01 2.337492756881282330e+09 1.453087499121183395e+09
1.850000000000000000e+02 6.200000000000200000e+13 0.000000000000000000e+00 1.081721109103666034e+00 4.272909324397396180e-02 6.853528369915870555e-02 4.018859058583266336e-02 0.000000000000000000e+00 1.219451613586144623e+00 2.840761830789474002e-02 1.319541805438141376e+08 1.093311531288839132e+08
1.860000000000000000e+02 6.200000000000300000e+13 0.000000000000000000e+00 1.023497038446844476e+00 2.985277841777494653e-02 1.844465623216582362e-01 1.483352948083261069e-01 0.000000000000000000e+00 1.314340205329159073e+00 8.556924429442178126e-02 5.345148188285389543e+08 1.669114006925176680e+08
1.870000000000000000e+02 6.200000000000200000e+13 0.000000000000000000e+00 9.799870606908610560e-01 1.978391145588096756e-01 2.881659100069067225e-01 2.180440715101177040e-01 0.000000000000000000e+00 1.477126045480552818e+00 1.031088517199780785e-01 7.825671215371229649e+08 4.023795885253053308e+08
1.880000000000000000e+02 6.200000000000100000e+13 0.000000000000000000e+00 1.382317107516858101e+00 1.331892580649406133e-01 1.638262158340708097e-01 6.651662648641500086e-02 0.000000000000000000e+00 1.315784493451964243e+00 1.596630716240836911e-01 1.753150891203194380e+09 8.045401092577409744e+08
1.890000000000000000e+02 6.200000000001100000e+13 1.000000000000000000e+00 1.083168148526505226e+00 3.515208815083680632e-02 7.076286592199741710e-02 3.233171207790606211e-02 0.000000000000000000e+00 1.246404081507491934e+00 6.063823381334060292e-02 9.754834009611485004e+08 4.457005527647543550e+08
1.900000000000000000e+02 6.200000000000100000e+13 0.000000000000000000e+00 1.170884888349629227e+00 2.450620314894636290e-02 7.528714048106448231e-02 4.389798703514159045e-02 0.000000000000000000e+00 1.211590497946987588e+00 2.385393423415598305e-02 1.021857319324989200e+09 6.878164471881077290e+08
1.910000000000000000e+02 6.200000000000100000e+13 0.000000000000000000e+00 1.178911718459667135e+00 1.125057164107314683e-01 2.236071971717022988e-01 1.419992092535721506e-01 0.000000000000000000e+00 1.473701637057737601e+00 6.293124202786976040e-02 7.491712548310110569e+08 2.194220328979223371e+08
1.920000000000000000e+02 6.200000000042000000e+13 0.000000000000000000e+00 4.919004822101333829e-01 2.134016368242305506e-01 2.800856262696032606e-01 2.800856262696032606e-01 0.000000000000000000e+00 4.919004822101333829e-01 2.134313919262807446e-01 2.626022430687444687e+09 2.626022430687444687e+09
1.930000000000000000e+02 6.200000000000100000e+13 0.000000000000000000e+00 1.643220102123769566e+00 1.602755004816309170e-01 2.253688988236185464e-01 7.329241571792102783e-02 0.000000000000000000e+00 1.391025258343324467e+00 1.863064012902041766e-01 2.616106714879257679e+09 8.568166353623639345e+08
1.940000000000000000e+02 6.200000000000100000e+13 0.000000000000000000e+00 1.172199583912308496e+00 1.363252582881728792e-01 1.442866446981548589e-01 1.015633148043360023e-01 0.000000000000000000e+00 1.112848326348823580e+00 1.662663446019018443e-01 1.956284894452162027e+09 1.377028199649811268e+09
1.950000000000000000e+02 6.200000000000200000e+13 0.000000000000000000e+00 1.178324861589598482e+00 1.048510355087735740e-01 3.114027116782595028e-01 6.998337342886529200e-02 0.000000000000000000e+00 1.182019665219545157e+00 1.180609673263396525e-01 3.291859320053078175e+09 9.638580081961747408e+08
1.960000000000000000e+02 6.200000000000100000e+13 0.000000000000000000e+00 9.966346282577518423e-01 5.103778011698287959e-02 3.231793581650321823e-02 1.639783962223338720e-02 0.000000000000000000e+00 1.156901021886334702e+00 3.829627613446325712e-02 4.307291388448808193e+08 2.401987382200900018e+08
1.970000000000000000e+02 6.200000000000100000e+13 0.000000000000000000e+00 1.353530348147362838e+00 5.938149588028845266e-02 6.295327342107623347e-02 2.094750371130528477e-02 0.000000000000000000e+00 1.666914540139987633e+00 4.558572116886809578e-02 5.246986244146300554e+08 1.927692816171305180e+08
1.980000000000000000e+02 6.200000000000200000e+13 0.000000000000000000e+00 1.477105506503991972e+00 8.370205266262674415e-02 1.590718725184145088e-01 8.432806746762644412e-02 0.000000000000000000e+00 1.668180945894509604e+00 5.524485550267545925e-02 7.216731268095179796e+08 4.352388805516672134e+08
1.990000000000000000e+02 6.200000000000500000e+13 0.000000000000000000e+00 1.158773867469547358e+00 3.907343225109705803e-02 8.073906729062449439e-02 4.330697649400247484e-02 0.000000000000000000e+00 1.318014327918004325e+00 3.227226742805097692e-02 1.164868046939148188e+09 6.248141676670843363e+08
2.000000000000000000e+02 6.200000000000100000e+13 1.000000000000000000e+00 1.127413038897997932e+00 3.771465786651034130e-02 4.789580916666666410e-02 9.756499999999999548e-03 0.000000000000000000e+00 1.471789373550118407e+00 4.050922805424933548e-02 3.697500864490481615e+08 1.468483924813121557e+08
2.010000000000000000e+02 6.200000000000100000e+13 0.000000000000000000e+00 1.328195787711059506e+00 2.332689841304035755e-02 7.883096994457225448e-02 2.719398072719234408e-02 0.000000000000000000e+00 1.535611044325045693e+00 3.604833332454773775e-02 1.028667663964223981e+09 3.913987221229011416e+08
2.020000000000000000e+02 6.200000000000200000e+13 0.000000000000000000e+00 1.144867027670355863e+00 1.455763983764862268e-01 1.415462775992536448e-01 4.952430807504924065e-02 0.000000000000000000e+00 1.621274972060625652e+00 5.843319877121610356e-02 6.768492178439260721e+08 3.314493540638859272e+08
2.030000000000000000e+02 6.200000000000100000e+13 0.000000000000000000e+00 1.201224669959604308e+00 1.938921315888690322e-01 2.158219447442056016e-01 1.170981635518034969e-01 0.000000000000000000e+00 1.284401073609194421e+00 2.024624351203586359e-01 1.175787793780752897e+09 8.636761103932173252e+08
2.040000000000000000e+02 6.200000000001100000e+13 0.000000000000000000e+00 1.101010061302998499e+00 1.191797175288778626e-01 1.299501552171626606e-01 6.217366227685765939e-02 0.000000000000000000e+00 1.164144939553745761e+00 1.157805625253907622e-01 8.654566232045475245e+08 8.654566232045475245e+08
2.050000000000000000e+02 6.200000000000500000e+13 0.000000000000000000e+00 1.375579815400286732e+00 9.212341729962944537e-02 1.244689451401615465e-01 3.965417769632797323e-02 0.000000000000000000e+00 1.489436018787934968e+00 9.902188036403240801e-02 1.237573614022785902e+09 4.936839818147025704e+08
2.060000000000000000e+02 6.200000000002800000e+13 0.000000000000000000e+00 1.176064526396959131e+00 2.230142091471049304e-01 4.571208662403524192e-01 3.332406974161196134e-01 0.000000000000000000e+00 1.387627331481403603e+00 9.629019239083375092e-02 1.094622602688109636e+09 1.094622602688109636e+09
2.070000000000000000e+02 6.200000000000600000e+13 0.000000000000000000e+00 1.317055235186037843e+00 8.869390391845669019e-02 1.002237269317910462e-01 2.960902653610550037e-02 0.000000000000000000e+00 1.490236221029453301e+00 8.986908044003021068e-02 9.399009242578580379e+08 4.014131483166302443e+08
2.080000000000000000e+02 6.200000000000600000e+13 0.000000000000000000e+00 1.314786658762642890e+00 3.166316683253072445e-02 4.235380600858369010e-02 3.229551931330472414e-02 0.000000000000000000e+00 1.456195745171928957e+00 3.431099843963936885e-02 4.497089760481307507e+08 4.113181401798523664e+08
2.090000000000000000e+02 6.200000000000100000e+13 0.000000000000000000e+00 5.679180361567366386e-01 1.311645244043554981e-01 1.152194442561731424e-01 3.260469583531018511e-02 0.000000000000000000e+00 1.436405986795848522e+00 8.260586220884573450e-02 2.910935660960888863e+08 1.255445119339319021e+08
2.100000000000000000e+02 6.200000000000700000e+13 0.000000000000000000e+00 1.163418476241492527e+00 1.323034989543901141e-01 2.025742629144157425e-01 8.321354624299086289e-02 0.000000000000000000e+00 1.400138260691456082e+00 1.432666541994993548e-01 1.358636647989807844e+09 1.190242701082741499e+09
2.110000000000000000e+02 6.200000000000100000e+13 0.000000000000000000e+00 1.434922160845080841e+00 5.813092704925915122e-02 1.126384403729499412e-01 5.198595339963479889e-02 0.000000000000000000e+00 1.410758190044637761e+00 6.678877448033963826e-02 1.567755664923956633e+09 7.235653536119341850e+08
2.120000000000000000e+02 6.200000000000100000e+13 0.000000000000000000e+00 1.164232053319867566e+00 3.426007638278157769e-02 5.799366459045841166e-02 1.548101425064875476e-02 0.000000000000000000e+00 1.213876454747354838e+00 3.387154398462687011e-02 5.635995636167062521e+08 2.186955362305606306e+08
2.130000000000000000e+02 6.200000000000600000e+13 0.000000000000000000e+00 1.233883658243378534e+00 3.843434087466011950e-02 7.671471361939881384e-02 5.231446261859638847e-02 0.000000000000000000e+00 1.367180251989095652e+00 7.032140408765054362e-02 9.782694633599034548e+08 7.526967601803139448e+08
2.140000000000000000e+02 6.200000000000100000e+13 0.000000000000000000e+00 1.348387219207284105e+00 6.442888104295432794e-02 8.729404648382459164e-02 4.140264028537751079e-02 0.000000000000000000e+00 1.476854123148965803e+00 7.540296153360080689e-02 1.020994817257976532e+09 5.434777305981178284e+08
2.150000000000000000e+02 6.200000000000100000e+13 0.000000000000000000e+00 1.080808876276575736e+00 8.657887084718271509e-02 2.524235926964163990e-01 9.642245624668535631e-02 0.000000000000000000e+00 1.651092338605745002e+00 3.190555692354173772e-02 1.080494056345231771e+09 3.496553185019494891e+08
2.160000000000000000e+02 6.200000000000300000e+13 0.000000000000000000e+00 1.289088754495876454e+00 1.351542046850024992e-01 1.651634828167986013e-01 6.298177218243590503e-02 0.000000000000000000e+00 1.025023417778479828e+00 1.900757094144680803e-01 1.207374537819891453e+09 5.480337845040600300e+08
2.170000000000000000e+02 6.200000000000700000e+13 0.000000000000000000e+00 1.516913233197842548e+00 1.664789290203645133e-01 2.434970714957964688e-01 8.459563616896965954e-02 0.000000000000000000e+00 1.440472128649170180e+00 1.583718520090624804e-01 2.072954483718872786e+09 9.164209829080483913e+08
2.180000000000000000e+02 6.200000000000100000e+13 0.000000000000000000e+00 1.204384540048160313e+00 8.554491564550865956e-02 6.953140446846371725e-02 6.513188913505264799e-02 0.000000000000000000e+00 1.201771042226687847e+00 1.102400002432515763e-01 8.533103803975204229e+08 8.533103803975204229e+08
2.190000000000000000e+02 6.200000000000500000e+13 0.000000000000000000e+00 1.461328046949704085e+00 3.167960125975374797e-02 2.498789907243166228e-02 1.250189286010493055e-02 0.000000000000000000e+00 1.619175218270262562e+00 4.229021496282926729e-02 1.699659089922448099e+08 1.386893952321840525e+08
2.200000000000000000e+02 6.200000000000800000e+13 0.000000000000000000e+00 1.058890937093945883e+00 7.534959966166054901e-02 8.833376270843519562e-02 3.366309790763939019e-02 0.000000000000000000e+00 1.299227955691828029e+00 1.300857070114509184e-01 5.635738362120018005e+08 3.401376852835828066e+08
2.210000000000000000e+02 6.200000000000300000e+13 0.000000000000000000e+00 1.410255485922868202e+00 1.641439712244342763e-01 1.493684191243817572e-01 9.404011723758930186e-02 0.000000000000000000e+00 1.575111035250658542e+00 2.281580896959700122e-01 2.030576041070088863e+09 1.278420231542110443e+09
2.220000000000000000e+02 6.200000000000200000e+13 0.000000000000000000e+00 1.338705416712433038e+00 1.012155358704821817e-01 1.719705430043598771e-01 7.830975029726515435e-02 0.000000000000000000e+00 1.170112936560540495e+00 1.534199000534051394e-01 2.478859227429639816e+09 1.156704233170590401e+09
2.230000000000000000e+02 6.200000000000400000e+13 0.000000000000000000e+00 1.182874257443841115e+00 1.812180227575289557e-02 5.235219222936549066e-02 2.708561274607674749e-02 0.000000000000000000e+00 1.321293470278111393e+00 2.114223404445729829e-02 6.179817498716214895e+08 3.643064674085767269e+08
2.240000000000000000e+02 6.200000000000800000e+13 0.000000000000000000e+00 1.311754630618930273e+00 9.224897418946971517e-02 1.454079169505079483e-01 6.365807244616888960e-02 0.000000000000000000e+00 1.374269589312741680e+00 8.536213152498442480e-02 6.729099056393828392e+08 6.729099056393828392e+08
2.250000000000000000e+02 6.200000000000100000e+13 0.000000000000000000e+00 1.033214377940579132e+00 9.294633810400008966e-02 8.627256419919990260e-02 3.097954131326996832e-02 0.000000000000000000e+00 1.084693681033412682e+00 4.579084176058988848e-02 7.350005455845645666e+08 4.950750234759897590e+08
2.260000000000000000e+02 6.200000000000400000e+13 0.000000000000000000e+00 1.111045665671872573e+00 1.326752255647934975e-01 1.645488857767857249e-01 4.103945307707872192e-02 0.000000000000000000e+00 1.043964399605914029e+00 1.451087948882271994e-01 1.772354106806859255e+09 4.124810331458643079e+08
2.270000000000000000e+02 6.200000000000100000e+13 0.000000000000000000e+00 9.673200812473574661e-01 1.249185516474392854e-01 2.818573797451756069e-01 1.817317568896562319e-01 0.000000000000000000e+00 1.294673737806961711e+00 5.837391983788332850e-02 5.896249266546995640e+08 3.924280441802165508e+08
2.280000000000000000e+02 6.200000000000100000e+13 0.000000000000000000e+00 1.276636834140050025e+00 7.462926223256800828e-02 4.609295740148304510e-02 2.177727633737372090e-02 0.000000000000000000e+00 1.429658022250378968e+00 8.245117828130937854e-02 5.384640122890501022e+08 3.184831596600071192e+08
2.290000000000000000e+02 6.200000000000700000e+13 0.000000000000000000e+00 1.387229197668294223e+00 2.929590491532680502e-02 1.465079311533002970e-01 8.988238809278835395e-02 0.000000000000000000e+00 1.352370303974749444e+00 9.041855380382110563e-02 9.033805454668527842e+08 4.939431051519624591e+08
2.300000000000000000e+02 6.200000000000200000e+13 1.000000000000000000e+00 1.061310288189858175e+00 2.136743896551397681e-02 9.723152521737431567e-03 8.585984524185436007e-03 0.000000000000000000e+00 1.347209002871790240e+00 2.801207378607504725e-02 1.864709300244770944e+07 1.864709300244770944e+07
2.310000000000000000e+02 6.200000000000100000e+13 0.000000000000000000e+00 1.183385918499871847e+00 6.786599232898304912e-02 4.900045060114288642e-02 2.529647507015040514e-02 0.000000000000000000e+00 1.335437236478459244e+00 6.404814636299328845e-02 6.867396495937867165e+08 3.709267425449562073e+08
2.320000000000000000e+02 6.200000000005700000e+13 0.000000000000000000e+00 8.112694098959957190e-01 1.906851753005891770e-01 -1.000000000000000000e+00 -1.000000000000000000e+00 0.000000000000000000e+00 1.183664506723905108e+00 9.362168608361948197e-02 -1.000000000000000000e+00 -1.000000000000000000e+00
2.330000000000000000e+02 6.200000000000300000e+13 0.000000000000000000e+00 1.569343607536795471e+00 4.231987504690357810e-02 1.370049516616661522e-01 3.175615868308215989e-02 0.000000000000000000e+00 1.691570917813836505e+00 5.295765676947986750e-02 1.703614860473374128e+09 4.584506962451274991e+08
2.340000000000000000e+02 6.200000000000100000e+13 0.000000000000000000e+00 1.131729414422891544e+00 1.135273826347201337e-01 7.695970052255220184e-02 1.533519093565885623e-02 0.000000000000000000e+00 1.155413780582617234e+00 6.887271461604699274e-02 5.628147317645237446e+08 1.493735490158174932e+08
2.350000000000000000e+02 6.200000000000900000e+13 0.000000000000000000e+00 1.035278592003861631e+00 1.319941943426289899e-01 1.439401991480262766e-01 5.592081890412141376e-02 0.000000000000000000e+00 1.310265651706200574e+00 1.333222055084429258e-01 9.898862760399793386e+08 6.391939568152951002e+08
2.360000000000000000e+02 6.200000000001300000e+13 0.000000000000000000e+00 1.224648630579428188e+00 2.012365435726737872e-01 2.564007272476605537e-01 2.135936719113516180e-01 0.000000000000000000e+00 1.099687649412416368e+00 3.449484633437385206e-01 3.921070015029913902e+09 3.266432787933442116e+09
2.370000000000000000e+02 6.200000000000400000e+13 0.000000000000000000e+00 1.012666725419059111e+00 5.247627543636549513e-02 8.685135782644168301e-03 8.685135782644168301e-03 0.000000000000000000e+00 1.140186496405999561e+00 4.075360066458524194e-02 1.254827521851672530e+08 1.254827521851672530e+08
2.380000000000000000e+02 6.200000000000200000e+13 0.000000000000000000e+00 1.419862522508645641e+00 8.274975164354364532e-02 9.548557872804329383e-02 5.091987537172382866e-02 0.000000000000000000e+00 1.399655224676797483e+00 6.047127801506312073e-02 5.724247049019848108e+08 1.175420586250254065e+08
2.390000000000000000e+02 6.200000000000300000e+13 0.000000000000000000e+00 2.979328413104345152e+00 9.593715903305134740e-02 9.819357026982394876e-02 8.293063196376011803e-02 0.000000000000000000e+00 3.042343515761442241e+00 1.072772781758009053e-01 1.201341488032577276e+09 1.014608273566792369e+09
2.400000000000000000e+02 6.200000000000100000e+13 0.000000000000000000e+00 1.165104112999739483e+00 5.356328566900167565e-02 3.835749250393987592e-02 1.656981786102435655e-02 0.000000000000000000e+00 1.267617100716306178e+00 2.850373402338622283e-02 4.219810374966838956e+08 2.855962259291604161e+08
2.410000000000000000e+02 6.200000000000100000e+13 0.000000000000000000e+00 1.099448608836209651e+00 1.430051422832194497e-01 1.741828348295574591e-01 7.236242708418383351e-02 0.000000000000000000e+00 1.524700904488834885e+00 1.469685937010985488e-01 5.768271055112529993e+08 3.432066580896932483e+08
2.420000000000000000e+02 6.200000000000100000e+13 0.000000000000000000e+00 2.489286014819928727e+00 1.231862484647663208e-01 2.129586052754481040e-01 6.118099080466085637e-02 0.000000000000000000e+00 2.561529094213842228e+00 1.166316545751570899e-01 1.777998936428736687e+09 7.185902339410846233e+08
2.430000000000000000e+02 6.200000000000100000e+13 0.000000000000000000e+00 1.163496004516394455e+00 2.439457663899711679e-02 1.402235037014021302e-01 5.201356506994489481e-02 0.000000000000000000e+00 1.313937398342619467e+00 2.148493161196957449e-02 2.087080674967360735e+09 7.807019184799964428e+08
2.440000000000000000e+02 6.200000000000200000e+13 0.000000000000000000e+00 1.227464107423914319e+00 3.076678771120059178e-02 1.870326985267696876e-02 1.448670499461013339e-02 0.000000000000000000e+00 1.262721746677286649e+00 1.335133835203038827e-02 2.452232111693126857e+08 1.899387832193608582e+08
2.450000000000000000e+02 6.200000000000600000e+13 0.000000000000000000e+00 1.041729436681884113e+00 2.504028358155265810e-01 2.157295448122260872e-01 1.399747750635896293e-01 0.000000000000000000e+00 1.025334467575770736e+00 2.557737333054369011e-01 3.165782742957274437e+09 2.380926662114135742e+09
2.460000000000000000e+02 6.200000000000100000e+13 0.000000000000000000e+00 1.238926238453485373e+00 4.255822976557371157e-02 8.117767912467795111e-02 2.444224309428301087e-02 0.000000000000000000e+00 1.171249262135132030e+00 5.263408125610941762e-02 1.064054719856644392e+09 3.329894099487690330e+08
2.470000000000000000e+02 6.200000000002200000e+13 0.000000000000000000e+00 1.171228413986519001e+00 2.307078583901333579e-01 9.813721130596703146e-02 9.813721130596703146e-02 0.000000000000000000e+00 1.256623061524090312e+00 2.376591755182259069e-01 1.430374282842742682e+09 1.430374282842742682e+09
2.480000000000000000e+02 6.200000000000700000e+13 0.000000000000000000e+00 1.278181820211637509e+00 2.578512888781024290e-02 6.502145179314176848e-02 3.955875425391909561e-02 0.000000000000000000e+00 1.363784740753163360e+00 3.050209909225303634e-02 3.897332387786260247e+08 2.220912112965181172e+08
2.490000000000000000e+02 6.200000000000100000e+13 0.000000000000000000e+00 1.519378904347945536e+00 1.543807218171491247e-01 2.846781305468079060e-01 1.071256799312911567e-01 0.000000000000000000e+00 1.576481320578582146e+00 1.697788082972669366e-01 2.529226681069465160e+09 1.520480736376497507e+09
2.500000000000000000e+02 6.200000000000500000e+13 0.000000000000000000e+00 1.312413300447414111e+00 3.288135410246705026e-02 7.808662707848959550e-02 2.791915011889688561e-02 0.000000000000000000e+00 1.466707153914193595e+00 5.361971597287169128e-02 5.376385714260737896e+08 2.826333006657770872e+08
2.510000000000000000e+02 6.200000000000100000e+13 0.000000000000000000e+00 1.262296590440050048e+00 9.689510467204946742e-02 8.747896769662921734e-02 3.148218845760980544e-02 0.000000000000000000e+00 1.663683169385394622e+00 8.246865647690124201e-02 1.062969206108541727e+09 5.139767429300305247e+08
2.520000000000000000e+02 6.200000000000800000e+13 0.000000000000000000e+00 1.272847775161637829e+00 7.772180596201619385e-02 1.003330377236569398e-01 3.736059181354308562e-02 0.000000000000000000e+00 1.532662412519993245e+00 6.463152829947772793e-02 1.303165955988034010e+09 6.202212813456002474e+08
2.530000000000000000e+02 6.200000000000100000e+13 0.000000000000000000e+00 1.479916684834178930e+00 2.743662878459642296e-01 1.929881094002513786e-01 7.280018293230382243e-02 0.000000000000000000e+00 1.468752146067505926e+00 3.469753398367246833e-01 2.239518755731589794e+09 8.589037525282636881e+08
2.540000000000000000e+02 6.200000000000100000e+13 0.000000000000000000e+00 1.234690640104334491e+00 6.351784256728469635e-02 1.292345902901963495e-01 4.914570017174525046e-02 0.000000000000000000e+00 1.360441995342008159e+00 3.791995518553716027e-02 8.838291884164366722e+08 2.643538298469569385e+08
2.550000000000000000e+02 6.200000000000100000e+13 0.000000000000000000e+00 1.137847762021286124e+00 7.127136348604656835e-02 1.938790558489431326e-01 4.106744977604833563e-02 0.000000000000000000e+00 1.108440687163925187e+00 7.158256054536688007e-02 1.907528283964961290e+09 5.816697107323797941e+08
2.560000000000000000e+02 6.200000000003300000e+13 0.000000000000000000e+00 1.263342958073806477e+00 3.871275213747168986e-02 7.821852642054236138e-02 6.678709015929977511e-02 0.000000000000000000e+00 1.293153420040736634e+00 5.729135383898857625e-02 9.597958166749455929e+08 8.195241290809255838e+08
2.570000000000000000e+02 6.200000000000200000e+13 0.000000000000000000e+00 1.321737690875910642e+00 3.552605000563403143e-02 5.653217502246427745e-02 1.478430861462270290e-02 0.000000000000000000e+00 1.146540970913700441e+00 6.157925938765525936e-02 7.182033387806049585e+08 2.516177629933103025e+08
2.580000000000000000e+02 6.200000000000100000e+13 0.000000000000000000e+00 6.986387655281237619e-01 1.203365365787125996e-01 2.030089282450083799e-01 1.810783356226269292e-01 0.000000000000000000e+00 1.105481771296598081e+00 4.455406965038749556e-02 1.869511118345864117e+08 1.869511118345864117e+08
2.590000000000000000e+02 6.200000000000100000e+13 0.000000000000000000e+00 1.109412502100757036e+00 8.117095518839910484e-02 1.088399242974639469e-01 3.156852943481511936e-02 0.000000000000000000e+00 1.351491581058562597e+00 7.169421450259577666e-02 1.103531442552216053e+09 4.755862638485211134e+08
2.600000000000000000e+02 6.200000000001100000e+13 0.000000000000000000e+00 1.232673826579591125e+00 3.771066104193481622e-02 6.697613450749236030e-02 3.246101129181166306e-02 0.000000000000000000e+00 1.193717618561551230e+00 5.702616450129468356e-02 9.174457677545757294e+08 4.446541689170579314e+08
2.610000000000000000e+02 6.200000000000100000e+13 0.000000000000000000e+00 1.293674249196983483e+00 4.353781361897719054e-02 1.062675651696311646e-01 3.656738068077795140e-02 0.000000000000000000e+00 1.427919661894675896e+00 6.881178912275205672e-02 1.164578433348723888e+09 5.400633217179111242e+08
2.620000000000000000e+02 6.200000000000100000e+13 0.000000000000000000e+00 2.283186313743732043e+00 3.849556165852402456e-02 1.255019807907148677e-01 3.414776431831439973e-02 0.000000000000000000e+00 2.375069127283945924e+00 5.282212746298696471e-02 1.301373714123636723e+09 4.465544649370355606e+08
2.630000000000000000e+02 6.200000000000100000e+13 0.000000000000000000e+00 1.019629407850380254e+00 3.405430738964699416e-02 1.148613423013207513e-01 3.503706989417654238e-02 0.000000000000000000e+00 1.607961932415415296e+00 5.011837064622294557e-02 4.130259450665183067e+08 3.115140790442301035e+08
2.640000000000000000e+02 6.200000000026400000e+13 0.000000000000000000e+00 9.616715004133098432e-01 1.696891825553028532e-01 1.811441861950406906e-01 1.449031076859209344e-01 0.000000000000000000e+00 7.795387910443329904e-01 1.550336348371589568e-01 -1.000000000000000000e+00 -1.000000000000000000e+00
2.650000000000000000e+02 6.200000000000700000e+13 0.000000000000000000e+00 1.418981070987944015e+00 9.085334895180860459e-02 1.729435338074002820e-02 1.729435338074002820e-02 0.000000000000000000e+00 1.453413366941944007e+00 6.756880907667418834e-02 3.025855363043564558e+08 3.025855363043564558e+08
2.660000000000000000e+02 6.200000000006400000e+13 0.000000000000000000e+00 1.096472251912039786e+00 6.554360060587291481e-02 1.078407511979621314e-01 8.631528670930045666e-02 0.000000000000000000e+00 1.145812059222775403e+00 8.508494198623013649e-02 1.094757585888450861e+09 1.094757585888450861e+09
2.670000000000000000e+02 6.200000000002400000e+13 0.000000000000000000e+00 1.296265020221527564e+00 5.065770636339345101e-02 6.080576151053571771e-02 5.875751522252741638e-02 0.000000000000000000e+00 1.507841963418134812e+00 5.786821300301598497e-02 9.359583023469637632e+08 9.044304821061046124e+08
2.680000000000000000e+02 6.200000000000100000e+13 0.000000000000000000e+00 1.075952658675545459e+00 8.082112654005199626e-02 1.065217052055074110e-01 2.673620383205626422e-02 0.000000000000000000e+00 1.302730027125636125e+00 1.287499723834815979e-01 9.473036117777776718e+08 4.104672307228026390e+08
2.690000000000000000e+02 6.200000000001300000e+13 0.000000000000000000e+00 1.337203737218906952e+00 2.521026681192535812e-01 2.549589008653057598e-01 2.494356450513522672e-01 0.000000000000000000e+00 5.346927765565651081e-01 2.443913117569454785e-01 8.044070558274079859e+07 8.044070558274079859e+07
2.700000000000000000e+02 6.200000000000200000e+13 0.000000000000000000e+00 8.893255925671336160e-01 1.204253025935089483e-01 3.136226802448090489e-01 1.572992834904829718e-01 0.000000000000000000e+00 8.480099017349774781e-01 1.192822827508816796e-01 1.597950948976237297e+09 1.217373771906275272e+09
2.710000000000000000e+02 6.200000000000100000e+13 0.000000000000000000e+00 1.252703795729406266e+00 6.209850079686203561e-02 9.235806726013848222e-02 6.344134520276953348e-02 0.000000000000000000e+00 1.409845524123721550e+00 8.463767177261349861e-02 1.286427012133455038e+09 8.836549158727333546e+08
2.720000000000000000e+02 6.200000000003000000e+13 0.000000000000000000e+00 1.262082026954746361e+00 4.977633991681623682e-02 1.575819277572396843e-02 1.043144447011706659e-02 0.000000000000000000e+00 1.149800207454469092e+00 3.065548831414605796e-02 2.442406257766169012e+08 1.616798678247145116e+08
2.730000000000000000e+02 6.200000000004000000e+13 0.000000000000000000e+00 2.432943315941360485e+00 1.641764568923732570e-01 2.286228961221917488e-01 9.627567287017127495e-02 0.000000000000000000e+00 2.507321127463977728e+00 2.151416426966125950e-01 1.671183120684828281e+09 1.145778377039254904e+09
2.740000000000000000e+02 6.200000000000100000e+13 0.000000000000000000e+00 2.505214037643472391e+00 1.242852545209761350e-01 3.112300047575574657e-01 1.560517416517725187e-01 0.000000000000000000e+00 2.835514077948500855e+00 1.655600383860937053e-01 2.345894117234716415e+09 1.265487807450455904e+09
2.750000000000000000e+02 6.200000000000900000e+13 0.000000000000000000e+00 1.437947666046109241e+00 4.596337419265561497e-02 9.308148537812387102e-02 4.101793745230386534e-02 0.000000000000000000e+00 1.492661607706614157e+00 3.069931393750591209e-02 9.606546997860809565e+08 5.358196174859756231e+08
2.760000000000000000e+02 6.200000000000100000e+13 0.000000000000000000e+00 1.201204308917675156e+00 1.542433113676348333e-01 3.013108273324364705e-01 1.509218960196249126e-01 0.000000000000000000e+00 1.324829855060407624e+00 1.540572711204333811e-01 2.031198596112931728e+09 5.321434553802094460e+08
2.770000000000000000e+02 -1.000000000000000000e+00 -1.000000000000000000e+00 -1.000000000000000000e+00 -1.000000000000000000e+00 -1.000000000000000000e+00 -1.000000000000000000e+00 -1.000000000000000000e+00 -1.000000000000000000e+00 -1.000000000000000000e+00 -1.000000000000000000e+00 -1.000000000000000000e+00
2.780000000000000000e+02 6.200000000002900000e+13 0.000000000000000000e+00 1.060318626030848810e+00 1.467203056246838555e-01 4.143107969951548841e-01 1.456054458054724665e-01 0.000000000000000000e+00 1.275942985879229052e+00 8.603481070882645909e-02 2.525116007491008341e+08 2.525116007491008341e+08
2.790000000000000000e+02 6.200000000035200000e+13 0.000000000000000000e+00 9.576808335488259383e-01 5.257799495143675172e-02 -1.000000000000000000e+00 -1.000000000000000000e+00 0.000000000000000000e+00 8.660377461220999384e-01 6.987841366579164437e-02 -1.000000000000000000e+00 -1.000000000000000000e+00
2.800000000000000000e+02 6.200000000000400000e+13 0.000000000000000000e+00 1.330706838833269900e+00 1.448089345426694097e-01 1.301487722354359999e-01 6.336203142273290345e-02 0.000000000000000000e+00 1.536314370616482350e+00 1.603135408631059800e-01 1.611914162362640381e+09 8.217754615538727045e+08
2.810000000000000000e+02 6.200000000000600000e+13 0.000000000000000000e+00 1.072623623832124728e+00 9.160056095091190231e-02 1.446081198680179980e-01 8.266727535446213859e-02 0.000000000000000000e+00 1.218916734558223913e+00 7.341906097736819459e-02 6.563450852420359850e+08 5.637719978997045755e+08
2.820000000000000000e+02 6.200000000000400000e+13 0.000000000000000000e+00 2.178447842487449826e+00 5.800419597982194725e-02 1.842348640059479070e-01 8.603052773686108157e-02 0.000000000000000000e+00 1.787268810639062622e+00 8.305264656186935046e-02 2.619096369460661411e+09 1.306448280766475677e+09
2.830000000000000000e+02 6.200000000000200000e+13 0.000000000000000000e+00 1.477359427322503471e+00 7.962388820461625827e-02 5.851239649912841345e-02 1.750444872167344554e-02 0.000000000000000000e+00 1.401546283363602985e+00 5.179621138955850523e-02 6.724483976190531254e+08 2.155821547189595103e+08
2.840000000000000000e+02 6.200000000000100000e+13 0.000000000000000000e+00 1.183282745087041565e+00 7.909048113049925444e-02 7.630522523851676620e-02 2.334439854431002298e-02 0.000000000000000000e+00 1.298430472424959570e+00 9.082129551802325951e-02 9.501551006878585815e+08 3.149997160755894780e+08
2.850000000000000000e+02 6.200000000000200000e+13 0.000000000000000000e+00 1.159087014052147868e+00 6.244612146032234995e-02 1.462812308113580206e-01 6.351896875051861457e-02 0.000000000000000000e+00 1.072726361293434794e+00 5.030757347603161816e-02 3.023232533962653279e+08 2.193969889782427251e+08
2.860000000000000000e+02 6.200000000000600000e+13 0.000000000000000000e+00 9.300422227674128850e-01 1.526319538645693752e-01 4.317094490958293673e-01 2.680223526998114503e-01 0.000000000000000000e+00 1.160662960907672847e+00 7.844974850867171556e-02 1.258980985173956394e+09 7.205776712012639046e+08
2.870000000000000000e+02 6.200000000003300000e+13 0.000000000000000000e+00 9.570322705946069375e-01 4.964797882511565175e-02 2.113137637902602617e-01 1.053207737758386775e-01 0.000000000000000000e+00 9.232643453464879357e-01 9.653284292817668200e-02 1.087644504254388571e+09 1.087644504254388571e+09
2.880000000000000000e+02 6.200000000000200000e+13 0.000000000000000000e+00 1.744351418674717991e+00 1.253747769028024095e-01 1.913852735799180249e-01 8.155503525744457749e-02 0.000000000000000000e+00 1.527510370010397356e+00 1.359764608836064315e-01 2.210817502391005993e+09 1.056558921254459500e+09
2.890000000000000000e+02 6.200000000000300000e+13 0.000000000000000000e+00 1.211688595929928836e+00 5.132889235867461875e-02 6.595323032040301126e-02 2.644551113523415514e-02 0.000000000000000000e+00 1.228879792426698092e+00 8.852570787723995638e-02 4.207855055220925212e+08 3.235967091145595908e+08
2.900000000000000000e+02 6.200000000000100000e+13 0.000000000000000000e+00 1.212456202688799278e+00 7.370801202201993085e-02 1.089458687006077675e-01 4.796103717222499618e-02 0.000000000000000000e+00 1.164810619973010830e+00 9.270854401636192954e-02 1.243347750398092747e+09 5.473566679129391909e+08
2.910000000000000000e+02 6.200000000001900000e+13 0.000000000000000000e+00 1.150676756493003383e+00 1.067852986463373455e-01 1.425340493988436485e-01 1.115088177661659047e-01 0.000000000000000000e+00 9.471054127960034652e-01 1.415528044559561105e-01 1.944030107748620987e+09 1.520875186884569883e+09
2.920000000000000000e+02 6.200000000000100000e+13 0.000000000000000000e+00 1.230762352683201444e+00 4.219604856164477225e-02 6.113398027613412000e-02 1.523256230948538681e-02 0.000000000000000000e+00 1.264095844845403604e+00 5.547227949299683020e-02 6.171979485038326979e+08 2.193294946633662879e+08
2.930000000000000000e+02 6.200000000002000000e+13 0.000000000000000000e+00 1.305371175386198956e+00 2.091801742516153362e-01 1.347003495499755066e-01 8.913974681549277634e-02 0.000000000000000000e+00 1.411559156089684519e+00 1.700385245825599689e-01 8.229713691737098694e+08 8.229713691737098694e+08
2.940000000000000000e+02 6.200000000000200000e+13 0.000000000000000000e+00 1.153699295678881853e+00 5.262210025192561036e-02 1.177391261869896039e-01 4.100594280888681525e-02 0.000000000000000000e+00 1.373746670776245793e+00 7.611872299698523026e-02 8.036445648213270903e+08 2.868239350185483694e+08
2.950000000000000000e+02 6.200000000000200000e+13 0.000000000000000000e+00 1.678339830162235424e+00 1.103973514385037241e-01 2.443614846856235756e-01 8.770303628897718751e-02 0.000000000000000000e+00 1.627894903992024966e+00 1.632456408417493066e-01 3.023560464411787510e+09 1.203080625642816782e+09
2.960000000000000000e+02 6.200000000000100000e+13 0.000000000000000000e+00 1.037914520259680673e+00 7.415871164975941510e-02 1.249920506940449122e-01 1.132439812976573507e-01 0.000000000000000000e+00 1.338490629137371490e+00 1.015695488134393254e-01 1.964686187082933187e+09 1.816227332658882141e+09
2.970000000000000000e+02 6.200000000000300000e+13 0.000000000000000000e+00 1.090802823854948311e+00 3.462412318695811536e-02 1.778933260076826506e-01 9.560229135225484232e-02 0.000000000000000000e+00 1.390247234837851398e+00 5.373244847453464978e-02 4.268961462284117937e+08 3.792917659649941325e+08
2.980000000000000000e+02 6.200000000001500000e+13 0.000000000000000000e+00 1.295271614388938897e+00 3.737588444270784072e-02 -1.000000000000000000e+00 -1.000000000000000000e+00 0.000000000000000000e+00 1.562949785147369708e+00 4.478009997274500636e-02 -1.000000000000000000e+00 -1.000000000000000000e+00
2.990000000000000000e+02 6.200000000000100000e+13 0.000000000000000000e+00 1.568047393098248143e+00 1.418787385980334603e-01 2.718951141841725594e-01 1.146583271754811895e-01 0.000000000000000000e+00 1.611792054898216975e+00 1.821090319761819454e-01 1.849268544302284479e+09 7.736379797720299959e+08
3.000000000000000000e+02 6.200000000001000000e+13 0.000000000000000000e+00 1.251241484891373323e+00 5.974299422888532107e-02 1.501355627761562055e-02 1.501355627761562055e-02 0.000000000000000000e+00 1.323901686256516497e+00 8.035276693477108600e-02 2.007282765305753052e+08 2.007282765305753052e+08
3.010000000000000000e+02 6.200000000000100000e+13 0.000000000000000000e+00 1.141216905620821453e+00 1.881131106693541832e-01 3.079642355741523119e-01 2.294508945482003348e-01 0.000000000000000000e+00 1.252022191800364670e+00 1.061666343777848132e-01 7.908975170004374981e+08 4.465900518450847864e+08
3.020000000000000000e+02 6.200000000000100000e+13 0.000000000000000000e+00 1.224802479008435530e+00 3.782088289066545816e-02 3.475516840284314374e-02 2.867059147572688718e-02 0.000000000000000000e+00 1.146422321152633206e+00 3.147339486288640992e-02 4.592872979277530313e+08 3.788800081831818223e+08
3.030000000000000000e+02 6.200000000000100000e+13 0.000000000000000000e+00 1.328570303787388385e+00 4.596034911941860451e-02 5.208843090736883091e-02 1.960040178693567281e-02 0.000000000000000000e+00 1.421312756253380716e+00 8.348499831651781666e-02 6.811067498104767799e+08 2.562942619603967965e+08
3.040000000000000000e+02 6.200000000001100000e+13 0.000000000000000000e+00 1.606585103374887469e+00 2.055238494965916374e-01 2.123059586567517254e-01 2.028709080541364618e-01 0.000000000000000000e+00 7.922596536508363929e-01 2.450446866848577376e-01 3.285389654319962978e+09 3.285389654319962978e+09
3.050000000000000000e+02 6.200000000000500000e+13 0.000000000000000000e+00 1.236757322639040035e+00 8.340964835134376254e-02 8.510424956346736292e-02 3.799105380552320055e-02 0.000000000000000000e+00 1.332771729549396600e+00 1.069521039071617136e-01 1.232996188294849873e+09 5.504169858942371607e+08
3.060000000000000000e+02 6.200000000000600000e+13 0.000000000000000000e+00 1.146857383839219091e+00 7.810062503706406700e-02 2.339914251238735948e-02 2.339914251238735948e-02 0.000000000000000000e+00 1.160989132056573947e+00 1.121259240042555005e-01 3.212127354823539257e+08 3.212127354823539257e+08
3.070000000000000000e+02 6.200000000000100000e+13 0.000000000000000000e+00 1.257739340684467244e+00 2.339126116710388628e-02 1.778575455823253326e-01 7.549858452279610554e-02 0.000000000000000000e+00 1.472986259924188523e+00 4.499270864669076275e-02 7.609830529456465244e+08 2.507715650590029061e+08
3.080000000000000000e+02 6.200000000000300000e+13 0.000000000000000000e+00 1.219503194078352282e+00 1.597932251076144838e-01 1.819981176207471629e-01 6.545163124004063637e-02 0.000000000000000000e+00 1.084639810486273781e+00 2.007399508544426558e-01 2.270578955425792217e+09 8.750738426043863297e+08
3.090000000000000000e+02 6.200000000001500000e+13 0.000000000000000000e+00 1.237865498583299750e+00 5.377451420102893204e-02 1.129201539598147785e-01 5.934115225794535375e-02 0.000000000000000000e+00 1.280935009862537610e+00 1.011304711284340269e-01 1.498413701810634851e+09 8.339567044357315302e+08
3.100000000000000000e+02 6.200000000000200000e+13 0.000000000000000000e+00 1.326095464159965598e+00 5.260344507414029674e-02 1.099912973735018423e-01 5.038531343925318345e-02 0.000000000000000000e+00 1.451119211988853408e+00 3.660297700749558930e-02 6.488802641907432079e+08 3.384664642818112373e+08
3.110000000000000000e+02 6.200000000001600000e+13 0.000000000000000000e+00 8.827896998178047516e-01 1.602417512760105078e-01 -1.000000000000000000e+00 -1.000000000000000000e+00 0.000000000000000000e+00 1.384866961141981268e+00 5.065772296540163588e-02 -1.000000000000000000e+00 -1.000000000000000000e+00
3.120000000000000000e+02 6.200000000003100000e+13 0.000000000000000000e+00 1.137822314211099028e+00 6.187845197915848444e-02 1.170277850392340141e-01 7.838872470613256205e-02 0.000000000000000000e+00 1.581853999743729089e+00 1.063796835289030074e-01 1.568570545595535517e+09 1.568570545595535517e+09
3.130000000000000000e+02 6.200000000000600000e+13 1.000000000000000000e+00 1.113526478418365162e+00 1.230395424275518811e-02 2.075687666570625797e-02 1.381277911834617907e-02 0.000000000000000000e+00 1.253678559946342475e+00 6.547730936077607658e-03 3.194990231611233950e+08 2.126124034230661392e+08
3.140000000000000000e+02 6.200000000000100000e+13 0.000000000000000000e+00 1.224081385750873885e+00 9.127633731845390119e-02 9.586370413361898490e-02 3.641209156471669761e-02 0.000000000000000000e+00 1.192336283454295431e+00 1.246250465391704060e-01 9.569318058606059551e+08 4.204834010093855858e+08
3.150000000000000000e+02 6.200000000081000000e+13 0.000000000000000000e+00 1.198883221966940082e+00 6.254498695835923605e-02 1.000000000000000000e+00 1.000000000000000000e+00 0.000000000000000000e+00 1.198883221966940082e+00 6.269495899132773720e-02 6.076814766512868881e+09 6.076814766512868881e+09
3.160000000000000000e+02 6.200000000000100000e+13 0.000000000000000000e+00 9.909884371560188088e-01 5.271066623087611314e-02 3.532795920656583433e-01 1.639047280749312829e-01 0.000000000000000000e+00 9.930165197552343059e-01 2.454693680387387555e-01 2.326136292393060207e+09 1.988299030026804924e+09
3.170000000000000000e+02 6.200000000000900000e+13 0.000000000000000000e+00 1.102447844320868509e+00 7.066410092577897484e-02 8.554046811867356548e-02 7.625595385050791541e-02 0.000000000000000000e+00 5.320860601967132286e-01 8.313212313360249239e-02 1.399831734297369003e+09 1.247894785669918537e+09
3.180000000000000000e+02 6.200000000003000000e+13 0.000000000000000000e+00 1.150082005893467985e+00 1.034073750234830030e-01 1.118626101708244669e-01 5.036574747639296912e-02 0.000000000000000000e+00 1.048458739080253999e+00 1.133993844906438231e-01 1.301276932154953241e+09 6.701316475872169733e+08
3.190000000000000000e+02 6.200000000000300000e+13 0.000000000000000000e+00 1.363271836144238858e+00 8.135350650652828364e-02 1.756868017562054213e-02 1.384719522570468722e-02 0.000000000000000000e+00 1.503205720707600834e+00 1.518146742576050034e-02 2.583123210218485892e+08 2.035953243293700516e+08
3.200000000000000000e+02 6.200000000000900000e+13 0.000000000000000000e+00 1.829969881366698692e+00 1.508111497859388472e-01 1.199420941851812472e+00 1.000000000000000000e+00 0.000000000000000000e+00 1.777577290352747585e+00 1.637425248328989447e-01 1.227789058439496994e+10 1.023651510156130981e+10
3.210000000000000000e+02 6.200000000000600000e+13 0.000000000000000000e+00 1.897739568416124900e+00 9.116351167299799330e-02 2.474497917372108224e-01 1.017236334706410339e-01 0.000000000000000000e+00 1.952658026466881136e+00 1.258913176963853131e-01 3.008217592217614651e+09 1.354276236647265673e+09
3.220000000000000000e+02 6.200000000000700000e+13 0.000000000000000000e+00 1.570863501086954717e+00 1.359676208208192294e-01 3.027053089610093339e-01 1.772682792429885190e-01 0.000000000000000000e+00 1.959328389103383472e+00 2.456592679742856666e-01 2.260894238542695999e+09 2.260894238542695999e+09
3.230000000000000000e+02 6.200000000002600000e+13 0.000000000000000000e+00 1.194692342035243104e+00 3.844326847213166976e-02 1.924826761125055796e-01 9.975368880339674504e-02 0.000000000000000000e+00 9.123012680199049651e-01 4.007358273404455773e-02 2.682869612694603920e+09 1.390390791784297228e+09
3.240000000000000000e+02 6.200000000000100000e+13 0.000000000000000000e+00 1.561933524372499660e+00 2.661785828860890324e-01 2.380121552632886162e-01 1.089056178907108069e-01 0.000000000000000000e+00 1.487686287033342269e+00 3.196486828298811811e-01 2.536739385547496796e+09 1.485537461223148346e+09
