# rID[0] Hid[1]   R200: DS[2], eta[3], detla[4], fm[5], fm2[6];   R500: DS[7], eta[8], detla[9], fm[10], fm2[11]
1.000000000000000000e+00 9.500000000000100000e+13 0.000000000000000000e+00 2.262303114263400694e+00 1.390621495131710850e-01 4.854903546073481846e-01 2.340716161943641183e-01 0.000000000000000000e+00 2.288609426103475730e+00 1.352238146812027308e-01 2.125082623960109472e+09 8.720565600484741926e+08
2.000000000000000000e+00 9.500000000000100000e+13 0.000000000000000000e+00 1.247196921606555930e+00 2.265733001198390328e-02 1.674631387507410640e-01 3.452012383900928544e-02 0.000000000000000000e+00 1.397868770205271005e+00 3.893271862091839553e-03 1.102848882528845787e+09 1.126821560545950830e+08
3.000000000000000000e+00 9.500000000000200000e+13 0.000000000000000000e+00 1.381607196341242405e+00 5.873415288199125561e-02 1.991436883723456119e-01 5.653867738373250657e-02 0.000000000000000000e+00 1.264581060800364032e+00 6.139049091952455267e-02 2.025892851920698166e+09 6.567646757063378096e+08
4.000000000000000000e+00 9.500000000000400000e+13 0.000000000000000000e+00 1.104727369791097313e+00 6.479833053928092668e-02 1.176081346435735170e-01 1.977530473692331453e-02 0.000000000000000000e+00 1.174275472741616921e+00 2.886967494680204790e-02 7.721583765803533792e+08 1.756277232385760546e+08
5.000000000000000000e+00 9.500000000000400000e+13 0.000000000000000000e+00 1.380229258937914594e+00 1.860021521810266421e-01 2.063648807210831382e-01 4.074803342443745341e-02 0.000000000000000000e+00 1.105371285969125816e+00 1.036522132378819155e-01 1.382864769062183142e+09 5.072616123290974498e+08
6.000000000000000000e+00 9.500000000000100000e+13 0.000000000000000000e+00 1.415324109777652994e+00 4.531155319066040854e-02 1.330699725032593039e-01 1.380712774707021015e-02 0.000000000000000000e+00 1.478047824192443516e+00 5.729059215873433947e-02 1.288257428932686567e+09 1.765940009734455645e+08
7.000000000000000000e+00 9.500000000000100000e+13 0.000000000000000000e+00 1.069144308488290118e+00 1.690463180592813308e-02 1.030446762842312514e-01 8.749919455879721225e-03 0.000000000000000000e+00 1.333855802932206291e+00 1.279896121373511400e-02 9.467433096895294189e+08 1.343498755509226620e+08
8.000000000000000000e+00 9.500000000000500000e+13 0.000000000000000000e+00 1.238784739629071652e+00 1.973459438577992997e-01 3.316892962082856333e-01 1.983512674303519463e-01 0.000000000000000000e+00 1.925433452432857129e+00 1.371545457847785088e-01 1.339940014588275194e+09 7.659929997933076620e+08
9.000000000000000000e+00 9.500000000000100000e+13 0.000000000000000000e+00 1.248488219724863679e+00 4.538026427670095730e-02 1.150093761255719244e-01 8.943225106983679687e-03 0.000000000000000000e+00 1.453221558271825087e+00 6.296296021368361084e-02 1.010762782629224062e+09 1.213190257247153372e+08
1.000000000000000000e+01 9.500000000000100000e+13 0.000000000000000000e+00 1.066226547762027632e+00 8.083448758360700648e-02 1.365980665971716079e-01 5.719945761276320345e-02 0.000000000000000000e+00 1.166957423402781302e+00 6.156676384125506218e-02 8.347028645218063593e+08 2.678752700760726631e+08
1.100000000000000000e+01 9.500000000000100000e+13 0.000000000000000000e+00 1.187317550683241407e+00 1.050885766932404819e-01 1.659733927195843617e-01 3.390506941143690833e-02 0.000000000000000000e+00 1.487655590765167180e+00 6.688503116462758691e-02 1.641525018479638338e+09 5.461319605123174191e+08
1.200000000000000000e+01 9.500000000000400000e+13 0.000000000000000000e+00 7.761358518468526313e-01 6.242657000043755344e-02 1.101751237484117490e-01 2.489685588277137582e-02 0.000000000000000000e+00 1.125884386843431173e+00 1.084048554273734678e-02 7.978289877282220125e+08 4.283462611228250265e+08
1.300000000000000000e+01 9.500000000000200000e+13 0.000000000000000000e+00 1.721101013439350735e+00 5.465105515067866099e-02 1.449946633380180261e-01 2.996160450562553729e-02 0.000000000000000000e+00 1.821068945604567668e+00 8.441523473855951087e-02 1.881789806495418549e+09 3.934742902871900797e+08
1.400000000000000000e+01 9.500000000000100000e+13 0.000000000000000000e+00 2.727191532133192542e+00 1.541768392983958180e-01 1.823898229974416363e-01 4.919481189139876531e-02 0.000000000000000000e+00 2.597063450363096493e+00 1.672496737902029185e-01 2.113337445939495802e+09 6.507739216273529530e+08
1.500000000000000000e+01 9.500000000000400000e+13 0.000000000000000000e+00 1.306020326051143154e+00 3.621003681240185512e-02 1.101063494669273640e-01 3.758051425830966075e-02 0.000000000000000000e+00 1.468894569687102525e+00 1.805523970675538756e-02 8.260819335839389563e+08 1.991674412303026915e+08
1.600000000000000000e+01 9.500000000000200000e+13 0.000000000000000000e+00 1.255676962505125616e+00 5.980628532563591476e-02 7.836394603603223652e-02 7.565503565250411046e-03 0.000000000000000000e+00 1.231543875864591131e+00 6.022027802257152312e-02 6.382857424723495245e+08 9.772758091035330296e+07
1.700000000000000000e+01 9.500000000000100000e+13 0.000000000000000000e+00 1.289752697295143857e+00 1.176896127211388560e-01 2.921231234616230021e-01 1.053338445615860236e-01 0.000000000000000000e+00 1.167251567715287930e+00 1.062174130398670646e-01 1.919342985238746881e+09 4.943553765343400836e+08
1.800000000000000000e+01 9.500000000000100000e+13 0.000000000000000000e+00 1.512411642016977753e+00 3.386300968914073006e-02 1.338775824140575055e-01 2.941962662788957100e-02 0.000000000000000000e+00 1.588833127548495261e+00 5.184754400731590718e-02 1.326986809904443264e+09 3.642021378119956851e+08
1.900000000000000000e+01 9.500000000000100000e+13 0.000000000000000000e+00 1.455923219682703662e+00 1.476931499450546137e-01 3.551112395159020663e-01 1.155238850651178206e-01 0.000000000000000000e+00 1.231713889385988470e+00 1.617044879186412543e-01 1.524679204870026112e+09 3.676222715873535275e+08
2.000000000000000000e+01 9.500000000000100000e+13 0.000000000000000000e+00 1.443257887837255948e+00 4.629854781830074206e-02 1.244865469028781507e-01 2.883068106042856876e-02 0.000000000000000000e+00 1.479531184933538857e+00 5.300383715766349146e-02 1.230543768934247732e+09 3.656906097525802255e+08
2.100000000000000000e+01 9.500000000000200000e+13 0.000000000000000000e+00 1.251278232172010618e+00 1.220388284257513944e-01 2.005869942850478094e-01 3.616783298343830000e-02 0.000000000000000000e+00 1.109786363120929042e+00 2.152548194690649119e-01 1.749087343162500381e+09 5.463582708565959930e+08
2.200000000000000000e+01 9.500000000000100000e+13 0.000000000000000000e+00 1.124375327964830973e+00 4.936839727329303540e-02 9.716037745368732992e-02 1.666616344805393543e-02 0.000000000000000000e+00 1.076824143652501009e+00 4.738223939232997367e-02 9.706471456972949505e+08 2.544375926131475270e+08
2.300000000000000000e+01 9.500000000000400000e+13 0.000000000000000000e+00 1.199524854365848547e+00 1.914457282979425967e-01 1.627272528415335540e-01 3.561205533456708594e-02 0.000000000000000000e+00 1.369731845693812122e+00 1.554504775435285591e-01 1.607507156308057070e+09 6.045681058155794144e+08
2.400000000000000000e+01 9.500000000000100000e+13 0.000000000000000000e+00 1.662716716379837978e+00 1.715161987935198140e-01 2.049203926806697773e-01 4.869024962314993932e-02 0.000000000000000000e+00 1.515686773274678156e+00 1.648407037191846336e-01 2.424427333480957031e+09 7.107417492044209242e+08
2.500000000000000000e+01 9.500000000000100000e+13 0.000000000000000000e+00 1.207576667471140341e+00 6.348998783719000949e-02 1.953659407192271935e-01 7.852933263059350133e-02 0.000000000000000000e+00 1.099870656956284165e+00 1.385643405155633501e-01 1.886817614394452333e+09 1.127427074344121218e+09
2.600000000000000000e+01 9.500000000000100000e+13 0.000000000000000000e+00 1.300440784761371926e+00 3.174776259493873598e-02 8.254309859772984703e-02 2.204328704606623238e-02 0.000000000000000000e+00 1.231526220981173703e+00 5.024482582950558912e-02 9.602051095544064045e+08 2.745825568459908366e+08
2.700000000000000000e+01 9.500000000000100000e+13 0.000000000000000000e+00 1.127676221327326811e+00 1.789629708412172546e-02 2.396102125281130701e-01 9.496373581038819456e-02 0.000000000000000000e+00 1.171262159432946870e+00 7.669617341956044831e-02 1.066371663271816969e+09 1.784130057842488587e+08
2.800000000000000000e+01 9.500000000000100000e+13 0.000000000000000000e+00 1.347507187699425346e+00 4.661763275055257061e-02 1.220411023540606543e-01 4.353371119661302024e-02 0.000000000000000000e+00 1.449419446503523501e+00 4.899318049392236557e-02 1.497044996391854525e+09 6.349162112782341242e+08
2.900000000000000000e+01 9.500000000000100000e+13 0.000000000000000000e+00 1.226605000219184616e+00 6.813651839822025547e-02 2.139900458745797041e-01 5.731077617625620485e-02 0.000000000000000000e+00 1.339344573476257461e+00 6.573124752505357660e-02 1.706768984730692387e+09 5.304491813783627152e+08
3.000000000000000000e+01 9.500000000000100000e+13 0.000000000000000000e+00 1.044441025097304410e+00 8.928879773368157691e-02 1.894370885512799696e-01 6.201396631031478451e-02 0.000000000000000000e+00 1.357283495768991433e+00 5.307468258876057304e-02 1.139478375342689276e+09 3.192781471037412882e+08
3.100000000000000000e+01 9.500000000000100000e+13 0.000000000000000000e+00 1.312340825495313501e+00 8.862565037899261533e-02 1.850656935693392735e-01 7.862487959632735723e-02 0.000000000000000000e+00 1.192523068004828879e+00 1.497886114731584728e-01 2.201598984754301548e+09 1.068984035059580326e+09
3.200000000000000000e+01 9.500000000000100000e+13 0.000000000000000000e+00 1.227301160428579285e+00 7.066087307145621499e-02 1.089564904330895673e-01 3.622349446227898090e-02 0.000000000000000000e+00 1.353867530384423867e+00 4.285347592394791322e-02 9.906632733170874119e+08 5.340940298399536014e+08
3.300000000000000000e+01 9.500000000000100000e+13 0.000000000000000000e+00 1.095876985005120652e+00 5.740181889762864531e-02 8.875947200132103254e-02 7.577713644500654912e-03 0.000000000000000000e+00 1.262231835200420260e+00 5.599482588569960895e-02 7.052797297013028860e+08 1.049564642851196378e+08
3.400000000000000000e+01 9.500000000000100000e+13 1.000000000000000000e+00 1.144668700320415233e+00 3.974838652219305629e-02 9.379514732478778927e-02 8.843249594064765337e-03 0.000000000000000000e+00 1.320825594239655842e+00 4.642019607368848277e-02 8.054602395567058325e+08 1.226814197704300433e+08
3.500000000000000000e+01 9.500000000000100000e+13 0.000000000000000000e+00 1.434900127093247546e+00 3.706034287388851323e-02 1.526656616153725943e-01 6.691467479039733823e-02 0.000000000000000000e+00 1.357240012371213167e+00 5.205192722031336955e-02 1.778743164124037743e+09 9.317854463582701683e+08
3.600000000000000000e+01 9.500000000000100000e+13 0.000000000000000000e+00 1.222390968003777667e+00 1.723083151961554982e-01 3.234570771546857459e-01 1.526119683853970621e-01 0.000000000000000000e+00 1.274315461385328918e+00 1.805677499655790053e-01 1.895962275705561161e+09 1.053783938024471283e+09
3.700000000000000000e+01 9.500000000000100000e+13 0.000000000000000000e+00 1.045738631269496288e+00 7.354684202297234741e-02 1.702034738818581361e-01 4.078448308235382153e-02 0.000000000000000000e+00 8.973024786062868685e-01 4.169358084739192144e-02 6.901645906310902834e+08 5.485039932731756568e+07
3.800000000000000000e+01 9.500000000000100000e+13 0.000000000000000000e+00 9.720707954795695382e-01 4.887545148970560971e-02 1.496337618079636445e-01 6.068795089481446303e-02 0.000000000000000000e+00 1.132759723785095263e+00 2.110905701866124320e-02 5.119854678884436488e+08 1.279497921731308401e+08
3.900000000000000000e+01 9.500000000000100000e+13 0.000000000000000000e+00 1.351788103899750348e+00 1.754557898918816250e-01 2.967652666730214439e-01 1.480713918636649973e-01 0.000000000000000000e+00 1.210070005961533024e+00 2.369070438822170055e-01 3.089391569245872498e+09 1.859001579769198179e+09
4.000000000000000000e+01 9.500000000000900000e+13 0.000000000000000000e+00 1.167812819948798930e+00 1.620765767651624889e-01 1.120334541831310426e+00 1.000000000000000000e+00 0.000000000000000000e+00 1.274594224430839695e+00 1.308777230291529037e-01 1.419297327464590073e+10 1.283314429898441315e+10
4.100000000000000000e+01 9.500000000000100000e+13 0.000000000000000000e+00 1.048966989228533375e+00 1.814560342864489917e-01 3.835148020558270532e-01 2.892448477858378664e-01 0.000000000000000000e+00 1.148948415693667124e+00 8.897665905787859042e-02 9.219680720329743624e+08 2.392687223398221135e+08
4.200000000000000000e+01 9.500000000000100000e+13 0.000000000000000000e+00 1.038254310407532133e+00 1.348918758952943053e-01 2.504429033933158188e-01 8.495475348090091028e-02 0.000000000000000000e+00 1.186648280516384490e+00 1.319323324746224657e-01 1.134261857870913506e+09 4.316469883160943389e+08
4.300000000000000000e+01 9.500000000000100000e+13 0.000000000000000000e+00 1.080710861895956443e+00 2.258440955520797308e-02 1.076345846437746362e-01 2.360773174027385249e-02 0.000000000000000000e+00 1.176392789878434986e+00 5.562922870024856331e-02 4.723974830343214273e+08 1.026347938415851593e+08
4.400000000000000000e+01 9.500000000000100000e+13 0.000000000000000000e+00 1.035984729809710236e+00 1.097411171313876638e-01 1.158804281351141913e-01 3.484396225554998311e-02 0.000000000000000000e+00 1.308740183916222044e+00 9.560821459415845547e-02 9.012708329736611843e+08 4.219105325743468404e+08
4.500000000000000000e+01 9.500000000000100000e+13 0.000000000000000000e+00 1.233625941683169636e+00 9.731651924267627207e-02 1.747044663963761568e-01 1.881736902576564008e-02 0.000000000000000000e+00 1.182940327893294619e+00 1.368494699247323476e-01 1.680905608258201122e+09 2.275438801143562198e+08
4.600000000000000000e+01 9.500000000000100000e+13 0.000000000000000000e+00 1.130913845105324000e+00 9.509418507109976271e-02 1.416942411187523676e-01 5.949804022166809564e-02 0.000000000000000000e+00 1.309752324017903646e+00 2.754402561569124427e-02 3.855985456614916325e+08 5.597613528827766329e+07
4.700000000000000000e+01 9.500000000000400000e+13 0.000000000000000000e+00 1.228126137682337360e+00 6.463458954582919358e-02 1.643910167685390944e-01 4.799088835541400616e-02 0.000000000000000000e+00 1.047410130304723630e+00 1.051529163278084184e-01 1.817973789193145037e+09 7.041578721909923553e+08
4.800000000000000000e+01 9.500000000000100000e+13 1.000000000000000000e+00 1.086198182076358876e+00 3.208008730582028595e-02 8.314791119752214243e-02 1.489637410362589648e-02 0.000000000000000000e+00 1.219705588574195643e+00 3.229058836707579538e-02 5.769786659745053053e+08 2.122802886012837887e+08
4.900000000000000000e+01 9.500000000000200000e+13 0.000000000000000000e+00 1.138925350031288586e+00 5.430117480958850107e-02 1.137141552608289807e-01 2.437232533611356777e-02 0.000000000000000000e+00 1.033784177478279220e+00 5.302621770958240721e-02 1.159419036163861752e+09 3.738898805412382483e+08
5.000000000000000000e+01 9.500000000000100000e+13 0.000000000000000000e+00 1.002231519249348057e+00 5.217260881361465014e-02 9.086967294269672479e-02 2.021075812865710114e-02 0.000000000000000000e+00 1.113525518196732511e+00 7.130033798265519862e-02 8.795452134364182949e+08 2.951035181891348362e+08
5.100000000000000000e+01 9.500000000000300000e+13 0.000000000000000000e+00 1.131932092945753920e+00 6.466072665782481022e-02 1.455667379735404721e-01 6.177957408754964491e-02 0.000000000000000000e+00 1.212744800230592057e+00 6.223434021375415237e-02 8.818599611703522205e+08 3.796663437130430341e+08
5.200000000000000000e+01 9.500000000000100000e+13 0.000000000000000000e+00 8.788829608837718244e-01 6.535414643952347502e-02 3.781924144288629774e-01 1.626172032904012466e-01 0.000000000000000000e+00 1.143335868276386780e+00 1.069644728493678587e-01 1.082064849791380405e+09 4.556253955478484035e+08
5.300000000000000000e+01 9.500000000000100000e+13 0.000000000000000000e+00 1.504036390888383368e+00 1.415555407264375010e-01 2.327900379175587564e-01 1.172527280107608233e-01 0.000000000000000000e+00 1.444684290827612960e+00 1.826429251448082325e-01 1.254194060120621204e+09 5.537343461389005184e+08
5.400000000000000000e+01 9.500000000000100000e+13 0.000000000000000000e+00 1.212840234418220309e+00 6.647989416296469500e-02 1.506027067999618774e-01 3.713561799061709107e-02 0.000000000000000000e+00 1.161266641174510728e+00 9.167070570421552433e-02 1.641899341766610861e+09 5.253535664105051756e+08
5.500000000000000000e+01 9.500000000000100000e+13 0.000000000000000000e+00 1.212051137021338487e+00 4.186002913601810649e-02 1.621463705799250921e-01 2.488731605407138239e-02 0.000000000000000000e+00 1.166890042619145751e+00 3.499945929504548470e-02 1.786051721982804060e+09 3.124644959035130143e+08
5.600000000000000000e+01 9.500000000000100000e+13 0.000000000000000000e+00 1.233824295659880610e+00 4.515842793619629508e-02 1.854196955405165437e-01 3.271606932308238763e-02 0.000000000000000000e+00 1.126704910068928589e+00 7.715199464038849375e-02 1.718720023386492252e+09 4.258023299449744225e+08
5.700000000000000000e+01 9.500000000000300000e+13 0.000000000000000000e+00 8.686807365000480674e-01 1.363003310450781047e-01 2.412138830978090565e-01 6.699295352406307857e-02 0.000000000000000000e+00 1.323148115768814526e+00 8.708114183887458171e-02 1.144461260255733490e+09 4.505087662155395746e+08
5.800000000000000000e+01 9.500000000000100000e+13 1.000000000000000000e+00 1.062099432133946530e+00 3.183267935977927843e-02 7.298854198593454634e-02 1.427569965848377032e-02 0.000000000000000000e+00 1.229304250972188539e+00 1.288737537537793312e-02 7.447839343542736769e+08 2.116544087650687099e+08
5.900000000000000000e+01 9.500000000000100000e+13 0.000000000000000000e+00 1.263886192221449933e+00 1.223985634808642947e-01 1.927292307535398153e-01 4.316382402736859691e-02 0.000000000000000000e+00 1.273685954586743385e+00 1.565030511986190975e-01 2.019949993698627472e+09 5.495548170138218403e+08
6.000000000000000000e+01 9.500000000000100000e+13 0.000000000000000000e+00 1.203112234308091333e+00 1.472977849353986901e-01 2.832205041625923680e-01 1.650651211429813026e-01 0.000000000000000000e+00 1.581951908591524791e+00 5.894530069562085167e-02 6.762158188481003046e+08 2.332353495617660284e+08
6.100000000000000000e+01 9.500000000000100000e+13 0.000000000000000000e+00 1.075649248713965944e+00 3.562775159128259150e-02 1.104697347754067943e-01 1.282243658449446280e-02 0.000000000000000000e+00 1.358198148144221129e+00 3.103732354914671976e-02 1.052998329431163192e+09 1.884269798246801496e+08
6.200000000000000000e+01 9.500000000000200000e+13 0.000000000000000000e+00 1.253880780412050200e+00 6.103262072566962432e-02 2.236938383817284881e-01 3.603109902931162650e-02 0.000000000000000000e+00 1.372478657495451282e+00 8.124258428251893149e-02 2.137650778359023809e+09 4.241158823182668686e+08
6.300000000000000000e+01 9.500000000000100000e+13 1.000000000000000000e+00 1.090961456966477838e+00 2.383068524790604714e-02 7.334328968008405059e-02 1.318390490307539548e-02 0.000000000000000000e+00 1.252962423009701620e+00 3.640603039089508608e-02 6.063071023576332331e+08 1.898998735615756810e+08
6.400000000000000000e+01 9.500000000000400000e+13 0.000000000000000000e+00 1.152281062925157640e+00 3.017270599555352262e-02 8.694748898848869700e-02 1.452062038499983901e-02 0.000000000000000000e+00 1.184578616172904830e+00 2.477387385324244032e-02 3.413437041828118563e+08 5.003388163097399473e+07
6.500000000000000000e+01 9.500000000000100000e+13 0.000000000000000000e+00 1.423872730341330772e+00 4.928617012757904869e-02 1.321623905297256152e-01 1.915267721036585311e-02 0.000000000000000000e+00 1.459135565294882975e+00 5.482684084385844314e-02 1.206962422682034492e+09 2.575783402649282217e+08
6.600000000000000000e+01 9.500000000000100000e+13 0.000000000000000000e+00 1.601035953134874124e+00 1.423420395777136582e-01 2.157227097297000351e-01 1.300166190528513344e-01 0.000000000000000000e+00 1.633451138291215132e+00 1.771116651066479974e-01 2.592814668960380077e+09 1.827750318352199316e+09
6.700000000000000000e+01 9.500000000000100000e+13 0.000000000000000000e+00 1.402278203097640841e+00 4.114367990085036203e-02 8.707400790942412816e-02 1.745820777371995605e-02 0.000000000000000000e+00 1.426667205062036592e+00 5.684184094981901969e-02 8.317269537155556679e+08 2.265646739474529326e+08
6.800000000000000000e+01 9.500000000000100000e+13 0.000000000000000000e+00 1.427570250186382950e+00 1.021553495617246593e-01 1.314783106339862395e-01 1.553707629094118817e-02 0.000000000000000000e+00 1.442455203224395355e+00 1.431313309293749669e-01 1.221413685297291994e+09 1.896675572081243694e+08
6.900000000000000000e+01 9.500000000000100000e+13 0.000000000000000000e+00 1.141943762300994925e+00 7.420144344607412790e-02 1.614184999843723545e-01 3.174324798316380258e-02 0.000000000000000000e+00 1.106007542458664838e+00 7.337224447308648978e-02 1.922799204971478224e+09 4.387332510353496075e+08
7.000000000000000000e+01 9.500000000000100000e+13 0.000000000000000000e+00 1.172792957038045758e+00 2.278210785288425563e-02 1.430901981469472062e-01 1.985270606062551624e-02 0.000000000000000000e+00 1.195433842545228664e+00 2.274434696889972296e-02 1.062790226281273603e+09 1.144971859921327531e+08
7.100000000000000000e+01 9.500000000000100000e+13 0.000000000000000000e+00 1.163527302460239943e+00 6.685326290736848254e-02 1.526395933464976817e-01 2.226095022392688555e-02 0.000000000000000000e+00 1.394372886528924438e+00 5.249350949273080824e-02 1.436287473848960876e+09 3.474748673396814466e+08
7.200000000000000000e+01 9.500000000000100000e+13 0.000000000000000000e+00 1.516822013575048755e+00 1.418889050207238767e-01 2.110405426407302998e-01 8.980154438402371264e-02 0.000000000000000000e+00 1.307162595725524845e+00 1.239465485216990348e-01 1.400406044920695543e+09 4.846831510481287837e+08
7.300000000000000000e+01 9.500000000000200000e+13 0.000000000000000000e+00 9.694959327491075030e-01 5.368977769336066852e-02 1.575537500234042987e-01 8.097502293620925662e-02 0.000000000000000000e+00 1.201359820695950154e+00 3.672226947055247381e-02 8.391712135246050358e+08 2.059666002377127707e+08
7.400000000000000000e+01 9.500000000000100000e+13 0.000000000000000000e+00 1.499052136457242224e+00 6.564265131113941609e-02 1.544274858227723257e-01 3.947630553774841150e-02 0.000000000000000000e+00 1.522967879301443395e+00 6.971968740943233767e-02 1.659640844811100006e+09 5.164925102949627638e+08
7.500000000000000000e+01 9.500000000000100000e+13 0.000000000000000000e+00 1.167490630995012380e+00 2.193155879488471738e-02 1.047178013232191451e-01 1.719337589498555127e-02 0.000000000000000000e+00 1.215937227570214718e+00 2.897236591358631069e-02 8.843830728401968479e+08 2.294275783845877647e+08
7.600000000000000000e+01 9.500000000000100000e+13 0.000000000000000000e+00 1.053083047918045745e+00 1.135251982382106811e-01 1.945318421609389947e-01 4.505969902126719800e-02 0.000000000000000000e+00 1.009821331817460477e+00 1.581497327829601840e-01 2.001724069385462523e+09 6.337199238236542940e+08
7.700000000000000000e+01 9.500000000000200000e+13 0.000000000000000000e+00 1.266660901716770482e+00 4.376573379366814620e-02 1.162781290256763161e-01 2.477586234487393763e-02 0.000000000000000000e+00 1.426323755801955029e+00 2.681422667024763867e-02 1.323661750864247799e+09 3.325210561954513788e+08
7.800000000000000000e+01 9.500000000000500000e+13 0.000000000000000000e+00 1.007165036427981830e+00 6.263482575551201914e-02 3.254230940379776449e-02 6.408482269274023285e-03 0.000000000000000000e+00 1.280837674756313271e+00 3.549156553071912412e-02 3.698308679964059591e+08 1.011346958909056187e+08
7.900000000000000000e+01 9.500000000000100000e+13 1.000000000000000000e+00 9.972908205206937327e-01 2.476714406708713581e-02 8.679417060463513744e-02 9.972281725314589146e-03 0.000000000000000000e+00 1.358047806671282665e+00 6.733718317192120828e-02 7.131655093896454573e+08 9.743760548508429527e+07
8.000000000000000000e+01 9.500000000000300000e+13 0.000000000000000000e+00 1.060329858408739945e+00 1.944441326080343091e-01 2.326761499290836144e-01 1.038664210858088466e-01 0.000000000000000000e+00 1.037299531021855348e+00 1.655150404673292053e-01 1.736308234889419079e+09 1.263970594591380596e+09
8.100000000000000000e+01 9.500000000000100000e+13 0.000000000000000000e+00 1.124347434963133052e+00 7.228891335796330808e-02 1.881188293093377095e-01 3.832876693276960484e-02 0.000000000000000000e+00 1.202615428750091642e+00 6.297924080178686490e-02 1.597163811701225758e+09 4.452807461476493478e+08
8.200000000000000000e+01 9.500000000000100000e+13 0.000000000000000000e+00 1.106912795476108657e+00 7.240593927459802737e-02 1.624528838198975589e-01 6.515215815252949072e-02 0.000000000000000000e+00 1.080312505547968760e+00 6.985952624990934834e-02 7.819934481829912663e+08 1.111598825470441729e+08
8.300000000000000000e+01 9.500000000000100000e+13 0.000000000000000000e+00 1.332103865127537423e+00 3.649256893702414184e-02 1.143953991311902757e-01 4.016229365768896747e-02 0.000000000000000000e+00 1.346653119383252495e+00 7.951521650592432988e-02 1.166547190266956568e+09 5.100185744118867517e+08
8.400000000000000000e+01 9.500000000000100000e+13 0.000000000000000000e+00 1.734946785669301272e+00 1.072909270282353528e-01 2.404742253090266235e-01 4.717825540159300418e-02 0.000000000000000000e+00 1.350910549673903560e+00 1.444470171583774054e-01 2.733204872027718544e+09 6.043996675468440056e+08
8.500000000000000000e+01 9.500000000000100000e+13 0.000000000000000000e+00 1.105565648154952063e+00 1.250535277849433302e-01 1.480336228362260642e-01 2.527203377448303950e-02 0.000000000000000000e+00 1.168821669299690225e+00 1.035552692035101446e-01 1.205732906645714998e+09 3.348039803958219290e+08
8.600000000000000000e+01 9.500000000000300000e+13 0.000000000000000000e+00 1.054395099666049163e+00 1.180427443607567212e-01 9.859003913182268208e-02 5.298176452598706010e-02 0.000000000000000000e+00 1.230492123108538616e+00 6.626182711794582902e-02 3.349245034896237254e+08 7.903602285076732934e+07
8.700000000000000000e+01 9.500000000000100000e+13 0.000000000000000000e+00 1.065810177878759646e+00 8.024739937502578524e-02 1.747755745571266117e-01 4.830245408743702451e-02 0.000000000000000000e+00 9.576216577571597943e-01 6.415471950131648726e-02 1.921177112524463177e+09 7.205907113153096437e+08
8.800000000000000000e+01 9.500000000000100000e+13 0.000000000000000000e+00 1.135893420368982554e+00 6.809309194252685660e-02 1.684732916463053953e-01 5.260519276767573055e-02 0.000000000000000000e+00 1.085378844062214965e+00 8.208082488664478205e-02 1.642130828319270372e+09 7.503716271681491137e+08
8.900000000000000000e+01 9.500000000000100000e+13 0.000000000000000000e+00 1.274896274005665076e+00 6.450876561421303723e-02 1.733329023532145241e-01 3.071973845796408670e-02 0.000000000000000000e+00 1.218762212046970550e+00 8.209521054117259464e-02 1.502895160098880768e+09 4.364371438475236893e+08
9.000000000000000000e+01 9.500000000000600000e+13 0.000000000000000000e+00 1.073983409400365518e+00 4.802415160584311976e-02 9.141191281260549473e-02 2.837878525222849863e-02 0.000000000000000000e+00 1.205775269133807281e+00 4.847283917569648187e-02 7.892072171526939869e+08 2.471351069083431363e+08
9.100000000000000000e+01 9.500000000000100000e+13 0.000000000000000000e+00 1.488746676311928807e+00 1.607880098597112561e-01 2.030057744117913510e-01 4.068229182397535559e-02 0.000000000000000000e+00 1.401384420961565791e+00 1.759697973766468915e-01 2.139245565890905380e+09 4.936950806214262843e+08
9.200000000000000000e+01 9.500000000000100000e+13 0.000000000000000000e+00 1.212928768575136207e+00 1.243542277388991618e-01 1.146661422208478248e-01 5.685841259707418577e-02 0.000000000000000000e+00 1.229094534449058251e+00 1.390578648218751823e-01 1.266087152078480721e+09 8.100028200100809336e+08
9.300000000000000000e+01 9.500000000000100000e+13 0.000000000000000000e+00 1.214099052320937622e+00 9.332488738816757667e-02 1.531998116926401032e-01 3.985622672734795424e-02 0.000000000000000000e+00 1.398932903768153713e+00 6.787595097981519165e-02 1.148363471617071867e+09 6.174331398320732117e+08
9.400000000000000000e+01 9.500000000000100000e+13 0.000000000000000000e+00 9.500709982495246786e-01 9.679647073355085451e-02 1.750283676987689219e-01 3.037707047002802252e-02 0.000000000000000000e+00 8.853587605855021136e-01 1.157188356197457885e-01 2.031172771936024427e+09 4.736377726431559920e+08
9.500000000000000000e+01 9.500000000000100000e+13 1.000000000000000000e+00 1.132541248700017489e+00 3.625377801775379882e-02 9.409128403751307324e-02 7.976108864532710160e-03 0.000000000000000000e+00 1.245902406448994304e+00 3.344961830646111384e-02 8.903218289481700659e+08 1.105278549220945239e+08
9.600000000000000000e+01 9.500000000000100000e+13 0.000000000000000000e+00 1.211794933119469952e+00 1.175386849244958454e-01 1.688045460231544226e-01 5.339624116674184656e-02 0.000000000000000000e+00 1.192557829654721457e+00 1.051351057014533602e-01 1.352390427977764606e+09 2.500791593000706732e+08
9.700000000000000000e+01 9.500000000000100000e+13 0.000000000000000000e+00 1.391752378586522898e+00 2.259642026331432074e-01 2.892021298877420210e-01 1.127817849452985299e-01 0.000000000000000000e+00 9.010719674698164372e-01 2.651122358271233992e-01 2.063210349755239010e+09 6.873959720821754932e+08
9.800000000000000000e+01 9.500000000000100000e+13 0.000000000000000000e+00 1.384257442005965677e+00 2.393627740370383311e-02 1.067751209020226105e-01 1.733059021561974070e-02 0.000000000000000000e+00 1.251392281182799771e+00 2.249693975603869744e-02 1.107507648537770748e+09 2.267887526022522449e+08
9.900000000000000000e+01 9.500000000000100000e+13 0.000000000000000000e+00 1.199274553311711955e+00 3.868251871529610614e-02 1.502446588880642364e-01 2.751151328309355340e-02 0.000000000000000000e+00 1.229868359146174983e+00 6.023006728166149099e-02 1.200662965690738916e+09 3.657729634066108465e+08
1.000000000000000000e+02 9.500000000000100000e+13 0.000000000000000000e+00 1.292184182522392977e+00 6.188474402109900990e-02 2.058306559215224429e-01 3.726806900612636420e-02 0.000000000000000000e+00 1.253707787604926516e+00 9.257881389815947326e-02 1.781360339940688372e+09 2.968802852203570604e+08
1.010000000000000000e+02 9.500000000000300000e+13 0.000000000000000000e+00 2.343995519686454809e+00 4.390551882825829283e-02 9.954211437796933737e-02 2.601810759295610301e-02 0.000000000000000000e+00 2.654266676795881352e+00 6.161087618614027178e-02 1.114832994295625448e+09 3.750041419107207060e+08
1.020000000000000000e+02 9.500000000000100000e+13 0.000000000000000000e+00 1.165661954318091498e+00 1.837209207301509703e-02 7.624494963114954171e-02 7.596515556357268280e-03 0.000000000000000000e+00 1.131372979849049498e+00 1.451536407036951339e-02 6.105002402231057882e+08 1.086964246067512780e+08
1.030000000000000000e+02 9.500000000000500000e+13 0.000000000000000000e+00 8.136930614301080000e-01 1.877023052011943596e-02 2.526355645626892493e-02 4.503153525434398438e-03 0.000000000000000000e+00 1.264375872389100097e+00 1.547148484972130263e-02 2.850625119466148019e+08 7.240799152360099554e+07
1.040000000000000000e+02 9.500000000000100000e+13 0.000000000000000000e+00 1.295193136387691846e+00 4.921290704738340988e-02 1.245265052244235171e-01 2.537857301013253519e-02 0.000000000000000000e+00 1.404456753945541703e+00 6.926957314020809608e-02 1.220774255056563139e+09 3.417839371441408396e+08
1.050000000000000000e+02 9.500000000000100000e+13 0.000000000000000000e+00 1.097013963454901431e+00 1.513483540231208291e-01 2.023646946526869439e-01 3.487240951135133632e-02 0.000000000000000000e+00 9.620387083629889924e-01 1.534628829499964098e-01 1.696254394164484739e+09 5.377787697769842148e+08
1.060000000000000000e+02 9.500000000000100000e+13 0.000000000000000000e+00 1.144433810593294298e+00 4.943033545371052634e-02 1.358987214998488013e-01 2.304639989248395693e-02 0.000000000000000000e+00 1.188996903087262247e+00 4.730053023467861717e-02 1.306035594237264395e+09 3.315179193436024189e+08
1.070000000000000000e+02 9.500000000000100000e+13 0.000000000000000000e+00 7.399963355397310982e-01 1.916615691802357468e-01 3.792684475994193560e-01 3.026504984662576891e-01 0.000000000000000000e+00 1.163514276418501581e+00 4.126493913623362902e-02 4.911259110921115875e+08 1.263679977822559774e+08
1.080000000000000000e+02 9.500000000000100000e+13 0.000000000000000000e+00 1.266612171125967246e+00 1.884668240434230965e-02 9.886212591019982732e-02 1.882069761811646855e-02 0.000000000000000000e+00 1.470077696493330643e+00 1.656917305450884143e-02 8.379143680862685442e+08 2.664656790531939566e+08
1.090000000000000000e+02 9.500000000000100000e+13 0.000000000000000000e+00 1.095111670638771795e+00 8.895131679759946119e-02 1.303297829644119166e-01 2.567991514718658691e-02 0.000000000000000000e+00 1.022025061786139943e+00 8.246338430112935824e-02 1.300491265356367350e+09 3.621117992637354732e+08
1.100000000000000000e+02 9.500000000000800000e+13 0.000000000000000000e+00 1.186741333330332715e+00 4.011285553125212844e-02 8.338477879698880102e-02 1.295153167467530918e-02 0.000000000000000000e+00 1.199741548821980031e+00 2.003268564354597839e-02 5.528888689959777594e+08 1.538060709550235569e+08
1.110000000000000000e+02 9.500000000000100000e+13 0.000000000000000000e+00 2.386661067684805904e+00 4.579740888297208212e-02 9.996101199937316995e-02 1.086642861940047972e-02 0.000000000000000000e+00 2.058214298327014191e+00 4.879889513350325891e-02 6.608279275536538363e+08 1.545786800748382509e+08
1.120000000000000000e+02 9.500000000000200000e+13 0.000000000000000000e+00 8.303655098242436194e-01 9.013091573347047081e-02 1.073298450849202307e-01 2.146663235546406034e-02 0.000000000000000000e+00 9.100053672743593225e-01 8.458298143384446188e-02 1.098049057808610201e+09 3.860548762621412277e+08
1.130000000000000000e+02 9.500000000000300000e+13 0.000000000000000000e+00 1.204802976557795446e+00 4.334262233739274300e-02 9.927452029224449748e-02 4.670238178446762395e-02 0.000000000000000000e+00 1.283068787754400697e+00 1.980691531286121396e-02 4.074882435104486346e+08 1.086678780208853930e+08
1.140000000000000000e+02 9.500000000000400000e+13 0.000000000000000000e+00 9.882135517498241706e-01 2.748215214991478472e-02 1.073927158293784129e-01 2.020082955372814321e-02 0.000000000000000000e+00 9.542199941330903323e-01 2.844873236862674806e-02 4.358455484595904350e+08 6.682151874150320143e+07
1.150000000000000000e+02 9.500000000000100000e+13 0.000000000000000000e+00 1.005137960564499222e+00 1.232064383231904481e-01 2.968863358455717805e-01 1.285114242306890364e-01 0.000000000000000000e+00 1.248873350868478171e+00 1.079200710842034699e-01 7.051692149895714521e+08 1.024861662572560757e+08
1.160000000000000000e+02 9.500000000000100000e+13 0.000000000000000000e+00 1.740157593599770625e+00 9.515694515429973244e-02 1.527401271878549641e-02 5.410810967672395611e-03 0.000000000000000000e+00 8.904585205446621243e-01 1.839682095875068424e-01 3.197777682294797897e+08 1.163534730863759518e+08
1.170000000000000000e+02 9.500000000000200000e+13 0.000000000000000000e+00 1.276030569756896549e+00 6.158535805613060687e-02 7.990502847687168397e-02 1.779488903581074449e-02 0.000000000000000000e+00 1.481344645492497003e+00 3.441855657822718434e-02 9.405329890895174742e+08 2.942849934138261080e+08
1.180000000000000000e+02 9.500000000000100000e+13 0.000000000000000000e+00 1.198183545780707293e+00 1.190934984899083560e-01 1.606571213406873255e-01 2.335071344036799765e-02 0.000000000000000000e+00 1.338416415238950608e+00 1.104566765944049039e-01 8.266125318441164494e+08 6.564033675400125980e+07
1.190000000000000000e+02 9.500000000000100000e+13 0.000000000000000000e+00 1.732691671498015173e+00 3.298405837078231817e-02 1.337168745635587686e-01 2.386999439631018460e-02 0.000000000000000000e+00 1.555772804210667548e+00 5.183028943776584602e-02 1.097352171314516783e+09 3.608047536491340399e+08
1.200000000000000000e+02 9.500000000000100000e+13 0.000000000000000000e+00 1.123628775257091927e+00 7.250059736428289547e-02 1.641472075638307770e-01 4.176225281919928450e-02 0.000000000000000000e+00 1.271474963929578150e+00 7.722308371140626515e-02 8.633033132326607704e+08 1.204827662259688973e+08
1.210000000000000000e+02 9.500000000000200000e+13 0.000000000000000000e+00 1.195586773290007843e+00 3.888533992644753468e-02 9.894088767253689243e-02 2.894896987828924836e-02 0.000000000000000000e+00 1.253040599915168363e+00 6.383098107233184382e-02 1.008121187243239641e+09 3.996071120203703642e+08
1.220000000000000000e+02 9.500000000000100000e+13 0.000000000000000000e+00 1.020138420336494489e+00 8.187420224297889404e-02 1.689943571186665328e-01 7.891788022911666589e-02 0.000000000000000000e+00 1.046846127848622299e+00 4.100133536971423825e-02 6.269708757802290916e+08 1.866572412178918123e+08
1.230000000000000000e+02 9.500000000000100000e+13 0.000000000000000000e+00 1.332445705760061383e+00 1.223300674267107785e-01 2.456925115453779673e-01 6.767234426435181360e-02 0.000000000000000000e+00 9.972448404101222907e-01 1.639245923312997455e-01 1.540637913381111860e+09 3.313856935050891638e+08
1.240000000000000000e+02 9.500000000000100000e+13 0.000000000000000000e+00 1.108342757493618880e+00 5.759194377802744763e-02 1.052438468576629288e-01 1.410256286126468014e-02 0.000000000000000000e+00 1.170341504851090564e+00 5.423898368997786407e-02 8.392893663101365566e+08 2.150183675923072100e+08
1.250000000000000000e+02 9.500000000000100000e+13 0.000000000000000000e+00 1.200538319918651009e+00 1.967204626984765323e-02 1.267976392569965527e-01 2.570616773729841528e-02 0.000000000000000000e+00 1.168439967263050994e+00 5.577923187866825477e-02 1.356250571192222357e+09 3.527906262680751681e+08
1.260000000000000000e+02 9.500000000000100000e+13 0.000000000000000000e+00 1.661312860864342156e+00 7.182015576238716392e-02 1.491444662332372939e-01 3.189955953117221826e-02 0.000000000000000000e+00 1.634755006154205992e+00 9.861148847670631046e-02 1.612592985070967913e+09 3.991503208821203113e+08
1.270000000000000000e+02 9.500000000000100000e+13 0.000000000000000000e+00 1.295035498013249242e+00 8.593067357721649591e-02 1.507926640048228295e-01 7.927154745423314885e-02 0.000000000000000000e+00 1.267866212087412237e+00 1.376288250817596925e-01 1.625073076302556038e+09 1.031356613479647398e+09
1.280000000000000000e+02 9.500000000000100000e+13 1.000000000000000000e+00 1.113184159991956523e+00 3.653275415742181231e-02 7.140921732491437024e-02 1.901192687053774102e-02 0.000000000000000000e+00 1.282489743018421002e+00 2.239192995871332539e-02 4.103086293000993729e+08 5.478827758900880069e+07
1.290000000000000000e+02 9.500000000000100000e+13 1.000000000000000000e+00 9.962838304749601637e-01 2.457022167788275313e-02 8.401916550583674037e-02 3.575030344501739510e-02 0.000000000000000000e+00 1.156299516035875774e+00 1.442245687351332087e-02 3.319756501467201114e+08 2.893662195010200888e+07
1.300000000000000000e+02 9.500000000000100000e+13 0.000000000000000000e+00 1.144637463632403929e+00 8.396013114176327508e-02 1.612194646012754806e-01 5.652125330563292221e-02 0.000000000000000000e+00 1.169260330867548214e+00 9.748126046019289781e-02 1.733565442784417152e+09 7.660736814935600758e+08
1.310000000000000000e+02 9.500000000000100000e+13 0.000000000000000000e+00 1.330719875143790087e+00 2.338049142696911956e-02 1.221847783132530146e-01 1.687077197679607427e-02 0.000000000000000000e+00 1.500310189741943745e+00 5.596267050558431655e-02 1.094388429407399893e+09 2.422410469628717303e+08
1.320000000000000000e+02 9.500000000000500000e+13 0.000000000000000000e+00 1.233767459406758915e+00 1.241257363561438509e-01 1.800236535863201093e-01 8.302509043890107798e-02 0.000000000000000000e+00 1.367947721872273537e+00 8.136185780304969195e-02 1.002961067925348401e+09 2.164079657250000238e+08
1.330000000000000000e+02 9.500000000000100000e+13 1.000000000000000000e+00 1.074298411571621203e+00 7.173191332829171110e-03 3.860769906872408425e-02 5.265400040785806965e-03 0.000000000000000000e+00 1.255972439489826842e+00 1.481924596221706122e-02 3.802015507044504285e+08 7.260089623545594513e+07
1.340000000000000000e+02 9.500000000000100000e+13 0.000000000000000000e+00 1.105052288207409861e+00 9.733226402915393094e-02 1.461344242038116470e-01 3.508829058417298197e-02 0.000000000000000000e+00 1.050353005832149300e+00 6.791342036980081709e-02 1.518111777360628366e+09 5.818546950493907928e+08
1.350000000000000000e+02 9.500000000000100000e+13 0.000000000000000000e+00 1.053292889779646524e+00 4.747221850382282726e-02 1.354799585309730547e-01 2.092635088259022988e-02 0.000000000000000000e+00 1.154826353422992558e+00 2.352480298855025645e-02 1.224959521112890005e+09 3.397886271877627373e+08
1.360000000000000000e+02 9.500000000000300000e+13 0.000000000000000000e+00 1.584585757913895110e+00 8.448329569896605162e-02 1.089090733985265125e-01 1.986007650150380457e-02 0.000000000000000000e+00 1.788057366268700044e+00 1.136765457414546932e-01 1.208868431353133440e+09 2.901653924280984998e+08
1.370000000000000000e+02 9.500000000000100000e+13 0.000000000000000000e+00 1.305109751869818258e+00 3.777723917209312859e-02 1.531616557308813076e-01 2.585133890843959933e-02 0.000000000000000000e+00 1.299943360862026998e+00 7.536847715776934242e-02 1.690894451606504679e+09 3.188543253499999642e+08
1.380000000000000000e+02 9.500000000000100000e+13 0.000000000000000000e+00 1.123108489230408180e+00 4.625578173658562858e-02 1.217457055919680120e-01 4.306354596634933557e-02 0.000000000000000000e+00 1.020408722411573432e+00 1.963032862878142520e-02 4.871510919053186178e+08 7.754138755041682720e+07
1.390000000000000000e+02 9.500000000000100000e+13 0.000000000000000000e+00 1.392649423112160223e+00 9.269225925576458913e-02 1.255233403477787058e-01 2.420528525933093519e-02 0.000000000000000000e+00 1.511837460601927363e+00 1.029228047334229262e-01 1.159960070200148344e+09 3.491899421433094144e+08
1.400000000000000000e+02 9.500000000000100000e+13 0.000000000000000000e+00 1.444637341802508690e+00 9.867381103136606268e-02 2.014912010091738370e-01 4.201947582444067603e-02 0.000000000000000000e+00 1.474337529853737561e+00 1.327212889776393512e-01 2.276107726419343472e+09 5.403543845743782520e+08
1.410000000000000000e+02 9.500000000000100000e+13 0.000000000000000000e+00 1.060020050283190463e+00 1.446288701497538964e-01 5.001376056372000001e-01 2.022362731078682918e-01 0.000000000000000000e+00 1.114201381476492170e+00 1.860123168688992412e-01 1.454400250845245600e+09 3.223912854057547450e+08
1.420000000000000000e+02 9.500000000000100000e+13 0.000000000000000000e+00 1.204089320794671236e+00 5.033474089332973245e-02 1.617706666303132812e-01 4.613811107778716808e-02 0.000000000000000000e+00 1.291852956041128264e+00 5.188485170555030140e-02 1.813395717215592623e+09 7.037012326504497528e+08
1.430000000000000000e+02 9.500000000000100000e+13 1.000000000000000000e+00 1.077249737954321773e+00 2.910013380152624840e-02 8.114069313841440478e-02 2.821451422145529811e-02 0.000000000000000000e+00 1.068282726789207215e+00 3.275939956690878535e-02 8.600667949305744171e+08 3.864268184147360921e+08
1.440000000000000000e+02 9.500000000000200000e+13 0.000000000000000000e+00 1.266170654799391837e+00 1.626620807979493877e-01 3.370966896303120297e-01 1.581631753915168082e-01 0.000000000000000000e+00 1.533660039015856791e+00 5.042209963494474756e-02 9.181524697816509008e+08 1.914827105269348919e+08
1.450000000000000000e+02 9.500000000000100000e+13 0.000000000000000000e+00 1.087646598596575309e+00 6.692894858268261249e-02 8.087844873074452601e-02 1.540866853902157774e-02 0.000000000000000000e+00 1.148632863375775637e+00 5.665864186582107720e-02 4.100598118405702114e+08 1.179367917671503723e+08
1.460000000000000000e+02 9.500000000000100000e+13 0.000000000000000000e+00 1.189158980806378274e+00 2.550069918667137447e-02 8.165432689419251100e-02 1.330811626010777564e-02 0.000000000000000000e+00 1.214297829326218547e+00 1.023481427037001810e-02 6.700524360463590622e+08 1.876114743462548256e+08
1.470000000000000000e+02 9.500000000000100000e+13 0.000000000000000000e+00 1.616142384462570414e+00 9.153115135101758115e-02 1.942687490377570103e-01 8.610150156277533717e-02 0.000000000000000000e+00 1.539475797326346429e+00 1.468041585215811018e-01 1.722623962407185316e+09 1.349423971792897463e+09
1.480000000000000000e+02 9.500000000000200000e+13 0.000000000000000000e+00 1.118916743855663087e+00 1.536535450938883440e-01 2.476117027707080143e-01 1.550743290143452024e-01 0.000000000000000000e+00 1.268217587316624817e+00 8.368074025309005237e-02 9.564036604217593670e+08 1.704176767891516089e+08
1.490000000000000000e+02 9.500000000000200000e+13 0.000000000000000000e+00 1.272396315037283232e+00 2.641717246935516503e-02 4.777850092588944303e-02 1.294803199243528546e-02 0.000000000000000000e+00 1.189464525080986324e+00 2.325813518141315803e-02 6.252761695895129442e+08 1.725421906995521784e+08
1.500000000000000000e+02 9.500000000000100000e+13 0.000000000000000000e+00 1.246852384549960613e+00 1.594922609215119469e-01 2.095077097509308039e-01 5.443437861086147106e-02 0.000000000000000000e+00 1.276645818309046998e+00 1.424468119303664848e-01 1.542952183274111986e+09 7.762258227550855875e+08
1.510000000000000000e+02 9.500000000000100000e+13 0.000000000000000000e+00 1.188464059066467238e+00 1.023046191603262656e-01 7.691830710693868534e-02 1.677912468212845037e-02 0.000000000000000000e+00 1.312872545110126188e+00 2.748845123422681558e-02 6.863593643295552731e+08 9.490934284483712912e+07
1.520000000000000000e+02 9.500000000000100000e+13 0.000000000000000000e+00 1.038661059261445363e+00 1.461417733362960492e-01 2.341601792322763331e-01 6.125713775376354087e-02 0.000000000000000000e+00 1.435801922281534138e+00 1.174575074344790387e-01 1.591007701607131481e+09 9.955041708846896887e+08
1.530000000000000000e+02 9.500000000000100000e+13 0.000000000000000000e+00 1.197803595232846741e+00 1.292052004945427046e-01 1.653377079424335483e-01 6.133759606996476432e-02 0.000000000000000000e+00 1.273270260805689169e+00 1.676034020708057071e-01 1.686162983366110086e+09 8.495424167425493002e+08
1.540000000000000000e+02 9.500000000000100000e+13 0.000000000000000000e+00 1.230596409871016705e+00 2.692511489949643219e-02 1.324755177393416306e-01 2.437221907043693112e-02 0.000000000000000000e+00 1.236505426388556206e+00 5.369474170668100954e-02 1.120622535947851896e+09 1.788340520547250807e+08
1.550000000000000000e+02 9.500000000000100000e+13 0.000000000000000000e+00 1.143654229711914772e+00 1.036807045624964924e-01 2.077273750084673853e-01 4.819345224138021216e-02 0.000000000000000000e+00 1.101316654323520217e+00 1.423533909844793555e-01 2.133748898251134157e+09 6.393792996084572077e+08
1.560000000000000000e+02 9.500000000000100000e+13 0.000000000000000000e+00 8.994197135674254495e-01 1.118050395043581474e-01 3.680678497417100847e-01 2.365657085289263328e-01 0.000000000000000000e+00 1.049127460540758339e+00 7.262714904291631135e-02 1.324589655222669840e+09 5.447164245432764292e+08
1.570000000000000000e+02 9.500000000000100000e+13 0.000000000000000000e+00 1.023650402552483740e+00 1.340750672648834303e-02 1.115531268328013581e-01 1.156309216011588460e-02 0.000000000000000000e+00 1.140347997965972304e+00 1.581896899610082952e-02 7.101713408047832251e+08 1.435714178553138673e+08
1.580000000000000000e+02 9.500000000000300000e+13 0.000000000000000000e+00 9.828476710043894116e-01 1.389903110252098395e-01 1.551043982193238968e-01 6.430487743069047968e-02 0.000000000000000000e+00 1.360857802227204649e+00 1.040042261262680429e-01 1.323724580810205698e+09 2.043119331984116435e+08
1.590000000000000000e+02 9.500000000000200000e+13 0.000000000000000000e+00 1.194961811720324674e+00 4.612651821390169327e-02 9.417506525249880189e-02 4.142665095369036515e-02 0.000000000000000000e+00 1.359808719716595338e+00 6.086637737915139706e-02 7.949209735419760942e+08 3.565118279493747950e+08
1.600000000000000000e+02 9.500000000000100000e+13 0.000000000000000000e+00 1.387119356252363600e+00 8.058077735100678540e-02 1.634265823047880706e-01 3.459779935574003318e-02 0.000000000000000000e+00 1.526162830697257222e+00 7.830790020686313746e-02 1.464291453212720633e+09 4.783084301651315689e+08
1.610000000000000000e+02 9.500000000000100000e+13 0.000000000000000000e+00 1.111778754454523233e+00 1.567024546382525807e-01 2.439837497286064250e-01 4.711725752923296567e-02 0.000000000000000000e+00 1.143456794480851801e+00 1.410282935713519370e-01 1.286874820898927212e+09 3.909991944684085846e+08
1.620000000000000000e+02 9.500000000000100000e+13 0.000000000000000000e+00 1.260816022504952061e+00 8.978285024931040303e-02 1.650178196859295732e-01 3.746965629560271294e-02 0.000000000000000000e+00 1.269464015320609152e+00 7.682783812575340321e-02 1.869535832244673014e+09 5.502281476389837265e+08
1.630000000000000000e+02 9.500000000000100000e+13 0.000000000000000000e+00 1.270916132454605663e+00 6.382381706186342207e-02 1.808438922297437579e-01 6.084638066364882192e-02 0.000000000000000000e+00 1.323828658253174417e+00 6.065479904448935200e-02 2.021550259836356401e+09 7.642338355032972097e+08
1.640000000000000000e+02 9.500000000000100000e+13 0.000000000000000000e+00 1.524881070465320620e+00 9.248677508620435639e-02 1.037189580136779199e-01 5.307068828820606793e-02 0.000000000000000000e+00 1.507966441373758126e+00 1.021976903858709818e-01 1.174272172475439787e+09 6.918014752765338421e+08
1.650000000000000000e+02 9.500000000000100000e+13 0.000000000000000000e+00 1.043440729477370876e+00 1.681854919468168605e-02 1.171792716479928831e-01 2.344112191140461376e-02 0.000000000000000000e+00 1.314433977794154940e+00 1.779548781481709099e-02 1.075298047512392044e+09 3.425655598853335381e+08
1.660000000000000000e+02 9.500000000000100000e+13 0.000000000000000000e+00 1.230526649186396870e+00 1.049971723883339481e-01 1.875183042733059580e-01 6.241781024410872347e-02 0.000000000000000000e+00 1.090614476969934188e+00 1.448619628027347506e-01 1.841803488856504917e+09 8.012300722183295488e+08
1.670000000000000000e+02 9.500000000000300000e+13 0.000000000000000000e+00 1.096156118744088692e+00 1.424233111513549810e-01 1.374946321911707514e-01 3.824503840619980499e-02 0.000000000000000000e+00 1.102270418351998682e+00 1.230624173489844181e-01 1.158036816470467091e+09 5.417619515049306154e+08
1.680000000000000000e+02 9.500000000000200000e+13 0.000000000000000000e+00 2.810687614527191514e+00 1.069049559450738901e-01 1.666534999154584140e-01 6.264298093587521155e-02 0.000000000000000000e+00 2.556954697602733084e+00 1.364852470166925957e-01 1.873905415382752419e+09 7.608748288436527252e+08
1.690000000000000000e+02 9.500000000000200000e+13 0.000000000000000000e+00 9.177812952731340124e-01 1.600906375765749623e-01 2.996863288082693977e-01 2.169745966900972212e-01 0.000000000000000000e+00 1.141991794658035353e+00 3.697588458795101479e-02 8.054196988571320772e+08 1.981990753699865341e+08
1.700000000000000000e+02 9.500000000000100000e+13 0.000000000000000000e+00 1.697165764361867391e+00 1.553444320114441279e-01 2.591824036245684582e-01 1.265024827598201507e-01 0.000000000000000000e+00 1.224271092613246958e+00 2.335888871689775215e-01 3.351881315781808853e+09 2.158514881714428425e+09
1.710000000000000000e+02 9.500000000000600000e+13 0.000000000000000000e+00 1.117634597195262369e+00 1.267720121915123233e-01 1.801615084128057875e-01 9.805948977587673754e-02 0.000000000000000000e+00 1.010791437179937358e+00 1.509749942598262173e-01 2.197677535694722652e+09 1.437975854823609114e+09
1.720000000000000000e+02 9.500000000000200000e+13 0.000000000000000000e+00 8.207120518446968660e-01 8.898836059176043478e-02 1.355876104032349150e-01 4.043995299023285528e-02 0.000000000000000000e+00 1.259290451595592497e+00 5.405209194351555391e-02 1.151827702008552313e+09 6.655490391994091272e+08
1.730000000000000000e+02 9.500000000000100000e+13 0.000000000000000000e+00 1.115200568689456828e+00 6.763337268574901029e-02 9.787790454070591228e-02 2.166480113424371426e-02 0.000000000000000000e+00 1.123300401538600335e+00 3.571234367351215633e-02 7.559774341330519915e+08 2.064100405185962915e+08
1.740000000000000000e+02 9.500000000000300000e+13 0.000000000000000000e+00 1.208613083157919821e+00 2.954694851740393216e-02 9.561522500520941437e-02 4.839091477391123386e-02 0.000000000000000000e+00 1.121689557818516647e+00 5.040407246714408845e-02 1.101059179966358900e+09 6.091186911395961046e+08
1.750000000000000000e+02 9.500000000000200000e+13 0.000000000000000000e+00 1.131150078005208170e+00 6.938897428905027587e-02 1.267273513233693194e-01 4.333515861051749629e-02 0.000000000000000000e+00 1.384471766966599349e+00 5.652491375784990391e-02 8.099473026845939159e+08 2.476045282765118182e+08
1.760000000000000000e+02 9.500000000000100000e+13 0.000000000000000000e+00 1.088700511206852406e+00 6.447938999634861279e-02 1.158300207292074502e-01 4.279299199238393442e-02 0.000000000000000000e+00 1.190419771682829975e+00 8.718140342813204824e-02 1.135509225505589247e+09 6.315793228993017673e+08
1.770000000000000000e+02 9.500000000000200000e+13 0.000000000000000000e+00 9.906632768036357506e-01 1.048617581938533355e-01 1.872938503938253174e-01 8.309398032455002359e-02 0.000000000000000000e+00 1.190267044762590487e+00 7.704704013576513244e-02 6.476821247606855631e+08 7.940536164096173644e+07
1.780000000000000000e+02 9.500000000000100000e+13 0.000000000000000000e+00 1.465940857995788660e+00 3.919706559214809760e-02 1.341959776653027792e-01 3.734447308877904270e-02 0.000000000000000000e+00 1.457328631772214722e+00 6.802170871126307639e-02 1.334769951701843500e+09 4.799213377723641396e+08
1.790000000000000000e+02 9.500000000000100000e+13 0.000000000000000000e+00 1.249888577763653696e+00 2.327157265710683848e-02 1.130194703950318375e-01 1.485242354945744830e-02 0.000000000000000000e+00 1.335228450330343319e+00 3.591397066254323894e-02 1.218072603802648306e+09 2.001807294421587586e+08
1.800000000000000000e+02 9.500000000000300000e+13 0.000000000000000000e+00 1.102402700943332148e+00 8.989677344902950729e-02 1.123699813285170546e-01 5.270652302044390863e-02 0.000000000000000000e+00 1.223053586816060578e+00 1.115744842853750723e-01 1.498309215629828930e+09 7.127850993728669882e+08
1.810000000000000000e+02 9.500000000000100000e+13 0.000000000000000000e+00 1.070851547650385260e+00 1.941021871546087241e-01 1.535940320751203458e-01 9.105688762986079154e-02 0.000000000000000000e+00 9.114031590801568994e-01 1.730234359189349314e-01 1.832106012329611778e+09 1.357417803820138931e+09
1.820000000000000000e+02 9.500000000000300000e+13 0.000000000000000000e+00 9.887371210585057524e-01 4.704218877947384525e-02 8.356023359904514447e-02 3.632277590690140279e-02 0.000000000000000000e+00 1.098881507253318901e+00 1.505077693171879422e-02 1.743560046944534183e+08 6.606484151476812363e+07
1.830000000000000000e+02 9.500000000000100000e+13 0.000000000000000000e+00 1.458216578662641316e+00 3.102249864254261885e-02 9.663391441679805571e-02 1.492419820301461517e-02 0.000000000000000000e+00 1.594096116838842114e+00 3.449478408873449947e-02 7.507763977267700434e+08 2.269735515256441534e+08
1.840000000000000000e+02 9.500000000000100000e+13 0.000000000000000000e+00 1.280182050523788639e+00 1.375468436277501039e-01 2.091251564946778052e-01 1.038598716855966692e-01 0.000000000000000000e+00 1.174271800321632142e+00 1.405547397843612545e-01 2.434323393300790787e+09 1.492153384979805708e+09
1.850000000000000000e+02 9.500000000000200000e+13 0.000000000000000000e+00 1.368521357503979408e+00 6.500624401730970003e-02 2.163258865983182788e-01 1.348369467780347608e-01 0.000000000000000000e+00 1.711217680794823393e+00 2.340743599170113515e-02 4.376314123269969225e+08 1.159269087019435018e+08
1.860000000000000000e+02 9.500000000000100000e+13 0.000000000000000000e+00 1.184036748397034433e+00 7.998234541213313648e-03 1.348996264335858841e-01 2.847522068534093231e-02 0.000000000000000000e+00 1.419128499339721738e+00 1.914713950504565859e-02 1.448783804217279911e+09 3.999969793209345937e+08
1.870000000000000000e+02 9.500000000000200000e+13 0.000000000000000000e+00 1.387320274550432497e+00 1.038452288604395785e-01 1.975914770898244133e-01 6.004171527295816546e-02 0.000000000000000000e+00 1.139318367026167511e+00 1.287380257862112409e-01 2.486475660352235317e+09 9.263177772401269674e+08
1.880000000000000000e+02 9.500000000000100000e+13 1.000000000000000000e+00 1.117305849797365358e+00 3.664558552400636743e-02 8.506108237839719866e-02 1.085580516194017270e-02 0.000000000000000000e+00 1.332911682324496416e+00 3.362942452020482864e-02 3.766569760449946523e+08 3.307456578916478902e+07
1.890000000000000000e+02 9.500000000000100000e+13 0.000000000000000000e+00 1.759218842222784129e+00 1.479856313221552255e-01 3.190927919135287394e-01 9.257908902513478644e-02 0.000000000000000000e+00 1.677482554675387538e+00 1.904448515651742113e-01 2.700986392367515087e+09 1.290041397154551268e+09
1.900000000000000000e+02 9.500000000000100000e+13 1.000000000000000000e+00 1.035493765078356443e+00 3.454697190873920465e-02 8.868399548421325440e-02 1.369683771545608143e-02 0.000000000000000000e+00 1.260112761402581771e+00 3.442114578868064878e-02 5.975404554330899715e+08 8.510535182017026842e+07
1.910000000000000000e+02 9.500000000000100000e+13 0.000000000000000000e+00 9.913116507689895274e-01 2.744861898710889564e-02 1.504221207641501523e-01 4.682411983783063558e-02 0.000000000000000000e+00 9.773149664663902669e-01 2.497401487896156944e-02 6.434517805827286243e+08 9.001501186084228754e+07
1.920000000000000000e+02 9.500000000001100000e+13 0.000000000000000000e+00 1.180173939515157588e+00 1.481899514106213289e-01 9.660635756606790470e-02 5.418132229850465553e-02 0.000000000000000000e+00 1.073509789636761136e+00 1.678464861020864396e-01 1.120306913817958117e+09 9.535360124781162739e+08
1.930000000000000000e+02 9.500000000000100000e+13 0.000000000000000000e+00 9.361186212678883622e-01 9.831443042095924789e-02 1.487675021436772327e-01 6.592083654279361216e-02 0.000000000000000000e+00 1.023954064999792690e+00 4.142999031202870830e-02 6.680463052012152672e+08 1.272807230016236305e+08
1.940000000000000000e+02 9.500000000000100000e+13 0.000000000000000000e+00 1.083569564591892131e+00 1.982725712906637516e-01 1.816633528830250421e-01 5.897368871314233318e-02 0.000000000000000000e+00 1.039472017139268400e+00 2.129276861957142553e-01 2.102892286404733896e+09 8.731986861300625801e+08
1.950000000000000000e+02 9.500000000000200000e+13 0.000000000000000000e+00 1.132194363301948670e+00 8.006982321750212572e-02 2.662986765750103846e-01 2.152232642034556664e-01 0.000000000000000000e+00 1.222574646611738869e+00 2.495471175470809905e-02 4.329675018579387069e+08 4.099162866442148387e+07
1.960000000000000000e+02 9.500000000000100000e+13 0.000000000000000000e+00 1.249978806013340993e+00 1.922449847445867888e-01 2.826011770014180691e-01 1.079768197081591441e-01 0.000000000000000000e+00 7.085997718856914540e-01 1.401867918071936780e-01 2.773727660834249973e+09 1.883904881164212942e+09
1.970000000000000000e+02 9.500000000000100000e+13 0.000000000000000000e+00 1.101801662942582194e+00 7.364499349740923073e-02 1.338430218602889576e-01 4.574357448190032732e-02 0.000000000000000000e+00 1.385848208502880929e+00 7.191188784051298633e-02 8.911617419859358072e+08 1.690511007173331082e+08
1.980000000000000000e+02 9.500000000000400000e+13 0.000000000000000000e+00 1.139483579466409102e+00 1.400785756142198246e-01 1.510577191181346479e-01 5.360206871114342464e-02 0.000000000000000000e+00 1.267193435486731135e+00 7.298853262007853893e-02 1.060361360371730447e+09 2.086614814072769284e+08
1.990000000000000000e+02 9.500000000000300000e+13 1.000000000000000000e+00 1.141828599282937118e+00 3.801522706700746768e-02 7.811710655928159885e-02 1.700167230100109103e-02 0.000000000000000000e+00 1.203975726289293169e+00 3.251422052201566326e-02 8.234309272754843235e+08 2.537792362854597569e+08
2.000000000000000000e+02 9.500000000000100000e+13 0.000000000000000000e+00 1.040188193040763043e+00 4.454455525218641021e-02 1.137374475467650414e-01 3.077505647559766744e-02 0.000000000000000000e+00 1.295588557115965989e+00 1.506882746197887868e-02 9.215502724198238850e+08 1.494938963435974419e+08
2.010000000000000000e+02 9.500000000000100000e+13 0.000000000000000000e+00 1.095951874604819576e+00 7.063494888918472880e-02 1.395905217508107421e-01 6.349042785229533359e-02 0.000000000000000000e+00 1.352356983958197700e+00 3.970912188461258457e-02 6.226729494914147854e+08 2.255427382856030762e+08
2.020000000000000000e+02 9.500000000000100000e+13 0.000000000000000000e+00 1.174363754358658030e+00 8.235753280171606572e-02 1.509823508050757990e-01 4.169252766178692393e-02 0.000000000000000000e+00 1.423360246065078938e+00 6.409018180320370794e-02 5.913275879294699430e+08 1.475100346128858030e+08
2.030000000000000000e+02 9.500000000000100000e+13 0.000000000000000000e+00 1.051282720963372386e+00 6.131160075221135652e-02 1.113727711791642760e-01 3.257169433314253265e-02 0.000000000000000000e+00 1.211431445939470608e+00 2.705802510845112252e-02 7.292787753478966951e+08 5.150456030388251543e+08
2.040000000000000000e+02 9.500000000000100000e+13 0.000000000000000000e+00 1.243916760483996464e+00 6.584791541103902912e-02 1.434482638830102408e-01 2.656427241174976611e-02 0.000000000000000000e+00 1.307506693632557893e+00 1.016618783745689425e-01 1.035673052286005735e+09 3.282571557326738834e+08
2.050000000000000000e+02 9.500000000000200000e+13 0.000000000000000000e+00 1.140059800494555464e+00 1.636497363101745151e-01 3.669981230610134260e-01 2.138049039351221925e-01 0.000000000000000000e+00 1.169922742550510986e+00 9.259115392781544496e-02 1.512522871973986626e+09 3.629976715852109790e+08
2.060000000000000000e+02 9.500000000000100000e+13 0.000000000000000000e+00 1.099278899725283809e+00 4.218805154902787596e-02 8.523433392021988186e-02 1.082484899518461330e-02 0.000000000000000000e+00 1.011629826369420337e+00 2.915238476761571051e-02 5.176424543599343896e+08 8.782937557183702290e+07
2.070000000000000000e+02 9.500000000000200000e+13 0.000000000000000000e+00 1.203277488588196054e+00 6.855489332904447786e-02 7.187811289102741252e-02 2.401657635674958949e-02 0.000000000000000000e+00 1.010783707111760688e+00 9.043943046009743358e-02 1.042583879773873329e+09 3.809311031133267879e+08
2.080000000000000000e+02 9.500000000000100000e+13 0.000000000000000000e+00 1.238194464109866999e+00 1.748403933346049099e-01 1.963205702692049914e-01 1.149582142850655853e-01 0.000000000000000000e+00 1.059678953602879670e+00 2.298220002625489256e-01 2.465882912205457687e+09 1.509746319244177103e+09
2.090000000000000000e+02 9.500000000000100000e+13 1.000000000000000000e+00 1.067590734053291746e+00 2.566893015887933630e-02 7.615140452009901140e-02 1.036981523416770357e-02 0.000000000000000000e+00 1.275381296438237833e+00 3.414668960694730582e-02 6.831694647796664238e+08 1.462609167460951805e+08
2.100000000000000000e+02 9.500000000000100000e+13 0.000000000000000000e+00 9.650450490246215152e-01 4.288049394854562268e-02 1.278763314431014264e-01 2.359718553570977831e-02 0.000000000000000000e+00 1.032289963676344291e+00 5.748072846639310646e-02 1.038485671184012651e+09 3.635524193457890749e+08
2.110000000000000000e+02 9.500000000000100000e+13 0.000000000000000000e+00 1.428873043537564946e+00 6.839249737762027881e-02 1.540689833861181302e-01 3.405419239259093594e-02 0.000000000000000000e+00 1.542231585892531509e+00 1.028511594204176566e-01 1.728582116701264381e+09 4.354875567906699777e+08
2.120000000000000000e+02 9.500000000000100000e+13 0.000000000000000000e+00 1.271343870871545656e+00 3.604504228734765892e-02 1.158711537334821823e-01 3.771842315701131459e-02 0.000000000000000000e+00 1.363468121522239063e+00 5.160627671918336518e-02 1.304791956100085020e+09 4.790625456337392926e+08
2.130000000000000000e+02 9.500000000000200000e+13 0.000000000000000000e+00 1.144980146879712279e+00 7.032639458342693217e-02 3.695389396034412521e-02 3.843136322302210563e-03 0.000000000000000000e+00 1.211061203699670186e+00 3.438402252183107854e-02 3.191283286646383405e+08 5.225995469497159123e+07
2.140000000000000000e+02 9.500000000000100000e+13 0.000000000000000000e+00 2.442016736626995588e+00 1.773331613573994603e-01 1.953409347092306403e-01 9.223037353494338564e-02 0.000000000000000000e+00 2.553874568671401946e+00 2.052274074462170639e-01 2.186224181734738827e+09 1.362007818962195873e+09
2.150000000000000000e+02 9.500000000000100000e+13 0.000000000000000000e+00 1.444232758252467663e+00 2.033941218296458561e-02 6.697213925968775738e-02 1.584446777874887538e-02 0.000000000000000000e+00 1.448272042802212889e+00 3.660697602556621522e-02 7.115371841378240585e+08 2.171635660128835440e+08
2.160000000000000000e+02 9.500000000000100000e+13 0.000000000000000000e+00 1.091347996501552453e+00 7.742937404960362202e-02 1.870158794563054339e-01 3.306974940132888230e-02 0.000000000000000000e+00 1.297361638064349343e+00 4.566712950543308502e-02 1.554169447200634003e+09 4.083329534596388340e+08
2.170000000000000000e+02 9.500000000000200000e+13 0.000000000000000000e+00 1.070550668430730434e+00 1.674111634544377461e-02 1.153949444530403823e-01 3.445986657079665866e-02 0.000000000000000000e+00 1.172063297513368907e+00 1.174523616715335284e-02 9.411310673806271553e+08 2.643664430027876496e+08
2.180000000000000000e+02 9.500000000000200000e+13 0.000000000000000000e+00 1.358986542556354316e+00 3.534795708356217731e-02 1.108118479078782359e-01 1.583399840383080751e-02 0.000000000000000000e+00 1.352885121568658811e+00 3.927173003039332450e-02 1.130022770342925549e+09 2.090659356208358407e+08
2.190000000000000000e+02 9.500000000000100000e+13 0.000000000000000000e+00 1.555946211367117638e+00 6.650489147904964371e-02 1.397352205577826190e-01 4.020395245797876022e-02 0.000000000000000000e+00 1.545859599541684393e+00 1.292158332627175443e-01 1.208322323895238161e+09 5.502209648864095211e+08
2.200000000000000000e+02 9.500000000000100000e+13 0.000000000000000000e+00 1.125245164090056482e+00 6.207235272170329166e-02 1.162421342851849004e-01 3.290717456584022621e-02 0.000000000000000000e+00 1.209769539071104738e+00 2.899876104650139785e-02 1.162557174238474131e+09 5.070323812824174166e+08
2.210000000000000000e+02 9.500000000000100000e+13 0.000000000000000000e+00 1.134543308684542451e+00 2.492301643464652980e-02 1.319715411520384629e-01 4.340498361809500688e-02 0.000000000000000000e+00 1.156673738976199406e+00 1.142643459403527850e-02 1.482611038739772320e+09 6.220561318969439268e+08
2.220000000000000000e+02 9.500000000000100000e+13 1.000000000000000000e+00 1.094026084211472627e+00 2.960729552358494152e-02 9.677394523706302210e-02 3.784396799747763440e-02 0.000000000000000000e+00 1.160402930426357004e+00 2.958934558927748398e-02 2.755194407236824632e+08 5.331283901098848879e+07
2.230000000000000000e+02 9.500000000000100000e+13 0.000000000000000000e+00 2.009825574083659028e+00 2.430927454662881737e-01 4.702189126895454652e-01 2.100480994560406101e-01 0.000000000000000000e+00 2.383078697148109271e+00 2.319985131774902065e-01 1.579415630952075243e+09 2.459195912989021838e+08
2.240000000000000000e+02 9.500000000000100000e+13 0.000000000000000000e+00 1.154736121084193323e+00 9.516504499630346059e-02 2.023935325933820806e-01 4.997402820145294827e-02 0.000000000000000000e+00 1.152331239059713797e+00 1.429525128275367929e-01 1.799871194368919849e+09 7.037302882330886126e+08
2.250000000000000000e+02 9.500000000000100000e+13 0.000000000000000000e+00 1.150086942691262326e+00 6.198616915972928604e-02 9.962115261468683369e-02 1.765145196317721363e-02 0.000000000000000000e+00 1.145017267345878498e+00 6.062068348503549253e-02 7.943321308323627710e+08 2.294896925685630441e+08
2.260000000000000000e+02 9.500000000000100000e+13 0.000000000000000000e+00 1.183509377883866120e+00 1.411003938409440828e-01 1.368462209915493333e-01 1.959981689502430027e-02 0.000000000000000000e+00 1.220258591291663253e+00 1.248537839699255386e-01 1.392853546255104065e+09 2.603217878983711898e+08
2.270000000000000000e+02 9.500000000000100000e+13 0.000000000000000000e+00 1.662021058301364151e+00 5.873216744958858343e-02 1.189779999630432572e-01 2.738457179461909960e-02 0.000000000000000000e+00 1.735026721681173223e+00 9.744941169410444026e-02 1.295757170800538063e+09 3.469760496087429523e+08
2.280000000000000000e+02 9.500000000000200000e+13 0.000000000000000000e+00 1.281663918422189186e+00 3.011537378123122985e-02 7.891614134768214217e-02 2.877830993204032184e-02 0.000000000000000000e+00 1.424630428561594497e+00 5.559865462258866547e-02 8.186099942990559340e+08 3.765709365211386681e+08
2.290000000000000000e+02 9.500000000000100000e+13 0.000000000000000000e+00 1.039299060707970623e+00 4.211980068419673984e-02 1.435511383373732353e-01 2.434095015024829653e-02 0.000000000000000000e+00 1.214428888648446669e+00 4.561811774479642562e-02 1.404475447938159704e+09 3.685707282012564540e+08
2.300000000000000000e+02 9.500000000000100000e+13 0.000000000000000000e+00 1.243910869619412329e+00 7.180394871418377400e-02 1.638081684393143389e-01 4.963390472059852482e-02 0.000000000000000000e+00 1.405596856235981074e+00 9.060806132315496475e-02 1.265543004279505730e+09 2.772618786371579170e+08
2.310000000000000000e+02 9.500000000000200000e+13 0.000000000000000000e+00 1.005441296574780319e+00 2.513236678814452160e-02 1.298146851227686971e-01 4.690197333735030699e-02 0.000000000000000000e+00 1.267944520989933155e+00 4.402624662310269943e-02 4.398890983217203617e+08 5.401026871566908062e+07
2.320000000000000000e+02 9.500000000000100000e+13 0.000000000000000000e+00 1.383392095811793343e+00 5.267450123562739117e-02 1.106951589329902563e-01 1.127076849968416256e-02 0.000000000000000000e+00 1.256655293731790524e+00 5.422248576272519632e-02 1.180327072533491135e+09 1.469300438556204736e+08
2.330000000000000000e+02 9.500000000000100000e+13 1.000000000000000000e+00 1.133962788086390061e+00 1.176895998460778664e-02 9.458757684399764221e-02 1.640948681124531142e-02 0.000000000000000000e+00 1.324863655347455538e+00 3.107188402545893804e-02 8.404660656504912376e+08 2.321201826826559007e+08
2.340000000000000000e+02 9.500000000000100000e+13 1.000000000000000000e+00 1.087373063078756141e+00 1.663550610603858199e-02 6.397235361339050075e-02 6.941522180662323092e-03 0.000000000000000000e+00 1.301483649878339310e+00 1.447968130292247475e-02 5.820774579474641085e+08 9.678268272473575175e+07
2.350000000000000000e+02 9.500000000000100000e+13 0.000000000000000000e+00 1.120240462176379737e+00 6.132789446057530097e-02 2.574027812344282240e-01 8.215694988754662642e-02 0.000000000000000000e+00 1.207862527739321790e+00 6.478154070965681799e-02 1.789872009042372942e+09 6.044389695558859110e+08
2.360000000000000000e+02 9.500000000000300000e+13 0.000000000000000000e+00 1.176441935618564694e+00 5.699563661468460413e-02 1.584354551139099121e-01 6.707043765528766799e-02 0.000000000000000000e+00 1.234203128065401112e+00 3.952303865952375150e-02 1.806569622957513809e+09 9.667192616682137251e+08
2.370000000000000000e+02 9.500000000000100000e+13 0.000000000000000000e+00 1.189081780150403667e+00 1.481033299154147220e-01 3.268485796078350880e-01 1.201048646097333250e-01 0.000000000000000000e+00 1.488433663756416170e+00 8.022851384785274764e-02 9.383835673791213036e+08 1.740684064703909755e+08
2.380000000000000000e+02 9.500000000000100000e+13 0.000000000000000000e+00 1.050644999130602608e+00 8.192238592254831586e-02 8.195443762216005068e-02 2.581068683150318857e-02 0.000000000000000000e+00 9.935835998720980999e-01 1.151425936787054682e-01 7.621146308895291090e+08 3.895539806656979918e+08
2.390000000000000000e+02 9.500000000000100000e+13 0.000000000000000000e+00 1.610429151141856474e+00 1.111991096463220835e-01 1.669707861417794870e-01 7.296098316431033626e-02 0.000000000000000000e+00 1.787161552828987920e+00 1.316351076585950131e-01 1.900685278271472454e+09 9.621344133349108696e+08
2.400000000000000000e+02 9.500000000000100000e+13 0.000000000000000000e+00 1.222070608005338954e+00 7.058447613660040476e-02 1.614858318849341223e-01 3.028657312946589700e-02 0.000000000000000000e+00 1.103103515371431698e+00 5.309613590321510257e-02 1.832680081475512743e+09 4.542744985371341109e+08
2.410000000000000000e+02 9.500000000000100000e+13 0.000000000000000000e+00 1.144437252351851786e+00 3.049864799298963522e-02 1.318387906184201874e-01 5.601543337168160552e-02 0.000000000000000000e+00 1.109062106379880897e+00 5.996287869641501317e-02 7.843231351010404825e+08 2.251609775014829040e+08
2.420000000000000000e+02 9.500000000000100000e+13 0.000000000000000000e+00 1.552085436834061749e+00 5.861871553678341118e-02 1.333379728887729709e-01 2.704326783747754148e-02 0.000000000000000000e+00 1.658153617802745616e+00 5.692959597771921759e-02 1.103929553388813496e+09 3.695696598447522521e+08
2.430000000000000000e+02 9.500000000000100000e+13 0.000000000000000000e+00 1.135793707554791920e+00 1.043138244748133547e-01 1.896180933361500953e-01 2.589137409720480149e-02 0.000000000000000000e+00 1.135816533623566826e+00 8.425761655003295714e-02 1.345288089202671766e+09 4.067001353960501552e+08
2.440000000000000000e+02 9.500000000000200000e+13 0.000000000000000000e+00 1.073058621786461275e+00 8.300549283322494754e-02 1.804887539884300618e-01 4.371754957632194294e-02 0.000000000000000000e+00 7.472069700265603354e-01 1.002116460658531993e-01 1.637284274334159374e+09 7.641338071541546583e+08
2.450000000000000000e+02 9.500000000000100000e+13 1.000000000000000000e+00 9.874511283058755584e-01 3.180922936616466246e-02 9.287699014564358702e-02 1.738920635782444102e-02 0.000000000000000000e+00 1.196043151868710019e+00 2.395495391543943711e-02 6.145465866993604898e+08 1.172343682693263590e+08
2.460000000000000000e+02 9.500000000000200000e+13 1.000000000000000000e+00 1.051712872901091833e+00 2.760134697397137460e-02 5.728978523151263130e-02 6.597024282830754420e-03 0.000000000000000000e+00 1.114503603833799650e+00 1.469162931417618799e-02 2.530068296379081905e+08 7.090467421095564961e+07
2.470000000000000000e+02 9.500000000000100000e+13 0.000000000000000000e+00 1.188962072687683946e+00 2.125933473280734731e-01 1.690258984098771122e-01 5.117013550446266462e-02 0.000000000000000000e+00 1.204612347112325565e+00 1.912735722081295719e-01 1.659779379356269598e+09 7.957633122303426266e+08
2.480000000000000000e+02 9.500000000000500000e+13 0.000000000000000000e+00 1.366732055622027264e+00 3.463299359369888947e-02 1.033330487431606964e-01 2.531029324137581277e-02 0.000000000000000000e+00 1.441156084490720302e+00 4.062929323209609617e-02 7.808634150227315426e+08 2.082060159847234488e+08
2.490000000000000000e+02 9.500000000000100000e+13 0.000000000000000000e+00 1.075474405741415396e+00 1.444651805503003039e-01 1.447817311275805263e-01 5.551367471576112989e-02 0.000000000000000000e+00 1.109546257432847627e+00 1.107339163729747777e-01 1.286488639483833075e+09 8.973133291081864834e+08
2.500000000000000000e+02 9.500000000000600000e+13 0.000000000000000000e+00 1.011617137380570020e+00 1.036495843960342361e-01 9.911137942404329992e-02 2.234404250757197549e-02 0.000000000000000000e+00 1.290253128706483121e+00 7.341134436424717746e-02 9.368824328250656128e+08 3.591337842469820976e+08
2.510000000000000000e+02 9.500000000000100000e+13 0.000000000000000000e+00 1.016411455143010789e+00 2.510141759013823637e-01 2.390547330196781395e-01 8.319965647287255739e-02 0.000000000000000000e+00 9.804438330493124854e-01 2.551771460876379183e-01 1.881716491317738533e+09 1.383031223651199102e+09
2.520000000000000000e+02 9.500000000000500000e+13 0.000000000000000000e+00 1.075098943816792829e+00 4.666431293538259722e-02 1.521451078829989534e-01 4.446841137432314822e-02 0.000000000000000000e+00 1.316374725186068906e+00 6.117561400820548806e-02 7.107408629789202213e+08 2.734070848907484412e+08
2.530000000000000000e+02 9.500000000000200000e+13 0.000000000000000000e+00 1.152928368351908039e+00 3.106132647607115146e-02 1.546791278572225981e-01 5.149476526524487258e-02 0.000000000000000000e+00 1.366284528802603537e+00 6.793881407029489505e-02 1.294098404675103426e+09 7.544942088744148016e+08
2.540000000000000000e+02 9.500000000000100000e+13 0.000000000000000000e+00 1.178605998394939736e+00 2.791231544535624498e-02 1.062855791064756528e-01 1.765761745694057264e-02 0.000000000000000000e+00 1.285765493337281740e+00 2.274385698286649632e-02 9.029793692094299793e+08 2.432625964820189476e+08
2.550000000000000000e+02 9.500000000000100000e+13 0.000000000000000000e+00 1.426937326051340715e+00 1.095581007564691706e-01 1.672384353761233733e-01 3.992543538337673531e-02 0.000000000000000000e+00 1.406128871925309776e+00 1.433335655471440484e-01 1.787850627095595121e+09 5.110029482479138970e+08
2.560000000000000000e+02 9.500000000000100000e+13 0.000000000000000000e+00 1.133391019551679868e+00 1.329362231232083247e-01 1.553742053309391524e-01 4.803772783441458138e-02 0.000000000000000000e+00 1.160787399872114323e+00 1.973605085618105881e-01 1.366378568482310057e+09 6.668521016157939434e+08
2.570000000000000000e+02 9.500000000000100000e+13 0.000000000000000000e+00 1.212847396033023273e+00 7.876817428061354265e-02 1.142222951082462884e-01 4.454533182592848584e-02 0.000000000000000000e+00 1.367340350655001036e+00 1.484288396684891598e-01 1.212127106022617817e+09 6.036389555567663908e+08
2.580000000000000000e+02 9.500000000000100000e+13 0.000000000000000000e+00 1.308181381284153844e+00 6.314060056748865835e-02 9.307175890960278641e-02 2.481225034672262728e-02 0.000000000000000000e+00 1.388391059301911534e+00 5.819531765777334609e-02 1.020307544400602460e+09 3.434917671275116205e+08
2.590000000000000000e+02 9.500000000000200000e+13 0.000000000000000000e+00 1.165995032876790960e+00 4.008348433812382317e-02 3.674089772837733914e-02 4.392743864314679024e-03 0.000000000000000000e+00 1.230001799106131388e+00 1.875067253610115253e-02 3.095440458981209397e+08 5.270118419405195862e+07
2.600000000000000000e+02 9.500000000000100000e+13 0.000000000000000000e+00 1.086466748176910802e+00 9.124579704730076402e-02 1.867933748383191206e-01 7.700872994081900402e-02 0.000000000000000000e+00 1.226727676839260095e+00 6.405834007773866801e-02 9.298336876644262075e+08 1.810490524509673715e+08
2.610000000000000000e+02 9.500000000000100000e+13 0.000000000000000000e+00 9.380868096018728508e-01 1.579811933951984562e-02 1.192385754687742133e-01 2.986043313187664722e-02 0.000000000000000000e+00 1.270040486940978930e+00 4.490410353661138110e-02 4.086988043863902688e+08 5.650942070671288669e+07
2.620000000000000000e+02 9.500000000000100000e+13 0.000000000000000000e+00 1.136302148506544096e+00 3.756195443907369563e-02 1.079729224598599130e-01 2.644935296189634966e-02 0.000000000000000000e+00 1.339605691268213494e+00 8.793313612504920218e-02 1.013629477971098423e+09 2.828525620976470709e+08
2.630000000000000000e+02 9.500000000000100000e+13 0.000000000000000000e+00 1.061947654529916019e+00 4.314029506479775955e-02 1.016482868761178354e-01 3.324444031991360959e-02 0.000000000000000000e+00 1.123351146682811219e+00 1.961452009220355022e-02 5.031421085102324486e+08 6.100665253401225805e+07
2.640000000000000000e+02 9.500000000000400000e+13 0.000000000000000000e+00 1.085245177657540916e+00 1.557572671562594546e-01 1.733345841754353189e-01 3.094874026338312670e-02 0.000000000000000000e+00 1.367969523883844074e+00 1.113432476331975424e-01 1.450456923341496229e+09 4.695583927107794285e+08
2.650000000000000000e+02 9.500000000000100000e+13 0.000000000000000000e+00 1.164738909185774274e+00 1.203513311119150109e-01 1.695890342944889884e-01 4.600362953886243111e-02 0.000000000000000000e+00 1.043044130723556062e+00 1.074265382332311725e-01 1.814034179524381638e+09 7.972932660259484053e+08
2.660000000000000000e+02 9.500000000000200000e+13 0.000000000000000000e+00 1.260474517766365876e+00 4.445729550275002995e-02 1.485447605877569521e-01 4.819902678303523980e-02 0.000000000000000000e+00 1.220640996281690205e+00 6.635825917402841945e-02 1.801970764936005116e+09 5.948249603448889256e+08
2.670000000000000000e+02 9.500000000000100000e+13 0.000000000000000000e+00 9.751581934231762228e-01 2.117732185920622456e-01 1.622907486713428271e-01 3.162477048465714424e-02 0.000000000000000000e+00 1.221523446951883196e+00 1.700065496811024313e-01 1.095939397543508768e+09 3.754147376569786072e+08
2.680000000000000000e+02 9.500000000000100000e+13 1.000000000000000000e+00 9.624682246754699966e-01 1.350112397785417639e-02 4.903204963831055835e-02 8.519471596359771276e-03 0.000000000000000000e+00 9.959930307405032712e-01 3.978202145134680789e-02 4.124544965332067609e+08 1.269228433400263786e+08
2.690000000000000000e+02 9.500000000000100000e+13 0.000000000000000000e+00 6.180103884352524668e-01 1.253647752550956784e-01 1.031489969169190890e-01 2.069065069234097762e-02 0.000000000000000000e+00 1.354770940880796637e+00 4.932986714597905470e-02 1.278529277738324881e+09 3.809947716609262228e+08
2.700000000000000000e+02 9.500000000000300000e+13 0.000000000000000000e+00 1.230907924882453930e+00 6.581646209321689867e-02 8.116108320421373812e-02 2.105029565751611459e-02 0.000000000000000000e+00 1.213569822129504816e+00 5.133034872300343276e-02 6.362170439231693745e+08 2.123114438709194958e+08
2.710000000000000000e+02 9.500000000000100000e+13 0.000000000000000000e+00 1.243503812102202399e+00 5.127595624569573907e-02 1.094797747592650000e-01 1.594612585935796176e-02 0.000000000000000000e+00 1.246113648018829290e+00 6.397126243383925714e-02 8.684534382943025827e+08 1.243886966365541667e+08
2.720000000000000000e+02 9.500000000000400000e+13 0.000000000000000000e+00 1.467525041267065067e+00 1.077198133647367523e-01 1.754469313388616891e-01 8.076917366782743191e-02 0.000000000000000000e+00 1.144842111002392304e+00 9.196200651111235969e-02 2.115972542565113544e+09 1.157441708184199095e+09
2.730000000000000000e+02 9.500000000000100000e+13 0.000000000000000000e+00 1.344004762662456498e+00 1.047842933454627701e-01 1.635852490160253914e-01 3.679056111550452896e-02 0.000000000000000000e+00 1.171714307292025303e+00 1.398838604829338583e-01 1.775781796324913502e+09 4.967220870729103684e+08
2.740000000000000000e+02 9.500000000000100000e+13 0.000000000000000000e+00 1.252895796965727726e+00 3.717786941463924882e-02 1.574371106893331651e-01 3.681239297131402854e-02 0.000000000000000000e+00 1.233788944844738333e+00 2.003282568756899196e-02 1.339311191407842159e+09 5.107284853798754811e+08
2.750000000000000000e+02 9.500000000000600000e+13 0.000000000000000000e+00 1.087074345301724199e+00 1.426896049066389838e-01 2.274786229748367583e-01 5.274809859275834262e-02 0.000000000000000000e+00 1.206574050327724912e+00 1.015574993473228466e-01 1.534990215953553200e+09 4.951234474933004379e+08
2.760000000000000000e+02 9.500000000000100000e+13 0.000000000000000000e+00 1.273921133726790833e+00 3.801141919227084970e-02 1.167504914518822934e-01 1.670969987694619074e-02 0.000000000000000000e+00 1.327251332212250112e+00 4.559721781630606680e-03 9.431802915316107273e+08 2.335321713376452923e+08
2.770000000000000000e+02 9.500000000000200000e+13 0.000000000000000000e+00 1.147560542624584956e+00 3.450457309858406818e-02 1.037272981801213301e-01 1.615249261160367142e-02 0.000000000000000000e+00 1.206946678821789520e+00 2.168063474110390465e-02 1.237163705493075609e+09 2.202844520114519298e+08
2.780000000000000000e+02 9.500000000000200000e+13 0.000000000000000000e+00 1.431622506974067122e+00 1.070262153585572612e-01 1.756760552724507263e-01 4.571543441793403384e-02 0.000000000000000000e+00 1.709992511806839532e+00 1.384010592740121115e-01 2.202040093908550262e+09 6.970004318566607237e+08
2.790000000000000000e+02 9.500000000000400000e+13 0.000000000000000000e+00 1.535850320598458385e+00 2.189418638819165819e-01 2.176558315778545916e-01 6.666162011583996738e-02 0.000000000000000000e+00 1.543651271114905965e+00 2.346778911895900099e-01 1.669375106673178434e+09 9.304785932450864315e+08
2.800000000000000000e+02 9.500000000000200000e+13 0.000000000000000000e+00 1.159923976098033771e+00 6.496730881882294140e-02 1.186954176118787396e-01 1.684339038977108668e-02 0.000000000000000000e+00 1.105184397668122154e+00 7.467719719498797093e-02 5.834870973430317640e+08 1.233048187501705885e+08
2.810000000000000000e+02 9.500000000000200000e+13 0.000000000000000000e+00 1.071292802508107656e+00 6.951973447295982378e-02 1.436544848967228616e-01 2.895251103814546964e-02 0.000000000000000000e+00 1.157766246225444329e+00 9.078237806248266872e-02 1.413638732434376478e+09 4.690054184560801387e+08
2.820000000000000000e+02 9.500000000000100000e+13 1.000000000000000000e+00 1.059601108496547761e+00 3.697660000803568853e-02 8.674864630059019033e-02 1.313195311480908588e-02 0.000000000000000000e+00 1.161775232446933925e+00 4.294081632966199186e-02 5.964027542858737707e+08 6.662170169756819308e+07
2.830000000000000000e+02 9.500000000000100000e+13 0.000000000000000000e+00 1.107351168254550711e+00 9.476256119198510353e-02 1.030020307430585119e-01 4.920195637645057712e-02 0.000000000000000000e+00 1.155775912674418926e+00 7.819748793801062359e-02 5.194305010626306534e+08 1.355331316985276043e+08
2.840000000000000000e+02 9.500000000000100000e+13 0.000000000000000000e+00 1.469304664251436687e+00 8.627140564297383629e-02 1.563212713544490096e-01 5.484705335708200957e-02 0.000000000000000000e+00 1.672551546754889706e+00 1.009407552989782936e-01 1.090675992830869913e+09 1.853036221568334103e+08
2.850000000000000000e+02 9.500000000000100000e+13 0.000000000000000000e+00 1.348184334820392349e+00 1.349109220645080265e-01 1.063267194507731411e-01 1.241563829141681397e-02 0.000000000000000000e+00 1.361388586182083582e+00 1.515371461441714362e-01 1.125004160755102158e+09 1.508776236407242119e+08
2.860000000000000000e+02 9.500000000000200000e+13 0.000000000000000000e+00 1.228104853025386412e+00 1.045255938947741853e-01 2.080207685851550303e-01 6.684703544347758708e-02 0.000000000000000000e+00 1.382295565399967785e+00 1.007714439796690287e-01 2.507041787308456898e+09 1.005529861078635216e+09
2.870000000000000000e+02 9.500000000000100000e+13 0.000000000000000000e+00 9.195138103073601243e-01 1.153382785464451415e-01 2.654875717073635344e-01 1.675377219286972308e-01 0.000000000000000000e+00 1.175623838331539828e+00 4.573488425012148251e-02 1.141229603594087839e+09 2.863093899723333716e+08
2.880000000000000000e+02 9.500000000000100000e+13 0.000000000000000000e+00 1.312048101639508690e+00 7.650477323889563752e-02 1.356924791275059827e-01 2.073447315974725341e-02 0.000000000000000000e+00 1.643591221985064132e+00 1.108268739471342662e-01 9.495309817734724283e+08 2.033384090614657700e+08
2.890000000000000000e+02 9.500000000000600000e+13 0.000000000000000000e+00 1.062228755997316254e+00 8.386759006408139872e-02 1.466094553790101562e-01 4.850110692424788178e-02 0.000000000000000000e+00 1.051546434445943978e+00 1.026942855731075022e-01 1.540665388743619442e+09 7.923779406057136059e+08
2.900000000000000000e+02 9.500000000000100000e+13 0.000000000000000000e+00 1.123349149342893094e+00 1.983073853165017719e-01 4.273474947398422374e-01 1.500934673451082557e-01 0.000000000000000000e+00 1.197615127359855203e+00 8.617193904486827871e-02 1.068930038578447580e+09 1.972636243382666409e+08
2.910000000000000000e+02 9.500000000000200000e+13 0.000000000000000000e+00 1.232095991912883992e+00 1.121540419849856585e-01 2.710801462342714019e-01 1.308460924736902231e-01 0.000000000000000000e+00 1.187834053435930626e+00 1.139496204646768679e-01 3.386274894884304523e+09 1.734333991761439085e+09
2.920000000000000000e+02 9.500000000000200000e+13 0.000000000000000000e+00 9.909069838228156124e-01 1.166081321404156268e-01 1.231284284802315193e-01 2.668527897178363251e-02 0.000000000000000000e+00 1.117449086730585073e+00 4.941985837383311431e-02 5.847329088800382614e+08 2.376637299475327134e+08
2.930000000000000000e+02 9.500000000000100000e+13 0.000000000000000000e+00 1.275153756941724614e+00 1.874458017049632497e-01 2.399607922469044197e-01 1.267725334362268808e-01 0.000000000000000000e+00 8.897199538733141511e-01 1.915890264922933961e-01 2.575100237445244789e+09 1.926138717291276932e+09
2.940000000000000000e+02 9.500000000000100000e+13 0.000000000000000000e+00 1.095215653928630628e+00 5.082677105382296667e-02 1.519956228409679311e-01 4.734221560189782324e-02 0.000000000000000000e+00 1.247377454750429493e+00 6.430304483200580123e-02 1.811395339628458738e+09 6.863692949096608162e+08
2.950000000000000000e+02 9.500000000000100000e+13 0.000000000000000000e+00 1.123830838887772243e+00 7.743615486390233171e-02 1.519050480171517115e-01 2.378999314946845037e-02 0.000000000000000000e+00 1.139337552340801141e+00 4.934094759115731366e-02 1.544935126759838343e+09 3.581460107719285488e+08
2.960000000000000000e+02 9.500000000000200000e+13 0.000000000000000000e+00 9.561562836479723382e-01 6.385197436579417851e-02 6.501717066328727146e-02 1.636330081080748441e-02 0.000000000000000000e+00 1.242373289089646393e+00 4.021762082203084870e-02 3.399153813579701185e+08 1.791531945838065147e+08
2.970000000000000000e+02 9.500000000000100000e+13 0.000000000000000000e+00 1.004575790922069389e+00 1.014177256909801206e-01 1.539145214996081312e-01 4.234072180245166545e-02 0.000000000000000000e+00 1.186086108224920999e+00 1.221950085564849076e-01 1.478828189046150208e+09 7.128406219570528269e+08
2.980000000000000000e+02 9.500000000000100000e+13 0.000000000000000000e+00 1.243050210208006323e+00 7.070909345972284377e-02 1.053173325062471410e-01 2.176098968781895598e-02 0.000000000000000000e+00 1.317297844550996189e+00 6.692501257128879999e-02 8.491674754673712254e+08 2.711765553189381957e+08
2.990000000000000000e+02 9.500000000000100000e+13 0.000000000000000000e+00 1.398711375940520529e+00 2.277536898579784683e-02 1.262740874281833015e-01 1.972653864922059228e-02 0.000000000000000000e+00 1.657499954984181123e+00 2.307979243649214279e-02 9.606564929074307680e+08 2.614561853129354417e+08
3.000000000000000000e+02 9.500000000000100000e+13 0.000000000000000000e+00 1.049085241842692140e+00 5.810344359117951968e-02 1.670478945046752206e-01 3.816060389549873894e-02 0.000000000000000000e+00 1.072194043488350346e+00 6.241666761879600955e-02 1.825988627721667528e+09 5.655780440070888996e+08
3.010000000000000000e+02 9.500000000000100000e+13 0.000000000000000000e+00 1.169371321820376064e+00 2.982211591298258302e-01 4.988823092682376226e-01 3.132328366371658346e-01 0.000000000000000000e+00 5.513660314617503388e-01 1.500671297431185880e-01 1.724138621529601574e+09 9.191889287458558083e+08
3.020000000000000000e+02 9.500000000000100000e+13 0.000000000000000000e+00 1.435881350562977499e+00 1.149738492647267712e-01 1.987103560717982387e-01 7.091154380346606501e-02 0.000000000000000000e+00 1.500419113325840659e+00 1.548494331429876858e-01 2.277717466613646030e+09 9.831389544995040894e+08
3.030000000000000000e+02 9.500000000000100000e+13 0.000000000000000000e+00 1.183998540947099887e+00 4.588832227629539851e-02 1.249665090508698534e-01 3.735635322616163989e-02 0.000000000000000000e+00 1.172579677976895773e+00 7.893249056723783408e-02 1.414866746940240145e+09 5.106059977547103167e+08
3.040000000000000000e+02 9.500000000000800000e+13 0.000000000000000000e+00 9.818033053595234261e-01 2.305945202783630243e-01 2.829889270298183157e-01 1.478715375244955277e-01 0.000000000000000000e+00 1.056185296503222792e+00 1.648372823953562494e-01 1.615497064765661001e+09 1.081296301240540504e+09
3.050000000000000000e+02 9.500000000000100000e+13 0.000000000000000000e+00 1.553727640670348631e+00 2.187667011072345902e-01 2.963856020547226966e-01 1.329662438410735004e-01 0.000000000000000000e+00 1.373909872667032017e+00 2.196531025283515182e-01 2.929808753330216885e+09 2.006985725709561586e+09
3.060000000000000000e+02 9.500000000000100000e+13 0.000000000000000000e+00 1.434692216647843077e+00 1.342405115648603597e-01 1.877618917882190319e-01 5.903691021039807890e-02 0.000000000000000000e+00 1.254874408927031837e+00 1.789962785995630745e-01 1.958446850952160835e+09 7.341646957437181473e+08
3.070000000000000000e+02 9.500000000000100000e+13 0.000000000000000000e+00 1.143563049619479521e+00 1.034691113288520176e-01 1.629731985715029141e-01 6.730979392173189191e-02 0.000000000000000000e+00 1.223880201936625278e+00 9.510456299838343508e-02 1.676911732863718271e+09 9.702924016879256964e+08
3.080000000000000000e+02 9.500000000000100000e+13 0.000000000000000000e+00 1.237294244323394299e+00 7.853782706100252697e-02 1.518555391288158307e-01 6.815695657870239621e-02 0.000000000000000000e+00 1.301363775067795325e+00 7.073310455891536341e-02 1.776651787722674131e+09 9.462142411012399197e+08
3.090000000000000000e+02 9.500000000000600000e+13 0.000000000000000000e+00 1.360652849487191896e+00 3.265617387789365028e-02 6.627324909860658753e-02 1.581014071157980233e-02 0.000000000000000000e+00 1.566911648542918201e+00 5.141838496725815999e-02 5.800603201714880466e+08 1.603033970543096066e+08
3.100000000000000000e+02 9.500000000000100000e+13 0.000000000000000000e+00 1.155330529229022574e+00 2.200492749048127417e-02 1.654637666658123341e-01 3.270861419381295571e-02 0.000000000000000000e+00 1.164231437361137989e+00 5.248157762859700232e-02 1.576107060566286564e+09 4.721586196710289717e+08
3.110000000000000000e+02 9.500000000000200000e+13 0.000000000000000000e+00 1.500579180515134503e+00 1.063740583770077519e-01 1.228398472075988151e-01 3.710181425476222206e-02 0.000000000000000000e+00 1.715430296227780760e+00 1.174170511905203856e-01 1.482483194583588600e+09 4.828647860685233474e+08
3.120000000000000000e+02 9.500000000000100000e+13 0.000000000000000000e+00 1.588430818477450712e+00 9.292228663643632702e-02 1.792580556351167365e-01 8.657505681559625466e-02 0.000000000000000000e+00 1.672682355135653332e+00 8.836654715978704833e-02 2.204279334038875103e+09 1.346907556721494436e+09
3.130000000000000000e+02 9.500000000000300000e+13 0.000000000000000000e+00 1.387940611139521829e+00 1.577296810278257244e-01 2.651222902877755638e-01 1.674493131713287175e-01 0.000000000000000000e+00 1.480941042437946331e+00 6.576787452383077437e-02 1.096928976239996672e+09 4.925941880265105963e+08
3.140000000000000000e+02 9.500000000000100000e+13 0.000000000000000000e+00 1.449775630451285435e+00 1.803445026959419328e-01 1.516273592129636361e-01 2.142880063009582753e-02 0.000000000000000000e+00 1.950765142886784487e+00 1.441332784972039760e-01 1.518683977214433193e+09 3.129335144339322448e+08
3.150000000000000000e+02 9.500000000000700000e+13 0.000000000000000000e+00 1.101128816772356300e+00 4.970428553937263766e-02 1.031126381404863790e-01 1.992002490420036187e-02 0.000000000000000000e+00 1.009995034557141791e+00 2.186918558172409530e-02 6.064335336854029894e+08 1.481888436570106447e+08
3.160000000000000000e+02 9.500000000000200000e+13 0.000000000000000000e+00 1.114385212820847793e+00 4.653009938491252384e-02 6.854491922514711899e-02 1.614083276740023443e-02 0.000000000000000000e+00 1.117569922597237531e+00 5.726058035862768153e-02 6.268838503601788282e+08 2.179782139704208970e+08
3.170000000000000000e+02 9.500000000000100000e+13 0.000000000000000000e+00 9.074153406614237083e-01 5.868197541414824775e-02 1.782109385782668087e-01 8.582172655652693660e-02 0.000000000000000000e+00 1.215180675688625422e+00 6.506761643778491422e-02 1.324031624261472940e+09 7.157607529562603235e+08
3.180000000000000000e+02 9.500000000000100000e+13 0.000000000000000000e+00 1.217609753530990879e+00 5.544144506292322805e-02 2.621366284021255377e-01 7.326819964734247737e-02 0.000000000000000000e+00 1.010503593431247182e+00 8.021156014150129798e-02 2.779349299260575294e+09 1.135853638715752125e+09
3.190000000000000000e+02 9.500000000000100000e+13 0.000000000000000000e+00 1.172190934278860341e+00 3.518361408841294558e-02 8.123240255326694137e-02 4.967699991134489484e-02 0.000000000000000000e+00 1.021251313335871158e+00 4.750227822521892879e-02 9.810625779477275610e+08 6.693385858093326092e+08
3.200000000000000000e+02 9.500000000000100000e+13 0.000000000000000000e+00 1.149589347207735646e+00 2.147913944314346901e-01 2.292309254340343383e-01 1.556154966336334156e-01 0.000000000000000000e+00 1.080036364785432523e+00 2.556792136293819517e-01 2.879049340069355488e+09 2.080513438956528902e+09
3.210000000000000000e+02 9.500000000000100000e+13 0.000000000000000000e+00 1.180025304658626872e+00 4.956595403013207973e-02 2.316840564661961088e-01 6.220089832584728418e-02 0.000000000000000000e+00 1.407576966803517182e+00 4.796569814934738274e-02 1.395769045124901295e+09 4.773064051552444696e+08
3.220000000000000000e+02 9.500000000000300000e+13 0.000000000000000000e+00 1.192121044224281778e+00 3.100740699380096985e-02 1.021793356343115300e-01 4.810954482730969012e-02 0.000000000000000000e+00 1.140400733362551877e+00 2.099864262594403064e-02 4.478493763082333207e+08 9.845842213054311275e+07
3.230000000000000000e+02 9.500000000000300000e+13 0.000000000000000000e+00 1.047376093406749531e+00 1.562162335419516046e-01 1.117272533916558452e-01 4.496325100950784165e-02 0.000000000000000000e+00 1.112467073570415410e+00 1.551243893711652944e-01 1.516484389044830799e+09 6.899009058105776310e+08
3.240000000000000000e+02 9.500000000000100000e+13 0.000000000000000000e+00 1.733991623022404172e+00 1.045639551048256344e-01 2.552491851564689940e-01 6.239585134998121285e-02 0.000000000000000000e+00 1.341851402210020305e+00 1.095655650426976269e-01 2.767393095872385979e+09 7.428519838422983885e+08
