# rID[0] Hid[1]   R200: DS[2], eta[3], detla[4], fm[5], fm2[6];   R500: DS[7], eta[8], detla[9], fm[10], fm2[11]
1.000000000000000000e+00 9.300000000000100000e+13 0.000000000000000000e+00 9.904340242958120655e-01 1.072797615586071063e-01 2.961788778185934778e-01 1.564943166065982938e-01 0.000000000000000000e+00 4.742442213902138826e-01 1.306748661572115500e-01 4.756894497274871826e+09 3.008231461776427269e+09
2.000000000000000000e+00 9.300000000000100000e+13 0.000000000000000000e+00 1.028416174150416085e+00 9.312000473815365553e-02 2.301542561343382365e-01 5.988192966962386371e-02 0.000000000000000000e+00 1.235768747093217490e+00 7.294874850650863440e-02 1.311391148642079115e+09 3.636938852238727808e+08
3.000000000000000000e+00 9.300000000000200000e+13 0.000000000000000000e+00 1.384433310701345121e+00 8.662028426652795821e-02 1.926079125783053125e-01 4.249629080118694224e-02 0.000000000000000000e+00 1.286789490248321677e+00 1.192197461818243209e-01 2.076335220508684158e+09 5.167878290133783221e+08
4.000000000000000000e+00 9.300000000000500000e+13 0.000000000000000000e+00 1.272115079491074940e+00 7.217323837465405845e-02 1.036775574362618774e-01 1.554769861452894551e-02 0.000000000000000000e+00 1.193655088058680924e+00 3.169170022058166031e-02 6.988371228479813337e+08 1.198027685551362187e+08
5.000000000000000000e+00 9.300000000000600000e+13 0.000000000000000000e+00 1.159927352577497572e+00 1.036269450229247019e-01 1.274740624325279847e-01 3.650059297133398384e-02 0.000000000000000000e+00 1.126163412595098334e+00 1.001520087646373819e-01 1.633901843522957563e+09 5.676514756927943230e+08
6.000000000000000000e+00 9.300000000000100000e+13 0.000000000000000000e+00 1.087581789929266796e+00 1.180157341895160805e-01 2.388954514187446310e-01 1.020116699849642067e-01 0.000000000000000000e+00 1.106699652603453821e+00 7.779793004627014175e-02 6.325463251962606907e+08 1.022640461791778058e+08
7.000000000000000000e+00 9.300000000000100000e+13 0.000000000000000000e+00 1.107650425968233154e+00 2.345213488166273536e-02 1.037905941494336459e-01 1.054950193732278295e-02 0.000000000000000000e+00 1.429174799263115414e+00 3.495984411096528244e-02 7.231812992511039972e+08 1.635156034508425593e+08
8.000000000000000000e+00 9.300000000002300000e+13 0.000000000000000000e+00 1.463378269053369873e+00 4.686132857638312249e-02 3.915405106880644193e-02 2.018907153531284554e-02 0.000000000000000000e+00 1.640860365155136558e+00 4.822849249360385004e-02 2.280991920646093786e+08 1.796039862968561351e+08
9.000000000000000000e+00 9.300000000000100000e+13 0.000000000000000000e+00 1.028909379458233797e+00 7.952814915217892855e-02 2.178178544021443230e-01 7.437921615904469208e-02 0.000000000000000000e+00 1.333723550897033094e+00 5.102646597397077211e-02 7.511412403396945000e+08 1.425622639175221920e+08
1.000000000000000000e+01 9.300000000000200000e+13 0.000000000000000000e+00 9.908198650836452792e-01 2.138353689753069720e-02 1.184115329812338441e-01 3.066479379705584762e-02 0.000000000000000000e+00 1.226454820610822560e+00 2.509677402754756023e-02 4.726183714136437774e+08 1.022275050398578644e+08
1.100000000000000000e+01 9.300000000000100000e+13 0.000000000000000000e+00 1.208278585172822606e+00 1.361521212484390619e-01 1.983764581057309573e-01 4.800055550411998911e-02 0.000000000000000000e+00 9.930777725278401302e-01 1.703031550526134252e-01 1.696884821885090113e+09 4.534124159735310674e+08
1.200000000000000000e+01 9.300000000000600000e+13 0.000000000000000000e+00 8.648202964435933726e-01 6.161030110953604616e-02 5.390328147602450881e-02 2.026298031981081313e-02 0.000000000000000000e+00 1.327551017852326209e+00 6.510975911842623032e-02 2.517851999851103127e+08 1.168256447999854833e+08
1.300000000000000000e+01 9.300000000000300000e+13 0.000000000000000000e+00 1.014187792883073369e+00 2.269056084360380754e-01 2.407685349437882205e-01 1.386132401685808702e-01 0.000000000000000000e+00 1.085277497239202749e+00 1.788836399757383067e-01 1.042458052588908911e+09 2.607674213281836808e+08
1.400000000000000000e+01 9.300000000000100000e+13 0.000000000000000000e+00 1.289932111046085295e+00 3.525381721492309439e-01 3.926457408915059455e-01 1.630421366420598539e-01 0.000000000000000000e+00 2.329803023623237213e+00 1.936190873399019907e-01 1.072971338136626601e+09 2.164476598419561088e+08
1.500000000000000000e+01 9.300000000000400000e+13 0.000000000000000000e+00 1.036155105112999797e+00 6.419800405820448586e-02 8.444551428902952184e-02 5.362480605508600229e-02 0.000000000000000000e+00 1.249631871599667710e+00 3.087859110033826585e-02 3.979580971122525930e+08 1.002990571729680449e+08
1.600000000000000000e+01 9.300000000000200000e+13 0.000000000000000000e+00 1.247214007181681739e+00 5.441543540435469367e-02 8.566382762179550192e-02 1.475286832450675364e-02 0.000000000000000000e+00 1.323957577998941870e+00 5.197766866766575372e-02 8.023736147751085758e+08 1.890818038455826640e+08
1.700000000000000000e+01 9.300000000000100000e+13 0.000000000000000000e+00 1.276326538171590919e+00 5.383944608322881187e-02 2.479261001416188936e-01 6.487146786882085070e-02 0.000000000000000000e+00 1.424764721597853168e+00 6.602244874209700631e-02 1.460430361988392830e+09 3.841564511390354037e+08
1.800000000000000000e+01 9.300000000000100000e+13 0.000000000000000000e+00 1.276932757777264005e+00 1.759425983984895525e-01 2.608462325350494049e-01 1.254030797517811935e-01 0.000000000000000000e+00 9.580467890431375588e-01 1.713333987236508871e-01 3.177264087918085098e+09 1.679967755620083332e+09
1.900000000000000000e+01 9.300000000000100000e+13 0.000000000000000000e+00 1.641007789311758502e+00 9.013737940661614712e-02 1.163740750482202407e-01 1.998698745812453256e-02 0.000000000000000000e+00 1.841157592151366984e+00 3.771727580270062274e-02 6.582206055532095432e+08 1.651345254814641178e+08
2.000000000000000000e+01 9.300000000000100000e+13 0.000000000000000000e+00 1.294830511515859595e+00 1.366167375907386683e-01 2.184782707741870500e-01 8.927494211215140918e-02 0.000000000000000000e+00 1.338221181483692623e+00 1.334020396533851516e-01 2.540850861642879486e+09 1.289869428144569635e+09
2.100000000000000000e+01 9.300000000000200000e+13 0.000000000000000000e+00 1.720220207987485317e+00 9.139216792971896486e-02 1.921925208092129245e-01 5.789427892223691224e-02 0.000000000000000000e+00 1.805706607707983302e+00 8.605454480794769156e-02 2.306214470941664696e+09 8.010310854459596872e+08
2.200000000000000000e+01 9.300000000000100000e+13 0.000000000000000000e+00 1.147917925918059856e+00 5.005538898691899719e-02 1.048014870052331737e-01 1.232555437125844484e-02 0.000000000000000000e+00 1.194758696498100514e+00 5.429154752677786688e-02 1.178737168434777975e+09 1.751713059776321352e+08
2.300000000000000000e+01 9.300000000000500000e+13 0.000000000000000000e+00 1.079082589097091427e+00 1.119503473166087448e-01 1.892726024971022603e-01 6.063129291964568235e-02 0.000000000000000000e+00 9.475300167280694685e-01 1.035032152904793445e-01 2.438661021739612579e+09 9.526800423759644032e+08
2.400000000000000000e+01 9.300000000000100000e+13 0.000000000000000000e+00 1.594394178342143364e+00 3.290090307796065816e-01 5.550962021196451657e-01 2.835482478916918625e-01 0.000000000000000000e+00 1.618248013554702824e+00 3.052233823481806940e-01 3.529162615283246040e+09 2.095303144952809811e+09
2.500000000000000000e+01 9.300000000000100000e+13 0.000000000000000000e+00 1.352588887326007239e+00 9.263450653227577047e-02 1.335793235131282342e-01 3.441464573588327164e-02 0.000000000000000000e+00 1.464255837480697764e+00 1.024990146465336038e-01 1.244094346176395655e+09 4.657520547793670297e+08
2.600000000000000000e+01 9.300000000000100000e+13 0.000000000000000000e+00 1.274925887370125466e+00 8.178629316771707236e-02 1.165385302688703995e-01 2.968398401807968365e-02 0.000000000000000000e+00 1.116270403498786035e+00 7.051632627886153526e-02 1.102468862384103775e+09 4.006542691925688386e+08
2.700000000000000000e+01 9.300000000000100000e+13 0.000000000000000000e+00 1.019281707939092341e+00 7.138239298149962053e-02 1.658999194513656739e-01 3.944185764234248853e-02 0.000000000000000000e+00 1.250596024682621543e+00 3.612151526616905195e-02 5.640221683441876173e+08 5.296266231410168111e+07
2.800000000000000000e+01 9.300000000000100000e+13 0.000000000000000000e+00 1.107206923641262719e+00 1.516672183249951067e-01 2.248353999267095893e-01 1.158251545471926519e-01 0.000000000000000000e+00 1.172417542239789556e+00 1.471871595414977196e-01 2.771294330279221058e+09 2.063536452570171833e+09
2.900000000000000000e+01 9.300000000000100000e+13 0.000000000000000000e+00 1.047889015594397621e+00 7.514496443727022856e-02 2.035748516102830197e-01 8.355892853895532935e-02 0.000000000000000000e+00 1.337770385425327335e+00 2.941973084061492300e-02 1.103857243087740660e+09 2.976488422890274525e+08
3.000000000000000000e+01 9.300000000000100000e+13 0.000000000000000000e+00 1.158940262387280429e+00 1.097251923169764859e-01 1.851144030837147958e-01 5.707346611885584509e-02 0.000000000000000000e+00 1.035129390756316825e+00 1.149036447843495151e-01 1.525857081460781336e+09 7.925618772189829350e+08
3.100000000000000000e+01 9.300000000000100000e+13 0.000000000000000000e+00 9.382636566728460581e-01 1.372871597599054638e-01 2.238876093234586362e-01 8.105607700337229271e-02 0.000000000000000000e+00 1.238395929379353388e+00 6.926960286333190553e-02 1.926594978027036190e+09 1.478434546628106594e+09
3.200000000000000000e+01 9.300000000000100000e+13 0.000000000000000000e+00 1.292635946040399109e+00 1.022001718065399314e-02 5.817267091143086405e-02 5.053317592870344710e-03 0.000000000000000000e+00 1.338212950517355893e+00 2.510710659904346470e-02 5.142231601587272882e+08 5.131370435425616056e+07
3.300000000000000000e+01 9.300000000000100000e+13 0.000000000000000000e+00 1.189827395318717063e+00 4.947440614675173431e-02 1.108456955792962995e-01 9.973413530225704038e-03 0.000000000000000000e+00 1.181339205626625644e+00 4.758888534218282812e-02 8.764168491997848749e+08 1.448632844642476141e+08
3.400000000000000000e+01 9.300000000000100000e+13 0.000000000000000000e+00 1.153237958316854161e+00 3.659791540149587991e-02 9.546237562773486618e-02 1.496945757833837397e-02 0.000000000000000000e+00 1.159890033283182076e+00 5.599994365317752937e-02 6.069575769034526348e+08 1.451969407789875567e+08
3.500000000000000000e+01 9.300000000000100000e+13 0.000000000000000000e+00 1.299742780841935064e+00 1.085808625792925169e-01 1.164797305602196936e-01 2.299464842554528946e-02 0.000000000000000000e+00 1.416255523269293493e+00 1.382960587853412637e-01 1.400753633249237537e+09 3.366300487842949033e+08
3.600000000000000000e+01 9.300000000000200000e+13 0.000000000000000000e+00 1.510594827431705811e+00 1.137691846112524052e-01 1.667680015583184738e-01 7.781024274589669332e-02 0.000000000000000000e+00 1.682532160849538050e+00 1.374239502733733409e-01 2.029606595287695169e+09 9.627651892264077663e+08
3.700000000000000000e+01 9.300000000000100000e+13 0.000000000000000000e+00 1.156273072646879507e+00 7.196297674385708498e-02 1.386069926717223288e-01 4.646711389820621513e-02 0.000000000000000000e+00 1.111466975841583382e+00 9.107220517961436834e-02 1.557831503108960629e+09 6.380292337015606165e+08
3.800000000000000000e+01 9.300000000000100000e+13 0.000000000000000000e+00 1.053686680603836523e+00 4.362151968335978292e-02 8.901948783127161535e-02 1.704890831547454730e-02 0.000000000000000000e+00 1.085692197414555249e+00 3.641097485187200916e-02 4.937880075368260145e+08 1.246200474960427284e+08
3.900000000000000000e+01 9.300000000000100000e+13 0.000000000000000000e+00 2.126300128645467691e+00 1.782825045457497870e-01 2.653981823792516126e-01 8.782659914486992681e-02 0.000000000000000000e+00 1.753511979358880257e+00 2.636118924667412711e-01 2.884717730218902111e+09 1.134292729705091953e+09
4.000000000000000000e+01 9.300000000000700000e+13 0.000000000000000000e+00 1.175538795441522621e+00 1.488075830941701094e-01 1.399325923724405729e-01 7.044209274925433695e-02 0.000000000000000000e+00 1.197917808405623452e+00 1.264781020344086238e-01 2.051099209334405184e+09 1.321602785836937904e+09
4.100000000000000000e+01 9.300000000000100000e+13 0.000000000000000000e+00 1.147710248342345141e+00 4.554871015242785426e-02 9.651489518228933973e-02 1.795941246207901840e-02 0.000000000000000000e+00 1.252682238182104335e+00 4.676391093422674339e-02 1.034885066040705919e+09 2.409094385355295837e+08
4.200000000000000000e+01 9.300000000000100000e+13 0.000000000000000000e+00 1.352307097633465904e+00 8.773947302133693060e-02 1.705316413305869028e-01 4.506463729483367597e-02 0.000000000000000000e+00 1.311993262666987903e+00 1.302262900872554752e-01 1.616496972975130558e+09 6.543879009621651173e+08
4.300000000000000000e+01 9.300000000000100000e+13 0.000000000000000000e+00 1.116721136975365347e+00 1.444947857833396056e-02 1.071852646599244785e-01 2.116750401493120229e-02 0.000000000000000000e+00 1.318026843845254925e+00 4.497973937573964548e-02 1.182972714760904074e+09 3.023550479253084064e+08
4.400000000000000000e+01 9.300000000000100000e+13 0.000000000000000000e+00 1.263882045438528889e+00 8.548272101954541846e-02 1.384808092986194172e-01 3.925029014879869577e-02 0.000000000000000000e+00 1.135781216538014560e+00 1.140991342301073824e-01 1.519275135937527657e+09 5.457543840667062998e+08
4.500000000000000000e+01 9.300000000000100000e+13 0.000000000000000000e+00 1.227284274580187740e+00 8.560223885716514158e-02 3.307012142347369177e-01 1.167549309024849130e-01 0.000000000000000000e+00 1.314675712620404280e+00 6.570965145651171124e-02 2.049107719266338587e+09 5.947162450776078701e+08
4.600000000000000000e+01 9.300000000000100000e+13 0.000000000000000000e+00 1.100407573740904255e+00 5.494800523599763925e-02 5.428732683235802658e-02 5.921922120647765686e-03 0.000000000000000000e+00 1.318279416270883297e+00 2.587305874550633461e-02 3.755000369250326753e+08 5.809936486668086052e+07
4.700000000000000000e+01 9.300000000000400000e+13 0.000000000000000000e+00 8.724826828047694827e-01 5.497807492013905006e-02 1.069229123704108914e-01 1.245701990656958823e-02 0.000000000000000000e+00 1.327471847898111568e+00 6.237036780435468997e-02 1.092948113472414017e+09 2.011443955113682449e+08
4.800000000000000000e+01 9.300000000000100000e+13 0.000000000000000000e+00 1.064379988395119714e+00 5.166446237102843148e-02 7.072776560544430380e-02 1.964416458072590702e-02 0.000000000000000000e+00 1.151812279716369680e+00 2.303037637859945905e-02 3.754268933958604336e+08 4.012984878482899070e+07
4.900000000000000000e+01 9.300000000000200000e+13 0.000000000000000000e+00 8.824911089911345874e-01 6.696882266086467972e-02 1.440932468500587538e-01 4.743167362152088395e-02 0.000000000000000000e+00 1.083065993252746884e+00 4.606108741934537149e-02 1.124168613299028397e+09 2.274983757563554645e+08
5.000000000000000000e+01 9.300000000000100000e+13 0.000000000000000000e+00 1.095876628731873748e+00 5.897380718631287794e-02 1.197934266051746827e-01 3.515597748889728175e-02 0.000000000000000000e+00 1.162080274042536665e+00 7.157301886197561802e-02 1.450655761658596516e+09 5.129750427031593323e+08
5.100000000000000000e+01 9.300000000000300000e+13 0.000000000000000000e+00 1.185468573578549512e+00 1.062111588887605929e-01 1.356725708962576715e-01 3.419609107683488358e-02 0.000000000000000000e+00 1.360728584630565896e+00 1.546863996748305825e-01 1.515583884834318876e+09 5.129219972145376801e+08
5.200000000000000000e+01 9.300000000000100000e+13 0.000000000000000000e+00 1.061054669124472660e+00 1.758827393812426587e-01 1.566632624134792207e-01 3.864452192432543676e-02 0.000000000000000000e+00 8.934644792908967847e-01 1.587809070627596020e-01 1.808034571445570469e+09 6.223848238592194319e+08
5.300000000000000000e+01 9.300000000000100000e+13 0.000000000000000000e+00 1.500987155677246276e+00 1.575800044309724757e-01 2.425081517092986250e-01 1.360023736238288594e-01 0.000000000000000000e+00 1.457243231670046768e+00 2.287446587141229448e-01 2.862337893552913189e+09 2.024916058927173138e+09
5.400000000000000000e+01 9.300000000000100000e+13 0.000000000000000000e+00 1.214071659985283658e+00 3.531759980875903704e-02 1.599174548094737247e-01 3.253601054862884784e-02 0.000000000000000000e+00 1.343895175151077259e+00 8.062126968509210345e-02 1.718871595012822390e+09 4.667590539112573862e+08
5.500000000000000000e+01 9.300000000000100000e+13 0.000000000000000000e+00 1.198798263858390056e+00 7.585621428697980617e-02 2.247393153750550654e-01 4.065508778553898750e-02 0.000000000000000000e+00 1.064019465297164624e+00 1.599527705574722014e-01 1.773455990469347715e+09 4.186116863332902193e+08
5.600000000000000000e+01 9.300000000000100000e+13 0.000000000000000000e+00 1.406933601576080273e+00 5.567530402487028823e-02 1.319241757277868354e-01 1.879525642784009992e-02 0.000000000000000000e+00 1.582111751556996904e+00 7.547050616551302660e-02 1.298456641461447239e+09 2.504484501367566586e+08
5.700000000000000000e+01 9.300000000000400000e+13 0.000000000000000000e+00 1.198167007782857452e+00 1.501168045337034351e-01 1.075576105110991193e-01 3.929035951205196719e-02 0.000000000000000000e+00 1.619950359816612950e+00 6.529592792092617226e-02 7.297474033784688711e+08 2.069827715237136483e+08
5.800000000000000000e+01 9.300000000000100000e+13 0.000000000000000000e+00 1.158987563658756104e+00 3.298672549530058673e-02 9.129860805636182131e-02 3.613336876388264368e-02 0.000000000000000000e+00 1.051644663339567742e+00 3.836310995621913800e-02 9.329303385818868876e+08 4.822925127957362533e+08
5.900000000000000000e+01 9.300000000000100000e+13 0.000000000000000000e+00 1.361946001476505241e+00 9.182660513972649985e-02 1.938610481323999879e-01 4.580678679828278921e-02 0.000000000000000000e+00 1.388599998006138314e+00 1.126989688757170094e-01 1.819193548695281506e+09 5.842607163338543177e+08
6.000000000000000000e+01 9.300000000000100000e+13 0.000000000000000000e+00 1.101692542048731571e+00 1.364793175159643157e-01 1.234190567525481341e-01 2.398839184597961402e-02 0.000000000000000000e+00 1.193785861742722387e+00 1.377444310003397565e-01 1.147907430345282316e+09 2.558579149047015011e+08
6.100000000000000000e+01 9.300000000000100000e+13 0.000000000000000000e+00 1.162708629789712678e+00 7.280958339595643147e-02 1.085093626107093839e-01 1.269650309954006850e-02 0.000000000000000000e+00 1.468301320204838722e+00 9.151240449863345949e-02 9.692946319581567049e+08 1.804397839887174368e+08
6.200000000000000000e+01 9.300000000000200000e+13 0.000000000000000000e+00 1.117498885784086626e+00 5.335406636493444238e-02 2.685284476607355808e-01 4.770993365236490813e-02 0.000000000000000000e+00 1.080951645606066824e+00 7.037943219586666188e-02 2.306407882145451546e+09 6.624789478495200872e+08
6.300000000000000000e+01 9.300000000000100000e+13 1.000000000000000000e+00 1.139295791492899390e+00 3.243705208553979841e-02 8.134100226228054009e-02 1.745317230847351006e-02 0.000000000000000000e+00 1.261990284997929423e+00 5.644213820435397405e-02 6.883619460340914726e+08 2.374890568816564083e+08
6.400000000000000000e+01 9.300000000000300000e+13 0.000000000000000000e+00 1.225541833584341767e+00 1.215524261562710845e-02 8.178120608730013452e-02 1.831890171953974925e-02 0.000000000000000000e+00 1.290704450119776192e+00 2.508801191707117281e-02 9.213350215997476578e+08 2.455828038393943608e+08
6.500000000000000000e+01 9.300000000000100000e+13 0.000000000000000000e+00 1.035041246136590321e+00 9.325320405415318814e-02 2.463425184407578572e-01 1.102983466136570473e-01 0.000000000000000000e+00 1.352775985643855927e+00 4.061953884146696225e-02 1.356907858420863390e+09 7.629816784769401550e+08
6.600000000000000000e+01 9.300000000000400000e+13 0.000000000000000000e+00 1.149062814194884874e+00 5.678546346038759740e-02 1.018971551211574456e+00 1.000000000000000000e+00 0.000000000000000000e+00 1.149062814194884874e+00 5.678888780732203184e-02 1.009047959153967094e+10 9.902611686795297623e+09
6.700000000000000000e+01 9.300000000000100000e+13 0.000000000000000000e+00 1.076560547470859275e+00 1.196498687242676245e-01 2.265011899630237358e-01 1.512637177940798494e-01 0.000000000000000000e+00 1.110127331461858269e+00 4.021832969006784719e-02 5.323657114778054357e+08 4.622710707875945419e+07
6.800000000000000000e+01 9.300000000000100000e+13 0.000000000000000000e+00 1.336854120882207564e+00 1.251631609383267729e-01 2.463411062934856843e-01 8.120051175099458896e-02 0.000000000000000000e+00 1.236521974393944845e+00 1.225206900749522543e-01 3.086181271191329479e+09 1.105417776219932318e+09
6.900000000000000000e+01 9.300000000000100000e+13 0.000000000000000000e+00 1.074066150183634827e+00 2.241290439972548620e-02 2.761513977418076360e-01 1.232124686872979741e-01 0.000000000000000000e+00 1.133459019851445149e+00 1.141826326256413920e-01 1.630304986027121305e+09 5.822281942424439192e+08
7.000000000000000000e+01 9.300000000000100000e+13 0.000000000000000000e+00 1.122171204559260005e+00 4.175311553956851524e-02 1.983610951492813523e-01 6.672099116301789812e-02 0.000000000000000000e+00 1.322075729569555103e+00 4.691297584783025304e-02 1.048736809260955095e+09 3.231356578502750397e+08
7.100000000000000000e+01 9.300000000000100000e+13 0.000000000000000000e+00 9.943257078192104803e-01 5.059641577717646083e-02 1.677346448495010134e-01 2.430544853815949299e-02 0.000000000000000000e+00 1.090602362436481121e+00 5.832798781108090164e-02 1.228160981499338865e+09 1.828976426808927655e+08
7.200000000000000000e+01 9.300000000000100000e+13 0.000000000000000000e+00 1.217238430813054162e+00 2.608105053148345176e-01 2.244602998855681486e-01 1.168001704895551968e-01 0.000000000000000000e+00 1.183895380940189090e+00 3.164521548950028351e-01 2.647238797073770046e+09 1.516248154191481590e+09
7.300000000000000000e+01 9.300000000000200000e+13 0.000000000000000000e+00 1.112240805495500862e+00 5.393854130909919720e-02 1.008826505299961346e-01 1.682491331889276673e-02 0.000000000000000000e+00 1.210711318941529946e+00 3.407115808426541131e-02 8.215668408753184080e+08 2.117530171387746334e+08
7.400000000000000000e+01 9.300000000000200000e+13 0.000000000000000000e+00 1.221642629456581863e+00 1.743971543089655740e-01 2.403707853825189089e-01 1.523972208360523661e-01 0.000000000000000000e+00 1.213920686217233147e+00 1.748127191371766920e-01 3.095112236254797459e+09 2.249242411332858086e+09
7.500000000000000000e+01 9.300000000000100000e+13 0.000000000000000000e+00 1.173325955230483997e+00 2.282578071221049928e-02 1.024081290009093981e-01 8.730051175977603106e-03 0.000000000000000000e+00 1.249109670009173056e+00 3.293029018842813516e-02 8.673332533364841938e+08 1.228350172792581618e+08
7.600000000000000000e+01 9.300000000000100000e+13 0.000000000000000000e+00 1.440130422661005438e+00 3.519782622550400586e-02 1.787512731093340301e-01 3.038141149662496390e-02 0.000000000000000000e+00 1.609155922683138895e+00 3.856038622403231558e-02 1.280291468121527195e+09 4.301220327527889609e+08
7.700000000000000000e+01 9.300000000000200000e+13 0.000000000000000000e+00 1.153095727720515606e+00 8.929137866164842119e-02 1.857468614664795625e-01 7.138034070688353827e-02 0.000000000000000000e+00 1.222231852121859585e+00 1.140597802136873867e-01 1.158878462384878874e+09 4.280039050228186846e+08
7.800000000000000000e+01 9.300000000000400000e+13 0.000000000000000000e+00 1.229992781747508035e+00 6.754794453947156330e-02 9.534535768964916280e-02 1.604655068831193840e-02 0.000000000000000000e+00 1.226846318109625633e+00 3.404424753972096901e-02 7.748614691556320190e+08 1.662299359004388750e+08
7.900000000000000000e+01 9.300000000000100000e+13 0.000000000000000000e+00 1.319584803017152419e+00 3.977608540251385827e-02 9.105469875919403044e-02 1.994287563315951320e-02 0.000000000000000000e+00 1.312358425363892911e+00 5.577654435809271949e-02 5.257450125299412012e+08 7.990391764369459450e+07
8.000000000000000000e+01 9.300000000000300000e+13 0.000000000000000000e+00 1.199884915722249312e+00 1.104565315595028713e-01 1.339304073394041728e-01 7.011381269435017216e-02 0.000000000000000000e+00 1.246838118698327724e+00 1.341314521887533862e-01 1.408899667127148867e+09 9.527054368619832993e+08
8.100000000000000000e+01 9.300000000000100000e+13 0.000000000000000000e+00 1.108922105272315273e+00 1.220726372738255017e-01 1.721459708180256010e-01 5.124218000930329947e-02 0.000000000000000000e+00 1.290105376433902995e+00 4.674834624743891276e-02 6.666737553735435009e+08 9.224606976009079814e+07
8.200000000000000000e+01 9.300000000000100000e+13 0.000000000000000000e+00 1.293197091741280946e+00 1.928965938337939834e-01 1.448481114155221738e-01 3.551331628916839372e-02 0.000000000000000000e+00 1.112792073732394638e+00 2.279017225322662876e-01 1.360149177757525206e+09 4.659425655769594908e+08
8.300000000000000000e+01 9.300000000000100000e+13 0.000000000000000000e+00 1.202989872265992410e+00 1.110817619284310970e-01 1.249386869888475804e-01 4.351210243700950192e-02 0.000000000000000000e+00 1.317628803865083631e+00 1.131969019335223869e-01 1.087210884918198109e+09 6.290253890508600473e+08
8.400000000000000000e+01 9.300000000000100000e+13 0.000000000000000000e+00 1.848866549979659046e+00 1.387285841062279035e-01 2.119485175526490128e-01 4.387254200289860545e-02 0.000000000000000000e+00 1.872091982410609701e+00 1.600156584967831197e-01 1.928919708881886959e+09 5.711804897268555164e+08
8.500000000000000000e+01 9.300000000000100000e+13 0.000000000000000000e+00 1.214922095426954174e+00 1.218017213957002520e-01 1.725022218546058972e-01 3.739112813174633176e-02 0.000000000000000000e+00 1.097655819644257402e+00 1.371427375269329008e-01 1.405266688917557955e+09 4.568217351873471737e+08
8.600000000000000000e+01 9.300000000000200000e+13 0.000000000000000000e+00 1.408999252569791638e+00 3.379829170553359796e-02 1.077044477649825305e-01 3.240470015780538143e-02 0.000000000000000000e+00 1.398001852608003137e+00 3.673078586754587732e-02 9.415101556711144447e+08 4.619898997560371757e+08
8.700000000000000000e+01 9.300000000000100000e+13 0.000000000000000000e+00 1.140801159361303441e+00 4.745055891323487346e-02 1.578935735880471480e-01 4.564474433685317134e-02 0.000000000000000000e+00 1.130630249165213819e+00 1.196455249798565185e-01 1.635626132740025520e+09 6.301564332722445726e+08
8.800000000000000000e+01 9.300000000000100000e+13 0.000000000000000000e+00 1.264049178677796981e+00 1.731873315648531364e-02 1.334605927873892262e-01 2.356915727289167484e-02 0.000000000000000000e+00 1.264212000352265441e+00 2.138171418072518093e-02 1.390632313458401442e+09 3.026126358151630759e+08
8.900000000000000000e+01 9.300000000000100000e+13 0.000000000000000000e+00 9.786663304688143494e-01 3.090448181065762190e-02 2.046744075482597736e-01 7.805709334231936136e-02 0.000000000000000000e+00 1.191956973507747319e+00 6.651198564604317298e-02 1.238422826885917902e+09 4.774970394067304134e+08
9.000000000000000000e+01 9.300000000000500000e+13 0.000000000000000000e+00 1.159641631681086693e+00 2.633000598476728515e-02 1.153674457669418285e-01 3.596567331689236313e-02 0.000000000000000000e+00 1.183770255969342600e+00 3.257295609361987587e-02 1.216459996730162144e+09 4.786369262565215230e+08
9.100000000000000000e+01 9.300000000000100000e+13 0.000000000000000000e+00 1.649464556666667026e+00 1.180884730486814749e-01 1.777737515576751637e-01 4.018818828121369785e-02 0.000000000000000000e+00 1.619534855029241660e+00 1.593376289357578135e-01 1.904011743790029764e+09 4.641093817246075273e+08
9.200000000000000000e+01 9.300000000000100000e+13 0.000000000000000000e+00 1.246146339585492147e+00 1.077979181246881690e-01 1.555612337470687057e-01 8.223513691903987233e-02 0.000000000000000000e+00 1.203960079657007132e+00 1.113773284430285698e-01 1.726440713191136122e+09 1.177743630833539963e+09
9.300000000000000000e+01 9.300000000000100000e+13 0.000000000000000000e+00 1.177793003531456772e+00 5.367046446144817934e-02 7.460174207499287169e-02 1.401844037661616020e-02 0.000000000000000000e+00 1.130371784666054369e+00 2.644975285090207101e-02 5.185245460659283996e+08 1.115802473191261888e+08
9.400000000000000000e+01 9.300000000000100000e+13 0.000000000000000000e+00 1.174122320743881343e+00 2.895842441983019488e-02 1.857326294534756284e-01 3.804760890655687483e-02 0.000000000000000000e+00 1.261174850528228752e+00 6.494873699936963563e-02 1.675945532217815399e+09 4.885266164835754633e+08
9.500000000000000000e+01 9.300000000000100000e+13 0.000000000000000000e+00 1.054643962843927474e+00 5.687733347125518285e-02 1.304446182227221585e-01 3.319925009373828062e-02 0.000000000000000000e+00 1.161816331076125808e+00 2.895282015829436784e-02 8.332674608690848351e+08 2.161151413022459149e+08
9.600000000000000000e+01 9.300000000000100000e+13 0.000000000000000000e+00 1.247704392531689521e+00 6.760647688097320973e-02 2.123173851605564821e-01 5.312907015986900738e-02 0.000000000000000000e+00 1.050080353060165672e+00 9.706513464531969781e-02 2.629671337608054638e+09 7.638439500265787840e+08
9.700000000000000000e+01 9.300000000000200000e+13 0.000000000000000000e+00 2.071235774295652643e+00 1.622989426152023629e-01 2.321525440386315586e-01 4.887324582284794522e-02 0.000000000000000000e+00 1.952899857987453691e+00 2.096856865755316879e-01 2.330613960698064327e+09 6.117770564204237461e+08
9.800000000000000000e+01 9.300000000000100000e+13 0.000000000000000000e+00 1.167943970163731526e+00 5.348132163220292723e-02 1.242108288155693435e-01 1.914333665106626378e-02 0.000000000000000000e+00 1.326986034640271095e+00 7.808615155681628006e-02 1.077316332369943380e+09 2.205211799154651761e+08
9.900000000000000000e+01 9.300000000000100000e+13 0.000000000000000000e+00 1.190863506276574002e+00 4.281271664141991784e-02 1.437692325399855253e-01 4.142591780103817289e-02 0.000000000000000000e+00 1.257475394893379894e+00 7.138464620948295480e-02 1.383692038364132643e+09 5.509881307902206182e+08
1.000000000000000000e+02 9.300000000000200000e+13 0.000000000000000000e+00 1.319550176199184355e+00 1.163125591028115607e-01 2.479056609457399307e-01 3.517779123115413048e-02 0.000000000000000000e+00 1.374456666763199220e+00 1.773162596399856517e-01 2.029706315967574120e+09 4.577583823579875231e+08
1.010000000000000000e+02 9.300000000000300000e+13 0.000000000000000000e+00 1.194653648366378551e+00 5.783351566615906048e-02 1.021979920557541666e-01 1.773004008233127621e-02 0.000000000000000000e+00 1.082503664844685742e+00 5.731538441184062110e-02 1.095639599436669111e+09 2.322949597668983340e+08
1.020000000000000000e+02 9.300000000000100000e+13 0.000000000000000000e+00 1.050483931084818856e+00 5.224660692953399244e-02 9.947078235257574008e-02 1.922996247017164442e-02 0.000000000000000000e+00 1.082650317269768125e+00 1.730521238022937267e-02 8.666557647798255682e+08 2.993988547115910053e+08
1.030000000000000000e+02 9.300000000000400000e+13 1.000000000000000000e+00 9.583210070996355245e-01 3.435531066489852514e-02 2.980943852179836553e-02 1.287656675749318871e-02 0.000000000000000000e+00 1.274748133502336067e+00 4.360854770721678958e-02 3.914218118273380995e+08 2.112087327181774676e+08
1.040000000000000000e+02 9.300000000000100000e+13 0.000000000000000000e+00 1.127419619262269412e+00 1.009209556851065476e-01 1.757899244275277773e-01 8.370004297378598468e-02 0.000000000000000000e+00 1.315600237236839831e+00 6.813438977011870845e-02 6.752058760636909008e+08 1.576317667180481255e+08
1.050000000000000000e+02 9.300000000000100000e+13 0.000000000000000000e+00 1.248012241930921640e+00 1.133056553160785296e-01 2.768656041669784740e-01 8.393902201733247082e-02 0.000000000000000000e+00 1.339789673857382679e+00 1.963105948581447824e-01 2.336752645432995319e+09 1.275767149031990767e+09
1.060000000000000000e+02 9.300000000000100000e+13 0.000000000000000000e+00 1.222337070406451121e+00 3.135276940105793247e-02 1.767464945547345678e-01 2.779207098133475856e-02 0.000000000000000000e+00 1.224093057869026779e+00 3.615466157271576830e-02 1.714695188251221180e+09 3.687952179496472478e+08
1.070000000000000000e+02 9.300000000000100000e+13 0.000000000000000000e+00 9.916893159313542316e-01 6.363719774842668819e-02 7.487942366773012171e-02 1.182664877365338131e-02 0.000000000000000000e+00 1.073383232228947826e+00 3.532315947179802407e-02 5.670162930545206070e+08 1.735037882909544706e+08
1.080000000000000000e+02 9.300000000000100000e+13 0.000000000000000000e+00 1.266316630031453672e+00 6.627140646649422318e-02 1.150307065773470555e-01 3.981022799667947171e-02 0.000000000000000000e+00 1.234627609928062864e+00 4.117624534273902487e-02 5.507802797116489410e+08 1.183672567231982946e+08
1.090000000000000000e+02 9.300000000000100000e+13 0.000000000000000000e+00 1.318143599404192567e+00 3.890079185104127618e-02 1.591091373570028833e-01 2.654567932181760292e-02 0.000000000000000000e+00 1.294715603409454019e+00 4.706249459846576638e-02 1.582106688067838907e+09 3.080667967501806021e+08
1.100000000000000000e+02 9.300000000000700000e+13 1.000000000000000000e+00 1.027276343000999681e+00 2.701991864244642286e-02 7.635474691030333383e-02 7.382619466718821563e-03 0.000000000000000000e+00 1.091263709651197233e+00 3.254547717533845530e-02 6.220781500429019928e+08 1.119213807943353653e+08
1.110000000000000000e+02 9.300000000000100000e+13 0.000000000000000000e+00 1.196071588306933942e+00 4.711628044388534858e-02 1.012530922861380328e-01 1.832580060848002998e-02 0.000000000000000000e+00 1.246252164840357946e+00 3.311917368019575564e-02 8.605780962616814375e+08 1.307147256901217252e+08
1.120000000000000000e+02 9.300000000000200000e+13 0.000000000000000000e+00 9.263839270987520580e-01 1.084077827077227635e-01 1.191725947224345772e-01 2.773523730066797602e-02 0.000000000000000000e+00 1.156205181155997908e+00 5.799291914757045280e-02 1.382258433487782240e+09 4.931399039111667871e+08
1.130000000000000000e+02 9.300000000000300000e+13 0.000000000000000000e+00 1.134220375763059119e+00 8.007235789247302282e-02 1.015185096739091297e-01 4.654887340611787994e-02 0.000000000000000000e+00 1.117312985199755415e+00 7.288308050128312898e-02 1.138929497086620092e+09 6.504891843229887486e+08
1.140000000000000000e+02 9.300000000000400000e+13 0.000000000000000000e+00 1.097317524719197301e+00 3.181681058381802957e-02 1.002617486316048079e-01 1.192208135537475670e-02 0.000000000000000000e+00 1.199289396485654802e+00 1.982103229328406602e-02 4.797587063883289099e+08 6.999132382362425327e+07
1.150000000000000000e+02 9.300000000000100000e+13 0.000000000000000000e+00 1.578248152354373879e+00 2.591469120212078758e-01 2.048878647818683230e-01 1.031848722132368140e-01 0.000000000000000000e+00 1.415492575697718802e+00 3.092798340824224890e-01 2.130221054409352779e+09 1.350604552412635803e+09
1.160000000000000000e+02 9.300000000001400000e+13 0.000000000000000000e+00 1.616571957133376536e+00 6.835579063508551156e-02 4.446807584489753142e-04 4.446807584489753142e-04 0.000000000000000000e+00 1.852144767745240728e+00 3.595862960798853342e-02 -1.000000000000000000e+00 -1.000000000000000000e+00
1.170000000000000000e+02 9.300000000000200000e+13 0.000000000000000000e+00 1.158269507414765753e+00 8.342364611993426105e-02 1.591208498653776393e-01 7.379098523364620299e-02 0.000000000000000000e+00 1.185252073280568474e+00 1.196923952469388513e-01 1.914831139679847956e+09 1.161274647530560017e+09
1.180000000000000000e+02 9.300000000000100000e+13 0.000000000000000000e+00 1.288353389232011148e+00 7.123774792332854267e-02 1.614143066542428340e-01 2.754188220929858905e-02 0.000000000000000000e+00 1.426279160301983984e+00 8.274341066977144998e-02 1.691745061916256905e+09 3.776913455621963739e+08
1.190000000000000000e+02 9.300000000000100000e+13 0.000000000000000000e+00 1.139081622800401261e+00 5.313198961789442759e-02 1.516049313056661019e-01 3.381163539890089109e-02 0.000000000000000000e+00 1.078812269343871089e+00 8.183982526838455562e-02 1.469158686492027998e+09 4.647163297756732106e+08
1.200000000000000000e+02 9.300000000000100000e+13 0.000000000000000000e+00 1.200813823750751075e+00 1.182060546724449795e-01 1.122681919316738802e-01 1.389430888758414438e-02 0.000000000000000000e+00 1.180758248628363871e+00 1.367570358806081132e-01 1.017020571992421865e+09 1.818179908314470351e+08
1.210000000000000000e+02 9.300000000000200000e+13 1.000000000000000000e+00 1.108659098132099396e+00 3.064887368871165377e-02 9.334280649723789014e-02 4.459575539461797106e-02 0.000000000000000000e+00 1.150793320479572390e+00 3.878903018426953231e-02 5.960122799516445398e+08 1.317914479596970230e+08
1.220000000000000000e+02 9.300000000000100000e+13 0.000000000000000000e+00 1.104198984189903143e+00 4.325712696740384444e-02 9.728078874349137262e-02 1.194942107426692247e-02 0.000000000000000000e+00 1.224284576487702170e+00 3.911490650252150841e-02 2.936374802467160821e+08 2.935258787121875584e+07
1.230000000000000000e+02 9.300000000000100000e+13 0.000000000000000000e+00 1.942065036815282308e+00 1.108700582015647029e-01 2.332615118905174978e-01 5.530249775650613459e-02 0.000000000000000000e+00 1.803206826252818251e+00 1.600762390222150444e-01 2.102685550289388418e+09 6.948231233980596066e+08
1.240000000000000000e+02 9.300000000000100000e+13 0.000000000000000000e+00 1.231934612017349329e+00 1.484845822862161657e-02 1.406994508186830695e-01 1.230123130354491591e-02 0.000000000000000000e+00 1.404447959398231527e+00 2.577661170992962339e-02 1.244576041626721144e+09 1.722934766509869993e+08
1.250000000000000000e+02 9.300000000000100000e+13 0.000000000000000000e+00 1.166476126162530491e+00 2.944609760440328530e-02 1.377280308998997949e-01 3.987629793241643378e-02 0.000000000000000000e+00 1.176257055919196493e+00 2.886123376497218285e-02 1.684177006801693439e+09 5.417297357716516256e+08
1.260000000000000000e+02 9.300000000000100000e+13 0.000000000000000000e+00 1.005505370050235214e+00 1.690050131039091963e-01 3.522108084506542780e-01 1.945042377389269161e-01 0.000000000000000000e+00 1.374195514595407452e+00 6.549951914630817995e-02 1.459258866248127937e+09 2.745987905966503620e+08
1.270000000000000000e+02 9.300000000000100000e+13 0.000000000000000000e+00 1.821571282840136474e+00 1.264078746679636045e-01 1.535568494632036374e-01 7.036903532529274752e-02 0.000000000000000000e+00 1.953574400571926217e+00 1.224915734068040551e-01 1.512385594443133116e+09 9.863635745348199606e+08
1.280000000000000000e+02 9.300000000000100000e+13 0.000000000000000000e+00 1.194557633833970511e+00 4.060344577353715984e-02 7.457625952397595182e-02 7.613588704040262847e-03 0.000000000000000000e+00 1.414835987638898063e+00 3.748844676614522531e-02 6.578471279479871988e+08 1.031654054734030217e+08
1.290000000000000000e+02 9.300000000000100000e+13 0.000000000000000000e+00 1.166832205534145350e+00 2.284084737083102307e-02 4.430726572129618096e-02 2.350401456070223046e-03 0.000000000000000000e+00 1.208805878416597590e+00 2.325377835814134223e-02 3.884658365169506073e+08 3.121069236505478248e+07
1.300000000000000000e+02 9.300000000000100000e+13 0.000000000000000000e+00 3.402468917680380844e+00 9.145007794463423656e-02 1.418223715042998267e-01 1.753863639390696935e-02 0.000000000000000000e+00 2.636165975629660707e+00 9.918435293631350236e-02 1.192126943716543198e+09 1.735627925399535298e+08
1.310000000000000000e+02 9.300000000000100000e+13 0.000000000000000000e+00 1.052217480952900130e+00 1.084922589626254041e-01 1.583564030738293660e-01 4.518835583644546794e-02 0.000000000000000000e+00 9.375729365237671642e-01 1.221017771279931940e-01 1.612693436550967932e+09 7.132655641892684698e+08
1.320000000000000000e+02 9.300000000000400000e+13 0.000000000000000000e+00 1.072691444197333199e+00 1.025208885178810064e-01 1.837252840372067542e-01 8.314575687849139196e-02 0.000000000000000000e+00 1.217019533210367932e+00 6.546528855108232903e-02 1.053388969190704584e+09 4.852081622795361876e+08
1.330000000000000000e+02 9.300000000000100000e+13 1.000000000000000000e+00 1.101217072160890487e+00 6.284130371180128918e-03 4.146174043057849340e-02 8.153125295577075618e-03 0.000000000000000000e+00 1.075691083986191066e+00 2.268249020205216626e-02 3.774305948912699223e+08 1.180188845163874179e+08
1.340000000000000000e+02 9.300000000000100000e+13 0.000000000000000000e+00 1.118959662194214166e+00 1.109155157164694178e-01 1.598514016537649629e-01 6.174507389162561810e-02 0.000000000000000000e+00 1.078084978442970465e+00 1.521165380842794679e-01 1.541781527656451941e+09 8.750238163137168884e+08
1.350000000000000000e+02 9.300000000000100000e+13 0.000000000000000000e+00 1.062928239732982227e+00 6.019561397154842702e-02 1.256316872812043572e-01 1.561227342713243302e-02 0.000000000000000000e+00 9.619605089413253429e-01 1.055145410978126225e-01 9.702005778357479572e+08 2.374607420058607161e+08
1.360000000000000000e+02 9.300000000000300000e+13 0.000000000000000000e+00 1.159517233529269387e+00 1.013371237232368466e-01 1.729664150271204293e-01 6.059851973244743256e-02 0.000000000000000000e+00 1.251615323237373012e+00 9.714294964673633737e-02 1.925608381744376183e+09 9.258254148756245375e+08
1.370000000000000000e+02 9.300000000000100000e+13 0.000000000000000000e+00 1.190670939270406681e+00 1.295607539161633404e-01 2.227261183827894120e-01 7.874727936635468606e-02 0.000000000000000000e+00 1.077828783244523914e+00 1.065497116138206107e-01 1.383902021214049101e+09 4.410071129705649614e+08
1.380000000000000000e+02 9.300000000000200000e+13 0.000000000000000000e+00 1.082933127390690808e+00 4.342338240524306475e-02 6.616965449485394390e-02 1.082431830300728190e-02 0.000000000000000000e+00 1.072489415157590109e+00 5.087185636463721627e-02 5.117659562984300256e+08 1.607039425838516355e+08
1.390000000000000000e+02 9.300000000000100000e+13 0.000000000000000000e+00 1.192539497634032220e+00 6.521222660011877226e-02 1.495996715687250844e-01 5.714153478055564866e-02 0.000000000000000000e+00 1.214964618492291759e+00 6.090651993440602402e-02 1.126400242077968597e+09 1.437175036562674940e+08
1.400000000000000000e+02 9.300000000000100000e+13 0.000000000000000000e+00 1.591570958369789457e+00 1.470616475076533813e-01 1.783027006791772506e-01 4.173045353590626450e-02 0.000000000000000000e+00 1.517555730785957513e+00 1.568428142715328488e-01 1.826082498011856079e+09 5.643899580043107271e+08
1.410000000000000000e+02 9.300000000000100000e+13 0.000000000000000000e+00 1.657057534059634962e+00 4.458705762381001692e-02 8.310371779266513548e-02 3.013928249537738135e-02 0.000000000000000000e+00 2.005765864654534880e+00 9.400772252229451509e-02 1.356571188834579706e+09 5.435508879326758385e+08
1.420000000000000000e+02 9.300000000000300000e+13 0.000000000000000000e+00 1.142732985136179824e+00 3.718937495816583561e-02 1.073265872535565379e-01 4.512304059870950179e-02 0.000000000000000000e+00 1.259846853433242764e+00 7.063562916142750170e-02 9.831243773253221512e+08 6.929504204418829679e+08
1.430000000000000000e+02 9.300000000000100000e+13 0.000000000000000000e+00 1.178871950740110197e+00 3.130393198928330123e-02 8.151526426914612600e-02 2.379304534010031474e-02 0.000000000000000000e+00 1.214351806930978217e+00 2.167993866261519464e-02 7.853730683180540800e+08 3.464481424110968709e+08
1.440000000000000000e+02 9.300000000000300000e+13 0.000000000000000000e+00 1.168727514775918630e+00 7.838462306800313140e-02 1.340743965271599114e-01 3.572221931462000316e-02 0.000000000000000000e+00 1.211112923233114369e+00 1.041470839529470976e-01 1.053939646269834995e+09 5.529349428991633654e+08
1.450000000000000000e+02 9.300000000000100000e+13 0.000000000000000000e+00 1.161888451551658541e+00 3.768972877484671330e-02 1.007301250569845735e-01 1.941647800588775993e-02 0.000000000000000000e+00 1.265262548260981390e+00 1.875747708661084159e-02 8.063473701682643890e+08 2.364141495565655828e+08
1.460000000000000000e+02 9.300000000000100000e+13 0.000000000000000000e+00 1.223698957365688900e+00 4.636326344456048049e-02 7.033317640294091400e-02 1.778721039914201926e-02 0.000000000000000000e+00 1.334119613673199201e+00 6.279798670326282306e-02 5.613774678218337297e+08 8.274697257761372626e+07
1.470000000000000000e+02 9.300000000000100000e+13 0.000000000000000000e+00 8.841585063434762581e-01 1.144216271258670092e-01 7.773009046277362666e-02 1.439017725049707326e-02 0.000000000000000000e+00 1.035357411204236522e+00 6.983626867236315816e-02 5.336871812276296616e+08 1.721580218370149434e+08
1.480000000000000000e+02 9.300000000000200000e+13 0.000000000000000000e+00 1.175136681806361993e+00 2.047705144662168575e-01 3.129352306297738529e-01 2.194757333491841877e-01 0.000000000000000000e+00 1.360744966976882964e+00 7.998313211050353533e-02 8.698642414470757246e+08 1.271040482727164775e+08
1.490000000000000000e+02 9.300000000000200000e+13 0.000000000000000000e+00 1.265289943934917671e+00 5.246978771813488873e-02 6.263796071356984851e-02 2.033273201042292908e-02 0.000000000000000000e+00 1.321471823565571579e+00 5.228833352484891367e-02 8.618045106894079447e+08 2.862572565660734177e+08
1.500000000000000000e+02 9.300000000000100000e+13 0.000000000000000000e+00 1.476535471330022498e+00 1.192856989331652212e-01 2.682391059128760857e-01 8.379880319705401703e-02 0.000000000000000000e+00 9.256003291833494462e-01 1.067312591651792958e-01 3.823151957078405857e+09 1.284876417641408920e+09
1.510000000000000000e+02 9.300000000000100000e+13 1.000000000000000000e+00 1.066984305703529312e+00 2.456372104172472801e-02 7.970053618222132374e-02 1.195069420265953281e-02 0.000000000000000000e+00 1.078638816925134636e+00 8.785854052634347461e-03 5.702927330847170353e+08 1.155241989515728205e+08
1.520000000000000000e+02 9.300000000000100000e+13 0.000000000000000000e+00 9.347134136473427279e-01 7.381128732173979079e-02 2.038272998214530896e-01 1.120750927070457287e-01 0.000000000000000000e+00 1.263150266208655115e+00 3.871285515033574820e-02 5.454138855542573929e+08 1.738282860059055686e+08
1.530000000000000000e+02 9.300000000000100000e+13 0.000000000000000000e+00 1.275681098200749597e+00 2.647059618204502737e-02 1.319822757300020688e-01 2.055117725683734339e-02 0.000000000000000000e+00 1.515287098128723420e+00 3.848829946990477840e-02 1.052492074569823861e+09 2.815224154289299846e+08
1.540000000000000000e+02 9.300000000000100000e+13 0.000000000000000000e+00 1.244822899339735445e+00 1.450804977414175967e-01 1.456608815129562529e-01 3.578707757831468828e-02 0.000000000000000000e+00 1.198774814339838679e+00 1.267612826454332653e-01 1.351183784017444372e+09 5.233058949999538064e+08
1.550000000000000000e+02 9.300000000000100000e+13 0.000000000000000000e+00 1.366874554412448317e+00 5.479202169058729199e-02 2.361226626261081207e-01 9.013727702043859702e-02 0.000000000000000000e+00 1.562509327091773370e+00 2.897975586582135499e-02 1.434217044337518930e+09 3.373895926822640896e+08
1.560000000000000000e+02 9.300000000000100000e+13 0.000000000000000000e+00 1.043236572786463867e+00 1.100158352546712903e-01 1.656172824713039726e-01 6.087377685022937052e-02 0.000000000000000000e+00 9.494725386710844983e-01 8.465127790347004577e-02 1.023224093957571030e+09 2.118332436716935039e+08
1.570000000000000000e+02 9.300000000000100000e+13 0.000000000000000000e+00 1.075915109360769950e+00 2.238968512111425002e-02 1.489189571291397451e-01 3.387287481407565137e-02 0.000000000000000000e+00 1.046643356160415594e+00 1.360028846703477054e-02 9.690215915155822039e+08 1.505595878613080978e+08
1.580000000000000000e+02 9.300000000000100000e+13 0.000000000000000000e+00 1.269778124265612984e+00 6.986061927152516227e-02 1.953460820322331370e-01 5.641078604098140326e-02 0.000000000000000000e+00 1.277007755187077320e+00 3.518015564730067601e-02 1.401475809969809771e+09 3.902208027702810168e+08
1.590000000000000000e+02 9.300000000000200000e+13 0.000000000000000000e+00 1.199223651706549765e+00 3.436814189527589991e-02 1.634248738237024101e-01 5.635127187178356339e-02 0.000000000000000000e+00 1.355130313961558919e+00 2.843009951073525304e-02 9.400125478376950026e+08 2.412539140770337582e+08
1.600000000000000000e+02 9.300000000000100000e+13 0.000000000000000000e+00 9.486501897632714231e-01 1.078757767633027748e-01 2.122654069644615560e-01 9.374236863306777134e-02 0.000000000000000000e+00 1.198925352570404224e+00 4.001619310245392580e-02 1.199566247870050430e+09 3.188721479332907796e+08
1.610000000000000000e+02 9.300000000000100000e+13 0.000000000000000000e+00 1.344830295229110240e+00 1.680860696036473034e-01 2.212127262243550330e-01 4.716513008740005203e-02 0.000000000000000000e+00 1.426166714246277278e+00 2.013820430183048404e-01 1.795269563042877913e+09 5.605808110544221401e+08
1.620000000000000000e+02 9.300000000000100000e+13 0.000000000000000000e+00 1.300011087183314151e+00 1.301262256204616941e-01 1.768546253724862793e-01 3.675810547978611287e-02 0.000000000000000000e+00 1.397869703275920861e+00 1.507539661086328975e-01 1.828540008932366848e+09 4.695726109498590827e+08
1.630000000000000000e+02 9.300000000000100000e+13 0.000000000000000000e+00 1.295678236092673741e+00 2.287365043428500888e-01 1.756403771595933805e-01 8.151068970232940025e-02 0.000000000000000000e+00 1.125339453120271838e+00 2.496992909781209358e-01 2.108051992663706779e+09 1.164833377971144676e+09
1.640000000000000000e+02 9.300000000000100000e+13 0.000000000000000000e+00 1.163837875224099427e+00 1.274401738444284060e-01 2.719649466283863282e-01 2.243337750294464028e-01 0.000000000000000000e+00 1.315455214561575437e+00 6.653753561381366144e-02 4.864668111056495905e+08 1.772421229852612615e+08
1.650000000000000000e+02 9.300000000000100000e+13 0.000000000000000000e+00 1.095529525713102803e+00 4.995999945959508914e-02 1.115313999341922130e-01 1.594978359361158213e-02 0.000000000000000000e+00 1.261940775657575120e+00 7.665266544241883251e-02 9.117801602808997631e+08 2.192591342409863770e+08
1.660000000000000000e+02 9.300000000000100000e+13 0.000000000000000000e+00 1.599847818519357423e+00 1.404154938602463487e-01 1.645231982439244456e-01 3.798615268486946889e-02 0.000000000000000000e+00 1.627710680664103959e+00 1.510211705845395935e-01 1.755515070921633959e+09 5.172506343846762776e+08
1.670000000000000000e+02 9.300000000000300000e+13 0.000000000000000000e+00 1.282032684637802955e+00 1.588111481233911437e-01 1.205358723929224884e-01 3.863334906480538761e-02 0.000000000000000000e+00 1.157741094157530792e+00 2.053725624487622026e-01 1.414568666182996511e+09 4.833334560717266798e+08
1.680000000000000000e+02 9.300000000000200000e+13 0.000000000000000000e+00 1.589200369020183912e+00 6.811047488767968394e-02 3.069745601757340459e-01 1.628187886195512080e-01 0.000000000000000000e+00 1.398203039044873197e+00 6.204208781929054783e-02 1.852975892048615932e+09 6.073847587622957230e+08
1.690000000000000000e+02 9.300000000000200000e+13 0.000000000000000000e+00 9.923515782995129264e-01 3.219453475764127298e-02 1.207906978342168647e-01 1.883707942374437602e-02 0.000000000000000000e+00 9.969928183129155297e-01 3.375191764070227529e-02 1.241607710279307365e+09 3.255174761881793737e+08
1.700000000000000000e+02 9.300000000000300000e+13 0.000000000000000000e+00 8.880093797567714664e-02 1.369001619642379597e-01 1.020433464843608085e-01 1.081651005765233917e-02 0.000000000000000000e+00 1.326005599165789528e+00 3.731473815592510623e-02 9.533090533330338001e+08 2.034853396234319210e+08
1.710000000000000000e+02 9.300000000000500000e+13 0.000000000000000000e+00 1.228293968261405356e+00 3.105003228982404495e-02 1.683963888939687681e-01 7.235379100983869993e-02 0.000000000000000000e+00 1.348606483952250024e+00 6.478159181014432610e-02 1.833535583465239048e+09 9.795737777726398706e+08
1.720000000000000000e+02 9.300000000000200000e+13 0.000000000000000000e+00 1.133090984162144821e+00 5.339274543964044745e-02 1.050273109850692332e-01 4.439452018813254408e-02 0.000000000000000000e+00 1.305797963951007779e+00 5.876372161540269895e-02 1.010815232647462964e+09 6.372755302819348574e+08
1.730000000000000000e+02 9.300000000000100000e+13 0.000000000000000000e+00 1.183864941396822523e+00 4.258492215489803612e-02 9.025428240605029573e-02 2.377127669969318624e-02 0.000000000000000000e+00 1.397848008678915122e+00 3.676938234024412083e-02 6.156729112971233130e+08 1.092491304751013219e+08
1.740000000000000000e+02 9.300000000000300000e+13 0.000000000000000000e+00 1.218203325565122341e+00 6.826293613270985328e-02 9.474371434323837493e-02 3.519286910525207951e-02 0.000000000000000000e+00 1.313322410684304442e+00 8.653335398720270188e-02 9.915179503709092140e+08 4.515716597389846444e+08
1.750000000000000000e+02 9.300000000000200000e+13 0.000000000000000000e+00 1.104161724632349184e+00 4.505721200708623364e-02 8.509247250322518608e-02 2.414811124488543820e-02 0.000000000000000000e+00 1.174238913189135980e+00 7.648321734643058478e-02 8.818956422295063734e+08 3.486453311196864247e+08
1.760000000000000000e+02 9.300000000000100000e+13 1.000000000000000000e+00 1.110608979810471242e+00 3.014336819804343953e-02 7.638183948682436553e-02 1.176367678682071691e-02 0.000000000000000000e+00 1.119547128449202678e+00 1.375056552498691957e-02 4.391398139578832388e+08 6.944245812614205480e+07
1.770000000000000000e+02 9.300000000000200000e+13 0.000000000000000000e+00 1.159700949989283192e+00 1.644560969557982144e-01 2.288813724933629334e-01 1.421048237631697686e-01 0.000000000000000000e+00 1.015754390654550754e+00 1.367296937454094696e-01 8.313283290820862055e+08 1.245720603700178266e+08
1.780000000000000000e+02 9.300000000000100000e+13 0.000000000000000000e+00 1.036522737878820655e+00 7.488978085465812506e-02 2.131367459922029473e-01 9.211158895823499948e-02 0.000000000000000000e+00 1.340874500655599322e+00 3.932938640533303193e-02 1.136115440423082590e+09 3.941812439592153430e+08
1.790000000000000000e+02 9.300000000000100000e+13 0.000000000000000000e+00 1.198210942296454196e+00 1.973796270663060251e-02 1.084922128453620627e-01 1.454042015289231347e-02 0.000000000000000000e+00 1.180099726330691823e+00 3.381028216212927234e-02 1.115500417205772638e+09 2.041360760606215298e+08
1.800000000000000000e+02 9.300000000000300000e+13 0.000000000000000000e+00 1.138836815469613795e+00 6.024107958057434847e-02 7.638961611671496454e-02 5.532084789748532155e-02 0.000000000000000000e+00 1.282165697939359417e+00 9.687598620380759307e-02 9.980572086834577322e+08 7.445845746004533768e+08
1.810000000000000000e+02 9.300000000000100000e+13 0.000000000000000000e+00 1.423555659403888729e+00 1.607779655169889743e-01 1.266533705049271985e-01 4.578767585587594641e-02 0.000000000000000000e+00 1.412465102497529656e+00 1.759233688467338741e-01 1.238960651129720688e+09 6.079992036004202366e+08
1.820000000000000000e+02 9.300000000000300000e+13 1.000000000000000000e+00 1.060879639942671204e+00 2.816594100502504971e-02 4.842018341323678365e-02 1.561553388225890224e-02 0.000000000000000000e+00 1.009023438130613570e+00 3.273728930030517931e-02 4.898264368392211199e+08 2.120484100537316501e+08
1.830000000000000000e+02 9.300000000000100000e+13 0.000000000000000000e+00 1.119889655458383038e+00 1.339956958352615801e-01 1.434734050227499669e-01 6.753951389186574339e-02 0.000000000000000000e+00 1.071969886916921855e+00 1.432908331117732637e-01 1.693529412533994675e+09 9.357445048801457882e+08
1.840000000000000000e+02 9.300000000000200000e+13 0.000000000000000000e+00 1.188838265825226115e+00 4.904870676835337145e-02 1.379383468382480438e-01 1.631501763044527001e-02 0.000000000000000000e+00 1.219883914929284163e+00 1.987502665185053585e-02 1.499028724735806227e+09 2.429423950382936299e+08
1.850000000000000000e+02 9.300000000000200000e+13 0.000000000000000000e+00 6.176030733846842313e-01 7.540913524973359705e-02 4.237522549995989540e-01 2.079646017699114946e-01 0.000000000000000000e+00 1.371701691213348617e+00 8.079009563324578147e-02 1.076803882372897118e+08 5.099469313072736561e+07
1.860000000000000000e+02 9.300000000000100000e+13 0.000000000000000000e+00 1.462238070250555744e+00 1.301992280534701729e-01 1.087348880527904127e-01 1.908092521236376751e-02 0.000000000000000000e+00 1.462220744061061950e+00 1.872179081156961633e-01 9.766448919200170040e+08 2.828758403066198826e+08
1.870000000000000000e+02 9.300000000000200000e+13 0.000000000000000000e+00 1.050445004922224923e+00 2.621144437527932469e-01 3.441883986871486778e-01 1.801455301455301417e-01 0.000000000000000000e+00 1.309413439801704548e+00 1.035061312700970015e-01 7.194094355712386370e+08 3.564107399300188422e+08
1.880000000000000000e+02 9.300000000000100000e+13 1.000000000000000000e+00 1.134166419030971262e+00 3.131673717847657801e-02 7.482834815747700652e-02 1.253610925262702187e-02 0.000000000000000000e+00 1.041484803268181158e+00 3.568691937584000246e-02 7.977822434295932055e+08 1.785879942553940415e+08
1.890000000000000000e+02 9.300000000000300000e+13 0.000000000000000000e+00 1.261277873762820079e+00 1.404647126475795649e-01 1.682396217949643225e-01 4.708750126300899341e-02 0.000000000000000000e+00 1.483376290226412930e+00 1.250469389732186132e-01 1.846068863635381222e+09 7.219728282247571945e+08
1.900000000000000000e+02 9.300000000000100000e+13 1.000000000000000000e+00 1.099536166883863020e+00 2.387620155298966762e-02 9.597635805810089682e-02 9.676580908267042036e-03 0.000000000000000000e+00 1.066781675228183568e+00 1.263246899042221039e-02 7.915798553566159010e+08 1.446573199849910140e+08
1.910000000000000000e+02 9.300000000000100000e+13 0.000000000000000000e+00 1.091409290840413604e+00 5.250760071820659292e-02 9.487921452572294079e-02 3.418000544089642295e-02 0.000000000000000000e+00 1.271979557199760968e+00 1.043000918323791770e-01 1.009633264042426348e+09 5.042983824235149622e+08
1.920000000000000000e+02 9.300000000001200000e+13 0.000000000000000000e+00 1.368638207408148011e+00 1.050783492168352456e-01 1.024952521310108361e-01 4.835182525711109042e-02 0.000000000000000000e+00 1.370853016372986843e+00 1.596842659080781046e-01 1.500391524078074217e+09 7.121957040483334064e+08
1.930000000000000000e+02 9.300000000000100000e+13 0.000000000000000000e+00 1.198112805771391898e+00 1.265170691458334939e-01 1.561247544879466598e-01 9.099931612241408951e-02 0.000000000000000000e+00 1.195272535157653637e+00 1.701875627992760209e-01 1.892552887236910105e+09 1.142352031658857107e+09
1.940000000000000000e+02 9.300000000000100000e+13 0.000000000000000000e+00 1.544821833885631879e+00 1.078319527316107945e-01 1.523565814023022935e-01 1.892320725569342568e-02 0.000000000000000000e+00 1.656967021334225354e+00 1.336507822212575081e-01 1.347073619864817858e+09 2.724337343016021848e+08
1.950000000000000000e+02 9.300000000000200000e+13 1.000000000000000000e+00 9.971498351355926326e-01 2.032082454650983860e-02 4.973665666048450451e-02 1.326360872641058411e-02 0.000000000000000000e+00 1.052940934311800358e+00 1.702307197840778608e-02 4.483399324455631375e+08 1.121014772336299270e+08
1.960000000000000000e+02 9.300000000000100000e+13 0.000000000000000000e+00 1.247170444879764695e+00 2.397472365700387478e-02 8.687893816201745778e-02 1.177991477806738553e-02 0.000000000000000000e+00 1.247810950605545699e+00 2.605037179493962726e-02 8.950774497981605530e+08 1.783698548807468116e+08
1.970000000000000000e+02 9.300000000000100000e+13 0.000000000000000000e+00 1.113893244237559310e+00 1.546957278882185871e-01 1.526505485046447674e-01 6.087730323786789965e-02 0.000000000000000000e+00 1.068356032719465221e+00 1.093850070670088354e-01 1.059884697902155876e+09 1.837330369290809333e+08
1.980000000000000000e+02 9.300000000000400000e+13 0.000000000000000000e+00 1.201164201175989099e+00 1.118226144290978552e-01 1.138005716474731754e-01 3.137394356577360988e-02 0.000000000000000000e+00 1.283081581512914182e+00 1.249164459142235034e-01 1.480080165745867252e+09 4.304224908309633136e+08
1.990000000000000000e+02 9.300000000000200000e+13 0.000000000000000000e+00 1.036818648121893505e+00 5.623687979065048609e-02 1.050908975856396227e-01 1.829173082344776741e-02 0.000000000000000000e+00 1.122067825699454513e+00 5.064745611240896450e-02 8.816421962619197369e+08 1.497352939316790998e+08
2.000000000000000000e+02 9.300000000000100000e+13 0.000000000000000000e+00 1.035208400176803378e+00 2.307376178421225235e-02 1.220985936937153266e-01 2.637792880414335100e-02 0.000000000000000000e+00 1.180684008405591179e+00 1.844797515990044545e-02 9.339894598950170279e+08 1.485286027867070436e+08
2.010000000000000000e+02 9.300000000000100000e+13 0.000000000000000000e+00 1.115697191602788685e+00 1.042441682191611596e-01 1.825623033485549995e-01 8.587149739640584367e-02 0.000000000000000000e+00 1.231995463883892583e+00 5.793676997618161378e-02 1.096288549549052477e+09 5.189147828646053672e+08
2.020000000000000000e+02 9.300000000000100000e+13 0.000000000000000000e+00 9.376223206697268386e-01 6.259994502753540857e-02 2.995541011175216206e-01 1.537673353449377223e-01 0.000000000000000000e+00 1.186285789517323552e+00 6.420502781412008864e-02 5.598454510244263411e+08 1.044948484485501200e+08
2.030000000000000000e+02 9.300000000000100000e+13 1.000000000000000000e+00 1.002867599048194780e+00 3.627872818482547751e-02 6.695974995070279323e-02 1.109201108408893605e-02 0.000000000000000000e+00 1.239121104627255221e+00 1.825254429376117413e-02 4.556397530474954247e+08 7.028001031270523369e+07
2.040000000000000000e+02 9.300000000000100000e+13 0.000000000000000000e+00 1.088537292936117673e+00 2.016840700645111117e-01 1.864294443659769984e-01 1.015421871170939516e-01 0.000000000000000000e+00 1.079747235932568383e+00 2.337044244024211459e-01 2.427058169184649944e+09 1.464700329396744251e+09
2.050000000000000000e+02 9.300000000000200000e+13 0.000000000000000000e+00 1.072532333053536568e+00 1.519828168209464425e-01 1.610728084279776096e-01 4.870389466451964522e-02 0.000000000000000000e+00 1.228062725184479786e+00 1.967631011406771879e-01 1.550603793064925432e+09 7.542621788864933252e+08
2.060000000000000000e+02 9.300000000000100000e+13 0.000000000000000000e+00 1.113015161678886145e+00 6.137783947799198975e-02 1.131614727317879071e-01 1.267952967597741308e-02 0.000000000000000000e+00 1.105287049868387106e+00 5.823565570213462550e-02 1.046896767614967227e+09 1.812746282324272394e+08
2.070000000000000000e+02 9.300000000000200000e+13 0.000000000000000000e+00 1.253979651934789885e+00 1.816338584560436148e-02 8.383426401671277561e-02 2.786819092156087724e-02 0.000000000000000000e+00 1.309672793397357315e+00 3.659195924497217478e-02 1.182935058040538311e+09 4.025359574926112890e+08
2.080000000000000000e+02 9.300000000000100000e+13 0.000000000000000000e+00 2.490171351847199510e+00 1.328113038657740552e-01 2.018782852623882684e-01 7.111970379402003661e-02 0.000000000000000000e+00 2.385328764701266202e+00 1.290228307042938782e-01 1.667374069771450996e+09 6.790797360190848112e+08
2.090000000000000000e+02 9.300000000000100000e+13 0.000000000000000000e+00 1.198819368674969077e+00 6.887212545135067143e-02 1.429272082294525681e-01 5.781986549621839083e-02 0.000000000000000000e+00 1.250796002070519330e+00 1.355276894679689481e-01 1.551938273950874805e+09 7.255107239212950468e+08
2.100000000000000000e+02 9.300000000000100000e+13 0.000000000000000000e+00 1.023199452101098306e+00 3.045702898716163079e-02 1.190860714555570660e-01 2.811866962029415523e-02 0.000000000000000000e+00 1.140015633868579181e+00 4.784542348864683631e-02 1.141707540567414999e+09 4.242006877892016768e+08
2.110000000000000000e+02 9.300000000000100000e+13 0.000000000000000000e+00 1.068307867188944993e+00 1.209121496476288499e-01 1.912162816039252589e-01 4.573973728399766819e-02 0.000000000000000000e+00 9.707472987615606286e-01 1.186867814025682061e-01 2.296119658720356464e+09 7.126189448343697786e+08
2.120000000000000000e+02 9.300000000000100000e+13 0.000000000000000000e+00 1.116306871417331203e+00 8.283318007175378972e-02 1.760000379637475243e-01 3.813861336789114292e-02 0.000000000000000000e+00 1.144382084216062800e+00 8.212465144218963897e-02 1.643625140474366665e+09 5.896139820694077015e+08
2.130000000000000000e+02 9.300000000000200000e+13 1.000000000000000000e+00 1.115448921391936521e+00 9.367542003631429762e-03 3.544892009145950151e-02 4.575555325096051888e-03 0.000000000000000000e+00 1.220489123512500163e+00 3.285601434811101507e-02 3.299105303937988281e+08 6.228767670985019207e+07
2.140000000000000000e+02 9.300000000000100000e+13 0.000000000000000000e+00 1.017403037792991016e+00 5.205360316895377842e-02 2.758197809521208410e-01 1.389602053915275914e-01 0.000000000000000000e+00 1.530247082718525720e+00 4.056301844929629391e-02 1.198172790357995033e+09 3.571740966164901257e+08
2.150000000000000000e+02 9.300000000000100000e+13 0.000000000000000000e+00 1.081695702427452721e+00 1.665396627722950385e-01 1.950734790550250342e-01 9.597620102878171022e-02 0.000000000000000000e+00 1.099547440702864476e+00 2.308129814454518425e-01 1.769918193306533098e+09 1.340882429821377993e+09
2.160000000000000000e+02 9.300000000000100000e+13 0.000000000000000000e+00 9.311847341726553484e-01 9.207322746332809171e-02 2.360565384450754034e-01 6.935737012570090954e-02 0.000000000000000000e+00 1.068965885379667746e+00 9.167894608527045464e-02 1.197144981504387856e+09 3.171608271204795837e+08
2.170000000000000000e+02 9.300000000000100000e+13 0.000000000000000000e+00 1.148164275350609609e+00 1.106529603948412377e-01 1.544024019911146295e-01 4.627605806068672833e-02 0.000000000000000000e+00 1.334058469198077690e+00 9.788280773988423944e-02 8.675220202627599239e+08 2.835762214711866975e+08
2.180000000000000000e+02 9.300000000000300000e+13 0.000000000000000000e+00 1.172038211171111399e+00 8.651162658649041992e-02 2.514726379900527609e-01 8.534023639481481960e-02 0.000000000000000000e+00 1.288553250643679204e+00 5.961776252572041634e-02 1.404154046684705734e+09 8.854681178424764872e+08
2.190000000000000000e+02 9.300000000000100000e+13 0.000000000000000000e+00 1.266312574630950705e+00 1.938356094023894749e-01 2.042226772609391505e-01 1.024655594180507306e-01 0.000000000000000000e+00 1.066798162298913999e+00 2.260376244928327116e-01 2.366290090821584225e+09 1.664489364564030409e+09
2.200000000000000000e+02 9.300000000000100000e+13 0.000000000000000000e+00 1.208514864362294272e+00 6.963640924975281199e-02 1.217478900545966164e-01 4.810338343427007779e-02 0.000000000000000000e+00 1.276253936965694002e+00 9.197806821232787367e-02 1.377637419637725830e+09 6.483580200433204174e+08
2.210000000000000000e+02 9.300000000000100000e+13 0.000000000000000000e+00 1.224509348419815957e+00 9.155235914225710869e-02 1.403051904804414329e-01 5.186519073151407699e-02 0.000000000000000000e+00 1.292361656078787169e+00 1.175979809571135182e-01 1.597821748737611294e+09 6.719856619721550941e+08
2.220000000000000000e+02 9.300000000000100000e+13 0.000000000000000000e+00 1.180370337078535448e+00 2.736259694514148536e-02 5.233751854679386667e-02 5.035683273793219866e-03 0.000000000000000000e+00 1.314403907304605879e+00 2.950641244930166454e-02 4.607106306579873562e+08 6.939207979602718353e+07
2.230000000000000000e+02 9.300000000000100000e+13 0.000000000000000000e+00 1.272872452723118331e+00 2.616586735622857818e-01 1.856251823381543931e-01 3.276682817831857997e-02 0.000000000000000000e+00 1.303136813995320997e+00 2.844226596423922171e-01 2.075539549918851376e+09 4.799364811204252243e+08
2.240000000000000000e+02 9.300000000000100000e+13 0.000000000000000000e+00 1.194277310983981932e+00 1.560000395081011064e-02 1.977682673289281046e-01 3.124757934572117146e-02 0.000000000000000000e+00 1.451978360521957390e+00 4.612800034236323732e-02 1.713707714281851530e+09 3.190359503205865622e+08
2.250000000000000000e+02 9.300000000000100000e+13 0.000000000000000000e+00 1.115996895266277988e+00 4.311055902138066775e-02 1.042884042439593262e-01 2.643517668214299607e-02 0.000000000000000000e+00 1.327578507518246909e+00 5.255234494074952079e-02 7.511163891781804562e+08 1.861497553048366606e+08
2.260000000000000000e+02 9.300000000000100000e+13 0.000000000000000000e+00 1.246224445551248117e+00 9.760118262633427078e-02 1.933334351764890158e-01 4.367002230570556781e-02 0.000000000000000000e+00 1.199033254434431539e+00 1.168304235590296308e-01 1.809159438536000490e+09 5.349026944977843165e+08
2.270000000000000000e+02 9.300000000000100000e+13 0.000000000000000000e+00 1.181174050300964673e+00 1.730564360691226322e-01 2.301654102332363616e-01 1.523722364413795105e-01 0.000000000000000000e+00 1.278036833624396351e+00 1.092930936708415846e-01 6.929413316598670483e+08 2.227013227157014310e+08
2.280000000000000000e+02 9.300000000000200000e+13 0.000000000000000000e+00 1.045365257890797706e+00 9.216659524241230250e-02 1.637927387225292242e-01 1.030048775711286946e-01 0.000000000000000000e+00 1.201341727278762761e+00 7.046560272021390459e-02 1.864171773394976377e+09 1.587595363699754953e+09
2.290000000000000000e+02 9.300000000000100000e+13 0.000000000000000000e+00 1.152547865374085267e+00 1.037509842756793171e-01 1.963287364528694956e-01 6.957970148102438079e-02 0.000000000000000000e+00 1.049637765493713903e+00 1.185716085829725125e-01 2.003109256796694040e+09 9.372727987640759945e+08
2.300000000000000000e+02 9.300000000000100000e+13 0.000000000000000000e+00 1.207707764092148972e+00 4.595698837426931416e-02 1.684074171530056119e-01 2.680175275592075468e-02 0.000000000000000000e+00 1.246787927575519372e+00 6.666789683737039951e-02 1.531344417388728380e+09 3.266237849898323417e+08
2.310000000000000000e+02 9.300000000000200000e+13 0.000000000000000000e+00 1.080524350854587645e+00 6.188187634030880430e-02 1.283410912732973475e-01 5.038195049255839858e-02 0.000000000000000000e+00 1.173198032568801619e+00 7.077580809644194726e-02 1.270120100433959723e+09 7.265011359154154062e+08
2.320000000000000000e+02 9.300000000000100000e+13 0.000000000000000000e+00 1.308342425112510199e+00 2.960957967201198471e-02 1.421017438951315548e-01 1.900876580655921910e-02 0.000000000000000000e+00 1.333978000691862009e+00 4.808159909877252058e-02 1.283843401341950178e+09 2.617811434583062530e+08
2.330000000000000000e+02 9.300000000000100000e+13 0.000000000000000000e+00 1.235871469018375857e+00 1.096549200507407687e-02 1.146981452384250866e-01 2.748912471253221051e-02 0.000000000000000000e+00 1.189290808606559446e+00 1.635399554723745985e-02 9.623488824303183556e+08 3.983169324502866864e+08
2.340000000000000000e+02 9.300000000000100000e+13 1.000000000000000000e+00 1.144876448852056861e+00 7.296696118997085707e-03 6.820834039196586873e-02 1.089452285408747806e-02 0.000000000000000000e+00 1.115343894276836778e+00 3.242241700343183319e-02 5.695907564858800173e+08 1.529325184576058090e+08
2.350000000000000000e+02 9.300000000000100000e+13 0.000000000000000000e+00 1.096574307918889657e+00 9.786610034321997775e-02 2.467615176004681055e-01 6.077915249781637441e-02 0.000000000000000000e+00 1.094954258912327338e+00 8.292388377916673492e-02 2.375858959859272003e+09 8.966896953812493086e+08
2.360000000000000000e+02 9.300000000000200000e+13 0.000000000000000000e+00 1.254158218976826333e+00 9.382023019373211814e-02 1.814065126582525000e-01 4.910747337617045460e-02 0.000000000000000000e+00 1.299078527697715701e+00 9.009806337587598912e-02 1.473922866446722746e+09 6.498837016795428991e+08
2.370000000000000000e+02 9.300000000000100000e+13 0.000000000000000000e+00 1.166062216423689124e+00 9.032458419747606271e-02 2.596494885001563446e-01 9.017562450057325929e-02 0.000000000000000000e+00 1.311488343986644489e+00 7.502678394346894153e-02 4.588716154662875533e+08 6.836443216507492959e+07
2.380000000000000000e+02 9.300000000000100000e+13 1.000000000000000000e+00 1.114709210350816937e+00 1.633993714932163374e-02 5.602101654628112437e-02 1.098498834606420095e-02 0.000000000000000000e+00 1.118834377209995568e+00 7.369995815222841334e-03 5.194561114945021868e+08 1.609675951683315933e+08
2.390000000000000000e+02 9.300000000000100000e+13 0.000000000000000000e+00 1.351602684582689395e+00 1.810452981389002458e-01 2.156223789273915836e-01 1.211335254562920238e-01 0.000000000000000000e+00 8.963949243028863645e-01 2.238962437206157285e-01 2.804667522846363068e+09 1.838241022976787090e+09
2.400000000000000000e+02 9.300000000000100000e+13 0.000000000000000000e+00 1.109431036523357061e+00 1.612461500343307930e-01 1.821414218097365811e-01 5.969711152124192871e-02 0.000000000000000000e+00 1.319806699627018576e+00 1.035600708726709951e-01 1.968089694010016441e+09 9.658296737866188288e+08
2.410000000000000000e+02 9.300000000000100000e+13 1.000000000000000000e+00 1.083357671060908078e+00 1.071633787540960184e-02 6.533792817472230952e-02 1.035087060942659933e-02 0.000000000000000000e+00 1.067519026323074716e+00 1.277758587447400118e-02 6.043579310944036245e+08 9.758636835515545309e+07
2.420000000000000000e+02 9.300000000000100000e+13 0.000000000000000000e+00 1.178795067173239008e+00 1.604501216949657527e-01 2.494703343448173849e-01 1.476353476668023634e-01 0.000000000000000000e+00 1.411585110829058021e+00 4.270374497851325141e-02 7.913726951216404438e+08 1.626312194123238623e+08
2.430000000000000000e+02 9.300000000000200000e+13 0.000000000000000000e+00 1.190142999611574215e+00 8.028584136622206324e-02 1.328823268932703694e-01 3.308978841509570279e-02 0.000000000000000000e+00 1.330601991683206808e+00 6.955424424671260986e-02 1.290306069820727348e+09 5.208895096767522693e+08
2.440000000000000000e+02 9.300000000000200000e+13 0.000000000000000000e+00 1.207909820634402331e+00 4.864233290479743482e-02 1.861527267850061895e-01 5.570574773415854636e-02 0.000000000000000000e+00 1.063111834445438886e+00 8.887017393906641860e-02 1.908438394918393135e+09 8.066656251634984016e+08
2.450000000000000000e+02 9.300000000000100000e+13 0.000000000000000000e+00 1.081251195453817759e+00 3.810128269981331861e-02 1.117783896193177001e-01 2.304347538686285848e-02 0.000000000000000000e+00 1.244033722662305053e+00 2.511394145050083876e-02 7.727398693489041328e+08 1.788469265035986304e+08
2.460000000000000000e+02 9.300000000000200000e+13 1.000000000000000000e+00 1.061992102216952061e+00 2.890771228733966455e-02 5.071858497213001943e-02 6.686298302749420393e-03 0.000000000000000000e+00 1.201086420620166795e+00 2.349636906500777653e-02 4.888753560666164160e+08 8.934575227645094693e+07
2.470000000000000000e+02 9.300000000000100000e+13 0.000000000000000000e+00 1.295966302515180635e+00 2.728738805379933297e-01 1.508210114522162415e-01 2.722445716912917299e-02 0.000000000000000000e+00 1.264705974934088095e+00 2.929546240930337442e-01 1.641157813451899767e+09 3.846311677390609980e+08
2.480000000000000000e+02 9.300000000000400000e+13 0.000000000000000000e+00 1.116279850042780852e+00 8.672328953035084165e-02 1.073686858430520502e-01 3.237291453929840718e-02 0.000000000000000000e+00 1.092575734197296145e+00 1.059974238757088599e-01 9.727874235329935551e+08 3.411607095299422741e+08
2.490000000000000000e+02 9.300000000000100000e+13 0.000000000000000000e+00 1.255248506850644930e+00 1.023513617987350938e-01 1.430864126620264298e-01 5.863793606468553632e-02 0.000000000000000000e+00 1.182211952224179630e+00 1.361721152990792161e-01 1.515715201960204124e+09 7.738509379359629154e+08
2.500000000000000000e+02 9.300000000000500000e+13 0.000000000000000000e+00 1.027172236597787558e+00 1.398802185450781776e-01 1.174848438281617113e-01 2.283781018357107159e-02 0.000000000000000000e+00 7.811483179162633794e-01 9.059401290637159043e-02 1.317100988339205265e+09 3.660010886354143620e+08
2.510000000000000000e+02 9.300000000000100000e+13 0.000000000000000000e+00 2.007825283952186179e+00 4.457828028035313445e-02 1.519618084386088197e-01 4.124355062651056947e-02 0.000000000000000000e+00 2.223129578767812919e+00 7.506350639532269331e-02 1.735198384417111158e+09 5.369905368338152170e+08
2.520000000000000000e+02 9.300000000000500000e+13 0.000000000000000000e+00 1.010977999547752582e+00 9.705783271202635121e-02 9.510203558520785583e-02 2.343852415495201180e-02 0.000000000000000000e+00 1.204774990997367734e+00 1.011068528924330273e-01 9.382204052012726068e+08 3.560255968052336574e+08
2.530000000000000000e+02 9.300000000000100000e+13 0.000000000000000000e+00 1.068523034351199552e+00 1.228827899640313054e-01 1.659357448998065587e-01 9.302028643029339183e-02 0.000000000000000000e+00 9.152593785294798057e-01 1.272458402831460056e-01 2.083551993043418407e+09 1.590899915429918051e+09
2.540000000000000000e+02 9.300000000000100000e+13 0.000000000000000000e+00 1.082593181422785378e+00 6.791217694298723462e-02 1.079515537901735572e-01 1.897153797793907359e-02 0.000000000000000000e+00 1.112600394251482383e+00 6.798075150020613244e-02 1.050029474111458302e+09 2.806705732828153968e+08
2.550000000000000000e+02 9.300000000000100000e+13 0.000000000000000000e+00 1.228909942280824730e+00 1.157740262335601733e-01 2.723835453121503658e-01 7.368046542850749392e-02 0.000000000000000000e+00 1.088066624189632847e+00 1.170373560295967508e-01 2.539563167395848274e+09 1.193176563876327753e+09
2.560000000000000000e+02 9.300000000000100000e+13 0.000000000000000000e+00 1.369044475112862980e+00 1.161906338312207881e-01 1.753351148964669148e-01 7.217068136404558576e-02 0.000000000000000000e+00 1.400918725415969401e+00 1.567148877312520838e-01 1.768357436437844515e+09 1.101192353539789677e+09
2.570000000000000000e+02 9.300000000000100000e+13 0.000000000000000000e+00 1.643585311365117319e+00 1.069042127712843959e-01 1.661783491566844184e-01 4.801607386616359163e-02 0.000000000000000000e+00 1.680047005719610853e+00 1.095955486757643066e-01 1.820837170691474915e+09 6.781729530849906206e+08
2.580000000000000000e+02 9.300000000000100000e+13 0.000000000000000000e+00 1.055930996573728020e+00 7.044667408439110601e-02 1.305807031131040186e-01 3.071308931862454239e-02 0.000000000000000000e+00 1.275758659691818009e+00 4.875388906095500657e-02 1.048891606078969002e+09 4.746523482938172817e+08
2.590000000000000000e+02 9.300000000000200000e+13 0.000000000000000000e+00 1.067022128417739690e+00 5.449410190017839328e-02 4.143103560651632128e-02 4.728660041875605395e-03 0.000000000000000000e+00 1.177556795947747093e+00 5.760281295503699023e-02 4.359215633411697149e+08 6.259629928292776644e+07
2.600000000000000000e+02 9.300000000000100000e+13 0.000000000000000000e+00 1.129504075975696686e+00 1.484838145132869325e-01 2.097897344005162645e-01 8.678356950956118976e-02 0.000000000000000000e+00 1.304108283792302148e+00 1.521263182713413209e-01 1.296381077921802759e+09 1.450891890135202110e+08
2.610000000000000000e+02 9.300000000000100000e+13 1.000000000000000000e+00 1.087043756833069308e+00 1.737597805502892959e-02 9.730962881721026692e-02 1.345213543994938643e-02 0.000000000000000000e+00 1.156823113076433707e+00 1.845161656160878086e-02 9.242478432245947123e+08 1.953505650067132711e+08
2.620000000000000000e+02 9.300000000000200000e+13 0.000000000000000000e+00 1.155661075415645778e+00 4.236525183069107803e-02 1.240607576869513923e-01 3.383722520460976518e-02 0.000000000000000000e+00 1.199601799557673987e+00 3.466611244940875913e-02 1.083076625519705772e+09 5.185276799031924605e+08
2.630000000000000000e+02 9.300000000000100000e+13 1.000000000000000000e+00 1.098830358041134048e+00 2.101494495506590898e-02 7.510019234064041482e-02 9.007592630999936359e-03 0.000000000000000000e+00 1.255184657943709370e+00 1.385442506617359272e-02 4.562549585662742853e+08 6.274531213017194718e+07
2.640000000000000000e+02 9.300000000000400000e+13 0.000000000000000000e+00 1.404009976482664124e+00 1.222307556115506261e-01 1.750357823795739565e-01 2.755169598456171445e-02 0.000000000000000000e+00 1.414015965488879756e+00 1.423306924584499811e-01 2.096031386564276218e+09 3.740478227681611180e+08
2.650000000000000000e+02 9.300000000000100000e+13 0.000000000000000000e+00 1.335764349401086681e+00 1.064011293138130976e-01 2.188480034626359427e-01 7.728357634720406377e-02 0.000000000000000000e+00 1.327561980348090254e+00 1.021698760682547558e-01 1.584075833842415810e+09 4.953930183404739499e+08
2.660000000000000000e+02 9.300000000000100000e+13 0.000000000000000000e+00 1.133902586645380683e+00 3.838498142497607374e-02 2.135424804699389278e-01 5.550169429620761818e-02 0.000000000000000000e+00 1.395216261181127626e+00 6.927986256156712375e-02 1.711472324730858326e+09 5.000724616885834336e+08
2.670000000000000000e+02 9.300000000000100000e+13 0.000000000000000000e+00 1.448985984222693535e+00 9.224100816964415916e-02 1.499786079597748567e-01 6.256309400401088849e-02 0.000000000000000000e+00 1.384120607507199674e+00 1.085979803695914653e-01 1.631528725807813883e+09 8.135621479827268124e+08
2.680000000000000000e+02 9.300000000000100000e+13 1.000000000000000000e+00 1.001589703321435154e+00 2.967365607425428639e-02 7.129768730241552166e-02 1.018783953838126553e-02 0.000000000000000000e+00 1.119103509372854299e+00 3.975362876807927992e-02 3.715643127586675286e+08 1.232637468746425062e+08
2.690000000000000000e+02 9.300000000000100000e+13 0.000000000000000000e+00 1.125753931790297591e+00 7.607018443379273687e-02 1.421801985306979099e-01 3.625025839998727989e-02 0.000000000000000000e+00 1.045995399322082298e+00 1.045480905970405938e-01 9.190192618094539642e+08 2.041450584038309753e+08
2.700000000000000000e+02 9.300000000000200000e+13 0.000000000000000000e+00 1.257515177286751440e+00 2.863745033821674807e-02 9.657434671046356833e-02 2.000718833674915154e-02 0.000000000000000000e+00 1.146548412683040308e+00 4.343673021039869825e-02 9.703209178009853363e+08 2.782718644086540937e+08
2.710000000000000000e+02 9.300000000000100000e+13 0.000000000000000000e+00 1.046874945345971586e+00 7.421334945555724261e-02 1.369750856764352653e-01 3.283518429100273917e-02 0.000000000000000000e+00 1.171056827749201945e+00 2.805486355605186014e-02 7.585847588217118979e+08 1.245038301564337909e+08
2.720000000000000000e+02 9.300000000000700000e+13 0.000000000000000000e+00 8.954074050265589113e-01 1.394199228486451836e-01 1.996120203066721888e-01 9.223258276925910826e-02 0.000000000000000000e+00 1.167339924301141307e+00 1.270907672211748773e-01 1.896280309117409229e+09 1.610267716213983059e+09
2.730000000000000000e+02 9.300000000000200000e+13 0.000000000000000000e+00 7.629185616496838573e-01 1.120255148305962650e-01 4.112806747613310110e-01 1.198930059343443350e-01 0.000000000000000000e+00 1.091851740485629163e+00 1.557691380037048157e-01 2.634708172468426228e+09 2.103291438195165157e+09
2.740000000000000000e+02 9.300000000000100000e+13 0.000000000000000000e+00 1.041942650125880832e+00 1.408157441263385434e-01 1.226136358462851794e-01 5.456076534418186075e-02 0.000000000000000000e+00 1.329697038159293188e+00 1.099375458420697033e-01 3.921372640741808414e+08 1.229629542349405289e+08
2.750000000000000000e+02 9.300000000000600000e+13 0.000000000000000000e+00 1.139862746990664144e+00 1.753096650175713367e-01 1.812862708362133479e-01 6.838752628400550371e-02 0.000000000000000000e+00 1.357075257220200726e+00 1.811978957368145515e-01 2.156978986414148331e+09 1.151652830139011383e+09
2.760000000000000000e+02 9.300000000000100000e+13 0.000000000000000000e+00 1.248179224489065264e+00 9.998420763304585734e-02 1.620737928849936560e-01 4.187311432031529113e-02 0.000000000000000000e+00 1.200981362446039924e+00 1.230524597739231646e-01 1.660268346051276207e+09 5.256281332002542615e+08
2.770000000000000000e+02 9.300000000000300000e+13 0.000000000000000000e+00 1.190446035382387802e+00 3.215161486585405709e-02 1.162430144730199066e-01 1.930725333904502461e-02 0.000000000000000000e+00 1.333155963860024995e+00 4.161090150457349979e-02 1.038416308058420539e+09 2.887109397937775254e+08
2.780000000000000000e+02 9.300000000000300000e+13 0.000000000000000000e+00 1.112207779847187439e+00 2.130425474229303562e-01 3.852168185147622492e-01 2.827332657200811172e-01 0.000000000000000000e+00 1.413063523104334474e+00 1.704384061937846973e-01 1.583284085738559008e+09 8.042715906442421675e+08
2.790000000000000000e+02 9.300000000005400000e+13 0.000000000000000000e+00 2.152476788465853108e+00 2.189308886216934924e-01 5.679828800724164711e-02 5.171001831674296167e-02 0.000000000000000000e+00 2.152476788465853108e+00 2.190031305551908003e-01 4.806177660551397800e+08 4.375616652898886204e+08
2.800000000000000000e+02 9.300000000000100000e+13 0.000000000000000000e+00 1.288624123147398270e+00 4.682581999970631542e-02 9.216489502602812078e-02 1.919658318989297952e-02 0.000000000000000000e+00 1.300304799228765296e+00 4.911818712050243507e-02 7.980590496998354197e+08 1.526959494837291837e+08
2.810000000000000000e+02 9.300000000000200000e+13 0.000000000000000000e+00 1.058121458920057822e+00 7.046109614682739830e-02 1.415687822439169463e-01 3.155432777703953695e-02 0.000000000000000000e+00 1.209569020354131386e+00 5.152158067172622063e-02 1.017936299970875859e+09 1.222922154108789116e+08
2.820000000000000000e+02 9.300000000000100000e+13 0.000000000000000000e+00 1.064520277956605865e+00 3.724924963952638834e-02 1.211633945357382391e-01 1.924690967697159985e-02 0.000000000000000000e+00 1.027762118010026038e+00 5.483995641164150781e-02 8.106846706157534122e+08 1.977590840032390654e+08
2.830000000000000000e+02 9.300000000000100000e+13 0.000000000000000000e+00 1.173758876436473253e+00 5.753395280455448485e-02 9.922095518537897563e-02 4.497462978961585395e-02 0.000000000000000000e+00 1.127957894192096688e+00 6.127306488682891100e-02 1.138030108158102751e+09 5.975273750061076880e+08
2.840000000000000000e+02 9.300000000000100000e+13 0.000000000000000000e+00 1.103081121080113025e+00 3.043249185553654340e-02 2.043371810830987290e-01 8.034763133988720440e-02 0.000000000000000000e+00 9.189980428532606993e-01 2.838027292709294214e-02 1.235498177627717733e+09 2.835083155809261203e+08
2.850000000000000000e+02 9.300000000000100000e+13 0.000000000000000000e+00 1.460955773972993255e+00 1.478467182270975511e-01 1.496636085735836286e-01 1.994690148939226929e-02 0.000000000000000000e+00 1.552251037740594919e+00 1.282179671298326884e-01 1.388230012140230179e+09 2.407761731517768502e+08
2.860000000000000000e+02 9.300000000000200000e+13 0.000000000000000000e+00 9.197448630805419301e-01 1.159574321896143234e-01 3.750257832455820006e-01 1.761061588095941544e-01 0.000000000000000000e+00 1.359816030385946117e+00 8.108360263014728619e-02 7.830249807550077438e+08 2.288901189109271169e+08
2.870000000000000000e+02 9.300000000000100000e+13 0.000000000000000000e+00 1.308604762111916342e+00 5.034322719830981729e-02 1.112706693467191421e-01 3.376926337898575325e-02 0.000000000000000000e+00 1.278831799961964277e+00 3.371426157834347265e-02 1.205715493771979809e+09 4.807554077684134841e+08
2.880000000000000000e+02 9.300000000000200000e+13 0.000000000000000000e+00 1.379396475082946827e+00 1.956389290977280926e-01 3.447374969190306615e-01 1.847610182712354776e-01 0.000000000000000000e+00 1.070737842215302660e+00 1.540677773632241898e-01 2.282425088251074314e+09 8.803475343169715405e+08
2.890000000000000000e+02 9.300000000000800000e+13 0.000000000000000000e+00 1.154667397661575556e+00 4.222592713380736440e-02 1.095720485865988997e-01 2.798076388264941414e-02 0.000000000000000000e+00 1.252096933116626953e+00 5.515742890458299325e-02 1.293014986990475893e+09 4.147944925650681257e+08
2.900000000000000000e+02 9.300000000000300000e+13 0.000000000000000000e+00 1.438757281519825515e+00 1.078276783897198082e-01 3.880980407479416722e-02 1.648541188679599270e-02 0.000000000000000000e+00 1.418019453824597820e+00 4.459345588106511382e-02 2.428401338434352577e+08 2.290477543011485636e+08
2.910000000000000000e+02 9.300000000000200000e+13 0.000000000000000000e+00 1.274909894177463698e+00 6.214141584682129904e-02 1.476120008937349126e-01 3.082152113683081507e-02 0.000000000000000000e+00 1.282099611358318958e+00 1.194860154657980816e-01 1.822155255360707283e+09 3.980180040868172646e+08
2.920000000000000000e+02 9.300000000000300000e+13 0.000000000000000000e+00 1.050919899681135083e+00 4.639327620529518081e-02 1.442748011315343193e-01 3.472842740265797562e-02 0.000000000000000000e+00 1.252714536274327717e+00 4.278182578383771945e-02 3.427940189076739550e+08 2.010359142970929146e+08
2.930000000000000000e+02 9.300000000000100000e+13 0.000000000000000000e+00 9.490868483514172116e-01 8.214898966761778609e-02 6.418532741077623283e-02 9.362310182687119328e-03 0.000000000000000000e+00 1.246219629780497051e+00 1.413036975300924203e-02 4.853471508057518005e+08 9.805976932215790451e+07
2.940000000000000000e+02 9.300000000000100000e+13 0.000000000000000000e+00 1.104208776731129937e+00 3.249712636688772277e-02 1.529555531811161162e-01 6.248677174200961693e-02 0.000000000000000000e+00 1.230826352522762290e+00 5.739823064659225343e-02 8.006787341760207415e+08 3.593608561630979776e+08
2.950000000000000000e+02 9.300000000000100000e+13 0.000000000000000000e+00 1.224928227846873385e+00 4.101539786235158802e-02 1.601522384535410404e-01 3.438231510687413117e-02 0.000000000000000000e+00 1.175392887034492739e+00 3.800390986942059346e-02 1.654551059315629005e+09 4.417916613192947507e+08
2.960000000000000000e+02 9.300000000000100000e+13 0.000000000000000000e+00 1.018924065768215481e+00 7.278717286923883090e-02 7.313272011692216468e-02 2.234248316999526071e-02 0.000000000000000000e+00 1.105781476398493668e+00 6.671307400058919257e-02 5.707211580667616129e+08 2.868185845034989119e+08
2.970000000000000000e+02 9.300000000000100000e+13 0.000000000000000000e+00 1.214723562482993735e+00 1.933381469067635139e-01 1.374553491373746994e-01 1.793400163490083132e-02 0.000000000000000000e+00 1.373588615092544263e+00 2.308735235601079849e-01 1.110509649944922209e+09 2.949953222369527817e+08
2.980000000000000000e+02 9.300000000000100000e+13 0.000000000000000000e+00 1.176753031212604217e+00 3.398658081676852322e-02 9.054716435742435343e-02 2.284473688903154373e-02 0.000000000000000000e+00 1.135836069309982266e+00 3.861477296195924697e-02 9.563405792823579311e+08 3.564784477145285010e+08
2.990000000000000000e+02 9.300000000000100000e+13 0.000000000000000000e+00 1.203257940163335649e+00 1.562468885484466496e-01 2.564005073735954876e-01 1.647094883956529698e-01 0.000000000000000000e+00 1.471454919718193644e+00 1.025041225692537999e-01 9.207480239214206934e+08 2.034624277116475105e+08
3.000000000000000000e+02 9.300000000000100000e+13 0.000000000000000000e+00 1.003627294935078851e+00 8.388433821390534062e-02 1.677897216608838227e-01 4.731587041344161720e-02 0.000000000000000000e+00 9.401166115854692196e-01 7.967207791270396189e-02 1.028573949912851453e+09 1.754442616711288989e+08
3.010000000000000000e+02 9.300000000000100000e+13 0.000000000000000000e+00 1.306752666449670031e+00 2.003691189168744224e-01 2.406015918179115198e-01 6.425949186584870021e-02 0.000000000000000000e+00 1.415777631960223104e+00 2.426773610700156125e-01 2.673414983638190746e+09 8.786193919441627264e+08
3.020000000000000000e+02 9.300000000000100000e+13 0.000000000000000000e+00 1.125354193234581412e+00 1.812137892465197353e-01 4.630080187614935561e-01 2.994497111772813636e-01 0.000000000000000000e+00 9.597427636948835383e-01 1.054405505574032426e-01 1.827903902426033974e+09 4.897020052728289366e+08
3.030000000000000000e+02 9.300000000000100000e+13 0.000000000000000000e+00 1.136461759571562924e+00 6.770697604548246706e-02 1.391501563437312627e-01 4.549340131973605289e-02 0.000000000000000000e+00 1.201540700865154188e+00 3.827557805930710544e-02 1.338204406201948643e+09 7.053274571258476973e+08
3.040000000000000000e+02 9.300000000001500000e+13 0.000000000000000000e+00 1.201872543307439090e+00 1.453713680463696034e-01 1.510812598221670799e-01 8.648056244830439054e-02 0.000000000000000000e+00 1.128445913710594439e+00 1.708128251691375388e-01 1.986964461093755007e+09 1.317896932287368298e+09
3.050000000000000000e+02 9.300000000000100000e+13 0.000000000000000000e+00 3.224911012272807298e+00 1.464813249705799458e-01 2.099351765521350055e-01 1.068157602282231305e-01 0.000000000000000000e+00 3.010084830685129109e+00 1.632002591405573577e-01 2.392668122696735859e+09 1.351437917623915911e+09
3.060000000000000000e+02 9.300000000000100000e+13 0.000000000000000000e+00 1.504554489237545756e+00 1.187032776896589925e-01 2.210423461314161009e-01 3.940841870707739031e-02 0.000000000000000000e+00 1.592915055944109426e+00 1.175361706827478259e-01 1.658633576792299747e+09 4.484939379570344090e+08
3.070000000000000000e+02 9.300000000000100000e+13 0.000000000000000000e+00 1.020157401379170103e+00 7.915889877346088399e-02 1.113098095626964962e-01 2.107125066350904255e-02 0.000000000000000000e+00 1.099832669196160628e+00 3.711486076714308469e-02 1.106084950368086576e+09 3.307467406720318198e+08
3.080000000000000000e+02 9.300000000000100000e+13 0.000000000000000000e+00 1.035665655493566817e+00 8.261172813284123340e-02 9.316947345184836693e-02 2.593634722549250510e-02 0.000000000000000000e+00 1.267269567155764998e+00 2.351892914862441925e-02 2.442388482759855986e+08 3.971605977969247103e+07
3.090000000000000000e+02 9.300000000000500000e+13 0.000000000000000000e+00 9.575376098374671630e-01 7.303346946607071344e-02 1.357567009696032390e-01 5.486069584764361601e-02 0.000000000000000000e+00 1.265678608744599920e+00 7.463669828724725508e-02 7.930139877933114767e+08 2.487086345533615947e+08
3.100000000000000000e+02 9.300000000000100000e+13 0.000000000000000000e+00 1.177098613517649106e+00 2.578619928169789688e-02 1.395013161228323140e-01 2.015719870702835023e-02 0.000000000000000000e+00 1.425825748488517730e+00 2.505850593016141492e-02 1.249627883757581472e+09 2.839707756355457902e+08
3.110000000000000000e+02 9.300000000000200000e+13 0.000000000000000000e+00 1.179164284193152890e+00 1.141305372502710580e-01 2.604486447094405688e-01 1.002489854733015218e-01 0.000000000000000000e+00 1.459019845144541305e+00 1.033745843519061069e-01 1.348317230055327415e+09 6.391273456784925461e+08
3.120000000000000000e+02 9.300000000000300000e+13 0.000000000000000000e+00 9.981637474120702569e-01 1.408786348956448664e-01 1.366616724344218436e-01 2.751518891525506563e-02 0.000000000000000000e+00 1.346490068869778289e+00 7.551126942247267382e-02 6.814967897129555941e+08 2.102933022583855093e+08
3.130000000000000000e+02 9.300000000000500000e+13 0.000000000000000000e+00 1.210082439522988995e+00 1.028304233485146379e-01 1.008739494361821920e-01 2.882562025853684443e-02 0.000000000000000000e+00 1.235886114662317237e+00 8.504801321193261598e-02 1.341708721517072678e+09 4.374908012530516982e+08
3.140000000000000000e+02 9.300000000000100000e+13 0.000000000000000000e+00 1.340630682211765734e+00 1.766506247180164857e-01 2.583917466004083119e-01 4.354842960863385820e-02 0.000000000000000000e+00 1.529673463220610374e+00 2.157568187660938719e-01 2.608911341780699730e+09 6.219933501669919491e+08
3.150000000000000000e+02 9.300000000000700000e+13 0.000000000000000000e+00 1.223140691946119851e+00 3.531515301553955072e-02 6.745198953165958133e-02 1.289764336114512279e-02 0.000000000000000000e+00 8.927355028205856691e-01 2.111854037348407861e-02 5.858596061197024584e+08 1.877364552990522981e+08
3.160000000000000000e+02 9.300000000000200000e+13 0.000000000000000000e+00 1.203298528239751919e+00 5.020232862036887872e-02 8.142275866360906833e-02 1.784897082711001809e-02 0.000000000000000000e+00 1.077606098695492731e+00 6.612458968568067641e-02 9.456771083784965277e+08 2.464953154755682647e+08
3.170000000000000000e+02 9.300000000000100000e+13 0.000000000000000000e+00 1.088596038886731954e+00 1.037026555901654074e-01 1.387949299243272372e-01 8.733040791653606805e-02 0.000000000000000000e+00 1.363997087546648279e+00 4.594460398113707489e-02 5.228277335100016594e+08 6.802001546542276442e+07
3.180000000000000000e+02 9.300000000000100000e+13 0.000000000000000000e+00 1.242364087421492735e+00 5.061343691655086768e-02 1.636156120832012728e-01 6.784398925789394963e-02 0.000000000000000000e+00 1.212200443755311774e+00 9.889226247120244673e-02 1.961826884179033041e+09 9.807838654243197441e+08
3.190000000000000000e+02 9.300000000000100000e+13 0.000000000000000000e+00 1.129802330743471694e+00 4.304957446350412414e-02 5.693290663868844081e-02 1.127543869484778916e-02 0.000000000000000000e+00 1.202504102566559485e+00 5.214319731476926151e-02 4.000929554245776534e+08 1.492023816912225783e+08
3.200000000000000000e+02 9.300000000000100000e+13 0.000000000000000000e+00 1.932323716304161332e+00 4.743215293801534421e-02 1.085093102868945614e-01 1.201068319052842753e-02 0.000000000000000000e+00 2.055728175277443448e+00 6.417303254544864943e-02 1.082756665454871655e+09 1.565199816300194561e+08
3.210000000000000000e+02 9.300000000000100000e+13 0.000000000000000000e+00 1.408283146482407266e+00 1.831701993577442567e-01 3.439782894663469537e-01 1.884858454618115464e-01 0.000000000000000000e+00 1.623346642953732433e+00 1.505143206729755434e-01 1.928591220973000765e+09 6.387809073421416283e+08
3.220000000000000000e+02 9.300000000000300000e+13 1.000000000000000000e+00 1.129213120022966033e+00 3.510683767456590498e-02 8.515882232928391471e-02 5.468945744536155007e-02 0.000000000000000000e+00 1.332731563872807667e+00 4.450302168468817793e-02 4.324567949314079881e+08 1.262783039818184376e+08
3.230000000000000000e+02 9.300000000000200000e+13 0.000000000000000000e+00 1.164385780747118293e+00 1.242923892402859332e-01 9.962173401708314391e-02 2.181776242004706406e-02 0.000000000000000000e+00 1.426093749150828094e+00 1.445677098417406381e-01 1.066991190091832757e+09 3.048663490574448705e+08
3.240000000000000000e+02 9.300000000000100000e+13 0.000000000000000000e+00 1.214556896331698388e+00 2.270623425629275383e-01 2.234207926187485038e-01 4.087940956778596258e-02 0.000000000000000000e+00 1.024247263879468628e+00 1.718257122394634129e-01 1.811395871725163221e+09 5.967877126137535572e+08
