# rID[0] Hid[1]   R200: DS[2], eta[3], detla[4], fm[5], fm2[6];   R500: DS[7], eta[8], detla[9], fm[10], fm2[11]
1.000000000000000000e+00 4.600000000051700000e+13 0.000000000000000000e+00 8.755120486062412111e-01 1.982502846543398867e-01 -1.000000000000000000e+00 -1.000000000000000000e+00 0.000000000000000000e+00 8.395757700020134440e-01 2.301021374001112896e-01 -1.000000000000000000e+00 -1.000000000000000000e+00
2.000000000000000000e+00 4.600000000001600000e+13 0.000000000000000000e+00 1.086717988749487995e+00 7.056405427707718170e-02 -1.000000000000000000e+00 -1.000000000000000000e+00 0.000000000000000000e+00 1.126610393589495107e+00 8.343428158752998203e-02 -1.000000000000000000e+00 -1.000000000000000000e+00
3.000000000000000000e+00 4.600000000000100000e+13 0.000000000000000000e+00 1.278015102576301798e+00 4.023970520941558271e-02 4.329324748716244231e-02 3.835930005044629193e-02 0.000000000000000000e+00 1.522764754970403978e+00 6.523868456023707019e-02 6.034900973042546511e+08 5.347128955117385983e+08
4.000000000000000000e+00 4.600000000005600000e+13 0.000000000000000000e+00 1.118338605976562317e+00 2.232759912320859408e-01 2.696833404124507338e-01 2.696833404124507338e-01 0.000000000000000000e+00 5.961238919923473878e-01 3.032919324254724214e-01 4.243699861899647236e+09 4.243699861899647236e+09
5.000000000000000000e+00 4.600000000006300000e+13 0.000000000000000000e+00 1.020277058136582982e+00 9.086453938823522980e-02 1.195267653205990543e-01 1.195267653205990543e-01 0.000000000000000000e+00 9.287667934610720488e-01 1.535672194573199090e-01 1.637483441102005959e+09 1.637483441102005959e+09
6.000000000000000000e+00 4.600000000000100000e+13 0.000000000000000000e+00 1.132421374340930154e+00 9.184592586937469216e-02 8.231382180424569317e-02 4.219525016956572616e-02 0.000000000000000000e+00 1.293335981633682019e+00 6.678969403746286282e-02 4.233004314159458280e+08 1.576303012094636261e+08
7.000000000000000000e+00 4.600000000000300000e+13 0.000000000000000000e+00 1.774817690568398776e+00 2.827188610927288681e-01 4.106397135540169052e-01 3.075149388219671764e-01 0.000000000000000000e+00 1.165164934484089088e+00 1.818106575500496036e-01 1.659685288661854267e+09 1.057151149983383656e+09
8.000000000000000000e+00 4.600000000022800000e+13 0.000000000000000000e+00 1.037177860661675721e+00 8.252945203921180362e-02 -1.000000000000000000e+00 -1.000000000000000000e+00 0.000000000000000000e+00 9.948843262590875147e-01 1.352763369606356514e-01 -1.000000000000000000e+00 -1.000000000000000000e+00
9.000000000000000000e+00 4.600000000000500000e+13 0.000000000000000000e+00 1.082038393214437733e+00 1.084346109639043876e-01 1.374411308301654033e-01 1.254192840153686705e-01 1.000000000000000000e+00 1.147782542454910848e+00 3.002145604113365396e-02 -1.000000000000000000e+00 -1.000000000000000000e+00
1.000000000000000000e+01 4.600000000002300000e+13 0.000000000000000000e+00 8.636121681641379944e-01 1.671231057046718149e-01 5.013096949909495725e-01 3.821889150158735426e-01 0.000000000000000000e+00 5.658043656537997679e-01 9.613230929366241295e-02 7.583358045127235651e+08 7.583358045127235651e+08
1.100000000000000000e+01 4.600000000034100000e+13 0.000000000000000000e+00 9.866399843070010611e-01 8.760431436382677683e-02 -1.000000000000000000e+00 -1.000000000000000000e+00 0.000000000000000000e+00 9.696796165954106872e-01 9.181636785788603594e-02 -1.000000000000000000e+00 -1.000000000000000000e+00
1.200000000000000000e+01 4.600000000000400000e+13 0.000000000000000000e+00 1.004305737963345546e+00 4.528242504580758110e-02 1.306748015289620722e-02 1.306748015289620722e-02 1.000000000000000000e+00 1.055414386325711940e+00 2.224878826400817494e-02 -1.000000000000000000e+00 -1.000000000000000000e+00
1.300000000000000000e+01 4.600000000016600000e+13 0.000000000000000000e+00 8.470297478676230840e-01 8.202664427095029964e-02 -1.000000000000000000e+00 -1.000000000000000000e+00 0.000000000000000000e+00 7.782412099860317456e-01 1.062183417870346952e-01 -1.000000000000000000e+00 -1.000000000000000000e+00
1.400000000000000000e+01 4.600000000015800000e+13 0.000000000000000000e+00 8.900208767970472223e-01 5.112651681024489581e-02 -1.000000000000000000e+00 -1.000000000000000000e+00 0.000000000000000000e+00 7.896890386712859256e-01 9.345985345152250934e-02 -1.000000000000000000e+00 -1.000000000000000000e+00
1.500000000000000000e+01 4.600000000000100000e+13 0.000000000000000000e+00 1.228660180134949265e+00 4.701310692089432502e-02 1.612815040829644261e-02 8.891514841531595811e-03 0.000000000000000000e+00 1.301640511214681606e+00 5.334391696806966426e-02 -1.000000000000000000e+00 -1.000000000000000000e+00
1.600000000000000000e+01 4.600000000000100000e+13 1.000000000000000000e+00 1.015405027152171069e+00 2.758539488373439735e-02 6.583907467790084400e-02 2.967159808492099773e-02 0.000000000000000000e+00 1.147177427262311644e+00 3.982747323794646327e-02 5.335135506334307194e+08 3.800931801158787608e+08
1.700000000000000000e+01 4.600000000001600000e+13 1.000000000000000000e+00 1.032335260714759784e+00 1.276337745556261304e-02 -1.000000000000000000e+00 -1.000000000000000000e+00 1.000000000000000000e+00 1.072293736551900079e+00 3.637245586558578159e-02 -1.000000000000000000e+00 -1.000000000000000000e+00
1.800000000000000000e+01 4.600000000000600000e+13 0.000000000000000000e+00 1.242466742527184476e+00 4.675434015994233555e-02 7.698420567326663688e-02 5.447902517375742548e-02 0.000000000000000000e+00 1.381799718241505381e+00 4.334938886048535223e-02 3.490096260021831393e+08 1.770310716328142881e+08
1.900000000000000000e+01 4.600000000000100000e+13 0.000000000000000000e+00 1.152727336814647341e+00 6.526149406416419108e-02 1.153693968138494730e-01 4.995646465737230840e-02 0.000000000000000000e+00 1.194358986913815146e+00 1.063116862964626902e-01 7.643593824381204844e+08 7.643593824381204844e+08
2.000000000000000000e+01 4.600000000092300000e+13 0.000000000000000000e+00 1.203057980986033781e+00 2.197493553206030514e-01 -1.000000000000000000e+00 -1.000000000000000000e+00 0.000000000000000000e+00 1.226632235305098240e+00 2.635994540216096693e-01 -1.000000000000000000e+00 -1.000000000000000000e+00
2.100000000000000000e+01 4.600000000009200000e+13 0.000000000000000000e+00 1.130772977348009301e+00 1.027132649022702987e-01 5.826516377266167251e-02 5.826516377266167251e-02 0.000000000000000000e+00 1.129781937511580292e+00 1.022656731934865476e-01 7.036119296594636440e+08 7.036119296594636440e+08
2.200000000000000000e+01 4.600000000004900000e+13 0.000000000000000000e+00 8.031176901100245402e-01 7.733937138661713118e-02 2.012835173457628024e-01 1.131768949044940908e-01 0.000000000000000000e+00 9.015330050203206325e-01 9.046908977598042134e-02 -1.000000000000000000e+00 -1.000000000000000000e+00
2.300000000000000000e+01 4.600000000036300000e+13 0.000000000000000000e+00 9.854198602233255055e-01 1.707173968020486710e-01 -1.000000000000000000e+00 -1.000000000000000000e+00 0.000000000000000000e+00 8.484633622742334680e-01 1.478233421208849652e-01 -1.000000000000000000e+00 -1.000000000000000000e+00
2.400000000000000000e+01 4.600000000006100000e+13 1.000000000000000000e+00 1.102040008884704436e+00 3.081078600848603452e-02 -1.000000000000000000e+00 -1.000000000000000000e+00 1.000000000000000000e+00 1.129143027224277951e+00 3.898975355130291504e-02 -1.000000000000000000e+00 -1.000000000000000000e+00
2.500000000000000000e+01 4.600000000303200000e+13 0.000000000000000000e+00 9.844252123735272031e-01 1.336938351315989926e-01 -1.000000000000000000e+00 -1.000000000000000000e+00 0.000000000000000000e+00 1.139160465205008022e+00 1.265233162793624189e-01 -1.000000000000000000e+00 -1.000000000000000000e+00
2.600000000000000000e+01 4.600000000001400000e+13 0.000000000000000000e+00 9.943132907679861354e-01 9.467599026370712711e-02 2.133989931276969801e-02 2.133989931276969801e-02 0.000000000000000000e+00 9.944979984172801490e-01 1.195487393261043252e-01 2.718364258807830215e+08 2.718364258807830215e+08
2.700000000000000000e+01 4.600000000001500000e+13 0.000000000000000000e+00 1.285996809864494939e+00 1.374671132781672966e-01 1.329042173705808350e-01 1.231418292179611712e-01 0.000000000000000000e+00 1.216601227008611064e+00 1.615614007369445548e-01 1.644777484519255638e+09 1.523961482241508245e+09
2.800000000000000000e+01 4.600000000019900000e+13 0.000000000000000000e+00 8.486454166589045833e-01 1.381334069509832785e-01 -1.000000000000000000e+00 -1.000000000000000000e+00 0.000000000000000000e+00 8.393324327949606145e-01 2.107302986676458101e-01 -1.000000000000000000e+00 -1.000000000000000000e+00
2.900000000000000000e+01 4.600000000000200000e+13 0.000000000000000000e+00 1.182637236744035647e+00 1.816152042254313287e-02 -1.000000000000000000e+00 -1.000000000000000000e+00 0.000000000000000000e+00 1.278165585014734651e+00 2.082270965410287777e-02 -1.000000000000000000e+00 -1.000000000000000000e+00
3.000000000000000000e+01 4.600000000005800000e+13 1.000000000000000000e+00 9.226624400709746432e-01 2.031675362545506264e-02 6.529847388452764134e-02 3.687874184139621619e-02 0.000000000000000000e+00 9.658056354691951784e-01 9.435737471071611870e-02 3.984357848546701670e+08 3.984357848546701670e+08
3.100000000000000000e+01 4.600000000009900000e+13 0.000000000000000000e+00 1.108928794850601696e+00 4.580199648067707907e-02 -1.000000000000000000e+00 -1.000000000000000000e+00 0.000000000000000000e+00 1.177449734495836120e+00 5.711211152467327024e-02 -1.000000000000000000e+00 -1.000000000000000000e+00
3.200000000000000000e+01 4.600000000000100000e+13 0.000000000000000000e+00 1.279823027772937882e+00 5.647814628371984613e-02 6.234354777894404037e-02 5.485941974339899468e-02 0.000000000000000000e+00 1.324721261240693115e+00 6.529406325353727392e-02 8.165530507839764357e+08 7.185286713958948851e+08
3.300000000000000000e+01 4.600000000002900000e+13 0.000000000000000000e+00 1.032443716060621242e+00 1.403910630630926804e-01 2.607609874012629114e-01 1.884453391205995754e-01 0.000000000000000000e+00 1.141286419367643745e+00 4.144745602525670009e-02 -1.000000000000000000e+00 -1.000000000000000000e+00
3.400000000000000000e+01 4.600000000000100000e+13 0.000000000000000000e+00 8.272925810482534281e-01 1.833370012654697290e-01 3.142642015920058540e-01 1.467645248550488446e-01 0.000000000000000000e+00 1.216843381992703144e+00 1.365751020476253241e-01 2.551543817700114727e+09 2.337426486998636723e+09
3.500000000000000000e+01 4.600000000001700000e+13 0.000000000000000000e+00 1.172871318348231107e+00 5.107794195176456470e-02 -1.000000000000000000e+00 -1.000000000000000000e+00 0.000000000000000000e+00 1.263505092233331517e+00 8.526827897454995753e-02 -1.000000000000000000e+00 -1.000000000000000000e+00
3.600000000000000000e+01 4.600000000000100000e+13 0.000000000000000000e+00 1.847718894958355396e+00 1.376809397247099054e-01 2.258605934998817455e-01 6.472982560961948462e-02 0.000000000000000000e+00 1.801700411527713319e+00 1.740159979793096667e-01 2.212191452235340118e+09 7.984368345194295645e+08
3.700000000000000000e+01 4.600000000000100000e+13 0.000000000000000000e+00 1.282657897450961038e+00 2.678358767649984817e-01 4.422138147082301796e-01 3.720861591300906324e-01 0.000000000000000000e+00 1.614877570977535592e+00 1.672463399360893388e-01 8.494587347312233448e+08 4.074386618049126267e+08
3.800000000000000000e+01 4.600000000000100000e+13 0.000000000000000000e+00 1.192641895083723647e+00 1.455107245824772445e-02 2.360296356545496174e-02 1.068864835554443268e-02 0.000000000000000000e+00 1.258791778845987475e+00 3.238503899759790500e-02 2.588877054021693766e+08 1.480047272881740332e+08
3.900000000000000000e+01 4.600000000000600000e+13 0.000000000000000000e+00 2.105287064048617207e+00 1.357658708906996081e-01 2.301786965432794096e-01 1.230079166039144273e-01 0.000000000000000000e+00 2.110749468335861412e+00 1.975215566798902700e-01 1.558052819171167612e+09 1.558052819171167612e+09
4.000000000000000000e+01 4.600000000051400000e+13 0.000000000000000000e+00 1.507744194951726069e+00 1.182200096266875777e-01 -1.000000000000000000e+00 -1.000000000000000000e+00 0.000000000000000000e+00 1.297097023156963180e+00 9.778367755770202285e-02 -1.000000000000000000e+00 -1.000000000000000000e+00
4.100000000000000000e+01 4.600000000002300000e+13 0.000000000000000000e+00 1.114557188817064448e+00 7.339741933434591747e-02 6.340729736982166076e-02 6.340729736982166076e-02 0.000000000000000000e+00 8.938533910856411024e-01 8.285582142049684184e-02 8.808693973630286455e+08 8.808693973630286455e+08
4.200000000000000000e+01 4.600000000000700000e+13 0.000000000000000000e+00 1.141589603054297353e+00 4.360876506215442122e-02 -1.000000000000000000e+00 -1.000000000000000000e+00 0.000000000000000000e+00 1.100521482755201008e+00 6.904478240026117042e-02 -1.000000000000000000e+00 -1.000000000000000000e+00
4.300000000000000000e+01 4.600000000016300000e+13 0.000000000000000000e+00 9.278342781365569447e-01 1.792292036112206333e-01 -1.000000000000000000e+00 -1.000000000000000000e+00 0.000000000000000000e+00 8.849071056770522192e-01 1.876242016949818681e-01 -1.000000000000000000e+00 -1.000000000000000000e+00
4.400000000000000000e+01 4.600000000003100000e+13 0.000000000000000000e+00 1.069397750879668596e+00 7.882764525341925954e-02 -1.000000000000000000e+00 -1.000000000000000000e+00 0.000000000000000000e+00 1.089652182975060279e+00 6.832076972183476204e-02 -1.000000000000000000e+00 -1.000000000000000000e+00
4.500000000000000000e+01 4.600000000000200000e+13 1.000000000000000000e+00 1.042719684657398060e+00 2.975187829717520355e-02 -1.000000000000000000e+00 -1.000000000000000000e+00 1.000000000000000000e+00 1.076232568403794332e+00 2.424724744739559928e-02 -1.000000000000000000e+00 -1.000000000000000000e+00
4.600000000000000000e+01 4.600000000000700000e+13 0.000000000000000000e+00 1.143631254010243792e+00 4.415761937642744689e-02 7.523453708506223914e-02 7.523453708506223914e-02 0.000000000000000000e+00 1.222047242252805033e+00 1.262832159716542890e-01 9.565651966932398081e+08 9.565651966932398081e+08
4.700000000000000000e+01 4.600000000004000000e+13 0.000000000000000000e+00 1.038687349054402409e+00 4.935034681102404980e-02 -1.000000000000000000e+00 -1.000000000000000000e+00 0.000000000000000000e+00 1.076403393828274657e+00 5.435471874327814368e-02 -1.000000000000000000e+00 -1.000000000000000000e+00
4.800000000000000000e+01 4.600000000000100000e+13 0.000000000000000000e+00 1.276076499707975209e+00 4.879394943970885579e-02 8.043835510785342369e-02 4.613994639694357636e-02 0.000000000000000000e+00 1.585993536099542967e+00 9.986125183464224231e-02 9.281211717777581215e+08 6.724339929238579273e+08
4.900000000000000000e+01 4.600000000001300000e+13 0.000000000000000000e+00 1.007245569616133096e+00 4.226525704645938547e-02 -1.000000000000000000e+00 -1.000000000000000000e+00 1.000000000000000000e+00 1.056747039348609363e+00 1.830218271779739461e-02 -1.000000000000000000e+00 -1.000000000000000000e+00
5.000000000000000000e+01 4.600000000009500000e+13 0.000000000000000000e+00 1.182443920560706019e+00 9.736972767537367679e-02 1.791441735244730105e-01 1.342420794071524648e-01 0.000000000000000000e+00 1.186048474688660592e+00 2.384275681509861189e-01 2.852793642930787086e+09 2.137747174312746525e+09
5.100000000000000000e+01 4.600000000012600000e+13 0.000000000000000000e+00 1.050327867454039277e+00 9.776376266386598013e-02 -1.000000000000000000e+00 -1.000000000000000000e+00 0.000000000000000000e+00 1.147044925487484601e+00 1.241684644365261270e-01 -1.000000000000000000e+00 -1.000000000000000000e+00
5.200000000000000000e+01 4.600000000000200000e+13 0.000000000000000000e+00 1.374552621684768994e+00 1.756011934192657498e-01 1.298783002280767540e-01 1.121427915745768639e-01 0.000000000000000000e+00 1.212133672327219136e+00 2.235001934722131711e-01 1.646609667279183865e+09 1.421757171121758699e+09
5.300000000000000000e+01 4.600000000048200000e+13 0.000000000000000000e+00 7.031373260153777061e-01 1.196803566568826332e-02 -1.000000000000000000e+00 -1.000000000000000000e+00 0.000000000000000000e+00 9.792209501385907844e-01 1.040650291567331714e-01 -1.000000000000000000e+00 -1.000000000000000000e+00
5.400000000000000000e+01 4.600000000000200000e+13 1.000000000000000000e+00 1.131630093563685824e+00 2.243027882798670145e-02 5.964469950312786817e-03 5.964469950312786817e-03 0.000000000000000000e+00 1.227635516906169455e+00 3.816292796194256133e-03 -1.000000000000000000e+00 -1.000000000000000000e+00
5.500000000000000000e+01 4.600000000000100000e+13 0.000000000000000000e+00 1.190259625302883206e+00 4.913513667741575136e-02 9.391713871419593573e-02 4.737823638387630987e-02 0.000000000000000000e+00 1.257744780205661161e+00 6.309180496870658850e-02 9.899352883343985081e+08 5.868214668780785799e+08
5.600000000000000000e+01 4.600000000003600000e+13 0.000000000000000000e+00 8.985796013535336524e-01 4.760871660615989542e-02 -1.000000000000000000e+00 -1.000000000000000000e+00 0.000000000000000000e+00 1.122818270331548574e+00 4.727174192860704449e-02 -1.000000000000000000e+00 -1.000000000000000000e+00
5.700000000000000000e+01 4.600000000003600000e+13 0.000000000000000000e+00 8.425316246230171169e-01 1.150013943842166514e-01 1.835503069121964259e-01 1.835503069121964259e-01 0.000000000000000000e+00 1.121385148034695911e+00 8.056773771821505725e-02 -1.000000000000000000e+00 -1.000000000000000000e+00
5.800000000000000000e+01 4.600000000000900000e+13 1.000000000000000000e+00 1.008656544239336483e+00 3.651745527379226391e-02 3.693246065392024463e-02 3.693246065392024463e-02 1.000000000000000000e+00 1.050283396720068207e+00 1.811182461812579567e-02 -1.000000000000000000e+00 -1.000000000000000000e+00
5.900000000000000000e+01 -1.000000000000000000e+00 -1.000000000000000000e+00 -1.000000000000000000e+00 -1.000000000000000000e+00 -1.000000000000000000e+00 -1.000000000000000000e+00 -1.000000000000000000e+00 -1.000000000000000000e+00 -1.000000000000000000e+00 -1.000000000000000000e+00 -1.000000000000000000e+00
6.000000000000000000e+01 4.600000000000300000e+13 0.000000000000000000e+00 1.062237487689698945e+00 4.668447362617327706e-02 6.445605640896499844e-02 6.445605640896499844e-02 1.000000000000000000e+00 1.142530019808880581e+00 2.780570140965359788e-02 -1.000000000000000000e+00 -1.000000000000000000e+00
6.100000000000000000e+01 4.600000000002100000e+13 1.000000000000000000e+00 9.680710026900096743e-01 3.817962408331201235e-02 -1.000000000000000000e+00 -1.000000000000000000e+00 1.000000000000000000e+00 9.865494612945786557e-01 2.254888166296414170e-02 -1.000000000000000000e+00 -1.000000000000000000e+00
6.200000000000000000e+01 4.600000000003600000e+13 1.000000000000000000e+00 1.027629001413095766e+00 3.060865236526935304e-02 -1.000000000000000000e+00 -1.000000000000000000e+00 1.000000000000000000e+00 9.174871700518779649e-01 3.262109590580961754e-02 -1.000000000000000000e+00 -1.000000000000000000e+00
6.300000000000000000e+01 4.600000000000100000e+13 0.000000000000000000e+00 1.166691721451731834e+00 7.544788318493769741e-02 5.289406482038932350e-02 2.626981737908890349e-02 0.000000000000000000e+00 1.228034472583589443e+00 3.413905555452750179e-02 3.197472896563527584e+08 1.808803649369046390e+08
6.400000000000000000e+01 4.600000000000400000e+13 0.000000000000000000e+00 1.193025728256306150e+00 5.099778888126620807e-02 -1.000000000000000000e+00 -1.000000000000000000e+00 0.000000000000000000e+00 1.260044130302036880e+00 6.449967538375368792e-02 -1.000000000000000000e+00 -1.000000000000000000e+00
6.500000000000000000e+01 4.600000000004800000e+13 0.000000000000000000e+00 1.475698405354434861e+00 1.615134132851964999e-01 4.192412651252887951e-02 4.192412651252887951e-02 0.000000000000000000e+00 1.766620156705319022e+00 1.671920272289272036e-01 -1.000000000000000000e+00 -1.000000000000000000e+00
6.600000000000000000e+01 4.600000000004300000e+13 0.000000000000000000e+00 1.053149770220733750e+00 6.624797506314811235e-02 -1.000000000000000000e+00 -1.000000000000000000e+00 0.000000000000000000e+00 8.844337291942163670e-01 6.361719076158764419e-02 -1.000000000000000000e+00 -1.000000000000000000e+00
6.700000000000000000e+01 4.600000000000400000e+13 0.000000000000000000e+00 1.549713600057384122e+00 5.486350421205359040e-02 1.279700031718700448e-01 4.840417176431495438e-02 0.000000000000000000e+00 1.497043144338859433e+00 7.067774702901065409e-02 1.016281135599810243e+09 5.814029510181262493e+08
6.800000000000000000e+01 4.600000000000200000e+13 0.000000000000000000e+00 1.150986997888625352e+00 2.157320775106582600e-01 3.586573094048823296e-01 3.348316422828659933e-01 0.000000000000000000e+00 1.223286202566088887e+00 3.447385737610667023e-02 3.735454240673701167e+08 3.735454240673701167e+08
6.900000000000000000e+01 4.600000000003100000e+13 0.000000000000000000e+00 1.181438387355583375e+00 9.423993814313345874e-02 -1.000000000000000000e+00 -1.000000000000000000e+00 0.000000000000000000e+00 1.033752302870949213e+00 1.485071717724821549e-01 -1.000000000000000000e+00 -1.000000000000000000e+00
7.000000000000000000e+01 4.600000000001000000e+13 0.000000000000000000e+00 1.143193044180153439e+00 1.248738901596262857e-01 6.240147170791175008e-02 6.240147170791175008e-02 0.000000000000000000e+00 1.137203099691657338e+00 1.048025454767034653e-01 8.880888190282799006e+08 8.880888190282799006e+08
7.100000000000000000e+01 4.600000000003300000e+13 0.000000000000000000e+00 9.452302241631707069e-01 2.220636662542840867e-01 3.053390222295686574e-01 2.035577124231960355e-01 0.000000000000000000e+00 8.600254881050251043e-01 1.751480703404143247e-01 8.643052261307696104e+08 8.643052261307696104e+08
7.200000000000000000e+01 4.600000000001300000e+13 0.000000000000000000e+00 1.123061944299913906e+00 5.504895669667509567e-02 7.910676475512355352e-03 7.910676475512355352e-03 0.000000000000000000e+00 1.124989803850422909e+00 4.548683333294654962e-02 1.091905194027101696e+08 1.091905194027101696e+08
7.300000000000000000e+01 4.600000000001200000e+13 0.000000000000000000e+00 9.039600543554429102e-01 7.022396376368623960e-02 6.651691150043205492e-02 4.089424863690935968e-02 0.000000000000000000e+00 1.063756024124065336e+00 4.383175343974705929e-02 -1.000000000000000000e+00 -1.000000000000000000e+00
7.400000000000000000e+01 4.600000000000100000e+13 0.000000000000000000e+00 1.108062405583009502e+00 2.053067487224292109e-01 2.841584168310922753e-01 2.711926306862473823e-01 0.000000000000000000e+00 1.038498958055806609e+00 6.673636934849931646e-02 2.368355234492004812e+08 1.920044436146199703e+08
7.500000000000000000e+01 4.600000000003100000e+13 0.000000000000000000e+00 9.410909495340336051e-01 4.055645059186174101e-02 1.245125794453930818e-01 9.320267853159361349e-02 0.000000000000000000e+00 8.859618216883098363e-01 7.563412355710709412e-02 4.304351724083654881e+08 4.304351724083654881e+08
7.600000000000000000e+01 4.600000000000500000e+13 0.000000000000000000e+00 1.240145645334719937e+00 1.367553861969654228e-01 1.459257941861891450e-01 5.216879948757784796e-02 0.000000000000000000e+00 1.216431211659177336e+00 1.679517919049335339e-01 1.619076229294944048e+09 8.117998356150908470e+08
7.700000000000000000e+01 4.600000000000300000e+13 0.000000000000000000e+00 9.609706923844563153e-01 7.479574560327882649e-02 9.459424981263254983e-02 9.459424981263254983e-02 0.000000000000000000e+00 1.006870292584665094e+00 4.964286488292202204e-02 -1.000000000000000000e+00 -1.000000000000000000e+00
7.800000000000000000e+01 4.600000000008000000e+13 0.000000000000000000e+00 8.599805376750011554e-01 1.128966043910731992e-01 -1.000000000000000000e+00 -1.000000000000000000e+00 0.000000000000000000e+00 6.366352313880409008e-01 9.019053998077994350e-02 -1.000000000000000000e+00 -1.000000000000000000e+00
7.900000000000000000e+01 4.600000000003600000e+13 0.000000000000000000e+00 1.215526280551817884e+00 1.325781247695419496e-01 1.518681779640508045e-01 1.162531393241467564e-01 0.000000000000000000e+00 1.137154030223556322e+00 1.450160979293174390e-01 1.943909213669221163e+09 1.488037531494414091e+09
8.000000000000000000e+01 4.600000000000600000e+13 0.000000000000000000e+00 9.595549089869562787e-01 8.915456299101418014e-02 4.047158138876587319e-02 2.780385245789370255e-02 0.000000000000000000e+00 1.204099905435865647e+00 6.548411114695673607e-02 1.920612783813618124e+08 1.920612783813618124e+08
8.100000000000000000e+01 4.600000000005000000e+13 0.000000000000000000e+00 9.643235282169835276e-01 1.249332467053321932e-01 5.216605069055830352e-02 5.216605069055830352e-02 0.000000000000000000e+00 7.730354660962606150e-01 1.140140919283669091e-01 7.699855656741994619e+08 7.699855656741994619e+08
8.200000000000000000e+01 4.600000000011200000e+13 0.000000000000000000e+00 1.167726267158526898e+00 8.733670162117174174e-02 -1.000000000000000000e+00 -1.000000000000000000e+00 0.000000000000000000e+00 9.691187489371960728e-01 1.283107352305822846e-01 -1.000000000000000000e+00 -1.000000000000000000e+00
8.300000000000000000e+01 4.600000000002800000e+13 0.000000000000000000e+00 8.602949041055236723e-01 5.416828767493935687e-02 1.779303892215568783e-01 1.134885229540918139e-01 0.000000000000000000e+00 8.059076681866736980e-01 2.002005240221316207e-02 -1.000000000000000000e+00 -1.000000000000000000e+00
8.400000000000000000e+01 4.600000000009500000e+13 0.000000000000000000e+00 8.788286701302123749e-01 1.139124709224219323e-01 1.917904361510274769e-01 1.917904361510274769e-01 1.000000000000000000e+00 1.070500686273437863e+00 3.661676196973779468e-02 -1.000000000000000000e+00 -1.000000000000000000e+00
8.500000000000000000e+01 4.600000000037100000e+13 0.000000000000000000e+00 1.171628861527689303e+00 4.494914767980466574e-02 -1.000000000000000000e+00 -1.000000000000000000e+00 1.000000000000000000e+00 1.137792179658980940e+00 3.074803215754679658e-02 -1.000000000000000000e+00 -1.000000000000000000e+00
8.600000000000000000e+01 4.600000000224300000e+13 0.000000000000000000e+00 1.047187472753087434e+00 1.761062994248142055e-01 -1.000000000000000000e+00 -1.000000000000000000e+00 0.000000000000000000e+00 8.252153740864924814e-01 1.417953184492790342e-01 -1.000000000000000000e+00 -1.000000000000000000e+00
8.700000000000000000e+01 4.600000000000200000e+13 0.000000000000000000e+00 9.605878617584160395e-01 4.524541550820668223e-02 2.218197090467169397e-01 1.263794068937579562e-01 0.000000000000000000e+00 9.910118815069585141e-01 1.496412916778328550e-01 1.614920646469884157e+09 1.614920646469884157e+09
8.800000000000000000e+01 4.600000000000200000e+13 0.000000000000000000e+00 1.187216989620794472e+00 7.871482581885226593e-02 4.080007946164734139e-02 4.080007946164734139e-02 0.000000000000000000e+00 1.190487839102163603e+00 7.028228221588299351e-02 6.026315432690258026e+08 6.026315432690258026e+08
8.900000000000000000e+01 4.600000000000100000e+13 1.000000000000000000e+00 1.101980351649169965e+00 3.426498965490590992e-02 4.072987839575122754e-02 2.683268351282429645e-02 0.000000000000000000e+00 1.178673768066896166e+00 2.366558715864121309e-02 5.627464983263032436e+08 3.707351772774988413e+08
9.000000000000000000e+01 4.600000000001900000e+13 0.000000000000000000e+00 1.218636869594041716e+00 4.441268259161109538e-02 6.271380495682848943e-02 6.271380495682848943e-02 0.000000000000000000e+00 1.203974592447760950e+00 5.127790684662918846e-02 7.207054192597706318e+08 7.207054192597706318e+08
9.100000000000000000e+01 4.600000000037600000e+13 0.000000000000000000e+00 1.015783381185465073e+00 2.395281495045397391e-01 -1.000000000000000000e+00 -1.000000000000000000e+00 0.000000000000000000e+00 9.166596147912658976e-01 2.124194093686624651e-01 -1.000000000000000000e+00 -1.000000000000000000e+00
9.200000000000000000e+01 4.600000000000200000e+13 0.000000000000000000e+00 1.199046797909992135e+00 2.060777209312334921e-02 3.115080976225921561e-02 2.211165997503796929e-02 0.000000000000000000e+00 1.202317700131553035e+00 3.714871247702535018e-02 3.629809806014494896e+08 2.576533991161008775e+08
9.300000000000000000e+01 4.600000000002700000e+13 0.000000000000000000e+00 1.121735113568783415e+00 1.239483009207664743e-01 9.272532849435362323e-02 9.272532849435362323e-02 0.000000000000000000e+00 1.184270465564896790e+00 1.336046636890846351e-01 1.170352013241437435e+09 1.170352013241437435e+09
9.400000000000000000e+01 4.600000000006200000e+13 0.000000000000000000e+00 7.128957034425902339e-01 9.267606527245782211e-02 -1.000000000000000000e+00 -1.000000000000000000e+00 0.000000000000000000e+00 8.256892284680680261e-01 4.711316045963948734e-02 -1.000000000000000000e+00 -1.000000000000000000e+00
9.500000000000000000e+01 4.600000000000200000e+13 0.000000000000000000e+00 1.241485946552371544e+00 4.650349230662945144e-02 4.409711737855921687e-02 2.950432853385968890e-02 0.000000000000000000e+00 1.413320662846809572e+00 3.880019228439195861e-02 4.443697593469926119e+08 4.443697593469926119e+08
9.600000000000000000e+01 4.600000000169400000e+13 0.000000000000000000e+00 1.084227437989474518e+00 1.031520274050148622e-01 -1.000000000000000000e+00 -1.000000000000000000e+00 0.000000000000000000e+00 1.102239617334406230e+00 4.747425425126466231e-02 -1.000000000000000000e+00 -1.000000000000000000e+00
9.700000000000000000e+01 4.600000000001900000e+13 0.000000000000000000e+00 1.053272079570379827e+00 3.919252316218292675e-02 1.107275565459217015e-01 1.107275565459217015e-01 0.000000000000000000e+00 1.171074029703327302e+00 1.270584874478186410e-01 -1.000000000000000000e+00 -1.000000000000000000e+00
9.800000000000000000e+01 4.600000000010800000e+13 0.000000000000000000e+00 7.864006340738076695e-01 1.730269420389359825e-01 -1.000000000000000000e+00 -1.000000000000000000e+00 0.000000000000000000e+00 7.326126458111593687e-01 1.801947270130112300e-01 -1.000000000000000000e+00 -1.000000000000000000e+00
9.900000000000000000e+01 4.600000000000100000e+13 0.000000000000000000e+00 1.296488543010982930e+00 7.798470605003058991e-03 7.740970624668200295e-02 4.706069722173066711e-02 0.000000000000000000e+00 1.306014343111312481e+00 1.964504305748907692e-02 7.399121490626283884e+08 5.690615505260596275e+08
1.000000000000000000e+02 4.600000000024000000e+13 0.000000000000000000e+00 7.533669061999208605e-01 1.132159410567449981e-01 -1.000000000000000000e+00 -1.000000000000000000e+00 0.000000000000000000e+00 1.002628008735175102e+00 6.310793777746884214e-02 -1.000000000000000000e+00 -1.000000000000000000e+00
1.010000000000000000e+02 4.600000000046500000e+13 0.000000000000000000e+00 9.346237014795031328e-01 1.353666114507514062e-01 -1.000000000000000000e+00 -1.000000000000000000e+00 0.000000000000000000e+00 9.651339914272610843e-01 2.010114183944374522e-01 -1.000000000000000000e+00 -1.000000000000000000e+00
1.020000000000000000e+02 4.600000000000200000e+13 0.000000000000000000e+00 1.160108467729328519e+00 5.942787508640077349e-02 7.285244137949468957e-02 4.458399321077988892e-02 0.000000000000000000e+00 1.178645360705003586e+00 7.872018917786571812e-02 8.437798803769071102e+08 5.163735867430394292e+08
1.030000000000000000e+02 4.600000000004000000e+13 0.000000000000000000e+00 9.119041833138030739e-01 9.590665965078040700e-02 -1.000000000000000000e+00 -1.000000000000000000e+00 0.000000000000000000e+00 1.060677545072591599e+00 1.162579425048365228e-01 -1.000000000000000000e+00 -1.000000000000000000e+00
1.040000000000000000e+02 4.600000000000500000e+13 0.000000000000000000e+00 1.291931349840597765e+00 4.349876002957089871e-02 3.256937628268046642e-02 2.528145674259710263e-02 0.000000000000000000e+00 1.362380868064496431e+00 7.386937212617229742e-02 5.142841331304413676e+08 3.992048221093918085e+08
1.050000000000000000e+02 4.600000000003300000e+13 0.000000000000000000e+00 1.071713562647472529e+00 5.220530080380085536e-02 -1.000000000000000000e+00 -1.000000000000000000e+00 0.000000000000000000e+00 1.051139586273337256e+00 6.155413235969794949e-02 -1.000000000000000000e+00 -1.000000000000000000e+00
1.060000000000000000e+02 4.600000000009200000e+13 1.000000000000000000e+00 9.826681071840563941e-01 3.454025892754912508e-02 -1.000000000000000000e+00 -1.000000000000000000e+00 1.000000000000000000e+00 1.040701591196670162e+00 2.189899661913058404e-02 -1.000000000000000000e+00 -1.000000000000000000e+00
1.070000000000000000e+02 4.600000000002400000e+13 0.000000000000000000e+00 9.596405730579314897e-01 1.432610879675006443e-01 1.321058272108667775e-01 1.321058272108667775e-01 0.000000000000000000e+00 8.471380225013908083e-01 1.662096186954213628e-01 1.810313827431388378e+09 1.810313827431388378e+09
1.080000000000000000e+02 4.600000000000400000e+13 0.000000000000000000e+00 1.190801333675452822e+00 1.295808140223093097e-01 1.676415973522623337e-01 1.361050385402604312e-01 0.000000000000000000e+00 1.094559859821376824e+00 1.295819462908012476e-01 1.972285683336523056e+09 1.601261400408021927e+09
1.090000000000000000e+02 4.600000000004100000e+13 0.000000000000000000e+00 8.877903353354136273e-01 8.480473603297450369e-02 -1.000000000000000000e+00 -1.000000000000000000e+00 0.000000000000000000e+00 9.196296818707758725e-01 8.739915297852006437e-02 -1.000000000000000000e+00 -1.000000000000000000e+00
1.100000000000000000e+02 4.600000000007900000e+13 0.000000000000000000e+00 8.330074230751267628e-01 7.145500944063225279e-02 -1.000000000000000000e+00 -1.000000000000000000e+00 0.000000000000000000e+00 6.322165570199729245e-01 2.574230368179055220e-02 -1.000000000000000000e+00 -1.000000000000000000e+00
1.110000000000000000e+02 4.600000000002500000e+13 0.000000000000000000e+00 1.190374582905310730e+00 5.663529755032511992e-02 -1.000000000000000000e+00 -1.000000000000000000e+00 0.000000000000000000e+00 9.682483187249324441e-01 6.547615862251068841e-02 -1.000000000000000000e+00 -1.000000000000000000e+00
1.120000000000000000e+02 4.600000000003200000e+13 0.000000000000000000e+00 1.045222745505951512e+00 6.687358427478798384e-02 9.779170640298481820e-02 9.779170640298481820e-02 0.000000000000000000e+00 8.812577239479085778e-01 8.814547096210943733e-02 1.366090742073161602e+09 1.366090742073161602e+09
1.130000000000000000e+02 4.600000000001100000e+13 0.000000000000000000e+00 8.769013557006278825e-01 2.517489179214602579e-01 2.290144157021026805e-01 2.290144157021026805e-01 0.000000000000000000e+00 4.446962354363081515e-01 1.348400901676774233e-01 -1.000000000000000000e+00 -1.000000000000000000e+00
1.140000000000000000e+02 4.600000000000400000e+13 0.000000000000000000e+00 1.252161848754855145e+00 8.752659299809247007e-02 1.159957230686982019e-02 1.159957230686982019e-02 0.000000000000000000e+00 1.398240482012945707e+00 9.150605559399253852e-02 1.519225813068934679e+08 1.519225813068934679e+08
1.150000000000000000e+02 4.600000000006300000e+13 0.000000000000000000e+00 1.142380875461074252e+00 7.434108342871893760e-02 -1.000000000000000000e+00 -1.000000000000000000e+00 0.000000000000000000e+00 1.069495025847450487e+00 1.034428437624516639e-01 -1.000000000000000000e+00 -1.000000000000000000e+00
1.160000000000000000e+02 4.600000000001100000e+13 1.000000000000000000e+00 9.588782766938986901e-01 3.762489504720489125e-02 -1.000000000000000000e+00 -1.000000000000000000e+00 1.000000000000000000e+00 9.834891061864963202e-01 1.619845552040385939e-02 -1.000000000000000000e+00 -1.000000000000000000e+00
1.170000000000000000e+02 4.600000000000200000e+13 0.000000000000000000e+00 9.847688144193736948e-01 6.099503507903390048e-02 8.304173495834444446e-03 8.304173495834444446e-03 0.000000000000000000e+00 9.504042243515924415e-01 8.989145823268430979e-02 9.963435768183505535e+07 9.963435768183505535e+07
1.180000000000000000e+02 4.600000000000200000e+13 0.000000000000000000e+00 1.075165078345714065e+00 1.258662953267511153e-01 2.016045206939428014e-01 1.284822961691041432e-01 0.000000000000000000e+00 1.130695213784430608e+00 7.119322960771429232e-02 2.639950021686744988e+08 2.639950021686744988e+08
1.190000000000000000e+02 4.600000000012900000e+13 0.000000000000000000e+00 9.901692771836301254e-01 2.832266988149639286e-01 3.139065966237557515e-01 3.139065966237557515e-01 0.000000000000000000e+00 7.874498683456977455e-01 1.390016954002891991e-01 -1.000000000000000000e+00 -1.000000000000000000e+00
1.200000000000000000e+02 4.600000000000200000e+13 0.000000000000000000e+00 1.076152460739353334e+00 4.066056601471522425e-02 9.694998852272793816e-03 9.694998852272793816e-03 0.000000000000000000e+00 1.093217981941623229e+00 3.174720470383780163e-02 1.262703255462714434e+08 1.262703255462714434e+08
1.210000000000000000e+02 4.600000000002600000e+13 0.000000000000000000e+00 1.221229271486403256e+00 1.448752014960308920e-01 1.428960040294042222e-01 1.428960040294042222e-01 0.000000000000000000e+00 1.032946971674638226e+00 1.810926005281438267e-01 1.690474402110363007e+09 1.690474402110363007e+09
1.220000000000000000e+02 4.600000000000100000e+13 0.000000000000000000e+00 1.258997500050579754e+00 1.457618955192166998e-01 1.680074417104414353e-01 1.321003440543114249e-01 0.000000000000000000e+00 1.189792276401523852e+00 2.077224206174207721e-01 1.719866297313108683e+09 1.508615564252376556e+09
1.230000000000000000e+02 4.600000000016300000e+13 0.000000000000000000e+00 1.029261249613508289e+00 1.495477422413529489e-01 1.634232649200669241e-01 1.634232649200669241e-01 0.000000000000000000e+00 8.570359810311627413e-01 2.591130381035084418e-01 2.157909145183156967e+09 2.157909145183156967e+09
1.240000000000000000e+02 4.600000000000500000e+13 0.000000000000000000e+00 9.843880463354927057e-01 4.155319108647994447e-02 7.213855696497475933e-02 7.213855696497475933e-02 0.000000000000000000e+00 1.007466855114533155e+00 2.678207646808851775e-02 9.965213259549834728e+08 9.965213259549834728e+08
1.250000000000000000e+02 4.600000000001000000e+13 1.000000000000000000e+00 9.353134604730859447e-01 3.790469053869219285e-02 -1.000000000000000000e+00 -1.000000000000000000e+00 0.000000000000000000e+00 1.015035568827908463e+00 1.195990454608712450e-01 -1.000000000000000000e+00 -1.000000000000000000e+00
1.260000000000000000e+02 4.600000000000500000e+13 0.000000000000000000e+00 1.342473410933409328e+00 1.235329768637944275e-01 2.692643981477590986e-01 1.432780630467850591e-01 0.000000000000000000e+00 1.484364235926255660e+00 1.677633373168077868e-01 1.622554881235595703e+09 1.374739052907033920e+09
1.270000000000000000e+02 4.600000000001000000e+13 1.000000000000000000e+00 1.116312577215167412e+00 3.999092907417952508e-02 -1.000000000000000000e+00 -1.000000000000000000e+00 0.000000000000000000e+00 1.092518037858630775e+00 4.397594752788010902e-02 -1.000000000000000000e+00 -1.000000000000000000e+00
1.280000000000000000e+02 4.600000000000500000e+13 0.000000000000000000e+00 8.022586660807259351e-01 2.776413345522968368e-01 4.492962374138844694e-01 3.813605048899166294e-01 0.000000000000000000e+00 1.241893192473472629e+00 1.506937803175156798e-01 1.249937071897873640e+09 1.249937071897873640e+09
1.290000000000000000e+02 4.600000000000200000e+13 0.000000000000000000e+00 1.207336310117461009e+00 6.083373671763804558e-02 6.510312353233155269e-02 2.493839965989044435e-02 0.000000000000000000e+00 1.305094844554504974e+00 6.595670376206112795e-02 8.928458752947399616e+08 3.749109494686255455e+08
1.300000000000000000e+02 4.600000000002000000e+13 0.000000000000000000e+00 2.077157204102563881e+00 9.049798198687174222e-02 9.549067466909008650e-02 9.549067466909008650e-02 0.000000000000000000e+00 2.077633338406052133e+00 1.271848995508525482e-01 1.125668040838845015e+09 1.125668040838845015e+09
1.310000000000000000e+02 4.600000000000100000e+13 0.000000000000000000e+00 1.597920117904206183e+00 5.146314942587871394e-02 7.983648725562433879e-02 6.145228966375320540e-02 0.000000000000000000e+00 1.643775322325189414e+00 5.907576557192811828e-02 9.544107780558350086e+08 7.346356234775774479e+08
1.320000000000000000e+02 4.600000000000800000e+13 0.000000000000000000e+00 1.053941866294987095e+00 1.676344104429925985e-01 2.502447737202042055e-01 1.211782259599227390e-01 0.000000000000000000e+00 6.536623316284065899e-01 2.083453576753138414e-01 3.172915821006596565e+09 1.536448911974653482e+09
1.330000000000000000e+02 4.600000000000200000e+13 0.000000000000000000e+00 1.233878395793285732e+00 7.680036468589908349e-02 1.076599253965005859e-01 4.250254554240393001e-02 0.000000000000000000e+00 1.161690715381829886e+00 1.224826198092775487e-01 1.317611392033424616e+09 5.730914645169681311e+08
1.340000000000000000e+02 4.600000000003800000e+13 1.000000000000000000e+00 1.034315544832700384e+00 1.038933202914141957e-02 -1.000000000000000000e+00 -1.000000000000000000e+00 1.000000000000000000e+00 9.921419871187933115e-01 3.817238426737111501e-02 -1.000000000000000000e+00 -1.000000000000000000e+00
1.350000000000000000e+02 4.600000000000100000e+13 0.000000000000000000e+00 1.126996905386893122e+00 1.130240617466008596e-01 1.153045634467668168e-01 1.153045634467668168e-01 0.000000000000000000e+00 1.167319428215770394e+00 4.802330871547550589e-02 -1.000000000000000000e+00 -1.000000000000000000e+00
1.360000000000000000e+02 4.600000000034300000e+13 0.000000000000000000e+00 8.415541701437412314e-01 2.725540225855167531e-01 -1.000000000000000000e+00 -1.000000000000000000e+00 0.000000000000000000e+00 7.168383443115412534e-01 1.976210127515513615e-01 -1.000000000000000000e+00 -1.000000000000000000e+00
1.370000000000000000e+02 4.600000000000100000e+13 0.000000000000000000e+00 1.120715291019603654e+00 6.345130440234954261e-02 7.371281903930421153e-02 4.351754129068977073e-02 0.000000000000000000e+00 1.347689411424030315e+00 3.726488701577351792e-02 2.942268128391868472e+08 1.643139516475371122e+08
1.380000000000000000e+02 4.600000000000200000e+13 0.000000000000000000e+00 9.859335160866735670e-01 1.099369718926113682e-01 5.704407591575329922e-02 4.482787048848854011e-02 0.000000000000000000e+00 9.814829071273983851e-01 4.558748330642975466e-02 1.766487639656420648e+08 1.766487639656420648e+08
1.390000000000000000e+02 4.600000000000400000e+13 1.000000000000000000e+00 9.905069557150948389e-01 3.576485524199071037e-02 -1.000000000000000000e+00 -1.000000000000000000e+00 0.000000000000000000e+00 1.016317085957614497e+00 4.554987357727267872e-02 -1.000000000000000000e+00 -1.000000000000000000e+00
1.400000000000000000e+02 4.600000000000200000e+13 0.000000000000000000e+00 1.094428666845312703e+00 1.078260049373970519e-01 1.297511613277847753e-01 1.297511613277847753e-01 0.000000000000000000e+00 1.099194028826312008e+00 9.799570598425533241e-02 -1.000000000000000000e+00 -1.000000000000000000e+00
1.410000000000000000e+02 4.600000000000100000e+13 0.000000000000000000e+00 1.150719451897952217e+00 5.771348002720879528e-02 -1.000000000000000000e+00 -1.000000000000000000e+00 0.000000000000000000e+00 1.171209569639873216e+00 2.427115882274470671e-02 -1.000000000000000000e+00 -1.000000000000000000e+00
1.420000000000000000e+02 4.600000000005100000e+13 0.000000000000000000e+00 9.534719155430148030e-01 1.341206637228059273e-01 1.510748631302671896e-01 1.510748631302671896e-01 0.000000000000000000e+00 8.043686994018552916e-01 1.525341682862256520e-01 -1.000000000000000000e+00 -1.000000000000000000e+00
1.430000000000000000e+02 4.600000000000100000e+13 0.000000000000000000e+00 1.076896262782696567e+00 4.698990383204545984e-02 9.196125672551265506e-02 2.953229326476371555e-02 0.000000000000000000e+00 1.168724956260887016e+00 4.164677542742276778e-02 3.970152593434598446e+08 3.970152593434598446e+08
1.440000000000000000e+02 4.600000000002300000e+13 0.000000000000000000e+00 1.179018837725240632e+00 6.141006820858149751e-02 5.615066601418138709e-02 5.615066601418138709e-02 0.000000000000000000e+00 1.165294152394860117e+00 1.094819646284818926e-01 -1.000000000000000000e+00 -1.000000000000000000e+00
1.450000000000000000e+02 4.600000000000100000e+13 1.000000000000000000e+00 1.130500292467251366e+00 3.616186299831158218e-02 2.367728088623879956e-02 2.238677421094394104e-02 0.000000000000000000e+00 1.149688843061402954e+00 5.011201821286957042e-02 2.876226374910838604e+08 2.719460513395090699e+08
1.460000000000000000e+02 4.600000000001300000e+13 0.000000000000000000e+00 9.435360774557576269e-01 6.436915520063091201e-02 -1.000000000000000000e+00 -1.000000000000000000e+00 1.000000000000000000e+00 1.109432626796072796e+00 3.842428528070041677e-02 -1.000000000000000000e+00 -1.000000000000000000e+00
1.470000000000000000e+02 4.600000000000900000e+13 0.000000000000000000e+00 1.185061989498658486e+00 1.972003871087927018e-01 1.936094959648719249e-01 1.936094959648719249e-01 0.000000000000000000e+00 1.005199957365036978e+00 2.784003273851923255e-01 2.551976393131506443e+09 2.551976393131506443e+09
1.480000000000000000e+02 4.600000000000400000e+13 0.000000000000000000e+00 1.084807045450922880e+00 4.595133033126048983e-02 -1.000000000000000000e+00 -1.000000000000000000e+00 0.000000000000000000e+00 1.217249530594173512e+00 3.950989648001512061e-02 -1.000000000000000000e+00 -1.000000000000000000e+00
1.490000000000000000e+02 4.600000000009400000e+13 1.000000000000000000e+00 1.024692744868277883e+00 2.815585772005682955e-02 -1.000000000000000000e+00 -1.000000000000000000e+00 1.000000000000000000e+00 9.712348018982926989e-01 3.975302782179551686e-02 -1.000000000000000000e+00 -1.000000000000000000e+00
1.500000000000000000e+02 4.600000000001500000e+13 0.000000000000000000e+00 1.109205181590965150e+00 4.605702009418893850e-02 3.018834778462349197e-02 3.018834778462349197e-02 0.000000000000000000e+00 1.116962542552032867e+00 5.261460561652753914e-02 3.464615007502171397e+08 3.464615007502171397e+08
1.510000000000000000e+02 4.600000000005400000e+13 0.000000000000000000e+00 8.006145544472716979e-01 6.966023308119810575e-02 1.232465062671084799e-01 1.232465062671084799e-01 0.000000000000000000e+00 6.317684514360472070e-01 1.015528583734046780e-01 1.872063702286517382e+09 1.872063702286517382e+09
1.520000000000000000e+02 4.600000000000100000e+13 0.000000000000000000e+00 1.546205446720941845e+00 1.718102755936337933e-01 3.043170871957162626e-01 2.177800796877739919e-01 0.000000000000000000e+00 1.296079505547907074e+00 2.445064984794402818e-01 3.364324197256285667e+09 2.460684080235840797e+09
1.530000000000000000e+02 4.600000000000700000e+13 1.000000000000000000e+00 9.901308235433443627e-01 7.020562935929783484e-03 -1.000000000000000000e+00 -1.000000000000000000e+00 1.000000000000000000e+00 1.015063310071288250e+00 3.975910374045978080e-02 -1.000000000000000000e+00 -1.000000000000000000e+00
1.540000000000000000e+02 4.600000000000500000e+13 0.000000000000000000e+00 8.093360347228392149e-01 2.106383558430652836e-01 2.550563244572915389e-01 2.550563244572915389e-01 0.000000000000000000e+00 9.828828339079621612e-01 5.537456776536166247e-02 -1.000000000000000000e+00 -1.000000000000000000e+00
1.550000000000000000e+02 4.600000000003000000e+13 0.000000000000000000e+00 9.631694828275513265e-01 7.970763905345622236e-02 -1.000000000000000000e+00 -1.000000000000000000e+00 0.000000000000000000e+00 1.002862000222627392e+00 9.867593661176564390e-02 -1.000000000000000000e+00 -1.000000000000000000e+00
1.560000000000000000e+02 4.600000000000200000e+13 0.000000000000000000e+00 1.131985993513888511e+00 5.753469922868429537e-02 5.700217605088611639e-02 3.541564664281380420e-02 0.000000000000000000e+00 1.156368705823029863e+00 1.292545455554486578e-01 4.838653919754123092e+08 4.838653919754123092e+08
1.570000000000000000e+02 4.600000000000100000e+13 0.000000000000000000e+00 9.979269049301554562e-01 4.416293264128826751e-02 1.383510837361609166e-02 1.019616404179011365e-02 0.000000000000000000e+00 1.026074988163292900e+00 5.708419624852981156e-02 1.651994813249847889e+08 1.217483062453188598e+08
1.580000000000000000e+02 4.600000000017500000e+13 0.000000000000000000e+00 9.745429409842538693e-01 6.437628360753247514e-02 -1.000000000000000000e+00 -1.000000000000000000e+00 0.000000000000000000e+00 1.113534510678476197e+00 7.746484880329596034e-02 -1.000000000000000000e+00 -1.000000000000000000e+00
1.590000000000000000e+02 4.600000000025700000e+13 0.000000000000000000e+00 nan 7.001121423854035630e-02 -1.000000000000000000e+00 -1.000000000000000000e+00 0.000000000000000000e+00 9.348550196369351806e-01 1.335344372564562510e-01 -1.000000000000000000e+00 -1.000000000000000000e+00
1.600000000000000000e+02 4.600000000000100000e+13 0.000000000000000000e+00 2.320836465912826885e+00 1.004093170672342716e-01 1.387490263123286605e-01 6.806152694459337293e-02 0.000000000000000000e+00 2.694850438127047276e+00 1.631392841181758535e-01 1.100408689760246754e+09 1.054932422758750081e+09
1.610000000000000000e+02 4.600000000007700000e+13 0.000000000000000000e+00 7.924198222517009338e-01 1.637244326978532227e-01 -1.000000000000000000e+00 -1.000000000000000000e+00 0.000000000000000000e+00 8.367752518292985719e-01 1.078999123225647117e-01 -1.000000000000000000e+00 -1.000000000000000000e+00
1.620000000000000000e+02 4.600000000004900000e+13 0.000000000000000000e+00 9.781150033002034005e-01 1.028958482854284706e-01 1.046698895252445582e-01 1.046698895252445582e-01 0.000000000000000000e+00 1.015268809148978768e+00 9.013920996551832987e-02 -1.000000000000000000e+00 -1.000000000000000000e+00
1.630000000000000000e+02 4.600000000000300000e+13 0.000000000000000000e+00 1.374090068355487304e+00 2.422869518877632800e-01 3.959864918849115845e-01 2.099499252129804205e-01 0.000000000000000000e+00 1.641007590954096429e+00 2.154622273975329849e-01 2.765120626607317924e+09 2.128964987743007898e+09
1.640000000000000000e+02 4.600000000020900000e+13 0.000000000000000000e+00 6.803906282205745004e-01 1.418824238151121242e-01 1.094496582087823022e-01 1.094496582087823022e-01 0.000000000000000000e+00 8.028727908511291700e-01 1.495152957502687563e-01 -1.000000000000000000e+00 -1.000000000000000000e+00
1.650000000000000000e+02 4.600000000010500000e+13 0.000000000000000000e+00 1.001592827318098289e+00 1.468874426091069940e-01 -1.000000000000000000e+00 -1.000000000000000000e+00 0.000000000000000000e+00 7.705183421658710063e-01 2.399245831481526814e-01 -1.000000000000000000e+00 -1.000000000000000000e+00
1.660000000000000000e+02 4.600000000002400000e+13 0.000000000000000000e+00 7.626906399765565059e-01 6.770098204598211378e-02 -1.000000000000000000e+00 -1.000000000000000000e+00 0.000000000000000000e+00 8.792239199712208464e-01 7.694445861973395195e-02 -1.000000000000000000e+00 -1.000000000000000000e+00
1.670000000000000000e+02 4.600000000012300000e+13 0.000000000000000000e+00 9.136069737786494116e-01 1.585294362528867351e-01 1.592254465944605568e-01 1.592254465944605568e-01 0.000000000000000000e+00 8.906414758614785709e-01 1.677477572633484793e-01 -1.000000000000000000e+00 -1.000000000000000000e+00
1.680000000000000000e+02 4.600000000006000000e+13 0.000000000000000000e+00 1.121951702777350901e+00 8.604306562875188580e-02 -1.000000000000000000e+00 -1.000000000000000000e+00 0.000000000000000000e+00 7.842260370115005097e-01 1.135963652928437817e-01 -1.000000000000000000e+00 -1.000000000000000000e+00
1.690000000000000000e+02 4.600000000006100000e+13 0.000000000000000000e+00 9.631889303773181199e-01 1.725834860002324889e-01 1.532506298095255848e-01 1.532506298095255848e-01 0.000000000000000000e+00 6.511061987170174703e-01 1.719774867400170049e-01 1.973473678805896044e+09 1.973473678805896044e+09
1.700000000000000000e+02 4.600000000000800000e+13 1.000000000000000000e+00 1.097724206261658120e+00 3.569385256243973181e-02 -1.000000000000000000e+00 -1.000000000000000000e+00 1.000000000000000000e+00 1.022180881579981770e+00 3.930850213854240882e-02 -1.000000000000000000e+00 -1.000000000000000000e+00
1.710000000000000000e+02 4.600000000002500000e+13 0.000000000000000000e+00 9.912834712808453741e-01 1.451489088160747287e-01 1.364102288379095140e-01 1.364102288379095140e-01 0.000000000000000000e+00 8.681202558259873969e-01 1.940069229248693461e-01 1.701991925621326447e+09 1.701991925621326447e+09
1.720000000000000000e+02 4.600000000000400000e+13 1.000000000000000000e+00 1.090632695483372716e+00 3.134160425352671558e-02 -1.000000000000000000e+00 -1.000000000000000000e+00 1.000000000000000000e+00 1.144864514894445851e+00 3.287444795691518706e-02 -1.000000000000000000e+00 -1.000000000000000000e+00
1.730000000000000000e+02 4.600000000000600000e+13 0.000000000000000000e+00 1.213191033409464437e+00 1.410422682441769826e-01 1.326220841117679572e-01 1.326220841117679572e-01 0.000000000000000000e+00 1.264830757380469128e+00 1.670319849207542173e-01 1.645300138141541958e+09 1.645300138141541958e+09
1.740000000000000000e+02 4.600000000000100000e+13 0.000000000000000000e+00 1.589242012292241268e+00 1.178328812195216929e-01 2.334825785807072840e-01 1.730724091061836278e-01 0.000000000000000000e+00 1.413987832829316282e+00 1.835424996962716770e-01 2.926785658088680267e+09 2.241808322811465740e+09
1.750000000000000000e+02 4.600000000001100000e+13 0.000000000000000000e+00 9.609841412793047599e-01 9.764168979179051189e-02 9.972917430231949265e-02 9.972917430231949265e-02 0.000000000000000000e+00 1.142903873533431369e+00 1.018369122184304421e-01 -1.000000000000000000e+00 -1.000000000000000000e+00
1.760000000000000000e+02 4.600000000000100000e+13 0.000000000000000000e+00 1.134783081375854596e+00 1.296363482549967583e-01 1.618531773601977752e-01 1.513061269005186449e-01 0.000000000000000000e+00 6.932072748833812970e-01 1.377878697364769145e-01 2.618530595624320507e+09 2.447895858804782391e+09
1.770000000000000000e+02 4.600000000018400000e+13 0.000000000000000000e+00 9.610680124140025260e-01 7.730579611056591360e-02 -1.000000000000000000e+00 -1.000000000000000000e+00 0.000000000000000000e+00 1.064006484516593520e+00 1.367385874158535963e-01 -1.000000000000000000e+00 -1.000000000000000000e+00
1.780000000000000000e+02 4.600000000000100000e+13 0.000000000000000000e+00 1.164200954785842290e+00 2.609790099473456582e-02 4.935816018066026961e-03 4.347705303908331979e-03 0.000000000000000000e+00 1.349772571019942635e+00 1.141556719347436473e-02 7.969385065909934044e+07 7.019819538071155548e+07
1.790000000000000000e+02 4.600000000000700000e+13 0.000000000000000000e+00 1.783956646907585153e-01 8.705177401714905838e-02 1.418892306330626352e-01 1.418892306330626352e-01 1.000000000000000000e+00 1.073825642576820449e+00 3.495607246210758606e-02 -1.000000000000000000e+00 -1.000000000000000000e+00
1.800000000000000000e+02 4.600000000000200000e+13 0.000000000000000000e+00 1.040812495012680250e+00 1.253082668187211202e-01 1.094259434738448743e-02 1.094259434738448743e-02 0.000000000000000000e+00 1.230214580644986011e+00 1.197757759504826380e-01 1.472095305795862973e+08 1.472095305795862973e+08
1.810000000000000000e+02 4.600000000001400000e+13 1.000000000000000000e+00 1.025739001393283223e+00 2.084729991388713233e-02 -1.000000000000000000e+00 -1.000000000000000000e+00 1.000000000000000000e+00 1.098719368427212295e+00 2.179483317688400701e-02 -1.000000000000000000e+00 -1.000000000000000000e+00
1.820000000000000000e+02 4.600000000000100000e+13 0.000000000000000000e+00 1.324829693243767981e+00 7.317878561553835259e-02 4.513404971599707660e-02 2.470599461290057947e-02 0.000000000000000000e+00 1.388709323620612945e+00 4.606994081145148606e-02 5.353888985892824531e+08 3.093245272038899660e+08
1.830000000000000000e+02 4.600000000000400000e+13 0.000000000000000000e+00 1.161003387555425093e+00 2.690120264959707241e-01 2.123414941661585509e-01 2.123414941661585509e-01 0.000000000000000000e+00 1.022021953918525794e+00 3.495227163974068407e-01 2.769183517687808990e+09 2.769183517687808990e+09
1.840000000000000000e+02 4.600000000004900000e+13 0.000000000000000000e+00 9.086402727696877291e-01 9.073502783282462458e-02 -1.000000000000000000e+00 -1.000000000000000000e+00 0.000000000000000000e+00 9.266627120773348603e-01 1.017212485605180489e-01 -1.000000000000000000e+00 -1.000000000000000000e+00
1.850000000000000000e+02 4.600000000000100000e+13 1.000000000000000000e+00 1.091214776363168548e+00 3.890161242180016632e-02 5.717075445999496297e-02 2.380108242574384761e-02 0.000000000000000000e+00 1.050297105289949240e+00 4.669689282961658056e-02 4.722674212748867869e+08 2.969760586724983454e+08
1.860000000000000000e+02 4.600000000000200000e+13 0.000000000000000000e+00 1.196689218910164110e+00 3.351272521473106641e-02 6.360593652612601956e-02 6.360593652612601956e-02 0.000000000000000000e+00 1.298350917065475674e+00 6.238486971929863706e-02 8.140361501589237452e+08 8.140361501589237452e+08
1.870000000000000000e+02 4.600000000000200000e+13 0.000000000000000000e+00 1.195638558834750453e+00 6.806980612608895531e-02 9.153804399315637608e-02 8.406794585286200827e-02 0.000000000000000000e+00 1.134471594324685473e+00 3.862368518175583049e-02 1.349082326641953945e+09 1.238988458128601074e+09
1.880000000000000000e+02 4.600000000000100000e+13 0.000000000000000000e+00 1.127547465140562588e+00 7.327461358533544911e-02 2.351115149243393487e-01 1.446210448259845627e-01 0.000000000000000000e+00 1.067970191257614054e+00 8.752825683824326519e-02 2.197919289254913807e+09 1.831952081691520929e+09
1.890000000000000000e+02 4.600000000003900000e+13 1.000000000000000000e+00 9.901496242681864235e-01 3.424209325872595855e-02 -1.000000000000000000e+00 -1.000000000000000000e+00 1.000000000000000000e+00 1.061563843489503389e+00 3.118062993944167860e-02 -1.000000000000000000e+00 -1.000000000000000000e+00
1.900000000000000000e+02 4.600000000000100000e+13 0.000000000000000000e+00 1.198138396363051639e+00 2.609225179301110642e-01 1.943638656393769648e-01 1.613731685235482161e-01 0.000000000000000000e+00 1.139124568927093017e+00 2.977576266496975155e-01 3.077469965595858574e+09 2.763167659061324596e+09
1.910000000000000000e+02 4.600000000000100000e+13 0.000000000000000000e+00 1.332618182138025187e+00 6.792089838770616617e-02 1.173259650798838538e-01 4.522896685228715297e-02 0.000000000000000000e+00 1.314601199242424467e+00 1.066967794810261966e-01 8.464382839561229944e+08 5.578788794872735739e+08
1.920000000000000000e+02 -1.000000000000000000e+00 -1.000000000000000000e+00 -1.000000000000000000e+00 -1.000000000000000000e+00 -1.000000000000000000e+00 -1.000000000000000000e+00 -1.000000000000000000e+00 -1.000000000000000000e+00 -1.000000000000000000e+00 -1.000000000000000000e+00 -1.000000000000000000e+00
1.930000000000000000e+02 4.600000000008000000e+13 0.000000000000000000e+00 1.071670268587859853e+00 5.613699270933891761e-02 -1.000000000000000000e+00 -1.000000000000000000e+00 0.000000000000000000e+00 7.610195700811522856e-01 7.020443345801041790e-02 -1.000000000000000000e+00 -1.000000000000000000e+00
1.940000000000000000e+02 4.600000000000800000e+13 0.000000000000000000e+00 8.617936226067511862e-01 1.394201466445653403e-01 1.479993818512023995e-01 1.479993818512023995e-01 1.000000000000000000e+00 1.047434684228058632e+00 2.810002694016784652e-02 -1.000000000000000000e+00 -1.000000000000000000e+00
1.950000000000000000e+02 4.600000000004900000e+13 0.000000000000000000e+00 1.112613221569839661e+00 9.315282987267393955e-02 6.252739937712478713e-02 6.252739937712478713e-02 0.000000000000000000e+00 1.009234119596922330e+00 8.657276456669001086e-02 8.463210676478880644e+08 8.463210676478880644e+08
1.960000000000000000e+02 4.600000000000100000e+13 0.000000000000000000e+00 9.668595387174300226e-01 4.371245143312757486e-02 1.367470542182405713e-01 7.187459740156777743e-02 0.000000000000000000e+00 1.153919002493181134e+00 4.176222812518090577e-02 5.386384644247782230e+08 5.386384644247782230e+08
1.970000000000000000e+02 4.600000000000100000e+13 0.000000000000000000e+00 8.901545901059739752e-01 2.269801512806131627e-01 4.079637775559578627e-01 3.131300015226622935e-01 0.000000000000000000e+00 9.364248763392188923e-01 6.596353870471792502e-02 1.488923655809817314e+09 6.837344275703634024e+08
1.980000000000000000e+02 4.600000000000500000e+13 0.000000000000000000e+00 8.156139260839296856e-01 1.572756539125539643e-01 2.955324855475131018e-01 2.955324855475131018e-01 0.000000000000000000e+00 1.158692815158174350e+00 4.730306199302004161e-02 -1.000000000000000000e+00 -1.000000000000000000e+00
1.990000000000000000e+02 4.600000000000100000e+13 1.000000000000000000e+00 1.087792163259173162e+00 3.467677180649186841e-02 -1.000000000000000000e+00 -1.000000000000000000e+00 0.000000000000000000e+00 1.172885755289003518e+00 2.117212611784834511e-02 -1.000000000000000000e+00 -1.000000000000000000e+00
2.000000000000000000e+02 4.600000000000100000e+13 0.000000000000000000e+00 3.003694142881702334e+00 9.864247308436269179e-02 5.293568491078830263e-02 3.669375229465838412e-02 0.000000000000000000e+00 2.913233866709740827e+00 9.872734988672221546e-02 6.272110536523197889e+08 5.160353315078918934e+08
2.010000000000000000e+02 4.600000000000100000e+13 0.000000000000000000e+00 1.132145097348011165e+00 5.227425355837739956e-02 5.284976508544020346e-02 4.634073038187416088e-02 0.000000000000000000e+00 1.155571208388378235e+00 5.952442797699474680e-02 5.280141854771613479e+08 5.280141854771613479e+08
2.020000000000000000e+02 4.600000000001400000e+13 1.000000000000000000e+00 9.823177050107291253e-01 3.465153908713591163e-02 8.755524859840116414e-02 5.283618080366695585e-02 0.000000000000000000e+00 1.045445656289519576e+00 4.538109787633204384e-02 1.144786868340991974e+09 6.908342666556354761e+08
2.030000000000000000e+02 4.600000000000300000e+13 0.000000000000000000e+00 1.055646112934556680e+00 1.520659888301729712e-01 1.651346660995321181e-01 1.428022118247554151e-01 0.000000000000000000e+00 8.106719219215692274e-01 1.782859041034156877e-01 2.288222886504239082e+09 1.978768583598798275e+09
2.040000000000000000e+02 4.600000000003500000e+13 0.000000000000000000e+00 1.077361625849056148e+00 1.136941797062150233e-01 -1.000000000000000000e+00 -1.000000000000000000e+00 0.000000000000000000e+00 9.841962195572404593e-01 1.453322830783057018e-01 -1.000000000000000000e+00 -1.000000000000000000e+00
2.050000000000000000e+02 4.600000000000600000e+13 0.000000000000000000e+00 1.000033840227976922e+00 5.910440371134382392e-02 -1.000000000000000000e+00 -1.000000000000000000e+00 0.000000000000000000e+00 1.023546937027881132e+00 7.498341265070589123e-02 -1.000000000000000000e+00 -1.000000000000000000e+00
2.060000000000000000e+02 4.600000000032500000e+13 0.000000000000000000e+00 9.360252827394925923e-01 8.845318787004866068e-02 -1.000000000000000000e+00 -1.000000000000000000e+00 0.000000000000000000e+00 7.945847967127799283e-01 1.079083343764141445e-01 -1.000000000000000000e+00 -1.000000000000000000e+00
2.070000000000000000e+02 4.600000000000500000e+13 0.000000000000000000e+00 1.027820882840907224e+00 4.691835152968650696e-02 -1.000000000000000000e+00 -1.000000000000000000e+00 0.000000000000000000e+00 1.048570357773982220e+00 7.858492178668959049e-02 -1.000000000000000000e+00 -1.000000000000000000e+00
2.080000000000000000e+02 4.600000000001800000e+13 0.000000000000000000e+00 8.862916925972285087e-01 1.736790487518436177e-01 2.448728965069238150e-01 2.448728965069238150e-01 0.000000000000000000e+00 9.626703481308140908e-01 6.753353405494373629e-02 -1.000000000000000000e+00 -1.000000000000000000e+00
2.090000000000000000e+02 4.600000000005800000e+13 0.000000000000000000e+00 1.119557752410910600e+00 1.144046089351905826e-01 1.121982222519561034e+00 1.000000000000000000e+00 0.000000000000000000e+00 1.040124677879333825e+00 1.390400899332147888e-01 1.431871343994146919e+10 1.276197889106200409e+10
2.100000000000000000e+02 4.600000000038300000e+13 0.000000000000000000e+00 8.520370027442791816e-01 4.249707541392033078e-02 -1.000000000000000000e+00 -1.000000000000000000e+00 0.000000000000000000e+00 8.314269235604304642e-01 1.304428264846761720e-01 -1.000000000000000000e+00 -1.000000000000000000e+00
2.110000000000000000e+02 4.600000000000100000e+13 0.000000000000000000e+00 1.126379888531578111e+00 5.244624871406865924e-02 7.855017258147561909e-02 5.532952573466313334e-02 0.000000000000000000e+00 1.167247837170076519e+00 6.922214291006659193e-02 9.738315115655838251e+08 6.859518433839914799e+08
2.120000000000000000e+02 4.600000000000400000e+13 0.000000000000000000e+00 9.258531626983679264e-01 2.806604072554456653e-01 3.680727514288004709e-01 2.411654888845620737e-01 0.000000000000000000e+00 1.619599097381691388e+00 1.434208401093335916e-01 -1.000000000000000000e+00 -1.000000000000000000e+00
2.130000000000000000e+02 4.600000000000500000e+13 1.000000000000000000e+00 1.034839541894900350e+00 3.520376544605981900e-02 -1.000000000000000000e+00 -1.000000000000000000e+00 1.000000000000000000e+00 1.087497163786577570e+00 2.828247640514083491e-02 -1.000000000000000000e+00 -1.000000000000000000e+00
2.140000000000000000e+02 4.600000000002600000e+13 0.000000000000000000e+00 1.062178699226643763e+00 8.909404651433955324e-02 -1.000000000000000000e+00 -1.000000000000000000e+00 0.000000000000000000e+00 9.708217453110528083e-01 1.045665582328563492e-01 -1.000000000000000000e+00 -1.000000000000000000e+00
2.150000000000000000e+02 4.600000000000300000e+13 0.000000000000000000e+00 1.042582055482036196e+00 5.208581673936566597e-02 -1.000000000000000000e+00 -1.000000000000000000e+00 1.000000000000000000e+00 9.850461179590497274e-01 3.581941455849797784e-02 -1.000000000000000000e+00 -1.000000000000000000e+00
2.160000000000000000e+02 4.600000000003900000e+13 0.000000000000000000e+00 1.082509129693311145e+00 4.071179478744178792e-02 -1.000000000000000000e+00 -1.000000000000000000e+00 0.000000000000000000e+00 1.026823546021485178e+00 8.078899159717403688e-02 -1.000000000000000000e+00 -1.000000000000000000e+00
2.170000000000000000e+02 4.600000000006000000e+13 0.000000000000000000e+00 1.015016701191834070e+00 1.013309415258125123e-01 -1.000000000000000000e+00 -1.000000000000000000e+00 0.000000000000000000e+00 1.039910269968047585e+00 8.137719802010685843e-02 -1.000000000000000000e+00 -1.000000000000000000e+00
2.180000000000000000e+02 4.600000000009600000e+13 0.000000000000000000e+00 1.411360091260522420e+00 1.779172945251317750e-01 -1.000000000000000000e+00 -1.000000000000000000e+00 0.000000000000000000e+00 1.300404405037768996e+00 2.079154903686325773e-01 -1.000000000000000000e+00 -1.000000000000000000e+00
2.190000000000000000e+02 4.600000000001200000e+13 1.000000000000000000e+00 1.046534664811421766e+00 6.786359449385753057e-03 -1.000000000000000000e+00 -1.000000000000000000e+00 1.000000000000000000e+00 1.067830019862145097e+00 2.560677516544343155e-02 -1.000000000000000000e+00 -1.000000000000000000e+00
2.200000000000000000e+02 4.600000000002500000e+13 0.000000000000000000e+00 9.411694570599759002e-01 7.524248863573307355e-02 -1.000000000000000000e+00 -1.000000000000000000e+00 0.000000000000000000e+00 8.287754537331539773e-01 4.346587946123873364e-02 -1.000000000000000000e+00 -1.000000000000000000e+00
2.210000000000000000e+02 4.600000000011400000e+13 0.000000000000000000e+00 1.407247320531827661e+00 2.140933513474852778e-01 1.976527195813869431e-01 1.976527195813869431e-01 0.000000000000000000e+00 1.474844970737241967e+00 1.346233781935147755e-01 -1.000000000000000000e+00 -1.000000000000000000e+00
2.220000000000000000e+02 4.600000000003100000e+13 0.000000000000000000e+00 1.183387551761240220e+00 1.068941726617513160e-01 -1.000000000000000000e+00 -1.000000000000000000e+00 0.000000000000000000e+00 1.239348194189325403e+00 5.166013873118732030e-02 -1.000000000000000000e+00 -1.000000000000000000e+00
2.230000000000000000e+02 4.600000000004900000e+13 0.000000000000000000e+00 9.939486747697502400e-01 1.489977217613557281e-01 1.188666079036286155e-01 1.188666079036286155e-01 0.000000000000000000e+00 8.666989415774275507e-01 1.731597793997612933e-01 1.688145112745943069e+09 1.688145112745943069e+09
2.240000000000000000e+02 4.600000000003400000e+13 1.000000000000000000e+00 9.979867666922163094e-01 2.671613128148738955e-02 -1.000000000000000000e+00 -1.000000000000000000e+00 1.000000000000000000e+00 9.482370946153210189e-01 9.472230454552898679e-03 -1.000000000000000000e+00 -1.000000000000000000e+00
2.250000000000000000e+02 4.600000000000100000e+13 0.000000000000000000e+00 7.444198632230709656e-01 3.018300683289453223e-01 4.221894277286135644e-01 2.440448377581120876e-01 0.000000000000000000e+00 1.195991729587423835e+00 1.554724003214526806e-01 8.505768725039136410e+08 8.505768725039136410e+08
2.260000000000000000e+02 4.600000000000700000e+13 0.000000000000000000e+00 1.219017403566745594e+00 1.265271238519382474e-02 2.617331300649923878e-02 2.617331300649923878e-02 0.000000000000000000e+00 1.266015474404217134e+00 2.342198663842976272e-02 -1.000000000000000000e+00 -1.000000000000000000e+00
2.270000000000000000e+02 4.600000000000100000e+13 1.000000000000000000e+00 1.081615427135658614e+00 3.004443418406949062e-02 -1.000000000000000000e+00 -1.000000000000000000e+00 1.000000000000000000e+00 1.089390772240070193e+00 1.583858846781617535e-02 -1.000000000000000000e+00 -1.000000000000000000e+00
2.280000000000000000e+02 4.600000000000100000e+13 0.000000000000000000e+00 1.210068653842542918e+00 2.454437554995732296e-02 1.159159585653842806e-01 8.567296034129727456e-02 0.000000000000000000e+00 1.433625718396851711e+00 1.659528994741139851e-02 8.426663323421193659e+07 6.221102833075301349e+07
2.290000000000000000e+02 4.600000000000400000e+13 0.000000000000000000e+00 1.046876393195025789e+00 4.801793532466343273e-02 -1.000000000000000000e+00 -1.000000000000000000e+00 0.000000000000000000e+00 1.044603583006777248e+00 6.932136342139776086e-02 -1.000000000000000000e+00 -1.000000000000000000e+00
2.300000000000000000e+02 4.600000000000100000e+13 0.000000000000000000e+00 1.123891563514649805e+00 2.591986375951941743e-02 1.028388534578818791e-01 5.459825979752957331e-02 0.000000000000000000e+00 1.153231939819964857e+00 3.107558449101729264e-02 1.692733901668204665e+08 1.692733901668204665e+08
2.310000000000000000e+02 4.600000000000300000e+13 0.000000000000000000e+00 1.447760594148213453e+00 3.763683659057531078e-02 1.479298704023344624e-01 8.069862582607784107e-02 0.000000000000000000e+00 1.445676953572920809e+00 7.276600768522653584e-02 1.057437326808516264e+09 9.558613557243620157e+08
2.320000000000000000e+02 4.600000000029700000e+13 0.000000000000000000e+00 8.128664191419502361e-01 1.347934057174887124e-01 1.000000000000000000e+00 1.000000000000000000e+00 0.000000000000000000e+00 8.128664191419502361e-01 1.348214750545047580e-01 1.010188267687291336e+10 1.010188267687291336e+10
2.330000000000000000e+02 4.600000000000200000e+13 0.000000000000000000e+00 1.027354191833002917e+00 9.518851819597695663e-02 1.485212828898178905e-01 9.485335708573620905e-02 0.000000000000000000e+00 1.181644651357133480e+00 1.189615259899431399e-01 1.481191033763199806e+09 1.481191033763199806e+09
2.340000000000000000e+02 4.600000000000100000e+13 0.000000000000000000e+00 1.295042255440083112e+00 7.231031781496463640e-02 8.606949449632218807e-02 2.877719234180186811e-02 0.000000000000000000e+00 1.325399011294288831e+00 7.328753826621897671e-02 9.355164078393951654e+08 3.470755077961850762e+08
2.350000000000000000e+02 4.600000000001300000e+13 0.000000000000000000e+00 1.036101061227844955e+00 7.414345177755878036e-02 -1.000000000000000000e+00 -1.000000000000000000e+00 0.000000000000000000e+00 1.071296514942960521e+00 5.167208088623319318e-02 -1.000000000000000000e+00 -1.000000000000000000e+00
2.360000000000000000e+02 4.600000000000300000e+13 0.000000000000000000e+00 1.129086904687794268e+00 5.995473613176772326e-02 3.060925973870657138e-02 3.060925973870657138e-02 0.000000000000000000e+00 1.121932918958130632e+00 9.274710090549154184e-02 3.466342440741891265e+08 3.466342440741891265e+08
2.370000000000000000e+02 4.600000000001900000e+13 0.000000000000000000e+00 6.362442198602495935e-01 1.315896702186520051e-01 2.716480272002057550e-01 2.716480272002057550e-01 0.000000000000000000e+00 8.026712769227815070e-01 7.359632063372033295e-02 -1.000000000000000000e+00 -1.000000000000000000e+00
2.380000000000000000e+02 4.600000000000500000e+13 0.000000000000000000e+00 1.180739677109350572e+00 5.500717624964138186e-02 1.205375338880059766e-01 1.205375338880059766e-01 0.000000000000000000e+00 1.144873770715418404e+00 4.253475886862063265e-02 -1.000000000000000000e+00 -1.000000000000000000e+00
2.390000000000000000e+02 4.600000000017800000e+13 0.000000000000000000e+00 1.272435007070269686e+00 8.775821977361011883e-02 1.146781357049460187e-01 1.146781357049460187e-01 0.000000000000000000e+00 1.072082527879107516e+00 1.472193853705767996e-01 1.456710926047137499e+09 1.456710926047137499e+09
2.400000000000000000e+02 4.600000000000300000e+13 0.000000000000000000e+00 1.166265404483681545e+00 5.411954431114912589e-02 -1.000000000000000000e+00 -1.000000000000000000e+00 0.000000000000000000e+00 1.203088311414730605e+00 7.289262153263985355e-02 -1.000000000000000000e+00 -1.000000000000000000e+00
2.410000000000000000e+02 4.600000000000300000e+13 0.000000000000000000e+00 1.331859345876809320e+00 1.696918933486397940e-01 2.575817562683434536e-01 1.965407627391724532e-01 0.000000000000000000e+00 1.198600980621306267e+00 2.082327038862015756e-01 3.157072462754027367e+09 2.408918390967474937e+09
2.420000000000000000e+02 4.600000000010200000e+13 0.000000000000000000e+00 9.392661403309381374e-01 6.601550174382551928e-02 -1.000000000000000000e+00 -1.000000000000000000e+00 0.000000000000000000e+00 8.477398577732137008e-01 5.806297700197599748e-02 -1.000000000000000000e+00 -1.000000000000000000e+00
2.430000000000000000e+02 4.600000000000400000e+13 0.000000000000000000e+00 9.873415901885660428e-01 9.576907586186726717e-02 5.057623272062177627e-02 5.057623272062177627e-02 0.000000000000000000e+00 1.088761764623274786e+00 1.033068080347643164e-01 6.405777831736233234e+08 6.405777831736233234e+08
2.440000000000000000e+02 4.600000000027900000e+13 0.000000000000000000e+00 1.201589407185235769e+00 1.805793101815824364e-01 -1.000000000000000000e+00 -1.000000000000000000e+00 0.000000000000000000e+00 1.278615539801308376e+00 1.387169934171461616e-01 -1.000000000000000000e+00 -1.000000000000000000e+00
2.450000000000000000e+02 4.600000000000600000e+13 0.000000000000000000e+00 1.032294388279302533e+00 1.995160037000590636e-01 3.239235899157612009e-01 2.409595897936759878e-01 0.000000000000000000e+00 1.318663688763702657e+00 9.726985856237381489e-02 1.359990160303127527e+09 6.852853546065653563e+08
2.460000000000000000e+02 4.600000000000100000e+13 0.000000000000000000e+00 1.690504775016880457e+00 2.187537207982629683e-01 5.234002378432317526e-01 3.194752916728226810e-01 0.000000000000000000e+00 1.422319263560153146e+00 1.294750079379526353e-01 1.494969490323446989e+09 9.116399536509228945e+08
2.470000000000000000e+02 4.600000000003900000e+13 0.000000000000000000e+00 1.008192444739641980e+00 4.516655175982811632e-02 -1.000000000000000000e+00 -1.000000000000000000e+00 0.000000000000000000e+00 9.033966512538582627e-01 5.196117928166129468e-02 -1.000000000000000000e+00 -1.000000000000000000e+00
2.480000000000000000e+02 4.600000000000200000e+13 0.000000000000000000e+00 1.136338702212105201e+00 4.209487156522329077e-02 8.008985626195818872e-03 8.008985626195818872e-03 0.000000000000000000e+00 1.220416384570076396e+00 3.850255458177183343e-02 -1.000000000000000000e+00 -1.000000000000000000e+00
2.490000000000000000e+02 4.600000000000100000e+13 0.000000000000000000e+00 1.658709761675832839e+00 1.079593544235006586e-01 2.084377613488107572e-01 7.731743217475663121e-02 0.000000000000000000e+00 1.509802191552420458e+00 1.187083138537021326e-01 1.548273325850360394e+09 9.403593813634241819e+08
2.500000000000000000e+02 4.600000000001200000e+13 0.000000000000000000e+00 1.146409767135223134e+00 6.181752320369288123e-02 -1.000000000000000000e+00 -1.000000000000000000e+00 0.000000000000000000e+00 1.127613234085429683e+00 5.054787716608612202e-02 -1.000000000000000000e+00 -1.000000000000000000e+00
2.510000000000000000e+02 4.600000000000200000e+13 0.000000000000000000e+00 2.660982552790313260e+00 2.513924748706805601e-01 3.842014496236231813e-01 1.657418842871752340e-01 0.000000000000000000e+00 1.974025635779113275e+00 2.649386731811027573e-01 4.042050117624029160e+09 2.238126335691955090e+09
2.520000000000000000e+02 4.600000000004800000e+13 0.000000000000000000e+00 1.146274851741371892e+00 9.636221995740472390e-02 1.000000000000000000e+00 1.000000000000000000e+00 0.000000000000000000e+00 1.146274851741371892e+00 9.636698374872446071e-02 9.962434681591247559e+09 9.962434681591247559e+09
2.530000000000000000e+02 4.600000000005700000e+13 0.000000000000000000e+00 9.829326159719801170e-01 6.814949796555706818e-02 -1.000000000000000000e+00 -1.000000000000000000e+00 0.000000000000000000e+00 9.549555775137407165e-01 6.961038882459855137e-02 -1.000000000000000000e+00 -1.000000000000000000e+00
2.540000000000000000e+02 4.600000000000100000e+13 0.000000000000000000e+00 1.217469131333635657e+00 4.026455655684112178e-02 6.911765401848755930e-02 1.854239340900358871e-02 0.000000000000000000e+00 1.390446355978961490e+00 2.406826048144570379e-02 1.881758090295796692e+08 1.182453489558985680e+08
2.550000000000000000e+02 4.600000000000200000e+13 0.000000000000000000e+00 1.205013269029411305e+00 5.758283581971101323e-02 3.059978196701454087e-02 3.059978196701454087e-02 0.000000000000000000e+00 1.295129625987818001e+00 8.503104916219941800e-02 3.774575886174877286e+08 3.774575886174877286e+08
2.560000000000000000e+02 4.600000000002300000e+13 0.000000000000000000e+00 1.107465692505837707e+00 1.040544457016240598e-01 -1.000000000000000000e+00 -1.000000000000000000e+00 0.000000000000000000e+00 9.757508387775756242e-01 1.290234920052954481e-01 -1.000000000000000000e+00 -1.000000000000000000e+00
2.570000000000000000e+02 4.600000000000100000e+13 0.000000000000000000e+00 9.819878644875109641e-01 5.029549295376715273e-02 3.299119922115286568e-02 3.299119922115286568e-02 0.000000000000000000e+00 1.049907454078314650e+00 3.944814101795707934e-02 4.467232587705954909e+08 4.467232587705954909e+08
2.580000000000000000e+02 4.600000000000100000e+13 0.000000000000000000e+00 1.078830650315283135e+00 8.462437625836703725e-02 8.162989104365106496e-02 6.641806954628169668e-02 0.000000000000000000e+00 1.133599288305222608e+00 6.878236105629398356e-02 2.008029742695988417e+08 2.008029742695988417e+08
2.590000000000000000e+02 4.600000000001700000e+13 0.000000000000000000e+00 1.067989720905262452e+00 1.749878422370376163e-01 2.054942782158555303e-01 2.054942782158555303e-01 0.000000000000000000e+00 9.243144627933712609e-01 1.195675199055654114e-01 -1.000000000000000000e+00 -1.000000000000000000e+00
2.600000000000000000e+02 4.600000000004400000e+13 0.000000000000000000e+00 8.790740082645064346e-01 8.689229511948215467e-02 -1.000000000000000000e+00 -1.000000000000000000e+00 0.000000000000000000e+00 9.455265374565928749e-01 1.200415736934280636e-01 -1.000000000000000000e+00 -1.000000000000000000e+00
2.610000000000000000e+02 4.600000000000100000e+13 0.000000000000000000e+00 1.114011363712520186e+00 1.449185637108268421e-01 2.366610988271486138e-01 1.960103826187271636e-01 0.000000000000000000e+00 1.210943009269835224e+00 1.172751938244026293e-01 5.686344214688007832e+08 5.686344214688007832e+08
2.620000000000000000e+02 4.600000000000400000e+13 1.000000000000000000e+00 1.036684741155436074e+00 3.864417274524224732e-02 -1.000000000000000000e+00 -1.000000000000000000e+00 1.000000000000000000e+00 1.125013636003667550e+00 3.312600186734616925e-02 -1.000000000000000000e+00 -1.000000000000000000e+00
2.630000000000000000e+02 4.600000000013500000e+13 0.000000000000000000e+00 1.042339724368976484e+00 2.213232762563246969e-01 1.555561633345184935e-01 1.555561633345184935e-01 0.000000000000000000e+00 4.714523075257751605e-01 2.533434364316776155e-01 2.481394381329644680e+09 2.481394381329644680e+09
2.640000000000000000e+02 -1.000000000000000000e+00 -1.000000000000000000e+00 -1.000000000000000000e+00 -1.000000000000000000e+00 -1.000000000000000000e+00 -1.000000000000000000e+00 -1.000000000000000000e+00 -1.000000000000000000e+00 -1.000000000000000000e+00 -1.000000000000000000e+00 -1.000000000000000000e+00
2.650000000000000000e+02 -1.000000000000000000e+00 -1.000000000000000000e+00 -1.000000000000000000e+00 -1.000000000000000000e+00 -1.000000000000000000e+00 -1.000000000000000000e+00 -1.000000000000000000e+00 -1.000000000000000000e+00 -1.000000000000000000e+00 -1.000000000000000000e+00 -1.000000000000000000e+00
2.660000000000000000e+02 4.600000000014300000e+13 0.000000000000000000e+00 9.742445766151769382e-01 1.238431514581421755e-01 -1.000000000000000000e+00 -1.000000000000000000e+00 0.000000000000000000e+00 8.202718147155684258e-01 1.287558153899804048e-01 -1.000000000000000000e+00 -1.000000000000000000e+00
2.670000000000000000e+02 4.600000000007100000e+13 0.000000000000000000e+00 8.232436512747146606e-01 1.500114018229967150e-01 -1.000000000000000000e+00 -1.000000000000000000e+00 0.000000000000000000e+00 3.554981901811459788e-01 1.375217176422423859e-01 -1.000000000000000000e+00 -1.000000000000000000e+00
2.680000000000000000e+02 4.600000000000100000e+13 0.000000000000000000e+00 1.426884895906518125e+00 1.164040353106884362e-01 1.587891000195080782e-01 8.914078922276703898e-02 0.000000000000000000e+00 1.350615685948148847e+00 1.552719916496587971e-01 1.890909863515386105e+09 1.061516171841568828e+09
2.690000000000000000e+02 4.600000000016400000e+13 0.000000000000000000e+00 9.956363641009721155e-01 2.560549360760829285e-01 2.612475722609390871e-01 2.612475722609390871e-01 0.000000000000000000e+00 1.143607236595879817e+00 1.071543825305667080e-01 -1.000000000000000000e+00 -1.000000000000000000e+00
2.700000000000000000e+02 4.600000000002500000e+13 0.000000000000000000e+00 9.399713737699106897e-01 4.592704978300954366e-02 -1.000000000000000000e+00 -1.000000000000000000e+00 0.000000000000000000e+00 1.014466229315629020e+00 4.918224773211209155e-02 -1.000000000000000000e+00 -1.000000000000000000e+00
2.710000000000000000e+02 4.600000000001400000e+13 0.000000000000000000e+00 1.108876080093106120e+00 1.242376921795802225e-01 1.090826113994388807e-01 6.492533250035105452e-02 0.000000000000000000e+00 1.112232186694879221e+00 5.899074444916008186e-02 9.291186287787564993e+08 9.291186287787564993e+08
2.720000000000000000e+02 4.600000000000300000e+13 1.000000000000000000e+00 1.139962251889394595e+00 3.890351243967613698e-02 5.918072889681722654e-02 2.212812424168891096e-02 0.000000000000000000e+00 1.153494176595449172e+00 2.129641003180998346e-02 5.804616043656309843e+08 2.950131377185143828e+08
2.730000000000000000e+02 4.600000000004800000e+13 0.000000000000000000e+00 9.990329102100079517e-01 8.730965412587220198e-02 -1.000000000000000000e+00 -1.000000000000000000e+00 0.000000000000000000e+00 1.035187568101262556e+00 8.341266253527615526e-02 -1.000000000000000000e+00 -1.000000000000000000e+00
2.740000000000000000e+02 4.600000000000700000e+13 0.000000000000000000e+00 9.038499396211714387e-01 5.460249240694022704e-02 1.617800960360587723e-02 1.617800960360587723e-02 0.000000000000000000e+00 9.027506190379531725e-01 1.012895881414174748e-01 -1.000000000000000000e+00 -1.000000000000000000e+00
2.750000000000000000e+02 4.600000000000300000e+13 0.000000000000000000e+00 1.100630188179599678e+00 7.119372881712911216e-02 5.317065544718731218e-02 5.317065544718731218e-02 0.000000000000000000e+00 1.178784030574067776e+00 1.180794272293596153e-01 6.899710158052204847e+08 6.899710158052204847e+08
2.760000000000000000e+02 4.600000000000100000e+13 1.000000000000000000e+00 1.137683243038916769e+00 3.579582916200892834e-02 -1.000000000000000000e+00 -1.000000000000000000e+00 0.000000000000000000e+00 1.198351928693431212e+00 5.633326382049156505e-02 -1.000000000000000000e+00 -1.000000000000000000e+00
2.770000000000000000e+02 -1.000000000000000000e+00 -1.000000000000000000e+00 -1.000000000000000000e+00 -1.000000000000000000e+00 -1.000000000000000000e+00 -1.000000000000000000e+00 -1.000000000000000000e+00 -1.000000000000000000e+00 -1.000000000000000000e+00 -1.000000000000000000e+00 -1.000000000000000000e+00
2.780000000000000000e+02 4.600000000005300000e+13 0.000000000000000000e+00 9.334936280099458417e-01 5.927204778497324744e-02 -1.000000000000000000e+00 -1.000000000000000000e+00 0.000000000000000000e+00 9.549804593288011567e-01 6.636602937235046296e-02 -1.000000000000000000e+00 -1.000000000000000000e+00
2.790000000000000000e+02 4.600000000055900000e+13 0.000000000000000000e+00 1.024957925895111366e+00 8.999749107569207651e-02 -1.000000000000000000e+00 -1.000000000000000000e+00 0.000000000000000000e+00 9.013906319777273968e-01 1.175880161906276700e-01 -1.000000000000000000e+00 -1.000000000000000000e+00
2.800000000000000000e+02 4.600000000001800000e+13 0.000000000000000000e+00 9.594533447783371027e-01 5.314016003277632905e-02 -1.000000000000000000e+00 -1.000000000000000000e+00 0.000000000000000000e+00 9.029612078770153927e-01 4.942271480705180686e-02 -1.000000000000000000e+00 -1.000000000000000000e+00
2.810000000000000000e+02 4.600000000003300000e+13 0.000000000000000000e+00 8.108633517443619709e-01 4.853958540612356848e-02 -1.000000000000000000e+00 -1.000000000000000000e+00 0.000000000000000000e+00 8.017067215195321506e-01 2.662165414933944166e-02 -1.000000000000000000e+00 -1.000000000000000000e+00
2.820000000000000000e+02 4.600000000000300000e+13 0.000000000000000000e+00 1.235686271583653628e+00 3.492137841159218686e-02 5.250103373264378148e-02 3.366240988548040158e-02 0.000000000000000000e+00 1.311909610297563367e+00 1.203771275558153733e-02 2.542136770523296595e+08 2.542136770523296595e+08
2.830000000000000000e+02 4.600000000000800000e+13 0.000000000000000000e+00 9.706265369293743950e-01 5.365454458662614196e-02 2.145198048944579883e-01 8.626440164830544155e-02 0.000000000000000000e+00 7.831335660788304454e-01 6.018801406426280143e-02 1.921354827578329325e+09 1.027251957035490751e+09
2.840000000000000000e+02 4.600000000000100000e+13 0.000000000000000000e+00 1.348069863773689425e+00 1.174258342193742616e-01 2.006327050063859141e-01 8.565544071957173489e-02 0.000000000000000000e+00 1.254022391694971317e+00 1.230591764344663025e-01 1.981714087093229055e+09 1.023416762213967085e+09
2.850000000000000000e+02 4.600000000000100000e+13 0.000000000000000000e+00 1.280168681989720669e+00 6.137049131947767272e-02 4.950785970200557995e-02 4.950785970200557995e-02 0.000000000000000000e+00 1.288055929799346355e+00 8.854711809907797604e-02 5.347213000596569777e+08 5.347213000596569777e+08
2.860000000000000000e+02 4.600000000012400000e+13 0.000000000000000000e+00 1.015262522716337878e+00 1.673752062446406397e-01 -1.000000000000000000e+00 -1.000000000000000000e+00 0.000000000000000000e+00 9.512611576252890666e-01 1.929466086982078721e-01 -1.000000000000000000e+00 -1.000000000000000000e+00
2.870000000000000000e+02 4.600000000020200000e+13 0.000000000000000000e+00 1.051920384778687323e+00 2.630415867209002778e-01 3.174349516079614242e-01 3.174349516079614242e-01 0.000000000000000000e+00 1.149867396287217014e+00 7.985642378366095140e-02 -1.000000000000000000e+00 -1.000000000000000000e+00
2.880000000000000000e+02 4.600000000000300000e+13 1.000000000000000000e+00 1.044062526850923378e+00 3.652967343989201032e-02 1.582183802341977780e-02 1.582183802341977780e-02 0.000000000000000000e+00 1.105612353265048142e+00 7.836240500207636295e-02 -1.000000000000000000e+00 -1.000000000000000000e+00
2.890000000000000000e+02 4.600000000002900000e+13 0.000000000000000000e+00 9.437933058580486589e-01 7.727483309856961191e-02 -1.000000000000000000e+00 -1.000000000000000000e+00 0.000000000000000000e+00 9.995208444128255154e-01 7.881735364734909766e-02 -1.000000000000000000e+00 -1.000000000000000000e+00
2.900000000000000000e+02 4.600000000011600000e+13 0.000000000000000000e+00 1.089907114675263466e+00 9.925508760817115805e-02 -1.000000000000000000e+00 -1.000000000000000000e+00 0.000000000000000000e+00 1.026014776491088742e+00 1.203517231371074997e-01 -1.000000000000000000e+00 -1.000000000000000000e+00
2.910000000000000000e+02 4.600000000007300000e+13 0.000000000000000000e+00 1.159438770697655441e+00 4.154900884442823406e-02 1.083145180389989692e-01 1.083145180389989692e-01 0.000000000000000000e+00 1.115705349237936739e+00 6.195858064851984121e-02 1.261522445176057100e+09 1.261522445176057100e+09
2.920000000000000000e+02 4.600000000000600000e+13 0.000000000000000000e+00 1.196912318026958522e+00 1.401491604336423391e-01 2.142181418827790729e-01 8.129937189318330037e-02 0.000000000000000000e+00 1.292190944779533668e+00 1.482618642723857183e-01 2.231143534956212521e+09 8.467563316590352058e+08
2.930000000000000000e+02 4.600000000005300000e+13 1.000000000000000000e+00 9.357466909241706210e-01 3.678643849608299182e-02 -1.000000000000000000e+00 -1.000000000000000000e+00 1.000000000000000000e+00 9.635425155783110540e-01 9.676860456161321192e-03 -1.000000000000000000e+00 -1.000000000000000000e+00
2.940000000000000000e+02 4.600000000000200000e+13 0.000000000000000000e+00 1.056171608788462724e+00 2.145742769466583641e-02 1.115109832998406186e-01 8.001004781373431685e-02 0.000000000000000000e+00 1.003340394548730696e+00 3.456712205887157302e-02 4.133161922352483273e+08 4.133161922352483273e+08
2.950000000000000000e+02 -1.000000000000000000e+00 -1.000000000000000000e+00 -1.000000000000000000e+00 -1.000000000000000000e+00 -1.000000000000000000e+00 -1.000000000000000000e+00 -1.000000000000000000e+00 -1.000000000000000000e+00 -1.000000000000000000e+00 -1.000000000000000000e+00 -1.000000000000000000e+00
2.960000000000000000e+02 4.600000000000500000e+13 0.000000000000000000e+00 1.179291163650710406e+00 2.864450181439841259e-02 6.702125592915769703e-02 6.702125592915769703e-02 0.000000000000000000e+00 1.223101752113549212e+00 5.579609263193565510e-02 9.693614556227509975e+08 9.693614556227509975e+08
2.970000000000000000e+02 4.600000000000600000e+13 0.000000000000000000e+00 1.036290056626361977e+00 7.616666718263198632e-02 -1.000000000000000000e+00 -1.000000000000000000e+00 0.000000000000000000e+00 1.041968877148743422e+00 7.536471498830603355e-02 -1.000000000000000000e+00 -1.000000000000000000e+00
2.980000000000000000e+02 4.600000000000600000e+13 0.000000000000000000e+00 1.121595781156031757e+00 7.911123454834136093e-02 4.276004914576034960e-02 4.276004914576034960e-02 0.000000000000000000e+00 1.116652784688297206e+00 9.651543789334214585e-02 -1.000000000000000000e+00 -1.000000000000000000e+00
2.990000000000000000e+02 4.600000000001800000e+13 0.000000000000000000e+00 9.320161308364780517e-01 1.198154322830808499e-01 1.116856565579063820e-01 7.761894257635917893e-02 0.000000000000000000e+00 8.710262909085155769e-01 1.201585931291931642e-01 1.046667524532012939e+09 1.046667524532012939e+09
3.000000000000000000e+02 4.600000000000200000e+13 0.000000000000000000e+00 1.034034568617393068e+00 6.326139278827914991e-02 2.269530187205434646e-02 1.143796241848708470e-02 0.000000000000000000e+00 1.101820832791964744e+00 7.446659774101700713e-02 -1.000000000000000000e+00 -1.000000000000000000e+00
3.010000000000000000e+02 4.600000000000900000e+13 0.000000000000000000e+00 1.429899197149676837e+00 5.333170035435894768e-02 1.478477244292754622e-01 1.003241039603420814e-01 0.000000000000000000e+00 1.311818673365901411e+00 1.092660091246366177e-01 1.736600533041835785e+09 1.284988338765969992e+09
3.020000000000000000e+02 4.600000000000400000e+13 0.000000000000000000e+00 8.467108970135697188e-01 6.003806623066636206e-02 -1.000000000000000000e+00 -1.000000000000000000e+00 1.000000000000000000e+00 9.207829947613253019e-01 3.534648066943614497e-02 -1.000000000000000000e+00 -1.000000000000000000e+00
3.030000000000000000e+02 4.600000000000100000e+13 0.000000000000000000e+00 1.243249873177610931e+00 2.044032316142645189e-01 3.053823244533591663e-01 2.318676164400277628e-01 0.000000000000000000e+00 1.487334261348611353e+00 1.337269559772941985e-01 7.676742546095641851e+08 5.005971366295962334e+08
3.040000000000000000e+02 4.600000000000500000e+13 0.000000000000000000e+00 1.054462675213410305e+00 4.841314641783150269e-02 -1.000000000000000000e+00 -1.000000000000000000e+00 0.000000000000000000e+00 1.103358831635708581e+00 4.192349060008374734e-02 -1.000000000000000000e+00 -1.000000000000000000e+00
3.050000000000000000e+02 4.600000000000400000e+13 0.000000000000000000e+00 1.226075687071232823e+00 6.428133300685019702e-02 7.076162704105229406e-02 7.076162704105229406e-02 0.000000000000000000e+00 1.079472515922315745e+00 8.310792111045751940e-02 8.104634577577439547e+08 8.104634577577439547e+08
3.060000000000000000e+02 4.600000000002900000e+13 0.000000000000000000e+00 9.533994214852923310e-01 5.394513774910845300e-02 -1.000000000000000000e+00 -1.000000000000000000e+00 0.000000000000000000e+00 9.398828549969771018e-01 5.268023290925790553e-02 -1.000000000000000000e+00 -1.000000000000000000e+00
3.070000000000000000e+02 4.600000000001100000e+13 0.000000000000000000e+00 1.125383288575613427e+00 1.201488320981716484e-01 1.735722317677644566e-01 1.401950289214936585e-01 0.000000000000000000e+00 1.375096549967404824e+00 7.240578165807197430e-02 4.661814635646424890e+08 4.661814635646424890e+08
3.080000000000000000e+02 4.600000000002500000e+13 1.000000000000000000e+00 9.005618935513896028e-01 2.746762480068335593e-02 -1.000000000000000000e+00 -1.000000000000000000e+00 1.000000000000000000e+00 9.650242800889725636e-01 3.037938067661005714e-02 -1.000000000000000000e+00 -1.000000000000000000e+00
3.090000000000000000e+02 4.600000000000500000e+13 1.000000000000000000e+00 9.873943835368471644e-01 2.868687528808546230e-02 6.398490876663465166e-02 6.398490876663465166e-02 0.000000000000000000e+00 9.988092007414522966e-01 5.580051035258055958e-02 -1.000000000000000000e+00 -1.000000000000000000e+00
3.100000000000000000e+02 4.600000000001600000e+13 0.000000000000000000e+00 9.353136987242122169e-01 6.933184398500376322e-02 -1.000000000000000000e+00 -1.000000000000000000e+00 0.000000000000000000e+00 1.004977721151508074e+00 7.449467195973380473e-02 -1.000000000000000000e+00 -1.000000000000000000e+00
3.110000000000000000e+02 4.600000000015700000e+13 1.000000000000000000e+00 9.499754881484436808e-01 3.959066543030811264e-02 -1.000000000000000000e+00 -1.000000000000000000e+00 0.000000000000000000e+00 1.177452253747087063e+00 1.535426350436882581e-01 -1.000000000000000000e+00 -1.000000000000000000e+00
3.120000000000000000e+02 4.600000000035400000e+13 0.000000000000000000e+00 1.021400318763411974e+00 1.833133967367288342e-01 -1.000000000000000000e+00 -1.000000000000000000e+00 0.000000000000000000e+00 9.849972808156219894e-01 1.774192676009588021e-01 -1.000000000000000000e+00 -1.000000000000000000e+00
3.130000000000000000e+02 4.600000000001000000e+13 0.000000000000000000e+00 1.007250403900700642e+00 6.709019519598806436e-02 2.196690539161788233e-02 2.196690539161788233e-02 0.000000000000000000e+00 1.040714247446096863e+00 6.898954352553722524e-02 2.681860390231232941e+08 2.681860390231232941e+08
3.140000000000000000e+02 4.600000000003800000e+13 0.000000000000000000e+00 1.276330353977886523e+00 1.856034025660735776e-01 1.790847243303914926e-01 1.790847243303914926e-01 0.000000000000000000e+00 1.134604775367898943e+00 2.456951813746460489e-01 2.158165514429050922e+09 2.158165514429050922e+09
3.150000000000000000e+02 4.600000000035300000e+13 0.000000000000000000e+00 8.656941920268473867e-01 1.422062690360967885e-01 1.728297092777051625e-01 1.728297092777051625e-01 0.000000000000000000e+00 7.626003863867721888e-01 2.154183039817676726e-01 2.415534672978187084e+09 2.415534672978187084e+09
3.160000000000000000e+02 4.600000000000200000e+13 0.000000000000000000e+00 1.006744805749993921e+00 6.275343387948197071e-02 2.364879687868816013e-02 2.364879687868816013e-02 0.000000000000000000e+00 1.103206866576903700e+00 7.918153468995627053e-02 3.291664050628749132e+08 3.291664050628749132e+08
3.170000000000000000e+02 4.600000000000600000e+13 0.000000000000000000e+00 1.070163211711239626e+00 4.150218342624423240e-02 2.247236458647372190e-02 2.247236458647372190e-02 0.000000000000000000e+00 1.070617941707480369e+00 5.505359692281349554e-02 2.954022014082441926e+08 2.954022014082441926e+08
3.180000000000000000e+02 4.600000000067400000e+13 1.000000000000000000e+00 8.669688768784714616e-01 3.934425966585396867e-02 -1.000000000000000000e+00 -1.000000000000000000e+00 0.000000000000000000e+00 1.346175849739118524e+00 3.831542559001709092e-02 -1.000000000000000000e+00 -1.000000000000000000e+00
3.190000000000000000e+02 4.600000000000100000e+13 0.000000000000000000e+00 1.135492379203267177e+00 3.710263652674951340e-02 1.782505478016159217e-01 6.791439939545453053e-02 0.000000000000000000e+00 1.112301351189919796e+00 3.644917545875875353e-02 2.099918089611560345e+09 8.000798740565022230e+08
3.200000000000000000e+02 4.600000000002800000e+13 0.000000000000000000e+00 1.302438450740023068e+00 2.420705568894511717e-01 -1.000000000000000000e+00 -1.000000000000000000e+00 0.000000000000000000e+00 1.139957981264838160e+00 2.702672528879291880e-01 -1.000000000000000000e+00 -1.000000000000000000e+00
3.210000000000000000e+02 4.600000000021800000e+13 0.000000000000000000e+00 8.716513158427459107e-01 8.649598065439813299e-02 2.698205681320406946e-01 2.698205681320406946e-01 0.000000000000000000e+00 6.098237582702961124e-01 2.216935564709113793e-01 -1.000000000000000000e+00 -1.000000000000000000e+00
3.220000000000000000e+02 4.600000000002100000e+13 0.000000000000000000e+00 9.718328098340203169e-01 3.214072809059050767e-02 1.000000000000000000e+00 1.000000000000000000e+00 0.000000000000000000e+00 9.524244436451727580e-01 2.477844614812584056e-02 1.086307562533345604e+10 1.086307562533345604e+10
3.230000000000000000e+02 4.600000000086700000e+13 0.000000000000000000e+00 5.464682300432839313e-01 1.459236906030245140e-01 -1.000000000000000000e+00 -1.000000000000000000e+00 0.000000000000000000e+00 6.620530116003034982e-01 2.788678655468002643e-01 -1.000000000000000000e+00 -1.000000000000000000e+00
3.240000000000000000e+02 4.600000000001000000e+13 0.000000000000000000e+00 1.155017810686412405e+00 9.058852224675434384e-02 1.138621698513865056e-02 1.138621698513865056e-02 0.000000000000000000e+00 1.384416870749538564e+00 9.125159019393223880e-02 1.450044715370198488e+08 1.450044715370198488e+08
