# rID[0] Hid[1]   R200: DS[2], eta[3], detla[4], fm[5], fm2[6];   R500: DS[7], eta[8], detla[9], fm[10], fm2[11]
1.000000000000000000e+00 1.050000000000010000e+14 0.000000000000000000e+00 1.275874326432013373e+00 8.589173864474837494e-03 9.245945797638099872e-02 1.078534743360425041e-02 0.000000000000000000e+00 1.470643577802974944e+00 2.699402821351140278e-02 9.198342204196869135e+08 1.469310797436322868e+08
2.000000000000000000e+00 1.050000000000010000e+14 0.000000000000000000e+00 1.076837368758118751e+00 2.880720324728493903e-02 2.210322491965829861e-01 5.156015051544861338e-02 0.000000000000000000e+00 1.256417950463345479e+00 6.008850594878603624e-02 1.573064119289540529e+09 3.370641999948964715e+08
3.000000000000000000e+00 1.050000000000010000e+14 0.000000000000000000e+00 1.142056652199942235e+00 1.264761822042575201e-01 1.570493942908703089e-01 7.904847838569437068e-02 0.000000000000000000e+00 1.170830428656728595e+00 1.487306304501646581e-01 1.822116677415578842e+09 1.096350290874789476e+09
4.000000000000000000e+00 1.050000000000010000e+14 0.000000000000000000e+00 1.033440185269218992e+00 1.447024473291881608e-01 2.292326821565024708e-01 1.030767618783889478e-01 0.000000000000000000e+00 1.319615616964494365e+00 1.208102843022250822e-01 9.271090871591866016e+08 1.632812101329890192e+08
5.000000000000000000e+00 1.050000000000010000e+14 0.000000000000000000e+00 2.005248428160468777e+00 3.770899941886524803e-02 1.754863545371650735e-01 3.151740046739412437e-02 0.000000000000000000e+00 2.094462225783090492e+00 5.132882670792981300e-02 1.931633139641030312e+09 4.367770965049247742e+08
6.000000000000000000e+00 1.050000000000010000e+14 0.000000000000000000e+00 1.198982728140651988e+00 5.110912945630207566e-02 1.440665576910760415e-01 1.819426572965125721e-02 0.000000000000000000e+00 1.248266753623000547e+00 3.101935316728055003e-02 1.383954888697146654e+09 2.506645103143419027e+08
7.000000000000000000e+00 1.050000000000010000e+14 0.000000000000000000e+00 1.280546810295623228e+00 9.274950771641225777e-02 1.754279528009580202e-01 3.191201869709081596e-02 0.000000000000000000e+00 1.553625785630956102e+00 7.645978320798167693e-02 1.216094091990928650e+09 2.372089704038991630e+08
8.000000000000000000e+00 1.050000000000010000e+14 0.000000000000000000e+00 1.165718856627637523e+00 8.024868749895494591e-02 1.840930690432799888e-01 5.059373725774105046e-02 0.000000000000000000e+00 9.960552769242652094e-01 9.785167913669520767e-02 2.095931559156984568e+09 6.625839402230885029e+08
9.000000000000000000e+00 1.050000000000010000e+14 0.000000000000000000e+00 1.179769965552057043e+00 4.026982232073392232e-02 1.278404270222090189e-01 2.288949342642798701e-02 0.000000000000000000e+00 1.257843544777271561e+00 2.498008449493621663e-02 1.230915447492720127e+09 3.277893328715681434e+08
1.000000000000000000e+01 1.050000000000020000e+14 0.000000000000000000e+00 1.012371784542753117e+00 2.256797172168438503e-02 1.217070403979224891e-01 3.036999715922795301e-02 0.000000000000000000e+00 1.133886156755033570e+00 2.050867760947358565e-02 9.592337829092226028e+08 2.150459816244888604e+08
1.100000000000000000e+01 1.050000000000010000e+14 0.000000000000000000e+00 1.126741798647309833e+00 1.283980238380171834e-01 3.519102055013910157e-01 1.600315989879686207e-01 0.000000000000000000e+00 1.335348673334848302e+00 5.609097239877181701e-02 1.810713270650234699e+09 6.148834601223508120e+08
1.200000000000000000e+01 1.050000000000020000e+14 0.000000000000000000e+00 8.788407990634670153e-01 1.129625207610642501e-01 3.533505922819502598e-01 2.395163510823060948e-01 0.000000000000000000e+00 1.132340556464416670e+00 3.704839440363810049e-02 5.504503073728867769e+08 1.328514569014099240e+08
1.300000000000000000e+01 1.050000000000020000e+14 0.000000000000000000e+00 1.143189537577759651e+00 7.748825815971746578e-02 1.081463307432631582e-01 6.113194204753045341e-02 0.000000000000000000e+00 1.304636433723319611e+00 2.273234870737821101e-02 5.773779332363423109e+08 1.436212765423775017e+08
1.400000000000000000e+01 1.050000000000010000e+14 0.000000000000000000e+00 1.285393150033965926e+00 1.593974943032359370e-01 1.597057954168050464e-01 8.281363395943269756e-02 0.000000000000000000e+00 1.595288348146367330e+00 1.651554890683554766e-01 7.459363217503377199e+08 1.351325229545370042e+08
1.500000000000000000e+01 1.050000000000010000e+14 0.000000000000000000e+00 1.126584524841601098e+00 2.065235380551215250e-01 2.418607504076712988e-01 7.705218923747797488e-02 0.000000000000000000e+00 9.581763838746735207e-01 2.205449469645179572e-01 1.983133339507241488e+09 1.193933803202470303e+09
1.600000000000000000e+01 1.050000000000020000e+14 0.000000000000000000e+00 1.296633994452966121e+00 6.858554788389459311e-02 8.696335161302380656e-02 1.272640275129901730e-02 0.000000000000000000e+00 1.341412274314858211e+00 1.030323983644918506e-01 8.089011997164896727e+08 1.539115945303725898e+08
1.700000000000000000e+01 1.050000000000010000e+14 0.000000000000000000e+00 1.222151229915399151e+00 8.462746406635419938e-02 1.818050413987481184e-01 6.822159812469569262e-02 0.000000000000000000e+00 1.259235934136330837e+00 1.169281434838385370e-01 1.854800567577731848e+09 8.841316081030259132e+08
1.800000000000000000e+01 1.050000000000010000e+14 0.000000000000000000e+00 1.159689319374456407e+00 1.181055023092152517e-01 1.682112661474164106e-01 5.532624670162664127e-02 0.000000000000000000e+00 1.143893779138142719e+00 1.173073328713719748e-01 1.897700099895613194e+09 8.078360987058863640e+08
1.900000000000000000e+01 1.050000000000010000e+14 0.000000000000000000e+00 1.270256968117125185e+00 1.505043548902887662e-01 1.838660568246367200e-01 7.237986870582482912e-02 0.000000000000000000e+00 1.244208598777407415e+00 1.432691156250907316e-01 2.008545867098306656e+09 1.057953731725788832e+09
2.000000000000000000e+01 1.050000000000020000e+14 0.000000000000000000e+00 1.080132936768565921e+00 5.358834142594594979e-02 1.703316577443981794e-01 4.062727920742982557e-02 0.000000000000000000e+00 1.157847438434441489e+00 2.115484471318605439e-02 5.590943526689330339e+08 6.264299608839749545e+07
2.100000000000000000e+01 1.050000000000010000e+14 0.000000000000000000e+00 2.012719896460511304e+00 1.427510565392670627e-01 3.052368468059841189e-01 5.130912732489546074e-02 0.000000000000000000e+00 1.483098663238848092e+00 1.694381748382090269e-01 2.996619197520488739e+09 6.803416468310650587e+08
2.200000000000000000e+01 1.050000000000010000e+14 0.000000000000000000e+00 1.310650532310974725e+00 8.626509892559613979e-02 1.353750121724341948e-01 4.342566405772862320e-02 0.000000000000000000e+00 1.313668468057347827e+00 8.880487696210784265e-02 1.256812873272593498e+09 5.658981652293236256e+08
2.300000000000000000e+01 1.050000000000010000e+14 0.000000000000000000e+00 1.022462682636902320e+00 1.015379434064575120e-01 2.354098016786938807e-01 9.823378883259123451e-02 0.000000000000000000e+00 9.475752587157900697e-01 5.230186633392218398e-02 1.084670108912728786e+09 4.741323622746602893e+08
2.400000000000000000e+01 1.050000000000030000e+14 0.000000000000000000e+00 1.091499946972922963e+00 1.088052839113246364e-02 1.080262807770403288e+00 1.000000000000000000e+00 0.000000000000000000e+00 1.191005044069988417e+00 1.884598338134193043e-02 1.241395542457164192e+10 1.149244253545406914e+10
2.500000000000000000e+01 1.050000000000010000e+14 0.000000000000000000e+00 1.178555615783683619e+00 7.425384913201252268e-02 1.575524992812872282e-01 4.364720398407939683e-02 0.000000000000000000e+00 1.360493725860544734e+00 8.916108783971685159e-02 1.561030721902590275e+09 6.112018478305884600e+08
2.600000000000000000e+01 1.050000000000010000e+14 0.000000000000000000e+00 1.181564409998369758e+00 5.127387770480181656e-02 1.081546784929774407e-01 1.972204158751452927e-02 0.000000000000000000e+00 1.373823494362478748e+00 6.941458503724183549e-02 8.979146225495779514e+08 2.900501356180418134e+08
2.700000000000000000e+01 1.050000000000010000e+14 0.000000000000000000e+00 1.114143373782879642e+00 2.534201021472241508e-02 1.373305365936356714e-01 1.409283438098492443e-02 0.000000000000000000e+00 1.303249242574054723e+00 7.614517364025536611e-03 8.481092337054607868e+08 6.028188988990865648e+07
2.800000000000000000e+01 1.050000000000010000e+14 0.000000000000000000e+00 8.421197355554425057e-01 2.177800012792993622e-01 3.445392388106565673e-01 2.078067726500160417e-01 0.000000000000000000e+00 1.202237022757185470e+00 6.251673555500598944e-02 6.163436025921058655e+08 1.466266920525362790e+08
2.900000000000000000e+01 1.050000000000010000e+14 0.000000000000000000e+00 1.130933348717742648e+00 2.881071605654902945e-02 1.156704916416733397e-01 2.455714012594247680e-02 0.000000000000000000e+00 1.390790513475827828e+00 4.668696275343573593e-02 8.387348638493549824e+08 1.102291068251527697e+08
3.000000000000000000e+01 1.050000000000010000e+14 0.000000000000000000e+00 8.282387942004111325e-01 1.132869914089947860e-01 2.800537202223208344e-01 1.171234172698090992e-01 0.000000000000000000e+00 1.277508367290120628e+00 6.814081786370432270e-02 1.388623408015189409e+09 5.635925839704308510e+08
3.100000000000000000e+01 1.050000000000010000e+14 0.000000000000000000e+00 1.217667631676795814e+00 1.685688046464779155e-01 2.488212569495359405e-01 6.558685152733621793e-02 0.000000000000000000e+00 8.847355261481165689e-01 1.755613154000433829e-01 1.897961122081393003e+09 1.131511332260978699e+09
3.200000000000000000e+01 1.050000000000010000e+14 0.000000000000000000e+00 1.086261479686035480e+00 6.080684788952038511e-02 1.184892089001495091e-01 4.417201259946135911e-02 0.000000000000000000e+00 1.095918037501245390e+00 3.869802149042711470e-02 5.749280349999463558e+08 7.425356248510077596e+07
3.300000000000000000e+01 1.050000000000010000e+14 0.000000000000000000e+00 9.684023219739315014e-01 7.756917524922338214e-02 9.688690042309289208e-02 1.005871493242437541e-02 0.000000000000000000e+00 1.336162737656762189e+00 2.247972861053473131e-02 6.263257823702712059e+08 4.720519349596322328e+07
3.400000000000000000e+01 1.050000000000010000e+14 0.000000000000000000e+00 1.004713464292572356e+00 1.087699230199255518e-01 2.498565423224722859e-01 1.564286207372635740e-01 0.000000000000000000e+00 1.592679238532385799e+00 5.117098511021975910e-02 8.559639224109818935e+08 2.114557958412305117e+08
3.500000000000000000e+01 1.050000000000010000e+14 0.000000000000000000e+00 1.105506076741594068e+00 3.934836807780606877e-02 1.211586933703559660e-01 2.951152831877676408e-02 0.000000000000000000e+00 1.310536289729260284e+00 2.471671625369381911e-02 7.872415806679314375e+08 9.157200640350410342e+07
3.600000000000000000e+01 1.050000000000010000e+14 0.000000000000000000e+00 1.269133487193951249e+00 1.628727277858631195e-01 1.972383961907883954e-01 2.778841070191762075e-02 0.000000000000000000e+00 1.374538839327179129e+00 1.342521773229311544e-01 1.580953463654216528e+09 2.146985270732115805e+08
3.700000000000000000e+01 1.050000000000010000e+14 1.000000000000000000e+00 1.062183864439836478e+00 2.584030660182227990e-02 6.163723580912662536e-02 7.182435838126341801e-03 0.000000000000000000e+00 1.217772480685402225e+00 1.818380143240332786e-02 5.870869935228481293e+08 1.080293113789398521e+08
3.800000000000000000e+01 1.050000000000010000e+14 0.000000000000000000e+00 1.172165693553204768e+00 6.926977909122224164e-02 1.658422209141566794e-01 2.331033150405399657e-02 0.000000000000000000e+00 1.213834438882191780e+00 8.251131962752869531e-02 1.667154704721183062e+09 2.593045665530027449e+08
3.900000000000000000e+01 1.050000000000010000e+14 0.000000000000000000e+00 1.171960027607879429e+00 7.094192829284431956e-02 1.841689178325663367e-01 8.222657908576383456e-02 0.000000000000000000e+00 1.343354426101954546e+00 8.011991766026441142e-02 1.975538624141483307e+09 1.139312980299999475e+09
4.000000000000000000e+01 1.050000000000010000e+14 0.000000000000000000e+00 1.414139596738990479e+00 1.289832063452326094e-01 2.444562788116960150e-01 9.052783589355097027e-02 0.000000000000000000e+00 1.141450279745223062e+00 1.694121681564391135e-01 2.523255211515815735e+09 1.307939911761871576e+09
4.100000000000000000e+01 1.050000000000010000e+14 1.000000000000000000e+00 1.121637777568236904e+00 3.107941404583938402e-02 9.238899037646094992e-02 5.880600792741638543e-03 0.000000000000000000e+00 1.025637733071837809e+00 3.096890234233196093e-02 7.554396661268523932e+08 5.975051620520553738e+07
4.200000000000000000e+01 1.050000000000010000e+14 0.000000000000000000e+00 1.425388154285373243e+00 9.941242117812880419e-02 1.230476471113180481e-01 1.609985902559525964e-02 0.000000000000000000e+00 1.676091612140971243e+00 9.617188788105619779e-02 1.071778396301795602e+09 2.273347430206788480e+08
4.300000000000000000e+01 1.050000000000010000e+14 0.000000000000000000e+00 1.660976619816541433e+00 1.374901822794576400e-01 2.140333222424528059e-01 4.681891980985301849e-02 0.000000000000000000e+00 1.504987278679033258e+00 1.470541664970006490e-01 2.474519230930458069e+09 6.022279029347378016e+08
4.400000000000000000e+01 1.050000000000010000e+14 0.000000000000000000e+00 1.255101726327499057e+00 1.579815374243674353e-01 1.591874236237583728e-01 5.001554689181755137e-02 0.000000000000000000e+00 1.332007735240475776e+00 1.585095372274108738e-01 1.845313703483438015e+09 7.916715064475599527e+08
4.500000000000000000e+01 1.050000000000010000e+14 0.000000000000000000e+00 1.308037338020521911e+00 8.042891818973425810e-02 1.734449116661964385e-01 3.236266172262303176e-02 0.000000000000000000e+00 1.185229080322193651e+00 9.324804773219780296e-02 1.684782537230029583e+09 4.653595499245946407e+08
4.600000000000000000e+01 1.050000000000010000e+14 0.000000000000000000e+00 1.285558564164334117e+00 5.544711809179007217e-02 2.154782967538148852e-01 1.188243145047677002e-01 0.000000000000000000e+00 1.601822120369856606e+00 2.970696330322444498e-02 6.821657210051116943e+08 5.122384307836874574e+07
4.700000000000000000e+01 1.050000000000030000e+14 0.000000000000000000e+00 1.471449640656530056e+00 4.429229267019228061e-02 2.102729720919383205e-01 5.959829052708748298e-02 0.000000000000000000e+00 1.393857629494763550e+00 8.375323382674916550e-02 2.352705465232980728e+09 9.506009562980511189e+08
4.800000000000000000e+01 1.050000000000010000e+14 0.000000000000000000e+00 9.447281839343961707e-01 9.259170442990281857e-02 2.017845462640829035e-01 1.008460375585818330e-01 0.000000000000000000e+00 1.200046496837319010e+00 3.668305600765913582e-02 5.629422019808429480e+08 4.380781016954538226e+07
4.900000000000000000e+01 1.050000000000020000e+14 0.000000000000000000e+00 1.175769960146664683e+00 9.591277206274358147e-02 1.568609630728045878e-01 3.050371371581544339e-02 0.000000000000000000e+00 1.201163519733477791e+00 1.039572412251573985e-01 9.928550792431445122e+08 4.237132906364871860e+08
5.000000000000000000e+01 1.050000000000010000e+14 1.000000000000000000e+00 1.133781972126528759e+00 2.256704090963172760e-02 6.866683424931083191e-02 6.506100514736375823e-03 0.000000000000000000e+00 1.203059899024837343e+00 2.151926201143288322e-02 4.086674604440306425e+08 8.385722170722976327e+07
5.100000000000000000e+01 1.050000000000010000e+14 0.000000000000000000e+00 1.209755812050983259e+00 1.574292917322432372e-01 1.635079249039679827e-01 7.549222693723227351e-02 0.000000000000000000e+00 1.073929830856600098e+00 1.926770607258741497e-01 1.847796544262092352e+09 9.611292538995094299e+08
5.200000000000000000e+01 1.050000000000010000e+14 0.000000000000000000e+00 1.243571239136885609e+00 6.367218681123751334e-02 1.455227623134816295e-01 1.414462199623993909e-02 0.000000000000000000e+00 1.370558087483122689e+00 7.772488114418463212e-02 1.442560096590455532e+09 2.130501730068388879e+08
5.300000000000000000e+01 1.050000000000010000e+14 0.000000000000000000e+00 1.206002876404732138e+00 3.936718474381157434e-02 1.518540051889575027e-01 1.630213537841666491e-02 0.000000000000000000e+00 1.386046861083639392e+00 5.294497935559023399e-02 9.963482770867644548e+08 2.136789179129228294e+08
5.400000000000000000e+01 1.050000000000010000e+14 0.000000000000000000e+00 1.018887590521058595e+00 5.226780491459692701e-02 1.222985520696485001e-01 8.807747471947353912e-03 0.000000000000000000e+00 1.142211974935724683e+00 4.296600363199642308e-02 9.932017926237225533e+08 1.079828597458350360e+08
5.500000000000000000e+01 1.050000000000010000e+14 0.000000000000000000e+00 1.189417382905658016e+00 7.985181229090933253e-02 1.492171500168482656e-01 1.286373132651915004e-02 0.000000000000000000e+00 1.208647826674785541e+00 2.665816681533146257e-02 1.068388494128598213e+09 1.963402419546560943e+08
5.600000000000000000e+01 1.050000000000010000e+14 0.000000000000000000e+00 1.131183243745778721e+00 4.377063297022112942e-02 1.419206716477410535e-01 1.284759294334013140e-02 0.000000000000000000e+00 1.186984033992797283e+00 3.401495234885591051e-02 9.515305955369161367e+08 1.016506934086986184e+08
5.700000000000000000e+01 1.050000000000040000e+14 0.000000000000000000e+00 1.082322935494832716e+00 5.024335864295519094e-02 1.036274358880822921e-01 4.530460000729581022e-02 0.000000000000000000e+00 1.183144468523442461e+00 3.447183930981907035e-02 1.464673718284610510e+09 7.050550388766943216e+08
5.800000000000000000e+01 1.050000000000010000e+14 0.000000000000000000e+00 9.714345601326527246e-01 4.437688772064544984e-02 1.626154626368745137e-01 8.430484723275684378e-02 0.000000000000000000e+00 1.261530660506368973e+00 2.156213276949923291e-02 5.695871642582581043e+08 1.802671481459740400e+08
5.900000000000000000e+01 1.050000000000010000e+14 0.000000000000000000e+00 1.236204606779645720e+00 4.509169823391515758e-02 1.418904148014440425e-01 2.657581227436823026e-02 0.000000000000000000e+00 1.464872467345007978e+00 5.696928521286755837e-02 1.259364299161833763e+09 3.918048277460781336e+08
6.000000000000000000e+01 1.050000000000010000e+14 0.000000000000000000e+00 1.142869007404025972e+00 5.858956802662747265e-02 1.036816128546651922e-01 7.561073865347022090e-03 0.000000000000000000e+00 1.330088321791232708e+00 4.402742922124698588e-02 8.889089328130705357e+08 1.047432182402938604e+08
6.100000000000000000e+01 1.050000000000010000e+14 0.000000000000000000e+00 1.015697857921293412e+00 7.564885334929274951e-02 1.277309101531398372e-01 5.268210128667790565e-02 0.000000000000000000e+00 1.020634608664963139e+00 5.905198197744284533e-02 1.420606447090627432e+09 8.357844749732358456e+08
6.200000000000000000e+01 1.050000000000020000e+14 0.000000000000000000e+00 1.139650175784694408e+00 6.495001088174055803e-02 1.315526629123650315e-01 1.809048905085738554e-02 0.000000000000000000e+00 1.438840479813848550e+00 1.341287522518707157e-02 1.008127686349676847e+09 1.570349208053089976e+08
6.300000000000000000e+01 1.050000000000010000e+14 0.000000000000000000e+00 1.256504618199207446e+00 2.034186407753928172e-02 9.016019876348603523e-02 1.123977769599163005e-02 0.000000000000000000e+00 1.311919212928044587e+00 2.525234722055425332e-02 7.790685817091895342e+08 1.550454597697672844e+08
6.400000000000000000e+01 1.050000000000020000e+14 0.000000000000000000e+00 1.099370569217180016e+00 5.374606355787184264e-02 1.038468193594485889e-01 3.299573711047056740e-02 0.000000000000000000e+00 1.405979110937587206e+00 3.254152666826501394e-02 1.119474407061812639e+09 5.417598056893266439e+08
6.500000000000000000e+01 1.050000000000010000e+14 0.000000000000000000e+00 1.099763645160537040e+00 1.393174027339748877e-01 2.590721575260939713e-01 1.568246666376081622e-01 0.000000000000000000e+00 1.248078737489362489e+00 3.792846229357631910e-02 6.816724395755548477e+08 1.175443255135605931e+08
6.600000000000000000e+01 1.050000000000010000e+14 0.000000000000000000e+00 1.725902355157958423e+00 5.449362256703548651e-02 1.549714430689616562e-01 1.962186603701044849e-02 0.000000000000000000e+00 1.741022000731279551e+00 8.550596319590589300e-02 1.314733694412868738e+09 1.916022462844022810e+08
6.700000000000000000e+01 1.050000000000010000e+14 0.000000000000000000e+00 1.480836244883391606e+00 8.112381024382178674e-02 1.509951944144500013e-01 6.545173553695178559e-02 0.000000000000000000e+00 1.630634552382281832e+00 1.119315808789823619e-01 1.602220722825249672e+09 8.617121128116416931e+08
6.800000000000000000e+01 1.050000000000020000e+14 1.000000000000000000e+00 1.073519526876627772e+00 3.480437685891644983e-02 6.080449515704110935e-02 1.447561832939221575e-02 0.000000000000000000e+00 1.186209370982786115e+00 3.433495840207617666e-02 6.713817162090618610e+08 1.625178912436609864e+08
6.900000000000000000e+01 1.050000000000010000e+14 0.000000000000000000e+00 9.389134778417655980e-01 1.541591370600069455e-01 3.539011561551130836e-01 2.027674780086662909e-01 0.000000000000000000e+00 1.126856374136889993e+00 3.711847024634521569e-02 7.258989387072809935e+08 1.416752797222604454e+08
7.000000000000000000e+01 1.050000000000010000e+14 0.000000000000000000e+00 1.224251933581968599e+00 1.226814946598134975e-01 2.328543099642016723e-01 5.819729030539557563e-02 0.000000000000000000e+00 1.257285480256581822e+00 1.000665902599287282e-01 1.389945258459999323e+09 2.844481850600958467e+08
7.100000000000000000e+01 1.050000000000010000e+14 0.000000000000000000e+00 1.238923245628265724e+00 2.458415831236576352e-02 1.896939397823048656e-01 3.401832479211666649e-02 0.000000000000000000e+00 1.407792371647402119e+00 4.982780075543863374e-02 1.598888981855490685e+09 4.065481536472148299e+08
7.200000000000000000e+01 1.050000000000010000e+14 0.000000000000000000e+00 1.166372757355789824e+00 2.394931861669785667e-02 1.693377684558742824e-01 1.555521235008286776e-02 0.000000000000000000e+00 1.276664535337087347e+00 3.505794686289710749e-02 1.439164041063634396e+09 2.220780261656706035e+08
7.300000000000000000e+01 1.050000000000020000e+14 1.000000000000000000e+00 1.004311830361577673e+00 2.092334789049121388e-02 3.952685803622132260e-02 2.833863585048953995e-03 0.000000000000000000e+00 1.161912221411113277e+00 2.787325223296872878e-02 4.853335468140020370e+08 4.266838790418842435e+07
7.400000000000000000e+01 1.050000000000010000e+14 0.000000000000000000e+00 1.067331835468981360e+00 6.508337065042876790e-02 1.591742037475345206e-01 4.130650887573964619e-02 0.000000000000000000e+00 1.210205922773158305e+00 6.775911585406968474e-02 1.204170060507165432e+09 4.214279986441811323e+08
7.500000000000000000e+01 1.050000000000010000e+14 0.000000000000000000e+00 1.093653104608839133e+00 5.027703553523462515e-02 1.001102883632611767e-01 2.920947550793366251e-02 0.000000000000000000e+00 1.205373102396358087e+00 2.182695946608014664e-02 4.191288858965587020e+08 4.486795641708482057e+07
7.600000000000000000e+01 1.050000000000010000e+14 0.000000000000000000e+00 8.924408121699775043e-01 6.703833086366389749e-02 1.346205973617271567e-01 3.193472099631669558e-02 0.000000000000000000e+00 1.171226421315712640e+00 3.823523157942074202e-02 1.490323877187011242e+09 4.867292198034625053e+08
7.700000000000000000e+01 1.050000000000020000e+14 0.000000000000000000e+00 1.349341222942194163e+00 5.202386980450852960e-02 1.078073538088631655e-01 2.116323015835047672e-02 0.000000000000000000e+00 1.168594082717670624e+00 4.816112982450828500e-02 1.063138165980241418e+09 2.853871631888998151e+08
7.800000000000000000e+01 1.050000000000050000e+14 0.000000000000000000e+00 1.132433800000720359e+00 9.658191966274905227e-02 1.174864162147256225e-01 7.251806232190458057e-02 0.000000000000000000e+00 1.108753160983155794e+00 4.014886696880688027e-02 5.297663110280027986e+08 1.107469984743970037e+08
7.900000000000000000e+01 1.050000000000010000e+14 0.000000000000000000e+00 1.526456952443177251e+00 2.135283166438086896e-02 9.295216802235976850e-02 2.118353262054159525e-02 0.000000000000000000e+00 1.748045958205437733e+00 4.794399878807382304e-02 9.501536598250176907e+08 2.941387216157984138e+08
8.000000000000000000e+01 1.050000000000020000e+14 0.000000000000000000e+00 1.193679932547156985e+00 1.256667046896373374e-01 3.411231063123567053e-01 1.692498218380120156e-01 0.000000000000000000e+00 1.348186496836998316e+00 7.134445590999546893e-02 1.906763339079212189e+09 6.093032929856181145e+08
8.100000000000000000e+01 1.050000000000010000e+14 0.000000000000000000e+00 1.271270600118473260e+00 6.989464431579905934e-02 1.215656962785114092e-01 2.203820814039901543e-02 0.000000000000000000e+00 1.278618530494797678e+00 6.516021254085924141e-02 9.744058380839321613e+08 3.049286686320192218e+08
8.200000000000000000e+01 1.050000000000020000e+14 0.000000000000000000e+00 1.218282610594672244e+00 1.987870281892300736e-02 2.499354552641630534e-02 3.933857820073609519e-03 0.000000000000000000e+00 1.252016739915337462e+00 1.896729360658806068e-02 2.815422363464148045e+08 5.296789009542550892e+07
8.300000000000000000e+01 1.050000000000010000e+14 0.000000000000000000e+00 1.505828051921141331e+00 5.524123235398142873e-02 1.420867397886486083e-01 1.872333713833543994e-02 0.000000000000000000e+00 1.735975904031046291e+00 5.407660891094519945e-02 8.953655599502112865e+08 2.644883923126600981e+08
8.400000000000000000e+01 1.050000000000010000e+14 0.000000000000000000e+00 1.250924526021425898e+00 7.873965882362761459e-02 1.358066130782372427e-01 4.969014465412953385e-02 0.000000000000000000e+00 1.277470057683487648e+00 8.194000439980150818e-02 1.507259070101664305e+09 7.101976159403778315e+08
8.500000000000000000e+01 1.050000000000010000e+14 0.000000000000000000e+00 1.099340972290357321e+00 8.005907473008476438e-02 1.588531167008466749e-01 8.499707846888855667e-02 0.000000000000000000e+00 9.592428225770868178e-01 8.534783737483295218e-02 1.650995340065947771e+09 1.193500549748400927e+09
8.600000000000000000e+01 1.050000000000010000e+14 0.000000000000000000e+00 9.588961542977737507e-01 9.333451574559119279e-02 1.554301157176207204e-01 3.496660124002863579e-02 0.000000000000000000e+00 1.066466737721065483e+00 3.551503472051321941e-02 8.048809724357309341e+08 3.080959803387653232e+08
8.700000000000000000e+01 1.050000000000010000e+14 0.000000000000000000e+00 1.192977867151825411e+00 1.770216836523596793e-01 1.873268212825396906e-01 7.502933333333333676e-02 0.000000000000000000e+00 1.146292898991473574e+00 1.252001097920063255e-01 8.732174201451946497e+08 1.236085710483986139e+08
8.800000000000000000e+01 1.050000000000010000e+14 0.000000000000000000e+00 1.120510404029285478e+00 2.544441724395186677e-01 4.460568389954288060e-01 2.819299811069624906e-01 0.000000000000000000e+00 9.860504955913810265e-01 8.450046337472734426e-02 6.914207106778479815e+08 6.405649341339723766e+07
8.900000000000000000e+01 1.050000000000010000e+14 0.000000000000000000e+00 1.039274713569893871e+00 7.898316895947044003e-02 2.214654322363451555e-01 5.447063870263817859e-02 0.000000000000000000e+00 1.247528300482434682e+00 4.874846993916711474e-02 7.400017064941889048e+08 2.047411056044702828e+08
9.000000000000000000e+01 1.050000000000060000e+14 0.000000000000000000e+00 1.222520781511277743e+00 3.937259779110355989e-02 7.217795139881903743e-02 1.289243476944299666e-02 0.000000000000000000e+00 1.286019142114218194e+00 2.913928698000849832e-02 8.018151298803355694e+08 2.207435495841907859e+08
9.100000000000000000e+01 1.050000000000010000e+14 0.000000000000000000e+00 1.424306969258064104e+00 7.928594499581154142e-02 1.545292132841505073e-01 4.605206080242204431e-02 0.000000000000000000e+00 1.243101379412763441e+00 1.063590118151603453e-01 1.618707157113235235e+09 5.719969364688878059e+08
9.200000000000000000e+01 1.050000000000010000e+14 0.000000000000000000e+00 1.155767932330037384e+00 7.246435132660948575e-02 1.527456291472763517e-01 2.716809824241349369e-02 0.000000000000000000e+00 1.331320183386718536e+00 7.007875550811686061e-02 1.422138378066166162e+09 3.858606413572955728e+08
9.300000000000000000e+01 1.050000000000010000e+14 0.000000000000000000e+00 1.005330536705143718e+00 8.363323850088034972e-02 1.183587977792821266e-01 2.900079041218671730e-02 0.000000000000000000e+00 1.367367038293247461e+00 6.533645627214411389e-02 3.961050722828054428e+08 8.194796709355375171e+07
9.400000000000000000e+01 1.050000000000010000e+14 0.000000000000000000e+00 1.417428812422957263e+00 2.021520292715409395e-01 3.912234444787638932e-01 2.429280618643405443e-01 0.000000000000000000e+00 1.232616446101322927e+00 3.470268754045614107e-02 1.383245952307400942e+09 3.903964639670313001e+08
9.500000000000000000e+01 1.050000000000010000e+14 0.000000000000000000e+00 1.307348274632880392e+00 5.858374162428139215e-02 1.229201946443497645e-01 3.168309514586858250e-02 0.000000000000000000e+00 1.397185185209327107e+00 5.294187586868846079e-02 9.786036210284584761e+08 1.275651594232940376e+08
9.600000000000000000e+01 1.050000000000010000e+14 0.000000000000000000e+00 1.105816804840678680e+00 1.289198005121362789e-01 1.852016267814352302e-01 5.998670896514256279e-02 0.000000000000000000e+00 1.028260441591352992e+00 1.521191051203977795e-01 1.804120465211297989e+09 8.704562120511821508e+08
9.700000000000000000e+01 1.050000000000010000e+14 0.000000000000000000e+00 1.134933029680253558e+00 3.754393820037755375e-02 2.350859549000468007e-01 6.186813275464270179e-02 0.000000000000000000e+00 1.305762552293009193e+00 3.441485425210130678e-02 7.439388001826893091e+08 6.303254066019770503e+07
9.800000000000000000e+01 1.050000000000010000e+14 0.000000000000000000e+00 1.212449684970747565e+00 2.851208297192223476e-02 7.216474953986495855e-02 9.517437816712482485e-03 0.000000000000000000e+00 1.306373938528368139e+00 2.374400866180550670e-02 6.194434505175666809e+08 5.406437679638154805e+07
9.900000000000000000e+01 1.050000000000010000e+14 0.000000000000000000e+00 1.154853471093975736e+00 2.697595248743197421e-02 1.889057647575234922e-01 3.434751773049645601e-02 0.000000000000000000e+00 1.034940911655127360e+00 1.671940032604361109e-02 1.705885897266275406e+09 5.120260636260044575e+08
1.000000000000000000e+02 1.050000000000010000e+14 0.000000000000000000e+00 1.098543671753060336e+00 5.882930053527218178e-02 1.622191826986139618e-01 3.558277950242665078e-02 0.000000000000000000e+00 8.916194957735389393e-01 6.566600030675641408e-02 8.773684495921444893e+08 1.082026448604101390e+08
1.010000000000000000e+02 1.050000000000040000e+14 0.000000000000000000e+00 1.063967087658685973e+00 2.677396011088193847e-02 1.445189074122250616e-01 3.964890019166343593e-02 0.000000000000000000e+00 1.113145483301492655e+00 2.371894248270105948e-02 1.170008421158343077e+09 4.252215296854975224e+08
1.020000000000000000e+02 1.050000000000010000e+14 0.000000000000000000e+00 1.909211030712516965e+00 4.892744767083050117e-02 9.152173590898142475e-02 1.452244779100890851e-02 0.000000000000000000e+00 1.861842331277002938e+00 4.649569091752223798e-02 8.211764758802075386e+08 1.894657625006709397e+08
1.030000000000000000e+02 1.050000000000010000e+14 0.000000000000000000e+00 1.114452400368007412e+00 1.501219142327171463e-01 3.267468600603190554e-01 1.669164356705318819e-01 0.000000000000000000e+00 1.444903162201889968e+00 1.199206106432208069e-01 1.592892813542046070e+09 3.356009447487846613e+08
1.040000000000000000e+02 1.050000000000010000e+14 0.000000000000000000e+00 1.628778019201916560e+00 4.327063941985371393e-02 9.618887141804444152e-02 2.099879606854106184e-02 0.000000000000000000e+00 1.600672365569409283e+00 4.354154195423702578e-02 7.676749743358602524e+08 1.258476830733502805e+08
1.050000000000000000e+02 1.050000000000020000e+14 1.000000000000000000e+00 1.061637959622527383e+00 1.728405238982197792e-02 9.034353564842122208e-02 1.561541965012356974e-02 0.000000000000000000e+00 1.010643838416464879e+00 3.086889725209294305e-02 7.226542885170077085e+08 2.371131027378544509e+08
1.060000000000000000e+02 1.050000000000010000e+14 0.000000000000000000e+00 1.201817087636923187e+00 4.363694106290452041e-02 1.608816830974526269e-01 1.618251764373926718e-02 0.000000000000000000e+00 1.198030021637680242e+00 6.082257722024535240e-02 9.893226836836661100e+08 2.117009933843439519e+08
1.070000000000000000e+02 1.050000000000010000e+14 0.000000000000000000e+00 1.065055853466664981e+00 7.159578506689918964e-02 9.798500290643952226e-02 1.049532673644361543e-02 0.000000000000000000e+00 1.289623318541825103e+00 6.147108873473491886e-02 8.614060348439724445e+08 1.376029500648151636e+08
1.080000000000000000e+02 1.050000000000010000e+14 0.000000000000000000e+00 9.202422189650493189e-01 1.526334889192687005e-01 2.894767352822065209e-01 1.792661352203938907e-01 0.000000000000000000e+00 1.396122355285499328e+00 2.675615016359270473e-02 4.107650931847337484e+08 4.483584164531339705e+07
1.090000000000000000e+02 1.050000000000010000e+14 0.000000000000000000e+00 1.145993700612827570e+00 7.528497811397212580e-02 1.418898127473975923e-01 6.840377886937407115e-02 0.000000000000000000e+00 1.317863160000741996e+00 3.684649565687728862e-02 5.178054380560957789e+08 8.037814452048215270e+07
1.100000000000000000e+02 1.050000000000120000e+14 1.000000000000000000e+00 1.144142497248910928e+00 1.931880102530061233e-02 1.307371097433609498e-02 3.206129188171552395e-03 0.000000000000000000e+00 1.106925711654312305e+00 9.210172336640285937e-03 1.822310298040845096e+08 4.542785590859436989e+07
1.110000000000000000e+02 1.050000000000010000e+14 1.000000000000000000e+00 1.039707681528918348e+00 2.990882806694058343e-02 7.228827933924575344e-02 6.594589048562616261e-03 0.000000000000000000e+00 1.307416729170268521e+00 3.444125714441460817e-02 6.041911666177457571e+08 1.014773903572972417e+08
1.120000000000000000e+02 1.050000000000010000e+14 0.000000000000000000e+00 1.253562697871940967e+00 7.132839884145387999e-02 2.904517332413466546e-01 1.176969583161538713e-01 0.000000000000000000e+00 1.408841976988784106e+00 7.180558214465865285e-02 1.507294117822955132e+09 6.797585455532846451e+08
1.130000000000000000e+02 1.050000000000020000e+14 0.000000000000000000e+00 1.745713955339559087e+00 1.978275326264160583e-01 2.789463495374674418e-01 1.670922043510598698e-01 0.000000000000000000e+00 1.683260439626484084e+00 2.323752274714645794e-01 3.648065531467750072e+09 2.863365053051332951e+09
1.140000000000000000e+02 1.050000000000010000e+14 0.000000000000000000e+00 1.240874972983392555e+00 1.975953265925325386e-01 3.716716879184187583e-01 1.796152411815387651e-01 0.000000000000000000e+00 1.704094971334854991e+00 9.012980538478043702e-02 7.982018578357480764e+08 4.775181519484351873e+08
1.150000000000000000e+02 1.050000000000020000e+14 0.000000000000000000e+00 1.415053987685942705e+00 1.111038280276025886e-01 1.956502173616119222e-01 8.107558076006905756e-02 0.000000000000000000e+00 1.100596641778445628e+00 1.042978759122819982e-01 2.290435686844628334e+09 1.208988162963659525e+09
1.160000000000000000e+02 1.050000000000010000e+14 0.000000000000000000e+00 1.395372585404636379e+00 6.526336854681144550e-02 2.276653540750433469e-01 7.309100904360753270e-02 0.000000000000000000e+00 1.401208118552655479e+00 1.374938101874063068e-01 1.926291879547156572e+09 8.151275299443067312e+08
1.170000000000000000e+02 1.050000000000010000e+14 0.000000000000000000e+00 1.398861015685636477e+00 1.524028010651322096e-01 2.229180968289236620e-01 4.790862341564369742e-02 0.000000000000000000e+00 1.329091641813982205e+00 2.066834999023478836e-01 2.254152414993897915e+09 6.306880387753481865e+08
1.180000000000000000e+02 1.050000000000010000e+14 0.000000000000000000e+00 1.170940762020230563e+00 2.107048595752398015e-02 1.568013600548627540e-01 2.919449206836187763e-02 0.000000000000000000e+00 1.136812863245168170e+00 2.155289970934334484e-02 1.555417829073477983e+09 4.054301318858871460e+08
1.190000000000000000e+02 1.050000000000010000e+14 1.000000000000000000e+00 1.027476777367204663e+00 1.763396417438791580e-02 7.546267735103685814e-02 9.590104681559399533e-03 0.000000000000000000e+00 1.240815219799848101e+00 2.032393443273152259e-02 6.206513054110336304e+08 1.396878103201856911e+08
1.200000000000000000e+02 1.050000000000010000e+14 0.000000000000000000e+00 1.529966966105270387e+00 6.923294561835795224e-02 1.049997491105554709e-01 1.729167376360056518e-02 0.000000000000000000e+00 1.487837544354451147e+00 8.361377070972193792e-02 1.028249918643073797e+09 2.446433739289349616e+08
1.210000000000000000e+02 1.050000000000010000e+14 0.000000000000000000e+00 1.110802904742010933e+00 1.856491252975021877e-01 1.313327140728236531e-01 3.861632400068577137e-02 0.000000000000000000e+00 1.017062983208028459e+00 1.294681440612581447e-01 1.425466209395028830e+09 7.033155852884857655e+08
1.220000000000000000e+02 1.050000000000010000e+14 0.000000000000000000e+00 1.148281942651551368e+00 7.320195334519186137e-02 2.045591101021879965e-01 8.925307638015159140e-02 0.000000000000000000e+00 9.751600991801284701e-01 1.368936340286456277e-01 2.391310248025464058e+09 1.324060265563042164e+09
1.230000000000000000e+02 1.050000000000010000e+14 0.000000000000000000e+00 1.162692652723272824e+00 4.007407489522295946e-02 1.438763322294041025e-01 1.498928807984834313e-02 0.000000000000000000e+00 1.126937205601229675e+00 3.943289076287490730e-02 1.013370735601205230e+09 2.273682522207156718e+08
1.240000000000000000e+02 1.050000000000010000e+14 0.000000000000000000e+00 1.185347859237164680e+00 8.858127561456824450e-02 1.164754586499918004e-01 2.055273388602885110e-02 0.000000000000000000e+00 1.309401541608919750e+00 5.117570965035565106e-02 9.417115574890053272e+08 1.962783348770016134e+08
1.250000000000000000e+02 1.050000000000010000e+14 0.000000000000000000e+00 1.266418170562350287e+00 3.920670579268806244e-02 1.034158571952529387e-01 3.117493210377860965e-02 0.000000000000000000e+00 1.217165851779874242e+00 3.844472010302411175e-02 4.254894066936552525e+08 5.464610431151098758e+07
1.260000000000000000e+02 1.050000000000010000e+14 0.000000000000000000e+00 1.229694555291840796e+00 1.130312514741771412e-01 1.529767037187873824e-01 2.861760887825489513e-02 0.000000000000000000e+00 1.324021756018118223e+00 9.046516051823892679e-02 9.661289274524799585e+08 1.784181335815364122e+08
1.270000000000000000e+02 1.050000000000010000e+14 0.000000000000000000e+00 1.294049818285567310e+00 5.529378103079728851e-02 1.421411099086035967e-01 3.242844746302633863e-02 0.000000000000000000e+00 1.414343112248328094e+00 5.431148337586939184e-02 9.287342503882311583e+08 4.509373507563683987e+08
1.280000000000000000e+02 1.050000000000010000e+14 0.000000000000000000e+00 1.257566954086630551e+00 5.673746799428846382e-02 1.640957329513244023e-01 2.195306585919757844e-02 0.000000000000000000e+00 1.229021580768567157e+00 6.651348682669251666e-02 1.708312478049152136e+09 2.893027908148768544e+08
1.290000000000000000e+02 1.050000000000010000e+14 1.000000000000000000e+00 1.078087601722461208e+00 3.527272559118835304e-02 9.715743608760918359e-02 3.624521530189000335e-02 0.000000000000000000e+00 1.194583881629539324e+00 4.974126151835672749e-02 1.005812164219822526e+09 5.400892110460487604e+08
1.300000000000000000e+02 1.050000000000010000e+14 0.000000000000000000e+00 1.127735690350809783e+00 8.274504407588199884e-02 1.383492278117139651e-01 3.765385076057013031e-02 0.000000000000000000e+00 1.285502516689255526e+00 7.491120854869021128e-02 1.248781121158324242e+09 5.679555409644665718e+08
1.310000000000000000e+02 1.050000000000010000e+14 0.000000000000000000e+00 1.145273114138679382e+00 6.750529127737418811e-02 1.446875103945440000e-01 2.479873969270038683e-02 0.000000000000000000e+00 1.136666107730980979e+00 8.905897846744045832e-02 1.418172402196668625e+09 3.810893772868559957e+08
1.320000000000000000e+02 1.050000000000040000e+14 0.000000000000000000e+00 9.812118780720685551e-01 9.138241085020158694e-02 1.459134319547326919e-01 5.640520189255136124e-02 0.000000000000000000e+00 1.240165943409881510e+00 5.929584143492203085e-02 1.295974605504239082e+09 7.210708895566771030e+08
1.330000000000000000e+02 1.050000000000010000e+14 0.000000000000000000e+00 1.224260400743755639e+00 4.118279243056650885e-02 9.746867985065524320e-02 2.695926899673392954e-02 0.000000000000000000e+00 1.335865956329549409e+00 5.490720748738579793e-02 9.690022204046146870e+08 3.596639283963484764e+08
1.340000000000000000e+02 1.050000000000020000e+14 0.000000000000000000e+00 1.184096975577075606e+00 5.168373078692875544e-02 6.309873032250279401e-02 3.170615741997767634e-02 0.000000000000000000e+00 1.242587815111937610e+00 3.694964388713536246e-02 8.923718112650587559e+08 5.094256401031928062e+08
1.350000000000000000e+02 1.050000000000010000e+14 0.000000000000000000e+00 1.311019823090648240e+00 7.793202593490265728e-02 1.502405630878461684e-01 2.414835992559406785e-02 0.000000000000000000e+00 1.336795037408256226e+00 9.961855484869379385e-02 1.351530714610394955e+09 3.376821453749828339e+08
1.360000000000000000e+02 1.050000000000050000e+14 1.000000000000000000e+00 1.103734244140930132e+00 1.868145028766435289e-02 6.635029254508456598e-02 1.010362241829580732e-02 0.000000000000000000e+00 1.037883363728528296e+00 3.657289759245349603e-02 6.131115988231930733e+08 1.555797726762546897e+08
1.370000000000000000e+02 1.050000000000010000e+14 0.000000000000000000e+00 1.235991100428902589e+00 3.763020691367258141e-02 9.591735470259722673e-02 1.672436452864808909e-02 0.000000000000000000e+00 1.331856375345806365e+00 5.508159878284670657e-02 9.824833225517729521e+08 2.154937719791146219e+08
1.380000000000000000e+02 1.050000000000010000e+14 0.000000000000000000e+00 7.908524534630968494e-01 5.041345771270703408e-02 1.551737321137146575e-01 3.747704148449620271e-02 0.000000000000000000e+00 1.255811450028242460e+00 3.746510022754311747e-02 6.103589115846543312e+08 1.154892352583634704e+08
1.390000000000000000e+02 1.050000000000010000e+14 0.000000000000000000e+00 1.270674628465894074e+00 1.519924047843022701e-02 1.523462813745591615e-01 2.181618961699335543e-02 0.000000000000000000e+00 1.237723028278016502e+00 2.311551489628064365e-02 1.502723312133271694e+09 2.945254223843759298e+08
1.400000000000000000e+02 1.050000000000010000e+14 0.000000000000000000e+00 1.250395846623669982e+00 5.220856629814425026e-02 1.585214390010937502e-01 3.666563216555231847e-02 0.000000000000000000e+00 1.399210285449675517e+00 5.525758953701190301e-02 1.816588402077498913e+09 5.081420092456713915e+08
1.410000000000000000e+02 1.050000000000010000e+14 0.000000000000000000e+00 1.381557667747963070e+00 5.905630780748055697e-02 1.658521184139630511e-01 2.291797320095748797e-02 0.000000000000000000e+00 1.348438564717838295e+00 6.841034486653371771e-02 1.736441557056683302e+09 2.691538098790983558e+08
1.420000000000000000e+02 1.050000000000020000e+14 0.000000000000000000e+00 9.604899399217442513e-01 4.996173455818258419e-02 8.014393014674894844e-02 2.149801931055150134e-02 0.000000000000000000e+00 8.822759508808059037e-01 6.361302588131666214e-02 1.051624097496120214e+09 3.416378276203157902e+08
1.430000000000000000e+02 1.050000000000010000e+14 1.000000000000000000e+00 1.023552420287288545e+00 2.581045027032526432e-02 4.128152191853576986e-02 7.110560934755076438e-03 0.000000000000000000e+00 1.147682365038493302e+00 1.752430043874679891e-02 2.572988710851792693e+08 1.012686803999828696e+08
1.440000000000000000e+02 1.050000000000020000e+14 0.000000000000000000e+00 1.018419303929766206e+00 7.881073198632193577e-02 9.360318913717635692e-02 1.929291238932962296e-02 0.000000000000000000e+00 1.249907280041392843e+00 7.117551617843781431e-02 7.791088775402984619e+08 1.103616641494334787e+08
1.450000000000000000e+02 1.050000000000010000e+14 1.000000000000000000e+00 1.015538487373839782e+00 3.074292775952966461e-02 8.303055075766417603e-02 6.671437258527176777e-03 0.000000000000000000e+00 1.103934355372461873e+00 1.389872981380422395e-02 4.134924206797837019e+08 7.735806640863032639e+07
1.460000000000000000e+02 1.050000000000010000e+14 0.000000000000000000e+00 1.122368795307627565e+00 6.000162667919978210e-02 1.374274025123906617e-01 3.887896211697379478e-02 0.000000000000000000e+00 1.221895825497042232e+00 8.143624337943923541e-02 1.365460482130710125e+09 5.547935298219208717e+08
1.470000000000000000e+02 1.050000000000010000e+14 0.000000000000000000e+00 9.845626853121725031e-01 6.039354211912956183e-02 1.418222058420286202e-01 2.964964058582588227e-02 0.000000000000000000e+00 1.111322995366639033e+00 4.946455976060150361e-02 1.158585227527964830e+09 4.576456539759934545e+08
1.480000000000000000e+02 1.050000000000010000e+14 0.000000000000000000e+00 1.213908485757325906e+00 1.163183260717709361e-01 1.881094801474545442e-01 8.591253421605449248e-02 0.000000000000000000e+00 1.273551594869581249e+00 1.658270254016062928e-01 2.283134034210404396e+09 1.224864947267271996e+09
1.490000000000000000e+02 1.050000000000010000e+14 0.000000000000000000e+00 7.123811245340746501e-01 1.783432729630893554e-01 4.652645692411416789e-01 3.478462806202711755e-01 0.000000000000000000e+00 1.200328065657259913e+00 7.293803096739183423e-02 1.285653398170017242e+09 7.655858686578884125e+08
1.500000000000000000e+02 1.050000000000010000e+14 0.000000000000000000e+00 1.144655737499513881e+00 1.448287985973780445e-01 2.085315708448258198e-01 5.211870466850546807e-02 0.000000000000000000e+00 1.192195147999177696e+00 1.438158118836465882e-01 1.849666290887062311e+09 7.232005731357727051e+08
1.510000000000000000e+02 1.050000000000010000e+14 0.000000000000000000e+00 1.144899627707328005e+00 9.747546816483897147e-02 9.636769352849239301e-02 1.378715984105492037e-02 0.000000000000000000e+00 1.128947974240215313e+00 5.984744677582370942e-02 8.856149420772585869e+08 2.246987991870097518e+08
1.520000000000000000e+02 1.050000000000010000e+14 0.000000000000000000e+00 1.194403898274111198e+00 8.472871226426513525e-02 1.213538630956413622e-01 2.381051062659658019e-02 0.000000000000000000e+00 1.302197977021312347e+00 6.268865862966264968e-02 1.023924648610729218e+09 3.512195077145991325e+08
1.530000000000000000e+02 1.050000000000010000e+14 0.000000000000000000e+00 1.496045289832474756e+00 5.291494562188687328e-02 1.185331584242505232e-01 2.694784082187411112e-02 0.000000000000000000e+00 1.559884639221950975e+00 5.928090663101932833e-02 1.002532575793055534e+09 3.462852743024244308e+08
1.540000000000000000e+02 1.050000000000010000e+14 0.000000000000000000e+00 1.161915671610599166e+00 6.441432984884676305e-02 1.157993554698094618e-01 1.582514546499980135e-02 0.000000000000000000e+00 1.298067913614716185e+00 5.913726025054003022e-02 1.032171331495895386e+09 2.273178066242322922e+08
1.550000000000000000e+02 1.050000000000010000e+14 0.000000000000000000e+00 1.055561315568046110e+00 4.863970662447457405e-02 9.076800932148375300e-02 1.825531905166817570e-02 0.000000000000000000e+00 1.121469448510066025e+00 3.976085927847221313e-02 8.343755497963640690e+08 2.634049739419203401e+08
1.560000000000000000e+02 1.050000000000010000e+14 0.000000000000000000e+00 1.141594906545304600e+00 4.908592245448607783e-02 1.082668623204009750e-01 2.456517210168714105e-02 0.000000000000000000e+00 1.283661247024404650e+00 5.641224675056762811e-02 1.098814298789026737e+09 3.358701877175500989e+08
1.570000000000000000e+02 1.050000000000010000e+14 0.000000000000000000e+00 1.125594694509293170e+00 4.497548385032914403e-02 9.331692333376062631e-02 1.675722407219153165e-02 0.000000000000000000e+00 1.316912359833683599e+00 5.411389862981792059e-02 8.779467275304825306e+08 2.488704964589787424e+08
1.580000000000000000e+02 1.050000000000010000e+14 0.000000000000000000e+00 1.525550583220712575e+00 1.766677611415690130e-01 1.620833810129319319e-01 4.972921214118034700e-02 0.000000000000000000e+00 1.157443947231472592e+00 2.402122429287656957e-01 1.847644448417511225e+09 6.460058977315095663e+08
1.590000000000000000e+02 1.050000000000010000e+14 0.000000000000000000e+00 1.604651959459910238e+00 7.703976429132398940e-02 2.088231505567078594e-01 1.007199171463775411e-01 0.000000000000000000e+00 1.476174588175457103e+00 9.418413853315686646e-02 2.335513942035239220e+09 1.258828031152545929e+09
1.600000000000000000e+02 1.050000000000010000e+14 0.000000000000000000e+00 1.160718477178090291e+00 9.597541316633084740e-02 1.299223215186166291e-01 5.731983652136692781e-02 0.000000000000000000e+00 1.201384573900887709e+00 7.223840132124342839e-02 1.421825125729104042e+09 7.887491995270119905e+08
1.610000000000000000e+02 1.050000000000010000e+14 0.000000000000000000e+00 9.883128544906109036e-01 1.273622159813934951e-01 2.363539355453521673e-01 6.753660226977388492e-02 0.000000000000000000e+00 1.286875724347251282e+00 4.677271208773085831e-02 2.137248802092048168e+09 1.192620462487988472e+09
1.620000000000000000e+02 1.050000000000010000e+14 0.000000000000000000e+00 1.096992892682305154e+00 7.645600351542340689e-02 1.435041337681802476e-01 3.246177763848333286e-02 0.000000000000000000e+00 1.140286542700665207e+00 1.059113762264370234e-01 1.398314977714256048e+09 4.725670695570687652e+08
1.630000000000000000e+02 1.050000000000010000e+14 0.000000000000000000e+00 1.278987949172168737e+00 6.111791546230617433e-02 1.763709806798090807e-01 3.100757924074872690e-02 0.000000000000000000e+00 1.268419470750055122e+00 7.107487278653853990e-02 2.005037075368650913e+09 3.969719036349292994e+08
1.640000000000000000e+02 1.050000000000010000e+14 0.000000000000000000e+00 1.185364683832719868e+00 1.762730644373976252e-01 2.759329756387908783e-01 1.264848433314910148e-01 0.000000000000000000e+00 1.320999926100325128e+00 7.949430283150887844e-02 1.028237066153226018e+09 6.951338689371705055e+08
1.650000000000000000e+02 1.050000000000010000e+14 0.000000000000000000e+00 1.107388238681098480e+00 6.721128456876872270e-02 1.424596729584798604e-01 3.880054013095261128e-02 0.000000000000000000e+00 1.204764503944759202e+00 7.372697956244173012e-02 7.810909244510585070e+08 9.752251687012828887e+07
1.660000000000000000e+02 1.050000000000010000e+14 1.000000000000000000e+00 1.049539730799313730e+00 1.699636087813446300e-02 7.515628544469411809e-02 8.004299569070340639e-03 0.000000000000000000e+00 1.160925760228032511e+00 2.803239852592734685e-02 4.947970379992403984e+08 3.925722378083476424e+07
1.670000000000000000e+02 1.050000000000020000e+14 0.000000000000000000e+00 1.154945797035945798e+00 1.292799049780528342e-01 1.585714198091220106e-01 5.146713754118176914e-02 0.000000000000000000e+00 1.049439950779755382e+00 1.522404336644944955e-01 1.687493305299610138e+09 6.936227764919421673e+08
1.680000000000000000e+02 1.050000000000020000e+14 0.000000000000000000e+00 1.400243870457951623e+00 8.951946015146561297e-02 1.587521014002053477e-01 3.855581525735963383e-02 0.000000000000000000e+00 1.430283935789260497e+00 1.130894658114339757e-01 1.212761945280701399e+09 2.102895456110730171e+08
1.690000000000000000e+02 1.050000000000010000e+14 0.000000000000000000e+00 1.115729758214919931e+00 2.330403372605244494e-01 2.517746896766122067e-01 8.644955832733063061e-02 0.000000000000000000e+00 1.193558277843033144e+00 2.372392430854166345e-01 1.937432542180846214e+09 8.009418047770771980e+08
1.700000000000000000e+02 1.050000000000010000e+14 0.000000000000000000e+00 1.081149974680323256e+00 8.052214763248685681e-02 1.808243517929962185e-01 5.231911127626907854e-02 0.000000000000000000e+00 1.190198156626729231e+00 7.493823052711839905e-02 2.032558060718874931e+09 7.357071178351119757e+08
1.710000000000000000e+02 1.050000000000090000e+14 0.000000000000000000e+00 1.339007958435624701e+00 2.967314529749202207e-02 3.461481637089335039e-02 2.195746983660160426e-02 0.000000000000000000e+00 1.197306646907215999e+00 2.242229425530359657e-02 1.355210419406187832e+08 5.385998186318504810e+07
1.720000000000000000e+02 1.050000000000010000e+14 0.000000000000000000e+00 1.117076876789415918e+00 4.943337609010992062e-02 2.391283113418054829e-01 1.140020814638905144e-01 0.000000000000000000e+00 1.431596993628181602e+00 4.631084616148304495e-02 1.005778030817466974e+09 3.005632506510910392e+08
1.730000000000000000e+02 1.050000000000010000e+14 0.000000000000000000e+00 1.023745703425131826e+00 1.242847134000779896e-01 1.338891414951373371e-01 5.296491925002819873e-02 0.000000000000000000e+00 1.167428858137279812e+00 6.216679578813588680e-02 6.243335801127007008e+08 8.626472795396392047e+07
1.740000000000000000e+02 1.050000000000030000e+14 1.000000000000000000e+00 1.047115238277724458e+00 1.512048088407469230e-02 6.892991044555643598e-02 1.495528432766462905e-02 0.000000000000000000e+00 1.102502155109569504e+00 7.921062771119346743e-03 3.434902747706078887e+08 1.106047735010965168e+08
1.750000000000000000e+02 1.050000000000030000e+14 0.000000000000000000e+00 1.485924341516708713e+00 1.905056534599277110e-02 1.010454930480208097e-01 1.813848660921875758e-02 0.000000000000000000e+00 1.667276358609363074e+00 2.749347164374877153e-02 1.003004457782596827e+09 2.337340936417584121e+08
1.760000000000000000e+02 1.050000000000010000e+14 0.000000000000000000e+00 1.128740571536185122e+00 7.918199465212900912e-02 1.157316430946971758e-01 1.837296241244401260e-02 0.000000000000000000e+00 1.314307547439677704e+00 5.315149677323698779e-02 8.915573281455640793e+08 2.999965518096935153e+08
1.770000000000000000e+02 1.050000000000010000e+14 0.000000000000000000e+00 8.858055215792971504e-01 7.762251185941780596e-02 9.550333128457283438e-02 1.627972050593601283e-02 0.000000000000000000e+00 1.053128737059046305e+00 5.336973607116363150e-02 7.039145262957655191e+08 2.769232736822562218e+08
1.780000000000000000e+02 1.050000000000010000e+14 0.000000000000000000e+00 1.113973107667716622e+00 6.132005808287215726e-02 4.551567252164679528e-02 1.539507143741092841e-02 0.000000000000000000e+00 1.066504046425903907e+00 5.276271369045483495e-02 5.745867981574653387e+08 2.079906442772305012e+08
1.790000000000000000e+02 1.050000000000010000e+14 0.000000000000000000e+00 1.237755756284008024e+00 4.576017077042369291e-02 1.797870305066270047e-01 3.212564329901568261e-02 0.000000000000000000e+00 1.328600064646201728e+00 6.678842634075114748e-02 1.852769766699292660e+09 4.328338078973686099e+08
1.800000000000000000e+02 1.050000000000010000e+14 0.000000000000000000e+00 1.134629553893571785e+00 1.045040487515578875e-01 1.202371315364932636e-01 3.605360973390141915e-02 0.000000000000000000e+00 1.442386333772800677e+00 1.047368572811296084e-01 1.218527032365184546e+09 5.833831335147548914e+08
1.810000000000000000e+02 1.050000000000010000e+14 0.000000000000000000e+00 1.111188852878663980e+00 9.373398405340124806e-02 1.369525704759017859e-01 5.248956295296094976e-02 0.000000000000000000e+00 1.054230800921112321e+00 8.301957543949610441e-02 1.496308637824390650e+09 7.609665147959136963e+08
1.820000000000000000e+02 1.050000000000060000e+14 1.000000000000000000e+00 1.000113755492432643e+00 1.208493026495647583e-02 6.840748309271628413e-02 1.632740637948666348e-02 0.000000000000000000e+00 1.123046014888990030e+00 6.819836350668412837e-03 2.428283780082383454e+08 4.348359655690574646e+07
1.830000000000000000e+02 1.050000000000010000e+14 0.000000000000000000e+00 1.097564089189769332e+00 6.094333608825780457e-02 1.158069112178052584e-01 3.827651869634211140e-02 0.000000000000000000e+00 1.216916869389372158e+00 1.684504742914420122e-02 5.481330661301571131e+08 6.002362307302957028e+07
1.840000000000000000e+02 1.050000000000010000e+14 0.000000000000000000e+00 1.011322090885302005e+00 7.968046615513496578e-02 8.038951573321084787e-02 8.482233719684074968e-03 0.000000000000000000e+00 1.182073703240365647e+00 7.697059158342681173e-02 5.853840914354009628e+08 1.304692069729275405e+08
1.850000000000000000e+02 1.050000000000030000e+14 0.000000000000000000e+00 1.058889203464740358e+00 5.305501653793481126e-02 5.318081218395002280e-02 1.931530773444260080e-02 0.000000000000000000e+00 1.210771142986831528e+00 2.085122767166432481e-02 3.507890552845835686e+08 7.383000845028322935e+07
1.860000000000000000e+02 1.050000000000010000e+14 0.000000000000000000e+00 1.065315304938060148e+00 3.901728173138638289e-02 1.053184128678704562e-01 2.236552066318424348e-02 0.000000000000000000e+00 1.198461132255526085e+00 3.377309659290847477e-02 4.878583044911950231e+08 5.596450052616081387e+07
1.870000000000000000e+02 1.050000000000010000e+14 0.000000000000000000e+00 1.023169107935783195e+00 1.757559136598353666e-01 1.965683324734669724e-01 1.148973262880986917e-01 0.000000000000000000e+00 8.255865216560318576e-01 1.321746365945835611e-01 2.847950013516228676e+09 1.976149503163848877e+09
1.880000000000000000e+02 1.050000000000010000e+14 0.000000000000000000e+00 1.193074988193299601e+00 5.548081165462636494e-02 6.374297547069153469e-02 9.034721141663147256e-03 0.000000000000000000e+00 1.161186359341789931e+00 4.250557730239515331e-02 5.411780977490062714e+08 1.276923599672485143e+08
1.890000000000000000e+02 1.050000000000010000e+14 0.000000000000000000e+00 1.395687626539377169e+00 5.832145400064540214e-02 2.497484775468687968e-01 7.795393514811016500e-02 0.000000000000000000e+00 1.346711225904701159e+00 8.636252808112675206e-02 2.287033934926883221e+09 1.220690168494186401e+09
1.900000000000000000e+02 1.050000000000010000e+14 1.000000000000000000e+00 1.041306573941736202e+00 1.422461318865238591e-02 5.003455875206796327e-02 1.032677954256324034e-02 0.000000000000000000e+00 1.183656217255142140e+00 1.474611088737236807e-02 2.563141167962039709e+08 4.612858656433566660e+07
1.910000000000000000e+02 1.050000000000010000e+14 1.000000000000000000e+00 1.096069123801049594e+00 1.230847987586827612e-02 9.224052972050317267e-02 2.227398852986893149e-02 0.000000000000000000e+00 1.078368262533484723e+00 2.762399362841518047e-02 7.150121324981087446e+08 1.590967681448850632e+08
1.920000000000000000e+02 1.050000000000030000e+14 0.000000000000000000e+00 1.168543671442690224e+00 8.635371286079633613e-02 1.448163029196930518e-01 2.101647280058139416e-02 0.000000000000000000e+00 1.017409768813878346e+00 8.746460039994401192e-02 1.486636481473737478e+09 2.757036292448867559e+08
1.930000000000000000e+02 1.050000000000010000e+14 0.000000000000000000e+00 1.095067394842067499e+00 2.290786751073449132e-02 1.346779573986266187e-01 3.288055785593363423e-02 0.000000000000000000e+00 1.211189545572919135e+00 4.302756796496612357e-02 1.093237502231003523e+09 1.684866724929340482e+08
1.940000000000000000e+02 1.050000000000010000e+14 0.000000000000000000e+00 1.154744741649409656e+00 4.953867797183342941e-02 2.404751748593625948e-01 8.473351340230815543e-02 0.000000000000000000e+00 9.961215002905667859e-01 8.521401872059110316e-02 2.987797205379837036e+09 1.219910558320655107e+09
1.950000000000000000e+02 1.050000000000010000e+14 0.000000000000000000e+00 1.154574089352887745e+00 2.009124544558675562e-01 2.497906963431675564e-01 1.562810144088150333e-01 0.000000000000000000e+00 1.091628433879462179e+00 2.150399869778548412e-01 2.965620798700471878e+09 2.095590504134346247e+09
1.960000000000000000e+02 1.050000000000010000e+14 0.000000000000000000e+00 1.233868133945221102e+00 5.076741292687212553e-02 8.001425407785299482e-02 1.043100145007024894e-02 0.000000000000000000e+00 1.265078486721508133e+00 4.884443417512293606e-02 7.777508651410003901e+08 1.432622337038968205e+08
1.970000000000000000e+02 1.050000000000010000e+14 0.000000000000000000e+00 1.151316768675332503e+00 7.704627297159372112e-02 1.484438642970064837e-01 4.543236949020007520e-02 0.000000000000000000e+00 1.120157040282113048e+00 6.984343876117035665e-02 9.595283167180171013e+08 5.129506000743527412e+08
1.980000000000000000e+02 1.050000000000020000e+14 0.000000000000000000e+00 1.306632909189925584e+00 1.095396959377455681e-01 2.017167901735430757e-01 8.515515317806449103e-02 0.000000000000000000e+00 1.481470892422443786e+00 1.485883436964578475e-01 2.293560657684324741e+09 1.327534039740072250e+09
1.990000000000000000e+02 1.050000000000020000e+14 0.000000000000000000e+00 1.202734428512524101e+00 9.586938113657629545e-02 1.754903827864252586e-01 8.749918776028590972e-02 0.000000000000000000e+00 1.322508433841217412e+00 1.023042337545395225e-01 1.879900799630949974e+09 1.301381659906063080e+09
2.000000000000000000e+02 1.050000000000010000e+14 0.000000000000000000e+00 1.128015086330160344e+00 7.899723607271406933e-02 1.330806244066234656e-01 4.396780408801519158e-02 0.000000000000000000e+00 1.253028679623019004e+00 9.313736782358619792e-02 1.372780962449045897e+09 5.938442559350042343e+08
2.010000000000000000e+02 1.050000000000010000e+14 0.000000000000000000e+00 1.370765416925124436e+00 1.127302647399627128e-02 1.243267623100744318e-01 2.054318260019196221e-02 0.000000000000000000e+00 1.354756902887005454e+00 1.021688423656848255e-02 4.934801302597260475e+08 8.375090696213334799e+07
2.020000000000000000e+02 1.050000000000010000e+14 0.000000000000000000e+00 1.187725466587705947e+00 3.299704385109940297e-02 9.588445488095977132e-02 1.527755362312297957e-02 0.000000000000000000e+00 1.266792720642711423e+00 1.210684624936677126e-02 7.934468931690443754e+08 1.684229737618184984e+08
2.030000000000000000e+02 1.050000000000010000e+14 0.000000000000000000e+00 1.121169271582737270e+00 1.683545277578331334e-01 2.047201533389418071e-01 8.727586912530410634e-02 0.000000000000000000e+00 1.209996474246168630e+00 1.545432269913883383e-01 1.304602462578608751e+09 1.800544284726355076e+08
2.040000000000000000e+02 1.050000000000010000e+14 0.000000000000000000e+00 9.864396817950750185e-01 3.683488434722174271e-02 3.084502527347243728e-01 1.352089005081230921e-01 0.000000000000000000e+00 5.717947914270246068e-01 5.801940855347742509e-02 1.814987024073362350e+09 1.035530450987307906e+09
2.050000000000000000e+02 1.050000000000020000e+14 0.000000000000000000e+00 1.117947420788406809e+00 4.337732930833024941e-02 1.216753965449112740e-01 1.248120834868780317e-02 0.000000000000000000e+00 1.162810075118001496e+00 5.511957245742050981e-02 1.159190326382072449e+09 1.820149256562505960e+08
2.060000000000000000e+02 1.050000000000010000e+14 0.000000000000000000e+00 1.176390010142283060e+00 1.261253683650786495e-01 1.918334474454388705e-01 7.572485693962267839e-02 0.000000000000000000e+00 1.063824775290668434e+00 1.641868256358636480e-01 2.038985256663578987e+09 9.961112317342344522e+08
2.070000000000000000e+02 1.050000000000010000e+14 0.000000000000000000e+00 1.194844893822450960e+00 2.574313443409760316e-01 3.475905393004888877e-01 2.084776768924944956e-01 0.000000000000000000e+00 1.717779331509504237e+00 1.676936807830063381e-01 1.214593180674048424e+09 2.359383274088161588e+08
2.080000000000000000e+02 1.050000000000030000e+14 0.000000000000000000e+00 1.299950183624355882e+00 7.473226279969974462e-02 9.760716785586065480e-02 4.035302537132096773e-02 0.000000000000000000e+00 1.292357284510807780e+00 5.778401345208289408e-02 1.189018280470878601e+09 6.215368967881270647e+08
2.090000000000000000e+02 1.050000000000010000e+14 1.000000000000000000e+00 1.125546733564600110e+00 2.654100995884892469e-02 6.059067257630464803e-02 7.965705167214356952e-03 0.000000000000000000e+00 1.087314367014767580e+00 2.083639484410956116e-02 5.948774820944162607e+08 1.049203213481523842e+08
2.100000000000000000e+02 1.050000000000010000e+14 0.000000000000000000e+00 9.742498232333257624e-01 1.900310943674349967e-02 1.508229622770672074e-01 5.526888848856061770e-02 0.000000000000000000e+00 1.427182022189258159e+00 2.587521911153027945e-02 4.729060909222772121e+08 5.564484184202032536e+07
2.110000000000000000e+02 1.050000000000010000e+14 0.000000000000000000e+00 1.417032590501311029e+00 4.604551503213880070e-02 1.396496152140606350e-01 4.474919699397716250e-02 0.000000000000000000e+00 1.456291004442858750e+00 4.116016815982687094e-02 1.285995774396365643e+09 6.456377701721901894e+08
2.120000000000000000e+02 1.050000000000010000e+14 0.000000000000000000e+00 1.446600086168867483e+00 1.225382245338674375e-01 1.853921921081240487e-01 5.095313377323101856e-02 0.000000000000000000e+00 1.509876690099109409e+00 1.335344513269677846e-01 1.460469419077437639e+09 6.922994398785663843e+08
2.130000000000000000e+02 1.050000000000010000e+14 0.000000000000000000e+00 8.600526910299093331e-01 1.885956473779269726e-01 3.220497244882112864e-01 2.198965003791027717e-01 0.000000000000000000e+00 9.515743280668284010e-01 1.199197232239122696e-01 1.301572746476048708e+09 8.364829731770019531e+08
2.140000000000000000e+02 1.050000000000010000e+14 0.000000000000000000e+00 1.445406379008302045e+00 9.035639380208883298e-02 1.256545605947068656e-01 5.066572630934817328e-02 0.000000000000000000e+00 1.388323714999203817e+00 1.056181086402774721e-01 1.312797862979120731e+09 6.763118005280251503e+08
2.150000000000000000e+02 1.050000000000010000e+14 0.000000000000000000e+00 1.233486718215623501e+00 1.356044381263154519e-01 1.907961543300100982e-01 8.922715009780608775e-02 0.000000000000000000e+00 1.343765801189124698e+00 1.394200440352471315e-01 1.774774124599688053e+09 1.246546106805401802e+09
2.160000000000000000e+02 1.050000000000010000e+14 0.000000000000000000e+00 1.113194737505140974e+00 1.404023121490396153e-01 2.176272161027927032e-01 5.509799009500317840e-02 0.000000000000000000e+00 1.139947438370245703e+00 1.213102011924690887e-01 2.180646401806034565e+09 9.203249666395676136e+08
2.170000000000000000e+02 1.050000000000020000e+14 0.000000000000000000e+00 1.126904719647471298e+00 1.053189278680354973e-01 1.400748030009908995e-01 7.420516208181947293e-02 0.000000000000000000e+00 1.097093136043166162e+00 1.040046428108568899e-01 1.851087104634985209e+09 1.128644823548532963e+09
2.180000000000000000e+02 1.050000000000010000e+14 0.000000000000000000e+00 1.291243602041905136e+00 9.900394786029875771e-02 3.099958236448418503e-01 1.096473571170879513e-01 0.000000000000000000e+00 1.451205885911235560e+00 1.768406586231202893e-01 2.194411608881425858e+09 1.111982981316756248e+09
2.190000000000000000e+02 1.050000000000010000e+14 0.000000000000000000e+00 1.155786044243207522e+00 1.330556566433814814e-01 2.621532240982172302e-01 8.779911690206591846e-02 0.000000000000000000e+00 1.169423449480796906e+00 1.305537696129992209e-01 2.739336716621734142e+09 1.300594439372659922e+09
2.200000000000000000e+02 1.050000000000010000e+14 0.000000000000000000e+00 1.561910347607483818e+00 4.034545757117518477e-02 1.502023536557149375e-01 2.359517198827703124e-02 0.000000000000000000e+00 1.611978918361878454e+00 5.815777815927820893e-02 1.373856405018904209e+09 3.259077786913300157e+08
2.210000000000000000e+02 1.050000000000010000e+14 0.000000000000000000e+00 1.206311008780017069e+00 2.442415137047968324e-02 9.550405324844869759e-02 1.534308460095681198e-02 0.000000000000000000e+00 1.164733269586730513e+00 1.508110300957677015e-02 7.450095710903044939e+08 1.780295012979476452e+08
2.220000000000000000e+02 1.050000000000010000e+14 0.000000000000000000e+00 1.045233147532520501e+00 1.028436255270865768e-01 2.452928552252862104e-01 1.427504850660181457e-01 0.000000000000000000e+00 1.343046123028222905e+00 5.940234202663640523e-02 7.401890029011954069e+08 1.591444530694895983e+08
2.230000000000000000e+02 1.050000000000010000e+14 0.000000000000000000e+00 1.034886938135922918e+00 3.595012549878946057e-02 1.263670836379976736e-01 2.947462400643293540e-02 0.000000000000000000e+00 1.094780694969051948e+00 6.669543439731895340e-02 9.764149662694165707e+08 3.176422225602512360e+08
2.240000000000000000e+02 1.050000000000010000e+14 0.000000000000000000e+00 9.757786268707834276e-01 5.870306036095652991e-02 2.457255257857087483e-01 5.738740541796864825e-02 0.000000000000000000e+00 1.185060894577518065e+00 4.423944918999725417e-02 1.360398081326307774e+09 4.153683301496384740e+08
2.250000000000000000e+02 1.050000000000010000e+14 0.000000000000000000e+00 1.180151153296039590e+00 7.453795896774388641e-02 1.091222449827564667e-01 3.764735212238383422e-02 0.000000000000000000e+00 1.172876259194706616e+00 9.467153705046552070e-02 1.126111501764510393e+09 5.067837433323602080e+08
2.260000000000000000e+02 1.050000000000010000e+14 0.000000000000000000e+00 1.341304109281538537e+00 1.294924315420012406e-01 1.900418484915172845e-01 6.687159891165173065e-02 0.000000000000000000e+00 1.449015539730409419e+00 1.468183037741386532e-01 1.757054525128011227e+09 9.596508446097689867e+08
2.270000000000000000e+02 1.050000000000010000e+14 0.000000000000000000e+00 1.267657181697273261e+00 6.270404348481450896e-02 1.015187813649288257e-01 4.178510978024770756e-02 0.000000000000000000e+00 9.423143573781388449e-01 8.846112101924157034e-02 1.139791829198921442e+09 5.986686701105022430e+08
2.280000000000000000e+02 1.050000000000010000e+14 0.000000000000000000e+00 1.148883538729992493e+00 1.322017542483233110e-01 2.501832969263473871e-01 1.188512037554623063e-01 0.000000000000000000e+00 1.206104192016768550e+00 1.195442478789801449e-01 1.148115743852516651e+09 5.781051321297806501e+08
2.290000000000000000e+02 1.050000000000010000e+14 0.000000000000000000e+00 1.279742684816567166e+00 3.200003246904731952e-02 7.929558779509925104e-02 6.931368371988011826e-03 0.000000000000000000e+00 1.489593699246056113e+00 5.703809190940239970e-02 7.055982531054544449e+08 7.695361194176930189e+07
2.300000000000000000e+02 1.050000000000010000e+14 0.000000000000000000e+00 1.237788452687934138e+00 1.994614351920721493e-02 1.886908779876839692e-01 2.911178373864941119e-02 0.000000000000000000e+00 1.183266382106723302e+00 2.582401539888995110e-02 1.772541613148297310e+09 3.381969402737649679e+08
2.310000000000000000e+02 1.050000000000010000e+14 0.000000000000000000e+00 1.264822387364738399e+00 1.833950160061105505e-01 1.789448366850363015e-01 7.107152594746887764e-02 0.000000000000000000e+00 1.254183370272485387e+00 1.791616485250293600e-01 2.039507241261173964e+09 9.764870160881578922e+08
2.320000000000000000e+02 1.050000000000010000e+14 0.000000000000000000e+00 1.068221840797074274e+00 5.644460552183550028e-02 2.043107833350659153e-01 4.124852870656960102e-02 0.000000000000000000e+00 1.252878149111788852e+00 4.470207687970732813e-02 1.451725020379066944e+09 5.396219477101429701e+08
2.330000000000000000e+02 1.050000000000010000e+14 1.000000000000000000e+00 1.072933557469242016e+00 3.027616111810298508e-02 5.925223536487569942e-02 4.422230374174614988e-03 0.000000000000000000e+00 1.103012649320618932e+00 1.018521802163685833e-02 5.117599899983818531e+08 6.642788429108963907e+07
2.340000000000000000e+02 1.050000000000010000e+14 0.000000000000000000e+00 1.244055952153318545e+00 1.073572251851672398e-02 1.289724643578772645e-01 1.906938835035953961e-02 0.000000000000000000e+00 1.385634413884155203e+00 1.543694335628512451e-02 9.678807419404282570e+08 2.678811663931873739e+08
2.350000000000000000e+02 1.050000000000010000e+14 0.000000000000000000e+00 1.004811470289747488e+00 7.553033659630205288e-02 1.438362639641408980e-01 4.101789489492958796e-02 0.000000000000000000e+00 1.184622552491301883e+00 7.790412846970798388e-02 1.627987505786228180e+09 6.379547620958950520e+08
2.360000000000000000e+02 1.050000000000040000e+14 0.000000000000000000e+00 1.192230100536856519e+00 5.121682800853483153e-02 5.243018287036162184e-02 8.865697254676650069e-03 0.000000000000000000e+00 1.291733661625471985e+00 5.536066663748730188e-02 5.934318870119295120e+08 1.257489800008036643e+08
2.370000000000000000e+02 1.050000000000010000e+14 0.000000000000000000e+00 1.062957045448909010e+00 7.602074627098498460e-02 1.433596533909400339e-01 4.024535218643623957e-02 0.000000000000000000e+00 1.108796835297618744e+00 8.175652197983787617e-02 1.243105356393463135e+09 6.067742659042669535e+08
2.380000000000000000e+02 1.050000000000010000e+14 0.000000000000000000e+00 1.150854023945121263e+00 2.389941737120120091e-02 8.308296888711931560e-02 1.481713361718724545e-02 0.000000000000000000e+00 1.236927927057130949e+00 1.337481700522787781e-02 7.080490717277505398e+08 2.056402367273139358e+08
2.390000000000000000e+02 1.050000000000010000e+14 1.000000000000000000e+00 1.071594510928189248e+00 1.892658862230483380e-02 9.295884411365759603e-02 7.662232576684478540e-03 0.000000000000000000e+00 1.173828423982515412e+00 3.001878176395954625e-02 7.587304459723653793e+08 1.148288445935980827e+08
2.400000000000000000e+02 1.050000000000010000e+14 0.000000000000000000e+00 1.361873226199689313e+00 3.776945346209094334e-02 1.007203418639159020e-01 2.001577695938215259e-02 0.000000000000000000e+00 1.411028660354017861e+00 5.226278623528333306e-02 1.014130585652097821e+09 2.651914656991094053e+08
2.410000000000000000e+02 1.050000000000010000e+14 1.000000000000000000e+00 1.098685014717142527e+00 3.765539792617836334e-02 7.925551913953728100e-02 2.118528481556602311e-02 0.000000000000000000e+00 1.228084972196902269e+00 3.661108152594529097e-02 7.784111440973947048e+08 2.605975878356379271e+08
2.420000000000000000e+02 1.050000000000010000e+14 0.000000000000000000e+00 1.057470226286007842e+00 4.625857027134554211e-02 1.371247350601456361e-01 2.829910233169498010e-02 0.000000000000000000e+00 1.169468914259825354e+00 4.611967453984326670e-02 1.444582890867015123e+09 4.188069924741088152e+08
2.430000000000000000e+02 1.050000000000010000e+14 0.000000000000000000e+00 1.495878636204614365e+00 1.247243587514706153e-01 2.899632461077388812e-01 1.611785150621853624e-01 0.000000000000000000e+00 1.826117060996046204e+00 7.948715200887260246e-02 1.345460006288596869e+09 2.945277362173623443e+08
2.440000000000000000e+02 1.050000000000020000e+14 0.000000000000000000e+00 1.173596077268545423e+00 5.238325420046668901e-02 1.649763995388510984e-01 4.728114299046821956e-02 0.000000000000000000e+00 1.133651741365856003e+00 4.237375195840799996e-02 1.264035051154921055e+09 7.653544467437310219e+08
2.450000000000000000e+02 1.050000000000010000e+14 0.000000000000000000e+00 1.265580239573265375e+00 5.347368389216558549e-02 1.338693240229661130e-01 2.423184735435133033e-02 0.000000000000000000e+00 1.270108494891103668e+00 9.050726480358012305e-02 1.104925733275507689e+09 3.303939123649808168e+08
2.460000000000000000e+02 1.050000000000010000e+14 0.000000000000000000e+00 1.637943376100584603e+00 1.421832256114017312e-01 1.318932249343679752e-01 7.107828179023475967e-02 0.000000000000000000e+00 1.807103849781535931e+00 1.649401006506838463e-01 1.375559314289744139e+09 9.938404204091032743e+08
2.470000000000000000e+02 1.050000000000010000e+14 0.000000000000000000e+00 1.111222365876423757e+00 2.458257357050175340e-02 1.031532642977483899e-01 1.958977001538590723e-02 0.000000000000000000e+00 1.152733343374513941e+00 1.763470327050706277e-02 9.253747357308044434e+08 2.750554080903999805e+08
2.480000000000000000e+02 1.050000000000030000e+14 0.000000000000000000e+00 1.309180525595387223e+00 1.205728458963618993e-01 1.171901850870842754e+00 1.000000000000000000e+00 0.000000000000000000e+00 1.290064727583447146e+00 1.230889683988572597e-01 1.172626254637736511e+10 1.001645931254107666e+10
2.490000000000000000e+02 1.050000000000010000e+14 0.000000000000000000e+00 1.178359686873623247e+00 2.465510059195747880e-02 7.808470047893381616e-02 7.586377526998131816e-03 0.000000000000000000e+00 1.283165046280170918e+00 8.988899227657290436e-03 5.240933356767323017e+08 9.012224257827529311e+07
2.500000000000000000e+02 1.050000000000010000e+14 0.000000000000000000e+00 1.445172611050049793e+00 1.816381846642689812e-01 2.320205299390419862e-01 6.389048382634254786e-02 0.000000000000000000e+00 1.397675543798311049e+00 2.082229288323388661e-01 2.707220143249929428e+09 8.417752248926206827e+08
2.510000000000000000e+02 1.050000000000010000e+14 0.000000000000000000e+00 9.150242699891478759e-01 6.204252969164727322e-02 1.095778813614107366e-01 1.960010056146819710e-02 0.000000000000000000e+00 9.249623594118721037e-01 1.069249276786072289e-01 7.891517823509489298e+08 1.720213342519302964e+08
2.520000000000000000e+02 1.050000000000020000e+14 0.000000000000000000e+00 1.346157289868529450e+00 1.303465378184081869e-01 2.129554561390642198e-01 7.361656967087580605e-02 0.000000000000000000e+00 1.451628949317613326e+00 1.040767112386919158e-01 1.317510416399272680e+09 4.565506572911609411e+08
2.530000000000000000e+02 1.050000000000010000e+14 0.000000000000000000e+00 1.021858511365705269e+00 6.560789929737252668e-02 2.583827857420357144e-01 1.017184667184667241e-01 0.000000000000000000e+00 1.381433258161634203e+00 4.390260662780649109e-02 1.269521139953409195e+09 2.131290958463574052e+08
2.540000000000000000e+02 1.050000000000010000e+14 1.000000000000000000e+00 1.115870905280130554e+00 2.380133534538219492e-02 8.597681843660497092e-02 1.521332169613080071e-02 0.000000000000000000e+00 1.177052089583028538e+00 1.112817772596255174e-02 5.062586382701465487e+08 4.972513958883969486e+07
2.550000000000000000e+02 1.050000000000020000e+14 0.000000000000000000e+00 9.425162274009410979e-01 6.823532469163724745e-02 1.075197494207037752e-01 1.893759767203750596e-02 0.000000000000000000e+00 9.843621362294453503e-01 4.524293158254483888e-02 9.745769623509039879e+08 2.728139481073626876e+08
2.560000000000000000e+02 1.050000000000010000e+14 0.000000000000000000e+00 1.131588933529994678e+00 2.136163575036597456e-02 1.174087503106936020e-01 1.484870018546017786e-02 0.000000000000000000e+00 1.332913842063619070e+00 1.775198622453543970e-02 9.473790381304397583e+08 2.147444613183383644e+08
2.570000000000000000e+02 1.050000000000010000e+14 0.000000000000000000e+00 1.208863536431636243e+00 9.376199133504059535e-02 1.179697089856469039e-01 2.251952705932838347e-02 0.000000000000000000e+00 1.435958325856408369e+00 8.270311415746187111e-02 1.009897199754776478e+09 3.062508905038628578e+08
2.580000000000000000e+02 1.050000000000010000e+14 0.000000000000000000e+00 1.143233802228641682e+00 2.179452985301804507e-02 1.220611550805551088e-01 1.710642845748923391e-02 0.000000000000000000e+00 1.237743943813814695e+00 4.714093548223713404e-02 9.601221297059288025e+08 1.955930338102793694e+08
2.590000000000000000e+02 1.050000000000010000e+14 0.000000000000000000e+00 1.154434586886623926e+00 8.022353197181335271e-02 1.776211465181411486e-01 7.668731364555667063e-02 0.000000000000000000e+00 1.445218370051891910e+00 3.912733970214237605e-02 9.582021902915353775e+08 3.470601554872264266e+08
2.600000000000000000e+02 1.050000000000010000e+14 0.000000000000000000e+00 1.187648896733053183e+00 1.855641623000621812e-02 1.274427310571101257e-01 2.531952007963237522e-02 0.000000000000000000e+00 1.275200815264257104e+00 3.710107694628454050e-02 1.129161976197351694e+09 3.233403734355618358e+08
2.610000000000000000e+02 1.050000000000010000e+14 0.000000000000000000e+00 1.640425148096947838e+00 6.112334447986124408e-02 1.775846957465000153e-01 4.838130856341862213e-02 0.000000000000000000e+00 1.700215127714618024e+00 6.972509583437128122e-02 1.859205867102875471e+09 5.953363539364409447e+08
2.620000000000000000e+02 1.050000000000010000e+14 0.000000000000000000e+00 1.221777188228563737e+00 9.500050605246684876e-02 1.432980622311468832e-01 4.553853522839273332e-02 0.000000000000000000e+00 1.294998433206087318e+00 1.276421211664015842e-01 1.200040548098591328e+09 6.298342907114191055e+08
2.630000000000000000e+02 1.050000000000010000e+14 1.000000000000000000e+00 1.138795867050161226e+00 2.557648297614332697e-02 8.737465836393117080e-02 1.330155417717437255e-02 0.000000000000000000e+00 1.235095362759818016e+00 3.154346979656896810e-02 6.493070093889077902e+08 1.839960096792728007e+08
2.640000000000000000e+02 1.050000000000060000e+14 0.000000000000000000e+00 1.126153963676350900e+00 4.169712950558163850e-02 1.469681869939191143e-01 4.524567365358577592e-02 0.000000000000000000e+00 1.183090144833141233e+00 4.403145541813937441e-02 9.658862749435068369e+08 2.319556795306828320e+08
2.650000000000000000e+02 1.050000000000010000e+14 0.000000000000000000e+00 1.090177195233846374e+00 5.738251720118556914e-02 1.293890592338176881e-01 2.357120211360634252e-02 0.000000000000000000e+00 1.361820923670895578e+00 9.206326278501750227e-02 1.028674175620013237e+09 2.748936630680387616e+08
2.660000000000000000e+02 1.050000000000010000e+14 0.000000000000000000e+00 1.483496759759704853e+00 1.361958602287566267e-01 1.888098547435125840e-01 5.483777253879079661e-02 0.000000000000000000e+00 1.545084722189498549e+00 9.073921893330470778e-02 1.193605345843375921e+09 2.348146062574855387e+08
2.670000000000000000e+02 1.050000000000010000e+14 0.000000000000000000e+00 1.150184338242300042e+00 4.001944298813769202e-02 1.271557049333972567e-01 2.165058942950199086e-02 0.000000000000000000e+00 1.253105422641838551e+00 5.780319821477224868e-02 8.810542179594687223e+08 2.398930913636551499e+08
2.680000000000000000e+02 1.050000000000010000e+14 0.000000000000000000e+00 1.003821626125735778e+00 6.913019721081037350e-02 1.057054378484013624e-01 3.078195681425001731e-02 0.000000000000000000e+00 1.091379638536724039e+00 6.446140484889237299e-02 1.086012359835253239e+09 4.407271644387251139e+08
2.690000000000000000e+02 1.050000000000010000e+14 0.000000000000000000e+00 1.551174588389316877e+00 1.123789905684523666e-01 1.273981015823247853e-01 2.246181856968157420e-02 0.000000000000000000e+00 1.500442216441771670e+00 1.257066123282807590e-01 1.320935304523395777e+09 3.365304069007737041e+08
2.700000000000000000e+02 1.050000000000020000e+14 0.000000000000000000e+00 1.075395822631863396e+00 9.539867374260938004e-02 1.068043515760727785e-01 4.249387011247181267e-02 0.000000000000000000e+00 1.145452605746154928e+00 7.102232710222319834e-02 1.336378133281175852e+09 6.152344660830357075e+08
2.710000000000000000e+02 1.050000000000010000e+14 0.000000000000000000e+00 7.925138250895088499e-01 1.513858079762127606e-01 3.691799739851907014e-01 2.563232209694427111e-01 0.000000000000000000e+00 1.380561658108935941e+00 2.816447596974317596e-02 8.651160444473938942e+08 2.117065494655737579e+08
2.720000000000000000e+02 1.050000000000050000e+14 1.000000000000000000e+00 8.814796758602947424e-01 1.859384927072460503e-02 7.804124679794699482e-02 1.055004704922814229e-02 0.000000000000000000e+00 1.075713754730764027e+00 4.952434825686534425e-02 4.615445945076927543e+08 1.467640271630088091e+08
2.730000000000000000e+02 1.050000000000010000e+14 0.000000000000000000e+00 1.036548509163823351e+00 7.500848678523308610e-02 1.498782042264881487e-01 3.447776523095123086e-02 0.000000000000000000e+00 1.148009230736156239e+00 5.120552882567417502e-02 8.858886876505029202e+08 3.389461381153091788e+08
2.740000000000000000e+02 1.050000000000010000e+14 1.000000000000000000e+00 1.115056634352131981e+00 1.879101288879601525e-02 8.440665954982326524e-02 9.584411584903406237e-03 0.000000000000000000e+00 1.139407467488714465e+00 1.376858107496489909e-02 7.993990189414619207e+08 1.303813785899361223e+08
2.750000000000000000e+02 1.050000000000030000e+14 0.000000000000000000e+00 1.452798854554146590e+00 1.343804308352960775e-01 1.640245408539172112e-01 4.764462041095788442e-02 0.000000000000000000e+00 1.397604657397537142e+00 1.667884054488452672e-01 1.735533323131095648e+09 6.297727081686397791e+08
2.760000000000000000e+02 1.050000000000010000e+14 0.000000000000000000e+00 1.167553706006670522e+00 2.403791884829758335e-02 1.015283824661809553e-01 1.139406157384429026e-02 0.000000000000000000e+00 1.386300527760135237e+00 2.779743092354842321e-02 8.719969030201412439e+08 1.624016295680352747e+08
2.770000000000000000e+02 1.050000000000070000e+14 0.000000000000000000e+00 1.045675840854603189e+00 4.319495235897862634e-02 5.983153324154647651e-02 1.593952315390339061e-02 0.000000000000000000e+00 1.087045778072840863e+00 1.441558130990428649e-02 4.667226247963072062e+08 2.321465252395259142e+08
2.780000000000000000e+02 1.050000000000010000e+14 0.000000000000000000e+00 1.543592141118341310e+00 8.955771456963507182e-02 1.463968004891132713e-01 9.373146102871568464e-02 0.000000000000000000e+00 1.612990480579599151e+00 1.358100547359336052e-01 1.748105867991683006e+09 1.244202501054343700e+09
2.790000000000000000e+02 1.050000000000040000e+14 0.000000000000000000e+00 1.487464330747618080e+00 1.810193404790614857e-01 2.633283084839154187e-01 5.220173945925505460e-02 0.000000000000000000e+00 1.468220193441470922e+00 7.058978696644697959e-02 1.465107743878626347e+09 3.828138966329911947e+08
2.800000000000000000e+02 1.050000000000020000e+14 0.000000000000000000e+00 9.659511471486195155e-01 4.163200066974519914e-02 8.014634597067556154e-02 1.387907973533017945e-02 0.000000000000000000e+00 1.156530450720655301e+00 2.200740309770821482e-02 3.839612825480914116e+08 9.035864386949735880e+07
2.810000000000000000e+02 1.050000000000020000e+14 0.000000000000000000e+00 1.137588452309208797e+00 2.004112133737962625e-02 1.256887141863513579e-01 1.856404323051817629e-02 0.000000000000000000e+00 1.047700840141313039e+00 1.141964288066563485e-02 1.328701193235653400e+09 2.804504946729089022e+08
2.820000000000000000e+02 1.050000000000010000e+14 1.000000000000000000e+00 1.144568984065849060e+00 2.930848117348949441e-02 7.032828593438902876e-02 5.437560977763258516e-03 0.000000000000000000e+00 1.145362335972643697e+00 3.023603297226135078e-02 5.943973842258751392e+08 6.795357742282801867e+07
2.830000000000000000e+02 1.050000000000010000e+14 1.000000000000000000e+00 1.105424597724389058e+00 3.173572920203918818e-02 4.998251262452417520e-02 1.208299586944196896e-02 0.000000000000000000e+00 1.236783926148747215e+00 3.176213047407473733e-02 4.843771059977502227e+08 1.608327082441758811e+08
2.840000000000000000e+02 1.050000000000010000e+14 1.000000000000000000e+00 1.034111974919907473e+00 3.251661559192196155e-02 7.706708590252014934e-02 7.161762824613023166e-03 0.000000000000000000e+00 1.210565135728594477e+00 4.035090094871760652e-02 6.458356705741357803e+08 8.653691579638385773e+07
2.850000000000000000e+02 1.050000000000010000e+14 1.000000000000000000e+00 1.136834481196678404e+00 3.269136757903341045e-02 6.938717916182016165e-02 1.234844356235918067e-02 0.000000000000000000e+00 1.161184149086432749e+00 2.548255517473308612e-02 6.558435611125537157e+08 1.644017539118646085e+08
2.860000000000000000e+02 1.050000000000010000e+14 0.000000000000000000e+00 9.539778729359359444e-01 4.680951874028965037e-02 1.292002581896297131e-01 4.512396281342676702e-02 0.000000000000000000e+00 1.149634830174554700e+00 3.423933003139208175e-02 1.357400294152399302e+09 7.348152736221103668e+08
2.870000000000000000e+02 1.050000000000010000e+14 0.000000000000000000e+00 1.141389054748949139e+00 7.589529558958543753e-02 1.394714541891527715e-01 5.022855454458551722e-02 0.000000000000000000e+00 1.301291087997280549e+00 5.730241858884724954e-02 1.546099789834730864e+09 7.014634626199487448e+08
2.880000000000000000e+02 1.050000000000010000e+14 0.000000000000000000e+00 1.040075576166839433e+00 1.233912001918788109e-01 1.706011460898689824e-01 4.423929410771330895e-02 0.000000000000000000e+00 1.141133822428971767e+00 1.196079656662868695e-01 1.762004676357127190e+09 6.863073529555989504e+08
2.890000000000000000e+02 1.050000000000060000e+14 0.000000000000000000e+00 1.794198715929357979e+00 9.625757239334065130e-02 1.026119084796737330e-01 3.569546021475726583e-02 0.000000000000000000e+00 1.808368670650211341e+00 1.123920898489117470e-01 8.951056027117706537e+08 4.928980664798865318e+08
2.900000000000000000e+02 1.050000000000010000e+14 0.000000000000000000e+00 1.169604578990122823e+00 4.920568587068941541e-02 1.938307810320366309e-01 3.357048740515572449e-02 0.000000000000000000e+00 1.287195261103254884e+00 2.970304446806386334e-02 1.810019291459748030e+09 3.729503104298611283e+08
2.910000000000000000e+02 1.050000000000010000e+14 0.000000000000000000e+00 1.454539722925131562e+00 1.189916321566970442e-01 1.161528140529727859e-01 2.868291037042392660e-02 0.000000000000000000e+00 1.371381179549571838e+00 1.235073677048419832e-01 1.307758778174500227e+09 3.950684045587208867e+08
2.920000000000000000e+02 1.050000000000020000e+14 1.000000000000000000e+00 9.340053207404256375e-01 3.359659529011280871e-02 7.090272783226891917e-02 1.163648478483056935e-02 0.000000000000000000e+00 1.120762019108717089e+00 4.408406932874040646e-02 5.905590886805567741e+08 1.753826961373960674e+08
2.930000000000000000e+02 1.050000000000010000e+14 0.000000000000000000e+00 9.615636584082466465e-01 1.194380500745239743e-01 3.289289189907929067e-01 1.952131938857602500e-01 0.000000000000000000e+00 1.130019771080918334e+00 7.455554411860999819e-02 1.244030260219565630e+09 4.341458427706731558e+08
2.940000000000000000e+02 1.050000000000020000e+14 1.000000000000000000e+00 1.128863482617649350e+00 3.799018796874234494e-02 8.102024981866640108e-02 1.439788809608150665e-02 0.000000000000000000e+00 1.122760845418283138e+00 5.514082488009543898e-02 8.628968149701479673e+08 2.018779435979436934e+08
2.950000000000000000e+02 1.050000000000010000e+14 0.000000000000000000e+00 1.093371944270988827e+00 5.910360104483759758e-02 1.086098353358873753e-01 2.424102005164653281e-02 0.000000000000000000e+00 1.231175071266045862e+00 4.447350644099545142e-02 1.104619373112943888e+09 3.343407634114598036e+08
2.960000000000000000e+02 1.050000000000020000e+14 0.000000000000000000e+00 9.344194449316477469e-01 1.300442495203816828e-01 1.660758505860934486e-01 8.728352869781852430e-02 0.000000000000000000e+00 9.406888726884429230e-01 1.195961871666008647e-01 1.876157519344069242e+09 1.310322877363990307e+09
2.970000000000000000e+02 1.050000000000010000e+14 0.000000000000000000e+00 1.341848549201538621e+00 1.770422159489505598e-01 2.037687989218781581e-01 7.035387298716827553e-02 0.000000000000000000e+00 1.530719903485904254e+00 2.171190621092287665e-01 1.792621715156425238e+09 9.918338465766433477e+08
2.980000000000000000e+02 1.050000000000010000e+14 0.000000000000000000e+00 1.322193673180861895e+00 5.790323812257500147e-02 1.426800954087865114e-01 3.383683016938775212e-02 0.000000000000000000e+00 1.269538039402546614e+00 6.539172222217239094e-02 1.450280647013491631e+09 4.246849614354399443e+08
2.990000000000000000e+02 1.050000000000010000e+14 0.000000000000000000e+00 1.091235529593537201e+00 7.344285967615395150e-02 7.729435134922205131e-02 1.089644530957262561e-02 0.000000000000000000e+00 1.155255144321807093e+00 6.106151830645552281e-02 6.731058919801623821e+08 1.593682362724675536e+08
3.000000000000000000e+02 1.050000000000010000e+14 0.000000000000000000e+00 9.946770223254215448e-01 4.144971024302099988e-02 1.019574667900463166e-01 1.158363184530481621e-02 0.000000000000000000e+00 1.205423838451559204e+00 1.356676890389861556e-02 7.341242027351984978e+08 1.213966322917041481e+08
3.010000000000000000e+02 1.050000000000010000e+14 0.000000000000000000e+00 9.957832350264090859e-01 1.782095504260834684e-02 1.284738811072887454e-01 3.580347175963524003e-02 0.000000000000000000e+00 1.074567837330457687e+00 5.601028140660758992e-02 6.373696292167241573e+08 1.019693372169097513e+08
3.020000000000000000e+02 1.050000000000010000e+14 0.000000000000000000e+00 1.231223522303075413e+00 6.163985591228682975e-02 1.465840344918484806e-01 3.596206099440343862e-02 0.000000000000000000e+00 1.275530580970539063e+00 7.859445514818376444e-02 1.461514005186944723e+09 4.979042401539825201e+08
3.030000000000000000e+02 1.050000000000010000e+14 0.000000000000000000e+00 1.175423489817419620e+00 3.551695413671326212e-02 8.690793773828420221e-02 3.370343722648311280e-02 0.000000000000000000e+00 1.176305614013340994e+00 3.167918712749162591e-02 9.419646782020349503e+08 4.742019558447970152e+08
3.040000000000000000e+02 1.050000000000110000e+14 0.000000000000000000e+00 9.717206925507233528e-01 6.928579144709026694e-02 7.132785311341535706e-02 1.538873368076075845e-02 0.000000000000000000e+00 1.087769695773619816e+00 6.781821102853276273e-02 7.654615966737486124e+08 2.317077804599023461e+08
3.050000000000000000e+02 1.050000000000010000e+14 0.000000000000000000e+00 1.107651918954260850e+00 1.743141681013895827e-01 2.750234856934929972e-01 1.274878067554423566e-01 0.000000000000000000e+00 1.321946986593011575e+00 1.670923867848176647e-01 2.933951646727351189e+09 2.137530876560326815e+09
3.060000000000000000e+02 1.050000000000010000e+14 0.000000000000000000e+00 1.080228759854631848e+00 3.628730340897966949e-02 1.424397788372203100e-01 5.815791505695333541e-02 0.000000000000000000e+00 1.145007969372006107e+00 2.640029113670145505e-02 8.204566055309514999e+08 1.299490811946934909e+08
3.070000000000000000e+02 1.050000000000020000e+14 0.000000000000000000e+00 1.022589065115097506e+00 4.082616892192635766e-02 7.003979836492950362e-02 1.087058644865726738e-02 0.000000000000000000e+00 1.122922905581079656e+00 5.089404687046787668e-02 4.836393305818790793e+08 9.635476365296666324e+07
3.080000000000000000e+02 1.050000000000010000e+14 0.000000000000000000e+00 1.102114850711702010e+00 3.022539896089946124e-02 1.202113044784231810e-01 2.817196611026084874e-02 0.000000000000000000e+00 1.232806148397450174e+00 3.131013512325746956e-02 5.485134361745374203e+08 9.767097591224989295e+07
3.090000000000000000e+02 1.050000000000010000e+14 0.000000000000000000e+00 1.389423273119549940e+00 5.695935024944297903e-02 1.636651568746771701e-01 3.278086369522299759e-02 0.000000000000000000e+00 1.290075544794550666e+00 6.856800557395492657e-02 1.714141079323818684e+09 4.151398215464139581e+08
3.100000000000000000e+02 1.050000000000010000e+14 0.000000000000000000e+00 1.052311391435798216e+00 7.608302564141569690e-02 1.300903678674506514e-01 2.509682964873085828e-02 0.000000000000000000e+00 1.285858578911264649e+00 5.406271768648146514e-02 7.332948328882025480e+08 1.629299785949743688e+08
3.110000000000000000e+02 1.050000000000010000e+14 0.000000000000000000e+00 1.211389374246541140e+00 1.032936042065711463e-01 2.027299505723977602e-01 9.909224307449190916e-02 0.000000000000000000e+00 1.352767107904096600e+00 6.266695088398159530e-02 8.009207687527705431e+08 1.429504804198790789e+08
3.120000000000000000e+02 1.050000000000010000e+14 0.000000000000000000e+00 2.571215073475763280e+00 1.443452193536529926e-01 1.674669503187441733e-01 6.788879204433563574e-02 0.000000000000000000e+00 2.180774835449176940e+00 1.976385496166189193e-01 1.920161371848211765e+09 8.791192308580679893e+08
3.130000000000000000e+02 1.050000000000020000e+14 0.000000000000000000e+00 1.149095746587740718e+00 1.478793302053779957e-01 3.029470076555837998e-01 1.174648321619581326e-01 0.000000000000000000e+00 1.376656707975408844e+00 1.438264980950903216e-01 2.951307742052419186e+09 1.948864908156855106e+09
3.140000000000000000e+02 1.050000000000020000e+14 0.000000000000000000e+00 1.556156961631313340e+00 8.865681246668938309e-02 7.724672957985602439e-02 2.491389859658019873e-02 0.000000000000000000e+00 1.600817361628992685e+00 9.201472178874685326e-02 8.867562023588119745e+08 3.862641817318095565e+08
3.150000000000000000e+02 1.050000000000010000e+14 0.000000000000000000e+00 1.214033419576215467e+00 1.625709825529368657e-01 2.237760344494229003e-01 1.198172448868078388e-01 0.000000000000000000e+00 1.140767936487065759e+00 2.215180804036959994e-01 2.612496993838850021e+09 1.554390768637316704e+09
3.160000000000000000e+02 1.050000000000020000e+14 0.000000000000000000e+00 1.245835211731391778e+00 8.043955016216881859e-02 1.047363357906476999e-01 5.922735145035953191e-02 0.000000000000000000e+00 1.286650816575235279e+00 4.998446644807683775e-02 1.172401237673782110e+08 2.320476047758041695e+07
3.170000000000000000e+02 1.050000000000010000e+14 0.000000000000000000e+00 1.835793691403816874e+00 4.392443347410700943e-02 1.070709819973151844e-01 9.184725285262249073e-03 0.000000000000000000e+00 1.819596431713071949e+00 5.028729232187843790e-02 1.021148217879963756e+09 1.206780747455804795e+08
3.180000000000000000e+02 1.050000000000020000e+14 0.000000000000000000e+00 1.095088977216571280e+00 7.710927315137947047e-02 1.580548571575333683e-01 6.407749535558657228e-02 0.000000000000000000e+00 1.215675615108040342e+00 7.681774829610184263e-02 8.772122491463663578e+08 1.667446264000738859e+08
3.190000000000000000e+02 1.050000000000010000e+14 0.000000000000000000e+00 9.967586759734815560e-01 5.200210365752970521e-02 5.774546197602545283e-02 6.467985730966587486e-03 0.000000000000000000e+00 1.179362047818416137e+00 2.097889552434975893e-02 2.882846982270405889e+08 7.348374854367709160e+07
3.200000000000000000e+02 1.050000000000010000e+14 0.000000000000000000e+00 1.061669963959503304e+00 4.311263313010905984e-02 8.244498535809906270e-02 2.466553714859437765e-02 0.000000000000000000e+00 1.068917574871814713e+00 1.841536709551954559e-02 4.515922087000647187e+08 4.858342798947995156e+07
3.210000000000000000e+02 1.050000000000010000e+14 0.000000000000000000e+00 9.524453828317613890e-01 8.063949545632677351e-02 1.452154616039712798e-01 3.597554188470919456e-02 0.000000000000000000e+00 1.373232183219388114e+00 3.403382466256707484e-02 5.964014494582163095e+08 8.706400472993569076e+07
3.220000000000000000e+02 1.050000000000010000e+14 0.000000000000000000e+00 1.166870956595681852e+00 9.552411116798510682e-02 2.388380796303087028e-01 1.000399157550405788e-01 0.000000000000000000e+00 1.151318454981743011e+00 1.038779435836940102e-01 2.648831509062542439e+09 1.401771610413386822e+09
3.230000000000000000e+02 1.050000000000010000e+14 0.000000000000000000e+00 1.160261405945325341e+00 1.813360703564733389e-01 1.776766047146930705e-01 4.861060441115952480e-02 0.000000000000000000e+00 1.221337668743280647e+00 1.763396694423535471e-01 2.142847613354715586e+09 6.665739090848547220e+08
3.240000000000000000e+02 1.050000000000010000e+14 0.000000000000000000e+00 1.204533061962582030e+00 5.982653259111894717e-02 1.407728200549743236e-01 6.297607125354243163e-02 0.000000000000000000e+00 1.289639187234522977e+00 2.060936554896768483e-02 6.580814151743663549e+08 5.612516411851473153e+07
