# rID[0] Hid[1]   R200: DS[2], eta[3], detla[4], fm[5], fm2[6];   R500: DS[7], eta[8], detla[9], fm[10], fm2[11]
1.000000000000000000e+00 8.100000000000200000e+13 0.000000000000000000e+00 1.225966464071257533e+00 8.338147592919625817e-02 1.089095709279929436e-01 3.118557538347295488e-02 0.000000000000000000e+00 1.049082614136152003e+00 7.824455683339143208e-02 1.320981307816326618e+09 4.428914732811173201e+08
2.000000000000000000e+00 8.100000000000100000e+13 0.000000000000000000e+00 1.084066010717267048e+00 3.421784931495740201e-02 2.719058543497532288e-01 1.144240232861700041e-01 0.000000000000000000e+00 1.139264186399559176e+00 7.057610977387555884e-02 1.554103341953142643e+09 5.262837510468370318e+08
3.000000000000000000e+00 8.100000000000400000e+13 0.000000000000000000e+00 1.180468982810859657e+00 8.692376971292768706e-02 2.210613221161455699e-01 7.237879236471501943e-02 0.000000000000000000e+00 1.201527482679365377e+00 8.149193537727597580e-02 2.150758908353465557e+09 1.079803512294743061e+09
4.000000000000000000e+00 8.100000000000300000e+13 0.000000000000000000e+00 1.140592868955468075e+00 1.018357091694069710e-01 1.942617272015440544e-01 4.955886696293040211e-02 0.000000000000000000e+00 1.277000961162038095e+00 6.647486277820705003e-02 1.756735113403786659e+09 3.315726558366806507e+08
5.000000000000000000e+00 8.100000000000900000e+13 0.000000000000000000e+00 1.055015531993114264e+00 7.149279780753245439e-02 1.471117507054620077e-01 9.941298933661719961e-02 0.000000000000000000e+00 1.274242277624089148e+00 1.541435723066468255e-01 1.895090409413332224e+09 1.790239180224048615e+09
6.000000000000000000e+00 8.100000000000100000e+13 0.000000000000000000e+00 1.102679188905187013e+00 4.952621236620455281e-02 9.047620184907033403e-02 5.371008219126962267e-03 0.000000000000000000e+00 1.272820494450410012e+00 4.322054097149372054e-02 7.588402616129994392e+08 7.956907643376792967e+07
7.000000000000000000e+00 8.100000000000100000e+13 0.000000000000000000e+00 1.109375302494957305e+00 7.991648993076908014e-02 1.869748836075865728e-01 5.991334588950568418e-02 0.000000000000000000e+00 1.139949473428810034e+00 6.595938084819724656e-02 1.787489413907624483e+09 9.904112387463480234e+08
8.000000000000000000e+00 8.100000000002400000e+13 0.000000000000000000e+00 2.013404908248467073e+00 7.183035554625857855e-02 1.321742088361497203e-01 7.470178680890385281e-02 0.000000000000000000e+00 2.178720636090961449e+00 9.298505453974352519e-02 1.682382899244673967e+09 9.713225028812929392e+08
9.000000000000000000e+00 8.100000000000100000e+13 0.000000000000000000e+00 1.204851781888246043e+00 4.833240058336054495e-02 1.290212915649898706e-01 1.286562000803614242e-02 0.000000000000000000e+00 1.192849982622434579e+00 5.062674209528839064e-02 1.322792799365232706e+09 1.595585210207314193e+08
1.000000000000000000e+01 8.100000000000100000e+13 0.000000000000000000e+00 1.582356116197587426e+00 1.052898010561066772e-01 1.325721560127610665e-01 2.504888783859628501e-02 0.000000000000000000e+00 1.726187157017591511e+00 1.302282944673077703e-01 1.614031161622864485e+09 3.412093670615240335e+08
1.100000000000000000e+01 8.100000000000300000e+13 0.000000000000000000e+00 1.197397441329083545e+00 2.907725268030753388e-02 5.155383499096283934e-02 1.812082664670756557e-02 0.000000000000000000e+00 1.290727218679587729e+00 4.115301061818001094e-02 5.914807380392600298e+08 2.812425516905886531e+08
1.200000000000000000e+01 8.100000000000500000e+13 1.000000000000000000e+00 1.067985536516426359e+00 7.435787722727491694e-03 6.675579991851747497e-02 8.781798174639135132e-03 0.000000000000000000e+00 1.356584487269768768e+00 5.023027996179209309e-02 5.815362559861811399e+08 1.385721504252080917e+08
1.300000000000000000e+01 8.100000000004400000e+13 0.000000000000000000e+00 1.465309390652045574e+00 1.102500520749223611e-01 1.561919378974934436e-01 7.678944325408972038e-02 0.000000000000000000e+00 1.443356255898851970e+00 3.438699973050279163e-02 5.649291485059150457e+08 3.990497532620850205e+08
1.400000000000000000e+01 8.100000000001200000e+13 0.000000000000000000e+00 1.081214959396584296e+00 9.530543613322384200e-02 1.502532293775303562e-01 5.119607160931174267e-02 0.000000000000000000e+00 1.378349745366232115e+00 8.768090568801803486e-02 8.519059646452931166e+08 4.863883732764491439e+08
1.500000000000000000e+01 8.100000000000100000e+13 0.000000000000000000e+00 1.171711684719698665e+00 2.355553100632315489e-02 5.856729580457650797e-02 1.256660168940870737e-02 0.000000000000000000e+00 1.380230977878424303e+00 4.472810114405997156e-02 4.567780233391481638e+08 1.763713948910937905e+08
1.600000000000000000e+01 8.100000000000100000e+13 0.000000000000000000e+00 1.111057753440187090e+00 4.040848421522657413e-02 1.606208562627901293e-01 4.277417268399232031e-02 0.000000000000000000e+00 1.156609652394805066e+00 3.919823428167025503e-02 1.873117843450873613e+09 6.112453605841014385e+08
1.700000000000000000e+01 8.100000000000100000e+13 0.000000000000000000e+00 1.213230407628141716e+00 7.949630477532307338e-02 1.551718353777028492e-01 3.349786197898375201e-02 0.000000000000000000e+00 1.252961864101312939e+00 9.670605114036989747e-02 1.464268507314360857e+09 4.171847237534807920e+08
1.800000000000000000e+01 8.100000000000300000e+13 0.000000000000000000e+00 1.146785863121055904e+00 7.000647066036207178e-02 1.220904310778161556e-01 3.216706393604773506e-02 0.000000000000000000e+00 1.201302535310125652e+00 4.707844060303556510e-02 1.596711908879776001e+09 5.073836238530773520e+08
1.900000000000000000e+01 8.100000000000200000e+13 0.000000000000000000e+00 1.207511345647589884e+00 8.817586747816297255e-03 5.995229912178170334e-02 1.128528663699745679e-02 0.000000000000000000e+00 1.153628186976079384e+00 1.316647605230349301e-02 6.131636369030706882e+08 1.463601870488559008e+08
2.000000000000000000e+01 8.100000000000100000e+13 0.000000000000000000e+00 1.179754622286154131e+00 1.111026375169814756e-01 2.794632132257051649e-01 6.076070475528867754e-02 0.000000000000000000e+00 1.198829685057133831e+00 5.663710370580277154e-02 2.321791594242988586e+09 8.575094793295077085e+08
2.100000000000000000e+01 8.100000000000100000e+13 0.000000000000000000e+00 1.073716086410460235e+00 1.364027134381176898e-01 1.787072543174653416e-01 7.722114372037157393e-02 0.000000000000000000e+00 1.297763832688138885e+00 7.751626706707719083e-02 9.194062904291976690e+08 2.150972641311616302e+08
2.200000000000000000e+01 8.100000000000100000e+13 0.000000000000000000e+00 1.263139785759014533e+00 5.672123009007720706e-02 9.080527883005330703e-02 1.604394108121513784e-02 0.000000000000000000e+00 1.237735021307606376e+00 6.692645664575941344e-02 8.323447096587185860e+08 2.285377700325726271e+08
2.300000000000000000e+01 8.100000000000800000e+13 0.000000000000000000e+00 1.190686788805045637e+00 3.231276223542581261e-02 1.094575230061349685e-01 2.701694785276073651e-02 0.000000000000000000e+00 1.266771571012489606e+00 1.885966473955819067e-02 9.556839235442944765e+08 3.633622243570156693e+08
2.400000000000000000e+01 8.100000000000800000e+13 0.000000000000000000e+00 1.265857723188281714e+00 1.069945516879819078e-02 4.712094796456498674e-02 1.413373860182370878e-02 0.000000000000000000e+00 1.351810421159960640e+00 7.667084376106713707e-03 4.484684611748074293e+08 2.029846852566560805e+08
2.500000000000000000e+01 8.100000000000200000e+13 0.000000000000000000e+00 1.115478170405468816e+00 8.902177907114426636e-02 5.057206658019065548e-01 1.762872499866862397e-01 0.000000000000000000e+00 1.652886674347897822e+00 9.463503004315622358e-02 1.832161978333374500e+09 5.273792490132523775e+08
2.600000000000000000e+01 8.100000000000100000e+13 0.000000000000000000e+00 1.332374446889952546e+00 8.210202130540569798e-02 1.226940444776434547e-01 3.296477026379675962e-02 0.000000000000000000e+00 1.211137755361570978e+00 1.175133715176957666e-01 1.416655074172442913e+09 4.493592221634603143e+08
2.700000000000000000e+01 8.100000000000100000e+13 0.000000000000000000e+00 1.982905551503758801e+00 9.872045536399214061e-02 1.882501022154985382e-01 5.605848279156797065e-02 0.000000000000000000e+00 2.409782295836711441e+00 1.268231151164490589e-01 1.646454634654192686e+09 8.018988976667189598e+08
2.800000000000000000e+01 8.100000000000100000e+13 0.000000000000000000e+00 1.399865068717920158e+00 6.153664495367325987e-02 1.633956223130307583e-01 4.185946094781569510e-02 0.000000000000000000e+00 1.890364420839441895e+00 4.849152893553545368e-02 1.065015714119343042e+09 1.649375803003541529e+08
2.900000000000000000e+01 8.100000000000100000e+13 0.000000000000000000e+00 7.522879654366139146e-01 1.350465247415690018e-01 3.082523389857950158e-01 1.927432617828261641e-01 0.000000000000000000e+00 1.307642472411074896e+00 2.313932244709785563e-02 6.386956756738330126e+08 8.078920249597866833e+07
3.000000000000000000e+01 8.100000000000200000e+13 0.000000000000000000e+00 1.040771686950971775e+00 9.939198929819212380e-02 1.534558918131932737e-01 7.898707734995337459e-02 0.000000000000000000e+00 1.453480219430167919e+00 5.540766710299575154e-02 5.132147974207361341e+08 6.861357279454191029e+07
3.100000000000000000e+01 8.100000000000200000e+13 0.000000000000000000e+00 1.339199304721701900e+00 4.841513951305297797e-02 8.318035819977485923e-02 1.578327549990135581e-02 0.000000000000000000e+00 1.415255020975619171e+00 4.813443367452118621e-02 7.587184013089089394e+08 2.269749279593799710e+08
3.200000000000000000e+01 8.100000000000100000e+13 1.000000000000000000e+00 1.143540121908151574e+00 8.848843487089506216e-03 9.255892209974035667e-02 1.631530244634306348e-02 0.000000000000000000e+00 1.342830517890494457e+00 8.122106075210914350e-03 6.096568420022624731e+08 1.229116080119305998e+08
3.300000000000000000e+01 8.100000000000100000e+13 0.000000000000000000e+00 1.496054834296521641e+00 1.844856620565577532e-01 2.937129105819917263e-01 1.472280595526428149e-01 0.000000000000000000e+00 1.549410333382367888e+00 2.164004857422771044e-01 1.556772960255037785e+09 7.775768460018354654e+08
3.400000000000000000e+01 8.100000000000100000e+13 0.000000000000000000e+00 1.211701618460387486e+00 5.723044183840066829e-02 1.270265198147980112e-01 4.518184179495848135e-02 0.000000000000000000e+00 1.212895706769035131e+00 6.855881855860639085e-02 1.475711334916528940e+09 6.270210247532086372e+08
3.500000000000000000e+01 8.100000000000100000e+13 0.000000000000000000e+00 1.942475909539433943e+00 1.259349516692277737e-01 1.559778468281527997e-01 7.660061298382316031e-02 0.000000000000000000e+00 1.909726740756859886e+00 1.548946566465446428e-01 1.656594493637346268e+09 9.374732459968539476e+08
3.600000000000000000e+01 8.100000000000200000e+13 0.000000000000000000e+00 1.212646117752756325e+00 5.304439817653386346e-02 8.861167325478032375e-02 2.621519490098916244e-02 0.000000000000000000e+00 1.401841864764151069e+00 3.824955538477187167e-02 8.797142654596306086e+08 3.866243109465076923e+08
3.700000000000000000e+01 8.100000000000100000e+13 0.000000000000000000e+00 1.073789771657118974e+00 7.803201473877087457e-02 3.270559202352835149e-01 1.747481495272061869e-01 0.000000000000000000e+00 1.348699962508269401e+00 4.108813681776325027e-02 9.595511407040876150e+08 1.024512549067786634e+08
3.800000000000000000e+01 8.100000000000100000e+13 1.000000000000000000e+00 1.122541311593810098e+00 9.488681927540007152e-03 8.687032912131305296e-02 1.913762318442467983e-02 0.000000000000000000e+00 1.178325645091439000e+00 1.759675704657529677e-02 7.369871741455737352e+08 1.577518553552078605e+08
3.900000000000000000e+01 8.100000000000100000e+13 0.000000000000000000e+00 9.919520924412011942e-01 6.010053316706576859e-02 1.598267302163106363e-01 6.044310090017466358e-02 0.000000000000000000e+00 1.178567049190399230e+00 3.194941497823114429e-02 4.749573067509127259e+08 1.661058019894304276e+08
4.000000000000000000e+01 8.100000000002000000e+13 0.000000000000000000e+00 1.124546721225218260e+00 1.807674778420224893e-01 3.147029227189395151e-01 2.255270765759413432e-01 0.000000000000000000e+00 1.562106824264445581e+00 1.067132382948816904e-01 1.403567950534438133e+09 5.407790915725002289e+08
4.100000000000000000e+01 8.100000000000100000e+13 0.000000000000000000e+00 1.246824198463323485e+00 2.410323292689236716e-02 1.605702688933195454e-01 2.749932641954020221e-02 0.000000000000000000e+00 1.390873028019937285e+00 5.050045622708931869e-02 9.462486316284732819e+08 1.294681291803915650e+08
4.200000000000000000e+01 8.100000000000300000e+13 0.000000000000000000e+00 1.283798259904716410e+00 5.241987648645066861e-02 1.460587048355615758e-01 3.665325745982583178e-02 0.000000000000000000e+00 1.314947496542175687e+00 6.630711712509564093e-02 1.693586024308451891e+09 5.086633249203233719e+08
4.300000000000000000e+01 8.100000000000100000e+13 0.000000000000000000e+00 1.101047460171716175e+00 5.546971838630985335e-02 8.551132792922032377e-02 1.673523347628922894e-02 0.000000000000000000e+00 1.055483689063229757e+00 4.891623716914558079e-02 7.588365192702770233e+08 1.331018268835337609e+08
4.400000000000000000e+01 8.100000000000100000e+13 0.000000000000000000e+00 1.053252296487554363e+00 4.391789711767384724e-02 1.418176828464955130e-01 3.804839832869080785e-02 0.000000000000000000e+00 9.726504432952459700e-01 3.592706530220717009e-02 1.183238235345608234e+09 4.179018906611186266e+08
4.500000000000000000e+01 8.100000000000100000e+13 0.000000000000000000e+00 1.378246018029624542e+00 2.201890866381281953e-01 1.967044332263688522e-01 3.029782517844288592e-02 0.000000000000000000e+00 1.186252291511687762e+00 1.987441448811070877e-01 2.424068228304507256e+09 5.704342987020163536e+08
4.600000000000000000e+01 8.100000000000100000e+13 0.000000000000000000e+00 1.131368529721575644e+00 7.843707229523545765e-02 1.897860343129693927e-01 5.004745915546433138e-02 0.000000000000000000e+00 1.329162586602557372e+00 8.774407395574167212e-02 1.715767927860764742e+09 7.345248045367439985e+08
4.700000000000000000e+01 8.100000000000600000e+13 0.000000000000000000e+00 2.358626788477162783e+00 1.502012331120189947e-01 1.977383893970689477e-01 5.288875774564768401e-02 0.000000000000000000e+00 2.090011164978186731e+00 1.824805936559202035e-01 2.139287434772110224e+09 7.381368630724139214e+08
4.800000000000000000e+01 8.100000000000100000e+13 0.000000000000000000e+00 1.249118444073170187e+00 1.547287999365303673e-02 1.278863235942949705e-01 2.409987042481155986e-02 0.000000000000000000e+00 1.261054455232393900e+00 2.237889068139667023e-02 1.324194371811612606e+09 2.922002026490429044e+08
4.900000000000000000e+01 8.100000000000200000e+13 0.000000000000000000e+00 1.474827381905187362e+00 2.939817893470665633e-02 1.429567863559415564e-01 3.847655616596509093e-02 0.000000000000000000e+00 1.469642968878465128e+00 7.328229653980199154e-02 1.645083954404432774e+09 5.854688272547917366e+08
5.000000000000000000e+01 8.100000000000100000e+13 0.000000000000000000e+00 1.221033775908066499e+00 2.343109618568323671e-01 4.251738319213009265e-01 2.536663320618349760e-01 0.000000000000000000e+00 1.050630592220077819e+00 1.360578583715772449e-01 1.765740184470297098e+09 5.842920182806947231e+08
5.100000000000000000e+01 8.100000000000300000e+13 0.000000000000000000e+00 1.116565065139632607e+00 1.788562590395836316e-01 2.103327241748880194e-01 1.058602874495039731e-01 0.000000000000000000e+00 8.912132178384638559e-01 1.789777781907793131e-01 2.868753380213462353e+09 1.905281338130425930e+09
5.200000000000000000e+01 8.100000000000100000e+13 0.000000000000000000e+00 1.134527006190573895e+00 1.002804334526211927e-01 2.367286534366774275e-01 1.457462812044775791e-01 0.000000000000000000e+00 1.256303999531680038e+00 6.625606731709482444e-02 3.207892596612616062e+09 2.581627532925750256e+09
5.300000000000000000e+01 8.100000000004100000e+13 0.000000000000000000e+00 1.595343275463656063e+00 2.958313524327773614e-01 4.262030438831634349e-01 2.898866518828753236e-01 0.000000000000000000e+00 1.479158715208575670e+00 2.650615480392399803e-01 1.403273730755227327e+09 1.212125071322106600e+09
5.400000000000000000e+01 8.100000000000100000e+13 0.000000000000000000e+00 1.045749368352246966e+00 7.112624964340612255e-02 1.973465347277109372e-01 4.377726752582963149e-02 0.000000000000000000e+00 1.077524215524353179e+00 3.292004033727421314e-02 7.279440675239138603e+08 1.424106829974826872e+08
5.500000000000000000e+01 8.100000000000100000e+13 0.000000000000000000e+00 1.255646763038250402e+00 1.155562160347766293e-01 1.297230993778653863e-01 3.739012822196122882e-02 0.000000000000000000e+00 1.260231720218201179e+00 1.198058813183341675e-01 9.256458037610173225e+08 5.468871924085749388e+08
5.600000000000000000e+01 8.100000000000100000e+13 0.000000000000000000e+00 1.292132944842246056e+00 7.932153651815000706e-02 1.140333430904329065e-01 3.811007548913880605e-02 0.000000000000000000e+00 1.387916247891855193e+00 1.270285365730767779e-01 1.223211697064864635e+09 4.891410745520105362e+08
5.700000000000000000e+01 8.100000000000600000e+13 0.000000000000000000e+00 1.179601321453995766e+00 8.280901332070632337e-02 1.545973673760882849e-01 3.468295313787197326e-02 0.000000000000000000e+00 9.862669766382771153e-01 4.928899547141552678e-02 1.529810614366655111e+09 4.815381396734809279e+08
5.800000000000000000e+01 8.100000000000100000e+13 0.000000000000000000e+00 1.235937659120005527e+00 1.228953966114911672e-01 1.625993027903229193e-01 4.419105018764709486e-02 0.000000000000000000e+00 1.260715135492451955e+00 1.257394604414417694e-01 1.487775819943107367e+09 5.723600204571096897e+08
5.900000000000000000e+01 8.100000000000100000e+13 0.000000000000000000e+00 1.227487941706919772e+00 2.012175524415804606e-01 2.205945546334779350e-01 5.371950581090985388e-02 0.000000000000000000e+00 1.233064773322959606e+00 2.215301277804648805e-01 2.177854777674707890e+09 7.297191701578823328e+08
6.000000000000000000e+01 8.100000000000100000e+13 0.000000000000000000e+00 1.245712576847574748e+00 5.638299018340291874e-02 6.044812886938298602e-02 1.057231595798915381e-02 0.000000000000000000e+00 1.261549040070636174e+00 5.568857227668019827e-02 7.427646440980632305e+08 1.463498120808885098e+08
6.100000000000000000e+01 8.100000000000300000e+13 0.000000000000000000e+00 1.147900421285191541e+00 1.493600495097393566e-01 1.289300628641016355e-01 3.839416779119902284e-02 0.000000000000000000e+00 1.000466987393525242e+00 8.860007756889225206e-02 1.495842982391070127e+09 6.263569041875128746e+08
6.200000000000000000e+01 8.100000000001400000e+13 0.000000000000000000e+00 1.148434187025415332e+00 6.405307442289467912e-02 1.307142891809348062e-01 2.797493381589089001e-02 0.000000000000000000e+00 1.127231834629813134e+00 6.777885469965462539e-02 1.856798016251836538e+09 4.042611056662910581e+08
6.300000000000000000e+01 8.100000000000100000e+13 0.000000000000000000e+00 1.210979539466342292e+00 4.619471681480731562e-02 8.742927251338544758e-02 1.770457468913882310e-02 0.000000000000000000e+00 1.441764704767036109e+00 3.524375473725351732e-02 7.272805639708324671e+08 2.447650987385347188e+08
6.400000000000000000e+01 8.100000000000300000e+13 0.000000000000000000e+00 1.082913672866086197e+00 6.511293508665384755e-02 1.683458059150264585e-01 3.443971392141632198e-02 0.000000000000000000e+00 1.309349442020634635e+00 4.007094477792420839e-02 1.008198444656140327e+09 1.368857833795624971e+08
6.500000000000000000e+01 8.100000000000100000e+13 0.000000000000000000e+00 1.146652349757440348e+00 3.361010474020552363e-02 1.199040896240186754e-01 2.313003317180235482e-02 0.000000000000000000e+00 1.325645882188710489e+00 1.859337070844277462e-02 8.432931430230255127e+08 1.289214017844520658e+08
6.600000000000000000e+01 8.100000000000400000e+13 1.000000000000000000e+00 1.134802896637014280e+00 2.557806236507493072e-02 7.787683602238730518e-02 2.291941283664606158e-02 0.000000000000000000e+00 1.362585020005843806e+00 2.381898704627829350e-02 7.641767091347850561e+08 1.880282254299149215e+08
6.700000000000000000e+01 8.100000000000100000e+13 1.000000000000000000e+00 1.123014131321730114e+00 3.419949132406942260e-02 9.942464902270067850e-02 1.557144207075516346e-02 0.000000000000000000e+00 1.323603932690001983e+00 7.730562328305860820e-02 7.993154872272572517e+08 2.342269806018404067e+08
6.800000000000000000e+01 8.100000000000100000e+13 1.000000000000000000e+00 1.115040660072540879e+00 1.267623436882301356e-02 7.183792601598798511e-02 1.116999177768657377e-02 0.000000000000000000e+00 1.301443587705714444e+00 3.986426306273808257e-02 5.047201530712566376e+08 1.051309137681154907e+08
6.900000000000000000e+01 8.100000000000200000e+13 0.000000000000000000e+00 1.037922044811811384e+00 1.366284728043678232e-01 9.711262116112476250e-02 2.271349449547524144e-02 0.000000000000000000e+00 1.150554213109120649e+00 1.125462016615537686e-01 1.046083815719385386e+09 3.982161795125390291e+08
7.000000000000000000e+01 8.100000000000100000e+13 0.000000000000000000e+00 1.241090603934716041e+00 8.067367498137585635e-02 1.290055544228864148e-01 2.357138573940241455e-02 0.000000000000000000e+00 1.317851921408479621e+00 8.266887652256037222e-02 1.341864283238296270e+09 3.496798212720613480e+08
7.100000000000000000e+01 8.100000000000100000e+13 0.000000000000000000e+00 1.175738292562658271e+00 1.101996597822498675e-01 1.759696264530130616e-01 2.548656737124792987e-02 0.000000000000000000e+00 1.032911685279723990e+00 9.721025654505939528e-02 1.290884135469134569e+09 4.619522706181512475e+08
7.200000000000000000e+01 8.100000000000100000e+13 0.000000000000000000e+00 1.374153675692922905e+00 1.462999880598011559e-01 2.115105136402982144e-01 5.440831541618965095e-02 0.000000000000000000e+00 1.417983065730282322e+00 2.296588261907939743e-01 2.155149658800646305e+09 7.473013415763834715e+08
7.300000000000000000e+01 8.100000000000100000e+13 0.000000000000000000e+00 1.255475434909774313e+00 1.023891632069668517e-01 9.230506713755388948e-02 4.265885537854785525e-02 0.000000000000000000e+00 1.226701338560747923e+00 1.046809238784630058e-01 1.194246068221407652e+09 5.913479092147471905e+08
7.400000000000000000e+01 8.100000000000300000e+13 0.000000000000000000e+00 1.040877137053409340e+00 4.967717285833854468e-02 1.059822732843137272e-01 3.493529411764705744e-02 0.000000000000000000e+00 1.169544654830706021e+00 4.671728839073048534e-02 8.085036222701991796e+08 1.759048841834638119e+08
7.500000000000000000e+01 8.100000000000100000e+13 0.000000000000000000e+00 1.889299520027931889e+00 1.679895759496434771e-01 3.094134965394081949e-01 1.954225808242500417e-01 0.000000000000000000e+00 1.605722128928261272e+00 1.174031857138676666e-01 9.915672084769198895e+08 1.003882444255460054e+08
7.600000000000000000e+01 8.100000000000100000e+13 1.000000000000000000e+00 1.104602157388993477e+00 3.117012184787745083e-02 9.895684482731013920e-02 1.568409844202840395e-02 0.000000000000000000e+00 1.352256100738238986e+00 5.353691724053007833e-02 1.100880974495385647e+09 2.398592488019621670e+08
7.700000000000000000e+01 8.100000000000100000e+13 0.000000000000000000e+00 1.237746332759259715e+00 6.639104455371161451e-02 9.910314680022112854e-02 1.795397109537473501e-02 0.000000000000000000e+00 1.341383529638448424e+00 4.866253944901015316e-02 5.565071702485158443e+08 1.108360197873127759e+08
7.800000000000000000e+01 8.100000000000300000e+13 0.000000000000000000e+00 1.343395374309011903e+00 2.378460152375751202e-02 1.123085416059187852e-01 2.315260528123594397e-02 0.000000000000000000e+00 1.403459707248126964e+00 3.739259250363095172e-02 1.036973868317567825e+09 3.194354730431564450e+08
7.900000000000000000e+01 8.100000000000400000e+13 0.000000000000000000e+00 1.236402353355398720e+00 1.199236019476745130e-01 1.343949912425685123e-01 2.608875841823519309e-02 0.000000000000000000e+00 1.073348533888747847e+00 8.936281267634244019e-02 1.833163322750099659e+09 4.478565524326015711e+08
8.000000000000000000e+01 8.100000000000500000e+13 0.000000000000000000e+00 9.963315484965539204e-01 8.467430893962339666e-02 2.057829108624495695e-01 1.196986815062318910e-01 0.000000000000000000e+00 1.147126742800937294e+00 6.056287490149180053e-02 3.485683310966807604e+08 7.812462909189590812e+07
8.100000000000000000e+01 8.100000000000100000e+13 0.000000000000000000e+00 1.166198048818114286e+00 1.147806730363528233e-01 1.741772521754659520e-01 5.747126436781609116e-02 0.000000000000000000e+00 1.354041562753287353e+00 6.937548424936759717e-02 1.101641743137046814e+09 5.710378576028324366e+08
8.200000000000000000e+01 8.100000000000100000e+13 0.000000000000000000e+00 9.780969137395728596e-01 1.070768459522159766e-01 1.368667944914658541e-01 6.389470798301605248e-02 0.000000000000000000e+00 1.039529841798293441e+00 9.594956304618432186e-02 1.584965576069932461e+09 1.009761339153357148e+09
8.300000000000000000e+01 8.100000000000100000e+13 0.000000000000000000e+00 1.488005924500827692e+00 1.100723986818649830e-01 2.043318142217251110e-01 8.756391772148651442e-02 0.000000000000000000e+00 1.444390551823281799e+00 1.382820580604039451e-01 2.424076974808779716e+09 1.254136104899092674e+09
8.400000000000000000e+01 8.100000000000200000e+13 0.000000000000000000e+00 1.469125901663031586e+00 1.237440815915827330e-01 2.591664003760721369e-01 5.528569940689822410e-02 0.000000000000000000e+00 1.688587798698268694e+00 1.778946013906303469e-01 1.710269619338225126e+09 6.051471872259910107e+08
8.500000000000000000e+01 8.100000000000100000e+13 0.000000000000000000e+00 1.174620290880678430e+00 1.479146662652381927e-01 1.711390401525950122e-01 1.084812113950461704e-01 0.000000000000000000e+00 1.246704109936600968e+00 1.836706213123401876e-01 2.007092432241480112e+09 1.446846074997586727e+09
8.600000000000000000e+01 8.100000000000100000e+13 0.000000000000000000e+00 1.097660923425827217e+00 5.784965899688170737e-02 1.304598585100537889e-01 3.376353886714340835e-02 0.000000000000000000e+00 1.072309994681970968e+00 7.881661913073531589e-02 1.553444234891110897e+09 4.774953144173769355e+08
8.700000000000000000e+01 8.100000000000100000e+13 0.000000000000000000e+00 1.337302690940180838e+00 4.842404299795916717e-02 1.091540196520566497e-01 2.125545176373462575e-02 0.000000000000000000e+00 1.320676785954735477e+00 6.199903843893502658e-02 1.095764468557293892e+09 2.848826501403814554e+08
8.800000000000000000e+01 8.100000000000100000e+13 0.000000000000000000e+00 1.158028809503108603e+00 3.380599342309837524e-02 1.469386837872642959e-01 5.701130508042868972e-02 0.000000000000000000e+00 1.439990851136465633e+00 1.535643055935745002e-02 5.016993565791125298e+08 9.991907572585193813e+07
8.900000000000000000e+01 8.100000000000200000e+13 0.000000000000000000e+00 9.299038357599450633e-01 8.376105842512107658e-02 1.338611149349413776e-01 4.673532334334837279e-02 0.000000000000000000e+00 1.322900415199993240e+00 6.447767876706528289e-02 6.780153421110482216e+08 2.075227588838359714e+08
9.000000000000000000e+01 8.100000000000400000e+13 0.000000000000000000e+00 1.183808594946030412e+00 9.472764371756678403e-02 1.415724308251287977e-01 4.100133076383635777e-02 0.000000000000000000e+00 1.309787229186817337e+00 9.880017894877807239e-02 1.551490210151062489e+09 5.877548824443035126e+08
9.100000000000000000e+01 8.100000000000200000e+13 0.000000000000000000e+00 1.470410892670470870e+00 6.804113493623221987e-02 1.538980630615529033e-01 3.582816481158642569e-02 0.000000000000000000e+00 1.373121172326114969e+00 8.957236549502789469e-02 1.914945412767461300e+09 4.738049595659760833e+08
9.200000000000000000e+01 8.100000000000100000e+13 0.000000000000000000e+00 1.214081205866676783e+00 1.083321058121115565e-01 2.214966945645836516e-01 1.143854481216224489e-01 0.000000000000000000e+00 1.366513976989391921e+00 9.418088809658535510e-02 1.126708379761561394e+09 3.373510641971450448e+08
9.300000000000000000e+01 8.100000000000100000e+13 0.000000000000000000e+00 1.266554067751934243e+00 4.749878903012076659e-02 1.184761595857942718e-01 2.110577976742090273e-02 0.000000000000000000e+00 1.268845072879996927e+00 8.488368819732362847e-02 1.242426925357067347e+09 3.108319405204080343e+08
9.400000000000000000e+01 8.100000000000200000e+13 0.000000000000000000e+00 1.249297332366993363e+00 1.071093606597685044e-01 1.701640850419683104e-01 2.769744705296201329e-02 0.000000000000000000e+00 1.201733835720282473e+00 1.202443554341167675e-01 1.371548253256148338e+09 3.756871558666930199e+08
9.500000000000000000e+01 8.100000000000100000e+13 0.000000000000000000e+00 1.258434234573522437e+00 3.135948583102243781e-02 9.686077690608575763e-02 2.405391470438313431e-02 0.000000000000000000e+00 1.396984309747687281e+00 4.269085685518825973e-02 1.024750505376796126e+09 3.189899596616991162e+08
9.600000000000000000e+01 8.100000000001100000e+13 0.000000000000000000e+00 1.009430897839830088e+00 1.311573035367170070e-01 1.689985143850085969e-01 7.537678641086563436e-02 0.000000000000000000e+00 9.804993734581801679e-01 1.226934851534536852e-01 1.595180169079028368e+09 1.316834638452301741e+09
9.700000000000000000e+01 8.100000000000500000e+13 0.000000000000000000e+00 1.309401542486119174e+00 3.381119724644494895e-02 1.309016495925643397e-01 3.067873283892980432e-02 0.000000000000000000e+00 1.506947688190949597e+00 3.794830731303711069e-02 1.670134349739722967e+09 4.135010972814486623e+08
9.800000000000000000e+01 8.100000000000100000e+13 0.000000000000000000e+00 1.440771931870833633e+00 7.569291621473935028e-02 1.753282406782171454e-01 4.239924545727815491e-02 0.000000000000000000e+00 1.383833474034361188e+00 7.791192421763377951e-02 2.072990860930951118e+09 6.765290413303674459e+08
9.900000000000000000e+01 8.100000000000200000e+13 0.000000000000000000e+00 1.235537313386284142e+00 7.594147368395422204e-02 1.773071159220228343e-01 4.975393645556266259e-02 0.000000000000000000e+00 8.782019350478504904e-01 8.363607446490652075e-02 2.171813046970571518e+09 6.908289057573547363e+08
1.000000000000000000e+02 8.100000000000600000e+13 0.000000000000000000e+00 1.347853280960011224e+00 1.169491713469984207e-01 1.683452466596570274e-01 6.517250496516696634e-02 0.000000000000000000e+00 1.394005520265345854e+00 1.614263438415984575e-01 2.023562183074555874e+09 8.278019803490494490e+08
1.010000000000000000e+02 8.100000000000600000e+13 0.000000000000000000e+00 1.099284560809974609e+00 9.151622903507891649e-02 2.527729570705031237e-01 7.185873991947114292e-02 0.000000000000000000e+00 1.257727790878342411e+00 1.452486153338422847e-01 2.662118503506230354e+09 1.171894668858079672e+09
1.020000000000000000e+02 8.100000000000100000e+13 0.000000000000000000e+00 2.558941534500017045e+00 1.405437422255692015e-01 1.727698237304438333e-01 4.659644546136862409e-02 0.000000000000000000e+00 2.270972350082602009e+00 1.883936330659381764e-01 1.659402690157759190e+09 6.101926036866853237e+08
1.030000000000000000e+02 8.100000000000300000e+13 0.000000000000000000e+00 1.073983331921728457e+00 2.554988709997064317e-02 1.178184109427998227e-01 3.872146063944962441e-02 0.000000000000000000e+00 9.167074925650189332e-01 6.470817980482115872e-02 1.443730030105974913e+09 6.084832714285024405e+08
1.040000000000000000e+02 8.100000000000100000e+13 0.000000000000000000e+00 1.041000176484500495e+00 6.547102857982753377e-02 2.252665676040661313e-01 1.056839686553091850e-01 0.000000000000000000e+00 1.363323019412288284e+00 2.385572477880311751e-02 1.310638677519864321e+09 3.026376281098718643e+08
1.050000000000000000e+02 8.100000000000100000e+13 0.000000000000000000e+00 9.680737524265543570e-01 4.891219196648489281e-02 1.462674790616521892e-01 2.796556102950019038e-02 0.000000000000000000e+00 9.976270692081525837e-01 1.940557416719462802e-02 9.925205748426815271e+08 1.674867552895870507e+08
1.060000000000000000e+02 8.100000000000100000e+13 0.000000000000000000e+00 1.608450348244559569e+00 1.893984077172080616e-01 1.827175620327091687e-01 8.387562636433830432e-02 0.000000000000000000e+00 1.452216623940793871e+00 2.437729686392419992e-01 2.073263581220491886e+09 1.075467346635294199e+09
1.070000000000000000e+02 8.100000000000100000e+13 0.000000000000000000e+00 1.042565282527277315e+00 9.392666496276430577e-02 1.168306796424695426e-01 7.090496501766632709e-02 0.000000000000000000e+00 1.002823743849318605e+00 6.101203305251375053e-02 4.160054307564449906e+08 1.731739591089083552e+08
1.080000000000000000e+02 8.100000000000100000e+13 0.000000000000000000e+00 1.191739097280095638e+00 4.953773438767450354e-02 6.808003605019295745e-02 8.859219374667806970e-03 0.000000000000000000e+00 1.186940015831194906e+00 5.452521412157231018e-02 6.114263918335121870e+08 1.333437391961632371e+08
1.090000000000000000e+02 8.100000000000200000e+13 0.000000000000000000e+00 1.913815375603031388e+00 1.451650431456342760e-01 1.589793969781287952e-01 9.471561345202635096e-02 0.000000000000000000e+00 2.121307482424166668e+00 1.827305249637491136e-01 1.816524398015982866e+09 1.270919818052393198e+09
1.100000000000000000e+02 8.100000000000300000e+13 0.000000000000000000e+00 1.139615145823789755e+00 1.311926611953657673e-01 1.538106316542826313e-01 4.335642500089806339e-02 0.000000000000000000e+00 1.273046698773066421e+00 1.048173696480806938e-01 1.640715510749043703e+09 7.230737662173427343e+08
1.110000000000000000e+02 8.100000000000100000e+13 0.000000000000000000e+00 2.793977862890869801e+00 2.205170338431149124e-01 2.103284221801600407e-01 9.664888582982018861e-02 0.000000000000000000e+00 2.319379785500850666e+00 2.592059823718037559e-01 2.647082858710783958e+09 1.354927962607483149e+09
1.120000000000000000e+02 8.100000000000100000e+13 0.000000000000000000e+00 1.200970233942054044e+00 5.303137733333769532e-02 1.308347406847714389e-01 2.782075048981277193e-02 0.000000000000000000e+00 1.263666360872692129e+00 2.849274290304473767e-02 1.561676401526980400e+09 3.742530961650122404e+08
1.130000000000000000e+02 8.100000000000200000e+13 0.000000000000000000e+00 1.052840757390179016e+00 6.550693593966959438e-02 1.620242456911522300e-01 5.379564822352937703e-02 0.000000000000000000e+00 1.175998656685471877e+00 6.265314413371295132e-02 1.386804229707433462e+09 4.719716473753861785e+08
1.140000000000000000e+02 8.100000000000100000e+13 0.000000000000000000e+00 1.228291788226759662e+00 4.071824134815030943e-02 1.340051042984530816e-01 4.040396169102232482e-02 0.000000000000000000e+00 1.218812343921459318e+00 2.918986410348899802e-02 1.555956357779284954e+09 5.585811347159579992e+08
1.150000000000000000e+02 8.100000000000300000e+13 0.000000000000000000e+00 1.116624819010518577e+00 4.086155610306014402e-02 7.851216000226812763e-02 3.329176279631854141e-02 0.000000000000000000e+00 1.225475109362971660e+00 2.106487904653938162e-02 8.943601969836220741e+08 5.222759114483122826e+08
1.160000000000000000e+02 8.100000000000700000e+13 0.000000000000000000e+00 1.153414290346159055e+00 8.423734651014529173e-02 1.044075833476219017e-01 7.050159682534591632e-02 0.000000000000000000e+00 1.198494714287369867e+00 6.755250127868181464e-02 4.769455432501988411e+08 4.769455432501988411e+08
1.170000000000000000e+02 8.100000000000200000e+13 0.000000000000000000e+00 1.545652764161986381e+00 5.977016796335189036e-02 1.135360170267571828e-01 1.994812806106473213e-02 0.000000000000000000e+00 1.745481268022014643e+00 8.175458151741668567e-02 1.198238320702733755e+09 2.569954923787613511e+08
1.180000000000000000e+02 8.100000000000100000e+13 0.000000000000000000e+00 1.313995833536975466e+00 7.704549797084445095e-02 1.040188549566556514e-01 1.830785316950780256e-02 0.000000000000000000e+00 1.400510937370260667e+00 9.727728508710216382e-02 1.032912180306973934e+09 2.517850139526261389e+08
1.190000000000000000e+02 8.100000000000100000e+13 0.000000000000000000e+00 1.259912391787760599e+00 1.425906439312830121e-01 1.544113093446842222e-01 2.282152049099188396e-02 0.000000000000000000e+00 1.185370420785758494e+00 1.358997448028739508e-01 1.599929487554128170e+09 3.130894241553717852e+08
1.200000000000000000e+02 8.100000000000100000e+13 1.000000000000000000e+00 1.077787439474363840e+00 2.677189187407183826e-02 7.087611191513269737e-02 2.627164871926953443e-02 0.000000000000000000e+00 1.267043698308570665e+00 2.005001573110503504e-02 4.440605988382375240e+08 7.245863227631990612e+07
1.210000000000000000e+02 8.100000000000100000e+13 0.000000000000000000e+00 1.257837789783093019e+00 4.845904725117301109e-02 1.185615759260972152e-01 3.074764140036072638e-02 0.000000000000000000e+00 1.266203799067658453e+00 6.517067144686518321e-02 1.424941417086728096e+09 4.224970893461877108e+08
1.220000000000000000e+02 8.100000000000100000e+13 0.000000000000000000e+00 1.252090117116003487e+00 4.215162174543165413e-02 1.073994883873282263e-01 5.290979707070549848e-02 0.000000000000000000e+00 1.206700905837650106e+00 6.927220385476247355e-02 1.304904614622987986e+09 7.150055565347498655e+08
1.230000000000000000e+02 8.100000000001000000e+13 0.000000000000000000e+00 1.985234827049296769e+00 1.608952305385911719e-01 1.320077089189950481e-01 6.040527330266260569e-02 0.000000000000000000e+00 1.913883259789066704e+00 1.640437245603174055e-01 2.175315633898255348e+09 1.030416337022859812e+09
1.240000000000000000e+02 8.100000000000100000e+13 0.000000000000000000e+00 1.121066565298814988e+00 1.301788676550983126e-01 1.128832003722983895e-01 1.956297654362759361e-02 0.000000000000000000e+00 1.036504316315674856e+00 1.276946666141599296e-01 8.213980156415617466e+08 2.402721207950846553e+08
1.250000000000000000e+02 8.100000000000100000e+13 0.000000000000000000e+00 1.466464299781609970e+00 2.112280505092112570e-01 3.348683053439398538e-01 9.272790194125267449e-02 0.000000000000000000e+00 1.587965608133324436e+00 2.275056480763174849e-01 2.544263934290740490e+09 1.295069511280781269e+09
1.260000000000000000e+02 8.100000000000100000e+13 0.000000000000000000e+00 1.147724467686946026e+00 3.817009097992989791e-02 1.215760604740100947e-01 2.736354649045215706e-02 0.000000000000000000e+00 1.232651540329317452e+00 1.074747920814121405e-01 1.050697168771265268e+09 3.809953302750133276e+08
1.270000000000000000e+02 8.100000000000200000e+13 0.000000000000000000e+00 1.164605283368459920e+00 6.658055020479675123e-02 1.176943780679532869e+00 1.000000000000000000e+00 0.000000000000000000e+00 1.164605283368459920e+00 6.658183987323841591e-02 1.174160919979238319e+10 9.976355194309383392e+09
1.280000000000000000e+02 8.100000000000100000e+13 0.000000000000000000e+00 1.022608374710629597e+00 2.841864120428386556e-02 1.165902056631892697e-01 2.916167985020444095e-02 0.000000000000000000e+00 1.314083353674343480e+00 4.591430518884243722e-02 7.798836491159096956e+08 4.582671697019121051e+08
1.290000000000000000e+02 8.100000000000100000e+13 1.000000000000000000e+00 1.003851839454968697e+00 2.766442985495837920e-02 7.172456849486745500e-02 1.351139012212653964e-02 0.000000000000000000e+00 1.295358389695630663e+00 1.945502124347956233e-02 1.601059771995201409e+08 1.266389224950907193e+07
1.300000000000000000e+02 8.100000000000300000e+13 0.000000000000000000e+00 1.173060765344777545e+00 7.912808208878245597e-02 1.883559267147555116e-01 5.411869503774102697e-02 0.000000000000000000e+00 1.280677400880355199e+00 1.197652803966043206e-01 1.898842169969400644e+09 8.664073693912880421e+08
1.310000000000000000e+02 8.100000000000100000e+13 0.000000000000000000e+00 1.821300129413450763e+00 1.537546473553947912e-01 1.563962180867510821e-01 4.691379511458126927e-02 0.000000000000000000e+00 1.748822941218660221e+00 1.993898350366199168e-01 1.745086875590127230e+09 5.661753477590389252e+08
1.320000000000000000e+02 8.100000000000500000e+13 0.000000000000000000e+00 1.513812028421612554e+00 2.060205996022120289e-01 2.238627114366758264e-01 9.574317026309502043e-02 0.000000000000000000e+00 1.286438089317528677e+00 2.377830579656896037e-01 2.714083670088318348e+09 1.391428506277750492e+09
1.330000000000000000e+02 8.100000000000100000e+13 1.000000000000000000e+00 1.071270409895147546e+00 3.142435845232306041e-02 2.783703330026225317e-02 1.737351432097161696e-03 0.000000000000000000e+00 1.303027625741624451e+00 1.055737815469087910e-02 2.291666912221929133e+08 2.534085646389735490e+07
1.340000000000000000e+02 8.100000000000100000e+13 0.000000000000000000e+00 1.775560255967352452e+00 1.075610877303825458e-01 2.156830672592482678e-01 7.732948588288780789e-02 0.000000000000000000e+00 1.787909612159404915e+00 1.284085314257329968e-01 2.569076758549290657e+09 9.681702000988775492e+08
1.350000000000000000e+02 8.100000000000100000e+13 0.000000000000000000e+00 1.232282710220391264e+00 4.228673163154127862e-02 5.103335556130359635e-02 1.071934894972840537e-02 0.000000000000000000e+00 1.307384683487723187e+00 2.715454217751248761e-02 5.573541452166939974e+08 1.509251245245207846e+08
1.360000000000000000e+02 8.100000000000600000e+13 0.000000000000000000e+00 1.454835613906297676e+00 1.479849868855475092e-01 1.898850015136510916e-01 7.241819870390418801e-02 0.000000000000000000e+00 1.268633346613234458e+00 1.921467201811597747e-01 2.224784678690176964e+09 1.005289536586173773e+09
1.370000000000000000e+02 8.100000000000100000e+13 0.000000000000000000e+00 1.240510577813491500e+00 1.328969265391189147e-01 1.179720536694553873e-01 2.662876498974441758e-02 0.000000000000000000e+00 1.287205288727600427e+00 1.622249225197434919e-01 9.081327401597440243e+08 3.690316207718874216e+08
1.380000000000000000e+02 8.100000000000100000e+13 0.000000000000000000e+00 1.383405750488229335e+00 5.693543161771084243e-02 1.186106937978915754e-01 2.933179760362176342e-02 0.000000000000000000e+00 1.284644787462263293e+00 7.203052274974645897e-02 1.246266814338822842e+09 3.873702592123340368e+08
1.390000000000000000e+02 8.100000000000100000e+13 0.000000000000000000e+00 1.433665872769814609e+00 1.562402183062544248e-01 1.500896105363701272e-01 4.345553119072282505e-02 0.000000000000000000e+00 1.364489523258737735e+00 1.884277184928425108e-01 1.931084572883542776e+09 5.901118386873940229e+08
1.400000000000000000e+02 8.100000000000100000e+13 0.000000000000000000e+00 1.091696867706093421e+00 4.251811423061158113e-02 1.354944291916139465e-01 2.238221638635664104e-02 0.000000000000000000e+00 1.381370411058537639e+00 2.227365566489405632e-02 1.015392406955183625e+09 1.860131731785324216e+08
1.410000000000000000e+02 8.100000000000200000e+13 0.000000000000000000e+00 1.119831214048959023e+00 5.383197721170117356e-02 1.437860194540319936e-01 3.559159083777847787e-02 0.000000000000000000e+00 1.253568978881720142e+00 5.126548684387117333e-02 1.687812388848050356e+09 4.946875241162486076e+08
1.420000000000000000e+02 8.100000000000100000e+13 0.000000000000000000e+00 1.165571645961364533e+00 1.148883293656136478e-01 2.578105860113421577e-01 1.624835948129507712e-01 0.000000000000000000e+00 1.176134108522157051e+00 1.200884596127627796e-01 3.793361068073205471e+09 2.735470975132535934e+09
1.430000000000000000e+02 8.100000000000100000e+13 0.000000000000000000e+00 1.164229197868246857e+00 7.335585813383821430e-02 1.045925050758904490e-01 1.762167100427041236e-02 0.000000000000000000e+00 1.162054638778418081e+00 5.107108330833212695e-02 6.016361354244794846e+08 2.790565934569413066e+08
1.440000000000000000e+02 8.100000000000300000e+13 0.000000000000000000e+00 1.096053568302275183e+00 4.749675574076591550e-02 7.422817932362411886e-02 1.345965651153314957e-02 0.000000000000000000e+00 1.097308736149916752e+00 3.776347140334740393e-02 5.479688719700134993e+08 1.273985261351487786e+08
1.450000000000000000e+02 8.100000000000100000e+13 0.000000000000000000e+00 1.206549769747175649e+00 1.192381728124822932e-01 2.301028772667483568e-01 6.918964800053963027e-02 0.000000000000000000e+00 1.003024740086155608e+00 1.056703044392526963e-01 2.112553416690332890e+09 9.822988837552360296e+08
1.460000000000000000e+02 8.100000000000100000e+13 0.000000000000000000e+00 1.444464416659083428e+00 1.110119314183112271e-01 1.931891861996389292e-01 7.865066568832848604e-02 0.000000000000000000e+00 9.464045422384931294e-01 8.053996186611124541e-02 2.263642204342726707e+09 1.203463216953108788e+09
1.470000000000000000e+02 8.100000000000100000e+13 0.000000000000000000e+00 1.273581285022302501e+00 5.910331132085328010e-02 1.310286025818569733e-01 1.562776902302235454e-02 0.000000000000000000e+00 1.136880100530867077e+00 8.973440482939455676e-02 1.213223699958032608e+09 1.939845862684973478e+08
1.480000000000000000e+02 8.100000000000300000e+13 0.000000000000000000e+00 1.313550410345156516e+00 5.436707174262010722e-02 3.211232056170933991e-01 1.575090289126969689e-01 0.000000000000000000e+00 1.582409316498987417e+00 1.144555808305757066e-01 1.967310157096512318e+09 6.077602209194216728e+08
1.490000000000000000e+02 8.100000000000100000e+13 0.000000000000000000e+00 1.591743950518804906e+00 1.750671061248036675e-01 2.564999991076639119e-01 7.953052414036804185e-02 0.000000000000000000e+00 1.395160964585208330e+00 1.610354944108530750e-01 2.642892161031188965e+09 1.382824515592172861e+09
1.500000000000000000e+02 8.100000000000400000e+13 0.000000000000000000e+00 1.326841325044927133e+00 6.753399992405244301e-02 7.290238037173167596e-02 1.877140418415872494e-02 0.000000000000000000e+00 1.375533137595575939e+00 6.482748839693283638e-02 5.858061736607834101e+08 2.786498254213033915e+08
1.510000000000000000e+02 8.100000000000100000e+13 0.000000000000000000e+00 1.024936724030029556e+00 2.046065037186908520e-01 3.023752306084678265e-01 1.859180737431976593e-01 0.000000000000000000e+00 1.444298020408937733e+00 1.229884850037580302e-01 9.384004805140604973e+08 4.144197773220369816e+08
1.520000000000000000e+02 8.100000000000100000e+13 1.000000000000000000e+00 1.141197468588996067e+00 2.681897185927761135e-02 6.428318762541468390e-02 1.221998366457936226e-02 0.000000000000000000e+00 1.399111698454905905e+00 3.825064036694836387e-03 5.467695329240587950e+08 9.921198338970586658e+07
1.530000000000000000e+02 8.100000000000200000e+13 0.000000000000000000e+00 1.129876486505077438e+00 4.183086074236632562e-02 5.159937024468467387e-02 1.180837801590988410e-02 0.000000000000000000e+00 1.341077828787313519e+00 6.542918826902531515e-02 5.531161005206604004e+08 1.613206634837686121e+08
1.540000000000000000e+02 8.100000000000200000e+13 0.000000000000000000e+00 1.107343311168790700e+00 2.163672341407955058e-01 1.549593193830435256e-01 9.784418901660281442e-02 0.000000000000000000e+00 1.343920921691261983e+00 3.732646634882218900e-02 3.259933323499264717e+08 1.029748777444322705e+08
1.550000000000000000e+02 8.100000000000100000e+13 0.000000000000000000e+00 1.129844339626187688e+00 1.510397965070496840e-01 2.095905093032700561e-01 5.583570804190886999e-02 0.000000000000000000e+00 1.097332063359254706e+00 1.371842256741267752e-01 2.224866159634028435e+09 8.345704238697304726e+08
1.560000000000000000e+02 8.100000000000100000e+13 0.000000000000000000e+00 1.170942196168761384e+00 2.023841112162041711e-01 2.971721662280919496e-01 1.817208678814358769e-01 0.000000000000000000e+00 1.504656401963658352e+00 1.757555437294195666e-01 1.090806033198840380e+09 3.226473468248364329e+08
1.570000000000000000e+02 8.100000000000100000e+13 0.000000000000000000e+00 1.107958786075977642e+00 9.451727314393383594e-02 1.466581355694389077e-01 2.111421271065030275e-02 0.000000000000000000e+00 1.139549759386983441e+00 8.669011128245854292e-02 1.390967275745338440e+09 2.771460650494137406e+08
1.580000000000000000e+02 8.100000000000400000e+13 0.000000000000000000e+00 1.033427759192451889e+00 2.197124652235339926e-01 4.308157125689547895e-01 1.140596811791448895e-01 0.000000000000000000e+00 1.653215521584201930e+00 1.187244851938117907e-01 1.942949878750083208e+09 9.902646197650729418e+08
1.590000000000000000e+02 8.100000000000100000e+13 0.000000000000000000e+00 1.207200458636891183e+00 6.554561693320756777e-02 1.703241453509293790e-01 7.565881111674145620e-02 0.000000000000000000e+00 1.341272600651546520e+00 7.593828909548183681e-02 1.954709853308382988e+09 1.167646853951818943e+09
1.600000000000000000e+02 8.100000000000100000e+13 0.000000000000000000e+00 1.239439919456746031e+00 4.733479708882530612e-02 1.467860099242282723e-01 3.662852362892157071e-02 0.000000000000000000e+00 1.369580026871369371e+00 1.046906311066144735e-01 1.374381846841429949e+09 4.915015002295520306e+08
1.610000000000000000e+02 8.100000000000500000e+13 0.000000000000000000e+00 3.121154793417999507e+00 1.081002345510534007e-01 1.454560879385506100e-01 5.669124585306286462e-02 0.000000000000000000e+00 3.152488772254573135e+00 1.476752339178240003e-01 1.891973983026732683e+09 8.240421225523842573e+08
1.620000000000000000e+02 8.100000000000300000e+13 0.000000000000000000e+00 1.477991812905221192e+00 2.598827059191082325e-02 8.809432969080020770e-02 1.719619815505618945e-02 0.000000000000000000e+00 1.674267707724594656e+00 5.963480061200556598e-02 1.222952083239020348e+09 2.396055224589829445e+08
1.630000000000000000e+02 8.100000000000200000e+13 0.000000000000000000e+00 1.121166509269749589e+00 7.725747005836143544e-02 9.252531460936054553e-02 1.812176349450079355e-02 0.000000000000000000e+00 1.345679257483960445e+00 4.482745827136808137e-02 6.395651267110471725e+08 1.912725990138403475e+08
1.640000000000000000e+02 8.100000000000100000e+13 0.000000000000000000e+00 1.278065052707906935e+00 5.222437364942972282e-02 1.604630496926243433e-01 4.101594297037518266e-02 0.000000000000000000e+00 1.234508252751212121e+00 6.654820070479648686e-02 1.785977340673541784e+09 4.967059591141380072e+08
1.650000000000000000e+02 8.100000000000100000e+13 0.000000000000000000e+00 1.424261162487312271e+00 1.227394078696908419e-01 1.641287795299147534e-01 5.898082017417414363e-02 0.000000000000000000e+00 1.280037751543326552e+00 1.590475207462775931e-01 1.893244468389766455e+09 7.342668107221593857e+08
1.660000000000000000e+02 8.100000000000100000e+13 1.000000000000000000e+00 1.095179516867446967e+00 1.924691356363086511e-02 8.879788585706736848e-02 2.616542806161358675e-02 0.000000000000000000e+00 1.142014399716075657e+00 1.290743741536085586e-02 8.568826999264382124e+08 4.037450285148352981e+08
1.670000000000000000e+02 8.100000000000300000e+13 0.000000000000000000e+00 1.120580858035965299e+00 6.664336354312085098e-02 1.532015504451242349e-01 6.467315869181021470e-02 0.000000000000000000e+00 1.243166091969823084e+00 4.305596443813019397e-02 1.055485031978516936e+09 3.297158207927038074e+08
1.680000000000000000e+02 8.100000000002300000e+13 0.000000000000000000e+00 1.098200126989696823e+00 1.633280650712975179e-01 2.347703094276424596e-01 1.798115494043728557e-01 0.000000000000000000e+00 1.399126020359273914e+00 6.414009830458269890e-02 8.899350978023374081e+08 2.768358093944165111e+08
1.690000000000000000e+02 8.100000000000100000e+13 0.000000000000000000e+00 1.145948044391522869e+00 3.327736776936979224e-02 1.612235774895294238e-01 5.933750462737810705e-02 0.000000000000000000e+00 1.245283954514391001e+00 3.149537716090832634e-02 1.785705716020940065e+09 8.707201991716868877e+08
1.700000000000000000e+02 8.100000000000300000e+13 0.000000000000000000e+00 1.341690844532682059e+00 1.416818612724169424e-01 2.319873780680263842e-01 5.627658455202681070e-02 0.000000000000000000e+00 1.356948011242696150e+00 1.677475763240603157e-01 2.763091144555096626e+09 8.278114052843225002e+08
1.710000000000000000e+02 8.100000000001100000e+13 0.000000000000000000e+00 1.469275408846826281e+00 8.379834012325391990e-02 1.417702014966165935e-01 7.446506323864814092e-02 0.000000000000000000e+00 1.171324914810172757e+00 1.097849980581881713e-01 1.782193349261684895e+09 1.062216385655818582e+09
1.720000000000000000e+02 8.100000000000200000e+13 0.000000000000000000e+00 1.100628349265597050e+00 6.989296372857260742e-02 1.899297215168181674e-01 6.558883880889385121e-02 0.000000000000000000e+00 1.194338286388075154e+00 6.484508401201694028e-02 1.064951824778222561e+09 5.290455226451863050e+08
1.730000000000000000e+02 8.100000000000100000e+13 0.000000000000000000e+00 1.414494932978856312e+00 4.528232299281734902e-02 1.400720576825531805e-01 5.407296912504365449e-02 0.000000000000000000e+00 1.377505186344432309e+00 2.781795852187442936e-02 1.007296793304811120e+09 2.846100087169837356e+08
1.740000000000000000e+02 8.100000000000200000e+13 0.000000000000000000e+00 1.126076544848415351e+00 4.621464869072650083e-02 1.076464427641062871e-01 4.240410770784874134e-02 0.000000000000000000e+00 1.128162352742483998e+00 5.339730725886712021e-02 1.236860160903020144e+09 5.930192171940705776e+08
1.750000000000000000e+02 8.100000000000200000e+13 0.000000000000000000e+00 1.336238035384202494e+00 1.211368350014844358e-01 2.789758752395132269e-01 1.793857621542002956e-01 0.000000000000000000e+00 1.008726928267756229e+00 1.319650269931818831e-01 4.086642820054860115e+09 2.901893490625069618e+09
1.760000000000000000e+02 8.100000000000100000e+13 0.000000000000000000e+00 1.057421824195976967e+00 1.620010401888508922e-01 1.234481801054202327e-01 6.924402314521582724e-02 0.000000000000000000e+00 9.174305479727262735e-01 1.708698268563259293e-01 1.483180146440367699e+09 1.012516640820228577e+09
1.770000000000000000e+02 8.100000000000200000e+13 0.000000000000000000e+00 1.145618967767315644e+00 4.928422178737880410e-02 8.844552612186323826e-02 2.362558513510691280e-02 0.000000000000000000e+00 1.343818242650107297e+00 5.753571915391633013e-02 7.536440585234031677e+08 3.401507106643032432e+08
1.780000000000000000e+02 8.100000000000100000e+13 0.000000000000000000e+00 1.306575022193039448e+00 7.045379557876985110e-02 1.021380703664112738e-01 3.030798247135925438e-02 0.000000000000000000e+00 1.140670330486668993e+00 3.086227795069394764e-02 4.371086052629219294e+08 1.121511131035101116e+08
1.790000000000000000e+02 8.100000000000100000e+13 0.000000000000000000e+00 1.183516367226102650e+00 5.270202637078646307e-02 1.723866534196895617e-01 3.144726988081483765e-02 0.000000000000000000e+00 1.331334095726327549e+00 6.599850991052898241e-02 8.587927271622686386e+08 1.703697174713836312e+08
1.800000000000000000e+02 8.100000000000100000e+13 0.000000000000000000e+00 9.999534735670325691e-01 1.061863200130993001e-01 1.308974221662617121e-01 5.630096695816405594e-02 0.000000000000000000e+00 1.164058566176792153e+00 4.489088996157152012e-02 5.027595061133238077e+08 2.036153429091267586e+08
1.810000000000000000e+02 8.100000000000200000e+13 0.000000000000000000e+00 1.176561062519808187e+00 1.285118614743619159e-01 2.443109067530703227e-01 9.433272592001552825e-02 0.000000000000000000e+00 1.193754866277915383e+00 7.308745656743569075e-02 1.938962833954038143e+09 1.130879695266289711e+09
1.820000000000000000e+02 8.100000000000100000e+13 1.000000000000000000e+00 1.133193124482676728e+00 3.275853284276137450e-02 6.700491961583279754e-02 1.956263427512020675e-02 0.000000000000000000e+00 1.277126867726336767e+00 3.453352133143029051e-02 7.091468457029838562e+08 2.936599745082113147e+08
1.830000000000000000e+02 8.100000000000100000e+13 0.000000000000000000e+00 8.094401523919918517e-01 1.511064440019149191e-01 3.217326423118638257e-01 2.083121975638244638e-01 0.000000000000000000e+00 1.182611950436537995e+00 3.694763655588726575e-02 7.986978592051031590e+08 1.873461913667949438e+08
1.840000000000000000e+02 8.100000000000500000e+13 0.000000000000000000e+00 1.070000517085947234e+00 4.851210857799530263e-02 5.703440642785403275e-02 9.046668898560428218e-03 0.000000000000000000e+00 1.272358239152563408e+00 2.966791996575368975e-02 3.412774087694974542e+08 1.128837269335023612e+08
1.850000000000000000e+02 8.100000000000400000e+13 0.000000000000000000e+00 1.212678153948794302e+00 1.940583695471553849e-02 1.080453349554414723e-02 6.150856057683748088e-03 0.000000000000000000e+00 1.205723811375507326e+00 3.450776126471193778e-02 1.491011591423522830e+08 8.488101483480276167e+07
1.860000000000000000e+02 8.100000000000200000e+13 1.000000000000000000e+00 1.123931744846856651e+00 1.275936670161377344e-02 5.565604283512086414e-02 1.539617566991373886e-02 0.000000000000000000e+00 1.241904858798492217e+00 2.700779579010053819e-02 8.163365823162732124e+08 2.258238420642297566e+08
1.870000000000000000e+02 8.100000000000300000e+13 0.000000000000000000e+00 1.280909118951199410e+00 3.401855937387342210e-02 8.652984372899318044e-02 2.018161759472348118e-02 0.000000000000000000e+00 1.312478897319664384e+00 2.345290993809923119e-02 9.917938485903912783e+08 2.757680405333476663e+08
1.880000000000000000e+02 8.100000000000100000e+13 1.000000000000000000e+00 1.110668255689980288e+00 3.821644851469201132e-02 7.332423052455347423e-02 3.711089204906909550e-02 0.000000000000000000e+00 1.266614512948319504e+00 3.803094038094011198e-02 3.821646920469614267e+08 1.017449774646400362e+08
1.890000000000000000e+02 8.100000000000300000e+13 0.000000000000000000e+00 1.587670105939612331e+00 7.970217015204082711e-02 1.938951438083820478e-01 4.628974022732306598e-02 0.000000000000000000e+00 1.618053701843317427e+00 7.759501048990796734e-02 1.441889829939522505e+09 3.006338015054294467e+08
1.900000000000000000e+02 8.100000000000100000e+13 0.000000000000000000e+00 1.319386596977160764e+00 4.823785113968521304e-02 7.344965253459942445e-02 9.693217415383550972e-03 0.000000000000000000e+00 1.482248079315691136e+00 4.473291479649622177e-02 6.526709658913658857e+08 1.288703201996363252e+08
1.910000000000000000e+02 8.100000000000100000e+13 1.000000000000000000e+00 1.142554821908141394e+00 3.313885472485184752e-02 6.944052533363492818e-02 8.820756050667269768e-03 0.000000000000000000e+00 1.011839676835809776e+00 4.631086967781889753e-03 4.471576717101075649e+08 1.231365259243386835e+08
1.920000000000000000e+02 8.100000000004300000e+13 0.000000000000000000e+00 1.667162652789858424e+00 1.462646082430778816e-01 3.697366606548467549e-02 1.627552882834406439e-02 0.000000000000000000e+00 1.628576811823161163e+00 7.746463571183495600e-02 4.185502825897042155e+08 3.095399566579389572e+08
1.930000000000000000e+02 8.100000000000100000e+13 0.000000000000000000e+00 1.120794986089358014e+00 1.089816502484371452e-01 1.029041746290656201e-01 2.490612834780141921e-02 0.000000000000000000e+00 1.312691301451326842e+00 1.035778425219198162e-01 1.103365651868828773e+09 3.768980915331856608e+08
1.940000000000000000e+02 8.100000000000100000e+13 0.000000000000000000e+00 1.079743994127992046e+00 5.841170284848593713e-02 1.872912470314544719e-01 4.778209664130276396e-02 0.000000000000000000e+00 8.759426631447584377e-01 5.293936926818748612e-02 1.545360878562460661e+09 7.287217074998387098e+08
1.950000000000000000e+02 8.100000000000200000e+13 0.000000000000000000e+00 1.141033459102912540e+00 1.104769271836640449e-01 2.486080037717745550e-01 4.578978422582121593e-02 0.000000000000000000e+00 1.150457729155873299e+00 1.553594361061043094e-01 2.310583767063843727e+09 6.461531732330021858e+08
1.960000000000000000e+02 8.100000000000100000e+13 0.000000000000000000e+00 1.282257008546245025e+00 4.963112027250385361e-02 4.804575417323690700e-02 8.180468707519983340e-03 0.000000000000000000e+00 1.313262434054185857e+00 7.014948061421143188e-02 4.729907815288830996e+08 1.021909103075142056e+08
1.970000000000000000e+02 8.100000000000100000e+13 0.000000000000000000e+00 1.008988069210247085e+00 1.400943705497143255e-01 2.096035221567155160e-01 2.965029242882873117e-02 0.000000000000000000e+00 7.617979259290582617e-01 1.525292056645372873e-01 1.623531419627011061e+09 1.967824977259667218e+08
1.980000000000000000e+02 8.100000000000500000e+13 0.000000000000000000e+00 1.326176192368877516e+00 4.638264399464958609e-02 9.660907613011891770e-02 3.407226578115588739e-02 0.000000000000000000e+00 1.506425264856170454e+00 4.621689837116666616e-02 6.258542966137355566e+08 3.710109146152164340e+08
1.990000000000000000e+02 8.100000000000200000e+13 0.000000000000000000e+00 1.164944026390409837e+00 1.064829272292227152e-01 1.734030390422867385e-01 4.527996515221497514e-02 0.000000000000000000e+00 1.104395225146646675e+00 1.587886127850651752e-01 1.697432204810109615e+09 7.002175453131976128e+08
2.000000000000000000e+02 8.100000000000100000e+13 0.000000000000000000e+00 1.215462966711029269e+00 4.435367861729223177e-02 9.297136348499354663e-02 1.039905507222245278e-02 0.000000000000000000e+00 1.325533733936343994e+00 2.943929689891309348e-02 1.021067475167493582e+09 1.602220931466095150e+08
2.010000000000000000e+02 8.100000000000100000e+13 0.000000000000000000e+00 1.189668272600282073e+00 4.579918923872051267e-02 1.460606309408535863e-01 3.438413747925415931e-02 0.000000000000000000e+00 1.241493488398852207e+00 7.772131360157613633e-02 1.364476511990529537e+09 4.329399106385732889e+08
2.020000000000000000e+02 8.100000000000100000e+13 0.000000000000000000e+00 7.885747972967763753e-01 1.170458285040120172e-01 2.531818453014234027e-01 1.667221954688497543e-01 0.000000000000000000e+00 1.299501711530492543e+00 3.368329904164646393e-02 9.773765344246252775e+08 4.173174677739076018e+08
2.030000000000000000e+02 8.100000000000100000e+13 0.000000000000000000e+00 1.538197337873783876e+00 3.202934886904829082e-02 1.223065438447435427e-01 3.278719313151187004e-02 0.000000000000000000e+00 1.554713420816089986e+00 3.366932488448310529e-02 1.209930069187869549e+09 4.288437200336961150e+08
2.040000000000000000e+02 8.100000000000400000e+13 0.000000000000000000e+00 1.333416156728464363e+00 3.800677624185849063e-02 1.802000401362888748e-01 5.417962734328306273e-02 0.000000000000000000e+00 1.427285954125844025e+00 4.926817510351734486e-02 2.431170084974442482e+09 8.170226107297430038e+08
2.050000000000000000e+02 8.100000000000400000e+13 0.000000000000000000e+00 1.201737082772190046e+00 3.664313391713917151e-02 1.295684662593558634e-01 4.365850975575100851e-02 0.000000000000000000e+00 1.267147484446251582e+00 3.176087962485737298e-02 1.652796019913258314e+09 6.162132624334869385e+08
2.060000000000000000e+02 8.100000000000100000e+13 0.000000000000000000e+00 1.666476432956574882e+00 3.798233348237045615e-02 7.678411209455796027e-02 1.080201468736500560e-02 0.000000000000000000e+00 1.781653104902200635e+00 6.268176773257869150e-02 4.920527982078984976e+08 1.371658299662306309e+08
2.070000000000000000e+02 8.100000000000300000e+13 0.000000000000000000e+00 1.162498351195085489e+00 7.663008818627078944e-02 2.120317812255672618e-01 9.705083691329897955e-02 0.000000000000000000e+00 1.309062759838291568e+00 7.180092967788791192e-02 1.148709110811838150e+09 2.861931999786809683e+08
2.080000000000000000e+02 8.100000000001000000e+13 0.000000000000000000e+00 4.961074575752729143e-01 2.119023569153037634e-01 4.251116283244851246e-01 2.657562001487522862e-01 0.000000000000000000e+00 1.322000876844607209e+00 9.147020949673342893e-02 1.213094954788013935e+09 8.130396316321346760e+08
2.090000000000000000e+02 8.100000000000100000e+13 0.000000000000000000e+00 1.250006431562364462e+00 2.920041033406132747e-01 3.104174831944463420e-01 1.016369458543869564e-01 0.000000000000000000e+00 1.331828777580943202e+00 2.737234302595439872e-01 2.704257918792138577e+09 1.725287997072382927e+09
2.100000000000000000e+02 8.100000000000100000e+13 0.000000000000000000e+00 1.175199709704690898e+00 1.220626155041878991e-01 2.004622783376256989e-01 4.180685424837300018e-02 0.000000000000000000e+00 1.156006882931414514e+00 1.130446025000383242e-01 2.337848548747142792e+09 6.245736848653379679e+08
2.110000000000000000e+02 8.100000000000100000e+13 0.000000000000000000e+00 1.312963547919312912e+00 6.034747887843667363e-02 1.564168799903055129e-01 3.184935841333530471e-02 0.000000000000000000e+00 1.339769983887868943e+00 6.011609988742055988e-02 1.168375798256329060e+09 5.438654824352110624e+08
2.120000000000000000e+02 8.100000000000100000e+13 0.000000000000000000e+00 2.022554261119439367e+00 6.059915982899462955e-02 6.732291694812973792e-02 1.724058111990776909e-02 0.000000000000000000e+00 2.283232430078721897e+00 6.165525365266338875e-02 7.311984609851729870e+08 2.646793234492260516e+08
2.130000000000000000e+02 8.100000000000200000e+13 0.000000000000000000e+00 1.248304786505511688e+00 9.075602851165201490e-02 1.090114759162948976e-01 1.308586127798667259e-02 0.000000000000000000e+00 1.409150717465301073e+00 1.214324172001282343e-01 1.274852720407497883e+09 1.789732173838679194e+08
2.140000000000000000e+02 8.100000000000100000e+13 0.000000000000000000e+00 1.305014111489646966e+00 5.249967238938969133e-02 1.561404479010438662e-01 3.261576963720674155e-02 0.000000000000000000e+00 1.052939142070224987e+00 8.321351632576380608e-02 1.454468102323373795e+09 4.282326913121851087e+08
2.150000000000000000e+02 8.100000000000200000e+13 1.000000000000000000e+00 1.029836765563038714e+00 3.177944760323978685e-02 6.055131910951252333e-02 1.549491811765988172e-02 0.000000000000000000e+00 1.090835220488957313e+00 2.663619568321668254e-02 7.371586756372832060e+08 2.164215327504068017e+08
2.160000000000000000e+02 8.100000000000100000e+13 1.000000000000000000e+00 1.105427400590671683e+00 2.809353730060578508e-02 7.522519801118707217e-02 1.698878806712243728e-02 0.000000000000000000e+00 1.430623450622024784e+00 4.477183455745133156e-02 7.212838083744575977e+08 2.557547239838932455e+08
2.170000000000000000e+02 8.100000000000200000e+13 0.000000000000000000e+00 1.515823100186872940e+00 1.841628129058796304e-01 1.867205263304453078e-01 7.830731715079043698e-02 0.000000000000000000e+00 1.810729593564051276e+00 2.041035696563923696e-01 2.119604279993417025e+09 1.236113585443073750e+09
2.180000000000000000e+02 8.100000000000200000e+13 0.000000000000000000e+00 1.281917180003028012e+00 5.247211908870640096e-02 9.446212633471327835e-02 1.938673948947314263e-02 0.000000000000000000e+00 1.402305180857351896e+00 7.496327699635964292e-02 1.028715316416070223e+09 2.610133059614592195e+08
2.190000000000000000e+02 8.100000000000100000e+13 0.000000000000000000e+00 1.149398740557329379e+00 1.729557405303026596e-01 1.626086578871634714e-01 7.032957623873525854e-02 0.000000000000000000e+00 1.347606409545928585e+00 1.578851704575453263e-01 2.139282657831320047e+09 1.162809554993111134e+09
2.200000000000000000e+02 8.100000000000100000e+13 1.000000000000000000e+00 1.135389656750640519e+00 3.979260691955505830e-02 7.695543933263400416e-02 3.180868175233528272e-02 0.000000000000000000e+00 1.229948203626291203e+00 4.841756646945646197e-02 4.106536240593115091e+08 1.143867283006467223e+08
2.210000000000000000e+02 8.100000000000100000e+13 0.000000000000000000e+00 1.036682753208693297e+00 1.764841158032887797e-02 1.005369555748289456e-01 1.545273200346921130e-02 0.000000000000000000e+00 1.195394347709938021e+00 2.210480210768105483e-02 7.878765163086050749e+08 1.429798195448722839e+08
2.220000000000000000e+02 8.100000000000100000e+13 0.000000000000000000e+00 1.390806399508321078e+00 3.825320979485156980e-02 1.072142913661496277e-01 2.017577444578965568e-02 0.000000000000000000e+00 1.383981245673800098e+00 2.235152886599340791e-02 7.911386323800774813e+08 2.782375385335079432e+08
2.230000000000000000e+02 8.100000000000200000e+13 0.000000000000000000e+00 8.144530956536841781e-01 1.608966579833389920e-01 4.425021688579908186e-01 3.046652937888736923e-01 0.000000000000000000e+00 1.309536761308058850e+00 1.149486597416328332e-01 1.697983675925086737e+09 4.788747335967278481e+08
2.240000000000000000e+02 8.100000000000500000e+13 0.000000000000000000e+00 1.286457798629553340e+00 3.311930806919463621e-02 9.626094297204014494e-02 3.431455622051233362e-02 0.000000000000000000e+00 1.332073610965568422e+00 5.576893501661875363e-02 9.124290196100686789e+08 3.935976119470746517e+08
2.250000000000000000e+02 8.100000000000100000e+13 0.000000000000000000e+00 1.026200365093597799e+00 1.517599587198766031e-01 1.763168256482745277e-01 4.836639695847144010e-02 0.000000000000000000e+00 1.302069979233366759e+00 9.862500936219105452e-02 5.183422060911593437e+08 1.012384859152795970e+08
2.260000000000000000e+02 8.100000000000100000e+13 0.000000000000000000e+00 1.213822379662109929e+00 7.824815504087292983e-02 1.304461885457866011e-01 1.624861312897417712e-02 0.000000000000000000e+00 1.287075701146630724e+00 1.082090749091462745e-01 1.316184843094434023e+09 2.232366093624132574e+08
2.270000000000000000e+02 8.100000000000100000e+13 1.000000000000000000e+00 1.113854754671233627e+00 3.432163004731939721e-02 8.599674758175303302e-02 1.708222393745839618e-02 0.000000000000000000e+00 1.311191987242396939e+00 4.490782897530065654e-02 8.778952321416493654e+08 2.439103573472149372e+08
2.280000000000000000e+02 8.100000000000100000e+13 1.000000000000000000e+00 1.078279688529253377e+00 3.838601919951890873e-02 7.923885361274658756e-02 2.181831585362257672e-02 0.000000000000000000e+00 1.335543492712055080e+00 2.099402415701752747e-02 6.269327058914195299e+08 1.932972501126805544e+08
2.290000000000000000e+02 8.100000000000200000e+13 0.000000000000000000e+00 1.185501338107341818e+00 1.302933860680222655e-01 1.351305740659282939e-01 4.636383332129703078e-02 0.000000000000000000e+00 1.243238934811929930e+00 1.273829719006341066e-01 1.131089441407543182e+09 2.868920697615767121e+08
2.300000000000000000e+02 8.100000000000100000e+13 0.000000000000000000e+00 1.178838829663627408e+00 1.392525072159272459e-01 1.154581865312986344e-01 3.252588657426509072e-02 0.000000000000000000e+00 1.222856656909658613e+00 1.291188397086419914e-01 1.192459017888033152e+09 4.781173225911731124e+08
2.310000000000000000e+02 8.100000000000100000e+13 0.000000000000000000e+00 1.138383968811467417e+00 4.604832668266870682e-02 1.287624367747694232e-01 3.439240022102265509e-02 0.000000000000000000e+00 1.262266430778844484e+00 5.270363553013649588e-02 1.348751540947556973e+09 5.053032282540488243e+08
2.320000000000000000e+02 8.100000000000200000e+13 0.000000000000000000e+00 1.641281883724867274e+00 1.988075248504972414e-01 2.366428025684792213e-01 6.836385335323726109e-02 0.000000000000000000e+00 6.370174784091950926e-01 1.772834188679564826e-01 3.892492602873788834e+09 1.167116288243513823e+09
2.330000000000000000e+02 8.100000000000100000e+13 0.000000000000000000e+00 1.172215773030837571e+00 4.351840046214094232e-02 1.323988622015236094e-01 3.837500376388874868e-02 0.000000000000000000e+00 1.196980251632373538e+00 5.735961053306373736e-02 1.502168806365805864e+09 4.958688984038116336e+08
2.340000000000000000e+02 8.100000000000100000e+13 1.000000000000000000e+00 1.108237061775209309e+00 2.303140682901333447e-02 4.361892509974610310e-02 7.315487849111353136e-03 0.000000000000000000e+00 1.201446530871926877e+00 1.333287528905368648e-02 3.756067357544034719e+08 9.951010062744140625e+07
2.350000000000000000e+02 8.100000000000200000e+13 0.000000000000000000e+00 1.332075659160923742e+00 1.355060702144038065e-01 1.810975606806140559e-01 3.454075070503970918e-02 0.000000000000000000e+00 1.374291501276216465e+00 1.016090933511029498e-01 1.815223466375512362e+09 4.635600547538349032e+08
2.360000000000000000e+02 8.100000000000300000e+13 0.000000000000000000e+00 2.757024236102231463e+00 1.335488528335483926e-01 1.737073768160526666e-01 5.005479356639946920e-02 0.000000000000000000e+00 3.510880323472048481e+00 1.686536290383205683e-01 1.438209947595746279e+09 7.137620527409050465e+08
2.370000000000000000e+02 8.100000000000100000e+13 0.000000000000000000e+00 1.789212394727244915e+00 1.249405190826676504e-01 1.544663295272229175e-01 5.102952628467954249e-02 0.000000000000000000e+00 1.730819191230472676e+00 1.453121887885488739e-01 1.748183579926176310e+09 6.999914622207037210e+08
2.380000000000000000e+02 8.100000000000100000e+13 0.000000000000000000e+00 1.207562729320146744e+00 3.011487340987941200e-02 6.089412930039442284e-02 1.742596105827501352e-02 0.000000000000000000e+00 1.227409311926382696e+00 3.092845839289959375e-02 5.608604862870016098e+08 2.379992908058436513e+08
2.390000000000000000e+02 8.100000000000100000e+13 0.000000000000000000e+00 2.079325751815960466e+00 5.357237604268136333e-02 1.603992265983901766e-01 4.545793334759594406e-02 0.000000000000000000e+00 1.940229206940304874e+00 7.818692741166675952e-02 1.719960553987462282e+09 5.695080837039353848e+08
2.400000000000000000e+02 8.100000000000100000e+13 0.000000000000000000e+00 1.227721335168479477e+00 9.258918622367548479e-02 2.086244546485988838e-01 1.403497955601224478e-01 0.000000000000000000e+00 9.931356388827553561e-01 2.675772440198693689e-02 6.998279693133776188e+08 1.532457704959762096e+08
2.410000000000000000e+02 8.100000000000100000e+13 0.000000000000000000e+00 1.091204013815853413e+00 4.410178460222989594e-02 2.696780538316475018e-01 9.763843648208468673e-02 0.000000000000000000e+00 1.279551851638104143e+00 4.399953612382348500e-02 1.472201682800512075e+09 3.176713272796170115e+08
2.420000000000000000e+02 8.100000000000100000e+13 0.000000000000000000e+00 1.629160881582677245e+00 4.309518647854693879e-02 1.520048504013219448e-01 3.940214300338967801e-02 0.000000000000000000e+00 1.670796790340844051e+00 7.468737757770678443e-02 1.252791390710843563e+09 5.810969320257751942e+08
2.430000000000000000e+02 8.100000000000100000e+13 0.000000000000000000e+00 1.162049375520977312e+00 3.471280195483190945e-02 6.010292595461252940e-02 9.230909525873605762e-03 0.000000000000000000e+00 1.300928004944586380e+00 2.581919761788356235e-02 4.582787291304484606e+08 1.395921436391810775e+08
2.440000000000000000e+02 8.100000000000100000e+13 0.000000000000000000e+00 1.085547476468232020e+00 1.433595614494833914e-01 1.731371079257674195e-01 8.681283648347619397e-02 0.000000000000000000e+00 1.395707598080782930e+00 6.566687635949389201e-02 6.288016538505077362e+08 2.931097427211065292e+08
2.450000000000000000e+02 8.100000000000200000e+13 0.000000000000000000e+00 1.184581389871276258e+00 6.074035603263039373e-02 8.027718785196873152e-02 2.109897146516188579e-02 0.000000000000000000e+00 1.393819032127535662e+00 7.017719229587922325e-02 8.523408580780878067e+08 2.956701057142580748e+08
2.460000000000000000e+02 8.100000000000100000e+13 0.000000000000000000e+00 1.096964524191538004e+00 4.404920526923115226e-02 1.321754124287768117e-01 2.922537586310950189e-02 0.000000000000000000e+00 1.225512962477949053e+00 2.854116972728453633e-02 1.167538059136605024e+09 4.129781045596940517e+08
2.470000000000000000e+02 8.100000000000500000e+13 0.000000000000000000e+00 9.689406873922066232e-01 2.208069081491778052e-01 2.594941404649564465e-01 1.809213221786077630e-01 0.000000000000000000e+00 2.182578622814316471e+00 8.905654503081472662e-02 5.619101654891690016e+08 5.175810442251692414e+08
2.480000000000000000e+02 8.100000000000300000e+13 0.000000000000000000e+00 1.540555021287180137e+00 7.005473606573849044e-02 1.818898252898722701e-01 5.748125253939138923e-02 0.000000000000000000e+00 1.532775438425810766e+00 1.264568491776034975e-01 2.253144548333012104e+09 7.652217720774995089e+08
2.490000000000000000e+02 8.100000000000100000e+13 0.000000000000000000e+00 1.399203432408522296e+00 1.037896372566087105e-01 1.786377397087623442e-01 3.635759021193259860e-02 0.000000000000000000e+00 1.561330999115714713e+00 1.709764185240359169e-01 1.570991014563973188e+09 2.847232689925227165e+08
2.500000000000000000e+02 8.100000000000300000e+13 0.000000000000000000e+00 1.663909668438324552e+00 9.966225523629737570e-02 9.728023755861794908e-02 1.998207104770200609e-02 0.000000000000000000e+00 1.669037673363609642e+00 1.280084745734360319e-01 1.199141857871850252e+09 2.761765560979451537e+08
2.510000000000000000e+02 8.100000000000100000e+13 0.000000000000000000e+00 1.202216752550227863e+00 2.903535794586961996e-02 6.490013660745490298e-02 1.235327994651187582e-02 0.000000000000000000e+00 1.266325372042310660e+00 3.349313402440372289e-02 4.246245312702009082e+08 8.802873029560187459e+07
2.520000000000000000e+02 8.100000000000500000e+13 0.000000000000000000e+00 1.005159319380378058e+00 7.736403024354364388e-02 5.644666260537407887e-02 1.695444217597471062e-02 0.000000000000000000e+00 1.107625723137489748e+00 7.624333187818740920e-02 5.637088094659657478e+08 2.658960457531765401e+08
2.530000000000000000e+02 8.100000000000100000e+13 1.000000000000000000e+00 1.098142299561934987e+00 2.731872339453956036e-02 6.285771010367960376e-02 1.130392356169953282e-02 0.000000000000000000e+00 1.295436531125397694e+00 8.480949875806670021e-03 6.385160375636689663e+08 1.376388263904351592e+08
2.540000000000000000e+02 8.100000000000100000e+13 0.000000000000000000e+00 1.106185087196735584e+00 4.380796422247876937e-02 2.477333927966033356e-01 6.991609221380946926e-02 0.000000000000000000e+00 1.038808854335588006e+00 7.165918378360376650e-02 1.158094852309662342e+09 2.663372139879119694e+08
2.550000000000000000e+02 8.100000000000200000e+13 0.000000000000000000e+00 1.161777705256001658e+00 6.226070988651648958e-02 1.582537081343075858e-01 4.939624561768501260e-02 0.000000000000000000e+00 1.110370235526894289e+00 8.465580815037934692e-02 1.617424946695316792e+09 6.658542553813562393e+08
2.560000000000000000e+02 8.100000000000300000e+13 0.000000000000000000e+00 8.156542913093258740e-01 2.865139816844669562e-01 2.924739109450197883e-01 1.918963829171090874e-01 0.000000000000000000e+00 1.856964321651842331e+00 7.881696565590275150e-02 4.020271181910613179e+08 2.347453946028263271e+08
2.570000000000000000e+02 8.100000000000300000e+13 0.000000000000000000e+00 9.743732120722873313e-01 4.021009925889350300e-02 7.644665283316993964e-02 2.039619007732163328e-02 0.000000000000000000e+00 1.224197068551972079e+00 4.742490745022488047e-02 7.576475226506417990e+08 3.294530083325533867e+08
2.580000000000000000e+02 8.100000000000100000e+13 0.000000000000000000e+00 1.165395287483213860e+00 5.111053376385316094e-02 1.504219412914558629e-01 2.307626413684486441e-02 0.000000000000000000e+00 1.060297670062590125e+00 7.924249774991558304e-02 1.431496976617072821e+09 3.264086368194497228e+08
2.590000000000000000e+02 8.100000000000100000e+13 0.000000000000000000e+00 1.193241625791468419e+00 2.241403625912985476e-02 1.513161091520626167e-01 2.902628875289045909e-02 0.000000000000000000e+00 1.298666051232923335e+00 2.373341283779918653e-02 1.520640343404027224e+09 4.013825002806290984e+08
2.600000000000000000e+02 8.100000000000100000e+13 0.000000000000000000e+00 1.076718434771632316e+00 1.450118570723520350e-01 2.050494312003454667e-01 3.634373552962232717e-02 0.000000000000000000e+00 1.453230004570822409e+00 1.049819424091245901e-01 1.381502660695161581e+09 3.348819041469787955e+08
2.610000000000000000e+02 8.100000000000100000e+13 0.000000000000000000e+00 1.280736273560479921e+00 3.537904283175938996e-02 1.006929247366685487e-01 1.281241510036562614e-02 0.000000000000000000e+00 1.524163059111224294e+00 4.511908122181926273e-02 9.706174036850736141e+08 1.997917687863827348e+08
2.620000000000000000e+02 8.100000000000200000e+13 0.000000000000000000e+00 1.269133157684363855e+00 4.737359288556255293e-02 1.091312153797883572e-01 4.351145212356313796e-02 0.000000000000000000e+00 1.548508157894718851e+00 3.564632957650832462e-02 7.392927442863818407e+08 2.563913802160259783e+08
2.630000000000000000e+02 8.100000000000200000e+13 1.000000000000000000e+00 1.036558835301330417e+00 3.824806406486833121e-02 4.786901031229125192e-02 7.274716098864395485e-03 0.000000000000000000e+00 1.066431902454052505e+00 4.631532027872911628e-02 5.925012308830245733e+08 1.033067442898943871e+08
2.640000000000000000e+02 8.100000000000500000e+13 0.000000000000000000e+00 9.008557932856234851e-01 1.286997546931033798e-01 3.180166183335454422e-01 1.251488503861068469e-01 0.000000000000000000e+00 1.473346365399287761e+00 4.369737071181309385e-02 9.402303036009889841e+08 2.961930239244999886e+08
2.650000000000000000e+02 8.100000000000300000e+13 0.000000000000000000e+00 1.254914013188551225e+00 6.718836801205348153e-02 1.261671465860575714e-01 4.271278235981359334e-02 0.000000000000000000e+00 1.380341599312518763e+00 7.912049724861261457e-02 1.436182027524937868e+09 5.796445577260971069e+08
2.660000000000000000e+02 8.100000000000400000e+13 0.000000000000000000e+00 1.415663929929750431e+00 1.477001231195519126e-01 2.318007343525208264e-01 9.746494237427473506e-02 0.000000000000000000e+00 1.208743942650123193e+00 1.448475269135177657e-01 2.302810237826310635e+09 1.535688858569022179e+09
2.670000000000000000e+02 8.100000000000100000e+13 0.000000000000000000e+00 1.964798127778436099e+00 2.026871683095919918e-01 3.594906895792365220e-01 2.378988483188391179e-01 0.000000000000000000e+00 3.022732219006133203e+00 1.049122737388202831e-01 1.674511510194222450e+09 3.859048392436676025e+08
2.680000000000000000e+02 8.100000000000100000e+13 0.000000000000000000e+00 1.085199035092182296e+00 3.110817173145319706e-02 1.649144767276350398e-01 1.129505907052878733e-01 0.000000000000000000e+00 1.305400308114784913e+00 1.973218262093757655e-02 4.185293355591181517e+08 1.016958182906762809e+08
2.690000000000000000e+02 8.100000000000400000e+13 0.000000000000000000e+00 1.440110343596935127e+00 1.145621447288834027e-01 1.967711443658541337e-01 5.017098263868591951e-02 0.000000000000000000e+00 1.260661609800494798e+00 1.443361174464032337e-01 2.308814053274581432e+09 6.617332195671998262e+08
2.700000000000000000e+02 8.100000000000100000e+13 0.000000000000000000e+00 1.132731217764941345e+00 8.431963472645100099e-02 9.061132594645224247e-02 4.103877529605173824e-02 0.000000000000000000e+00 1.308338102825194138e+00 1.025572440236333649e-01 1.236698499743902683e+09 6.099416278760173321e+08
2.710000000000000000e+02 8.100000000000100000e+13 0.000000000000000000e+00 1.565753170415529860e+00 1.646678258143060569e-01 1.489754212306002579e-01 3.426746225653772016e-02 0.000000000000000000e+00 1.452749460345857280e+00 2.159222427080826345e-01 1.636910632197468042e+09 4.019557746102619171e+08
2.720000000000000000e+02 8.100000000000600000e+13 1.000000000000000000e+00 1.093193584784103001e+00 1.710795138369158516e-02 8.428887560786237076e-02 3.444066445997302772e-02 0.000000000000000000e+00 1.470015093540252282e+00 3.275906760715945748e-02 5.501344023970148563e+08 9.402732692187218368e+07
2.730000000000000000e+02 8.100000000001000000e+13 0.000000000000000000e+00 1.206093042514987390e+00 4.501456334714677016e-02 1.003343492321368408e-01 3.465040002452257628e-02 0.000000000000000000e+00 1.196429757429761320e+00 9.187772945801504776e-02 1.490846096835913181e+09 5.148626968302143216e+08
2.740000000000000000e+02 8.100000000000100000e+13 1.000000000000000000e+00 1.093730955350739276e+00 2.056695074582270272e-02 5.772053019854699735e-02 8.968982175412693394e-03 0.000000000000000000e+00 1.309399173304916619e+00 5.074912254564468289e-02 3.548962268655462265e+08 6.906304135187667608e+07
2.750000000000000000e+02 8.100000000002900000e+13 0.000000000000000000e+00 1.334755678210030050e+00 5.453881762389464760e-02 3.111812431816962307e-02 1.134847915809721400e-02 0.000000000000000000e+00 1.414156640211118754e+00 2.731788933173975864e-02 7.292914542770810425e+07 4.959200061405140907e+07
2.760000000000000000e+02 8.100000000000200000e+13 0.000000000000000000e+00 1.200444850502120131e+00 6.938673838677367200e-02 2.860538538053102875e-01 2.047435263786609450e-01 0.000000000000000000e+00 8.770647605804219316e-01 5.668560875460125492e-02 1.155077819563240528e+09 2.948350220430272818e+08
2.770000000000000000e+02 8.100000000000200000e+13 0.000000000000000000e+00 1.021702936635356274e+00 5.868767499526384573e-02 2.628174269491760362e-01 1.054158703780639778e-01 0.000000000000000000e+00 1.202693625671916511e+00 1.352440342450622612e-01 2.196374383287452698e+09 1.206881041446911335e+09
2.780000000000000000e+02 8.100000000000900000e+13 0.000000000000000000e+00 1.584306297215849035e+00 1.951577365749097848e-01 2.267427353310020044e-01 1.295522631183805007e-01 0.000000000000000000e+00 1.223203313318536489e+00 1.244229930774287951e-01 1.652421649558743954e+09 7.930004044082604647e+08
2.790000000000000000e+02 8.100000000009600000e+13 0.000000000000000000e+00 1.173479812016621215e+00 1.235896553135812370e-01 1.598112169257362714e-01 8.113269844558243515e-02 0.000000000000000000e+00 1.225436491360919256e+00 1.035586669503773954e-01 1.326149838022165298e+09 9.326835123614662886e+08
2.800000000000000000e+02 8.100000000000200000e+13 0.000000000000000000e+00 1.148529988747802877e+00 6.878383336299757900e-02 9.816383317088185623e-02 2.670250859282819605e-02 0.000000000000000000e+00 1.334148715723343370e+00 3.277449799846302719e-02 8.447298914781874418e+08 2.820922408921012282e+08
2.810000000000000000e+02 8.100000000000400000e+13 0.000000000000000000e+00 1.235044183063899625e+00 7.362709204716044731e-02 5.934877346072247456e-02 1.191414938908607127e-02 0.000000000000000000e+00 1.389065006125590696e+00 6.071568753694291803e-02 8.105537247026414871e+08 1.764097387604913712e+08
2.820000000000000000e+02 8.100000000000100000e+13 0.000000000000000000e+00 1.003825109967092066e+00 1.443078600066102224e-01 2.373223477921548030e-01 1.548861711468024205e-01 0.000000000000000000e+00 1.259862884016959672e+00 7.104228802016718247e-02 7.198268293277636766e+08 1.402443016277085841e+08
2.830000000000000000e+02 8.100000000000100000e+13 0.000000000000000000e+00 1.137377029224968972e+00 1.294843937671085951e-02 1.282925596276325297e-01 3.371211290628021301e-02 0.000000000000000000e+00 1.321026453474291484e+00 4.084183991456776831e-03 9.885770605335910320e+08 3.178444439207611680e+08
2.840000000000000000e+02 8.100000000000100000e+13 0.000000000000000000e+00 9.782434011483197578e-01 3.465511246965689157e-02 1.137125956616830413e-01 3.613063044150371245e-02 0.000000000000000000e+00 1.245385777342978839e+00 2.085017386783945964e-02 2.464109192622710466e+08 5.448563349933008105e+07
2.850000000000000000e+02 8.100000000000100000e+13 1.000000000000000000e+00 1.093244052420183632e+00 2.917005241629776896e-02 8.042136502993434133e-02 1.945430185399768183e-02 0.000000000000000000e+00 1.495740606560096664e+00 3.525173156729510815e-02 6.111257533606346846e+08 3.161298972942532897e+08
2.860000000000000000e+02 8.100000000000300000e+13 0.000000000000000000e+00 1.156333552182285507e+00 1.690929046984667450e-01 2.483483081112009827e-01 1.273135633907490349e-01 0.000000000000000000e+00 1.192175244534264600e+00 1.615922227824613533e-01 3.025195430670764446e+09 2.122547776088626146e+09
2.870000000000000000e+02 8.100000000000200000e+13 0.000000000000000000e+00 1.480362667539182331e+00 5.583215635837293633e-02 1.302855167053287022e-01 2.722065793015427532e-02 0.000000000000000000e+00 1.550593069973953853e+00 6.251134199071631259e-02 1.420614220438460112e+09 3.275572795693144798e+08
2.880000000000000000e+02 8.100000000000500000e+13 0.000000000000000000e+00 1.196860236936136301e+00 3.125528707672448059e-02 5.303889652371120145e-02 2.592289205564770119e-02 0.000000000000000000e+00 1.363054387651501553e+00 2.744445676988259072e-02 3.647829265676171184e+08 3.569315327612349987e+08
2.890000000000000000e+02 8.100000000000500000e+13 0.000000000000000000e+00 1.108140954717629745e+00 7.768786550285901316e-02 1.025117659482551735e-01 3.765314645034320562e-02 0.000000000000000000e+00 1.548213594383884173e+00 9.385463821945484730e-02 6.328420980433437824e+08 5.821406587847692966e+08
2.900000000000000000e+02 8.100000000000100000e+13 0.000000000000000000e+00 9.850711108147441886e-01 7.681236702956842355e-02 2.163846957873437060e-01 9.699249127853738772e-02 0.000000000000000000e+00 1.219610156814602053e+00 7.628763412823851009e-02 6.808297392228283882e+08 4.411992053571571708e+08
2.910000000000000000e+02 8.100000000005100000e+13 0.000000000000000000e+00 9.834487536892849713e-01 9.711690526025784642e-02 1.262150583119776848e-01 7.119471921221035005e-02 0.000000000000000000e+00 8.195062381217651515e-01 9.764443887544534129e-02 1.135021270073249578e+09 1.135021270073249578e+09
2.920000000000000000e+02 8.100000000000200000e+13 0.000000000000000000e+00 1.166397380064884581e+00 3.925455247625597721e-02 3.895951115553461519e-02 2.779328686478179863e-02 0.000000000000000000e+00 1.276283616809710031e+00 3.587690939892929087e-02 2.632709047230627760e+07 9.466084112320687622e+06
2.930000000000000000e+02 8.100000000000100000e+13 0.000000000000000000e+00 1.174783424111878416e+00 2.437052118801530110e-01 1.964495010947837350e-01 1.084396264522400621e-01 0.000000000000000000e+00 1.268461906609429146e+00 1.943265137338684445e-01 2.478048992719250202e+09 1.608904173220116138e+09
2.940000000000000000e+02 8.100000000000200000e+13 0.000000000000000000e+00 1.199234362668708087e+00 1.047388915486435063e-01 9.292632443260616382e-02 3.226988354943095827e-02 0.000000000000000000e+00 9.016576295788596429e-01 6.531683310885727511e-02 1.116615913512645006e+09 5.088728817143226862e+08
2.950000000000000000e+02 8.100000000000100000e+13 0.000000000000000000e+00 1.232604106187407345e+00 1.306808321381208449e-01 1.363401436065656003e-01 5.767149528614891330e-02 0.000000000000000000e+00 1.323993389362117190e+00 1.475446988097463275e-01 1.638966327095407486e+09 7.810339409262480736e+08
2.960000000000000000e+02 8.100000000000100000e+13 0.000000000000000000e+00 1.024572851783062566e+00 1.866211955042433035e-01 2.692710953554580122e-01 2.068521160896547584e-01 0.000000000000000000e+00 1.159489459526589661e+00 4.807683133258761066e-02 1.640269310624047518e+08 6.458539715376093239e+07
2.970000000000000000e+02 8.100000000000100000e+13 0.000000000000000000e+00 1.245647347495368651e+00 5.637318042910882676e-02 1.891066723162131979e-01 5.108259435247117231e-02 0.000000000000000000e+00 1.173832810817103667e+00 4.342108642979650157e-02 2.089126013602487564e+09 7.778825644779177904e+08
2.980000000000000000e+02 8.100000000000400000e+13 0.000000000000000000e+00 1.294772378124528167e+00 2.722434503528360361e-01 4.367950911082346122e-01 2.480907099472269284e-01 0.000000000000000000e+00 9.026234420522590840e-01 1.630678323614335457e-01 1.967922444931795120e+09 5.825443248981124163e+08
2.990000000000000000e+02 8.100000000000100000e+13 0.000000000000000000e+00 1.473780925974765399e+00 1.739696897418281096e-01 2.583598702402404856e-01 4.716031507463743638e-02 0.000000000000000000e+00 1.211307028597613300e+00 2.166873006390928336e-01 2.859818688000885963e+09 6.486230425761712790e+08
3.000000000000000000e+02 8.100000000000500000e+13 0.000000000000000000e+00 1.008158661741255235e+00 4.937189687359235662e-02 9.349983066867503800e-02 2.082935610678227079e-02 0.000000000000000000e+00 1.146665493944790226e+00 4.798061785157772124e-02 6.485795718225106001e+08 2.101220114508036673e+08
3.010000000000000000e+02 8.100000000000300000e+13 0.000000000000000000e+00 1.030454366677905353e+00 4.671263967103693460e-02 9.623020023219223951e-02 2.529263843005769008e-02 0.000000000000000000e+00 1.006817389565328735e+00 4.289242456699211836e-02 7.586451226333236694e+08 2.544308621206900179e+08
3.020000000000000000e+02 8.100000000000100000e+13 0.000000000000000000e+00 1.073767618838389781e+00 1.044456759767109777e-01 2.005798906911893109e-01 1.047698873917023293e-01 0.000000000000000000e+00 1.257452280080027629e+00 1.008340359078962328e-01 2.974233476937343597e+09 1.865714454282473087e+09
3.030000000000000000e+02 8.100000000000100000e+13 0.000000000000000000e+00 1.090342478729035891e+00 8.793979256432093994e-02 1.121345790393496050e-01 4.238765928906774311e-02 0.000000000000000000e+00 9.870514345978799176e-01 1.074675567287260713e-01 1.305346720340407372e+09 6.237711059663699865e+08
3.040000000000000000e+02 8.100000000001400000e+13 0.000000000000000000e+00 1.313737708379113522e+00 2.781493934789742994e-02 8.485108144405129060e-02 2.494502327235709888e-02 0.000000000000000000e+00 1.596094841650611995e+00 2.548149767910814698e-02 1.082703494439470053e+09 3.524006859966393709e+08
3.050000000000000000e+02 8.100000000000200000e+13 0.000000000000000000e+00 5.740301370050391316e-01 1.088903638618046177e-01 4.073882324553262380e-01 1.446906164048394339e-01 0.000000000000000000e+00 1.348407988601981744e+00 4.096203213197096432e-02 5.889432230020312071e+08 1.689148724915995598e+08
3.060000000000000000e+02 8.100000000000100000e+13 0.000000000000000000e+00 1.170489081892480687e+00 2.254990952484740852e-01 3.865818358190628024e-01 2.431147339686977604e-01 0.000000000000000000e+00 1.380422588788384752e+00 1.782016431000373602e-01 1.920392892728144407e+09 7.372561540251994133e+08
3.070000000000000000e+02 8.100000000000100000e+13 1.000000000000000000e+00 1.139421343040059931e+00 3.296831311289041139e-02 7.769548965532396823e-02 3.509773329084855953e-02 0.000000000000000000e+00 1.182968998623171064e+00 4.635989446852988027e-02 7.669880192407276630e+08 4.552383176946848035e+08
3.080000000000000000e+02 8.100000000000100000e+13 0.000000000000000000e+00 1.379399688426574011e+00 3.006805022562149959e-02 8.652615166143348691e-02 2.348891759586619471e-02 0.000000000000000000e+00 1.635488883269561766e+00 3.980381500499991648e-02 9.707598405930459499e+08 3.270873012587602139e+08
3.090000000000000000e+02 8.100000000000600000e+13 0.000000000000000000e+00 1.276158932251998168e+00 1.174193763214359670e-01 1.224057865246473142e-01 3.483398572970886758e-02 0.000000000000000000e+00 1.359870770877657842e+00 1.204477706044709828e-01 1.418896145960759401e+09 6.287882046337780952e+08
3.100000000000000000e+02 8.100000000000100000e+13 0.000000000000000000e+00 1.495039513721059699e+00 4.004164095075554708e-02 1.700203933370227627e-01 4.210472946263762312e-02 0.000000000000000000e+00 1.542348095688583109e+00 5.373132195663703897e-02 1.446186190685990334e+09 3.017869564382942915e+08
3.110000000000000000e+02 8.100000000000200000e+13 0.000000000000000000e+00 1.791182049158750678e+00 1.061071145890724321e-01 1.986101182023149447e-01 8.916718386754046710e-02 0.000000000000000000e+00 1.906568290887426409e+00 1.023274421924251498e-01 2.307246867921848297e+09 1.275334318573907137e+09
3.120000000000000000e+02 8.100000000000200000e+13 0.000000000000000000e+00 1.154571306775873829e+00 1.284159454892517538e-01 2.004018792061138254e-01 9.076579787840766134e-02 0.000000000000000000e+00 1.155576926951262573e+00 1.242534878709138368e-01 2.434657689591300964e+09 1.388765573222824812e+09
3.130000000000000000e+02 8.100000000001100000e+13 0.000000000000000000e+00 1.216432599747604204e+00 1.201732833899048641e-01 2.247868110145017084e-01 1.321297483179152965e-01 0.000000000000000000e+00 1.261364368950646409e+00 6.463885839714005044e-02 5.643799869454067945e+08 4.747290036023320556e+08
3.140000000000000000e+02 8.100000000000400000e+13 0.000000000000000000e+00 1.188410343793322665e+00 2.307420855445003333e-02 4.379472409824883283e-02 1.648318345370567914e-02 0.000000000000000000e+00 1.321933951252936446e+00 3.217739191956781736e-02 3.534449081910067797e+08 2.333719096905958056e+08
3.150000000000000000e+02 8.100000000000500000e+13 0.000000000000000000e+00 1.342982818857257676e+00 9.798333871219520874e-02 1.526228792654515665e-01 1.009381190277448964e-01 0.000000000000000000e+00 1.282025044304294426e+00 5.022805770359026895e-02 5.268039512987001538e+08 2.384444199231099486e+08
3.160000000000000000e+02 8.100000000000100000e+13 0.000000000000000000e+00 1.274186620525654901e+00 1.884658366941360796e-01 2.901612457542179224e-01 1.973219091634649258e-01 0.000000000000000000e+00 1.478411287582931388e+00 6.489143763919431873e-02 7.137231381005585194e+08 2.812873728285495639e+08
3.170000000000000000e+02 8.100000000000100000e+13 0.000000000000000000e+00 9.797752275031839098e-01 2.545480547692534623e-01 4.563856985270916544e-01 1.725678080549279958e-01 0.000000000000000000e+00 3.612417268681902272e-01 8.912625154874408151e-02 1.065828307428861856e+09 5.116813330529581904e+08
3.180000000000000000e+02 8.100000000000300000e+13 0.000000000000000000e+00 1.695304839755119364e+00 5.425428530482303419e-02 2.831858919631312088e-01 8.831976724909651466e-02 0.000000000000000000e+00 1.867680103985606355e+00 5.634691798484214170e-02 1.257945966408747435e+09 3.086307007472105622e+08
3.190000000000000000e+02 8.100000000000100000e+13 0.000000000000000000e+00 1.181195824089837698e+00 1.148345224687245675e-01 1.644350135467077811e-01 7.238830616463039214e-02 0.000000000000000000e+00 1.094655812794786298e+00 1.433670088941499943e-01 1.817629132423664331e+09 9.598160298260033131e+08
3.200000000000000000e+02 8.100000000000600000e+13 0.000000000000000000e+00 1.242158812026467052e+00 3.797769425001864402e-02 3.572419986735677483e-02 1.805308463868396038e-02 0.000000000000000000e+00 1.390015353943335752e+00 1.753499401344233224e-02 4.522316555282034874e+08 2.337421181739000678e+08
3.210000000000000000e+02 8.100000000000300000e+13 0.000000000000000000e+00 9.953443913555233280e-01 1.406730227536571454e-01 3.482848788287523645e-01 2.355210854942875742e-01 0.000000000000000000e+00 1.727291678516818640e+00 4.570616723276536147e-02 2.746491793059748784e+07 2.022503750261419639e+07
3.220000000000000000e+02 8.100000000000100000e+13 0.000000000000000000e+00 1.404472349069840309e+00 5.114472827333674254e-02 1.814497485264491283e-01 2.696609781292798325e-02 0.000000000000000000e+00 1.326916860030187939e+00 7.430900226601297454e-02 1.980514357287321568e+09 3.472258588575368524e+08
3.230000000000000000e+02 8.100000000000300000e+13 0.000000000000000000e+00 1.800380979917012958e+00 5.344573502177332736e-02 1.908219123034769482e-01 2.521941026890183596e-02 0.000000000000000000e+00 1.684256504735154758e+00 6.367172443849969388e-02 2.441769995779160500e+09 3.401383515581129789e+08
3.240000000000000000e+02 8.100000000000100000e+13 0.000000000000000000e+00 1.158662041273566423e+00 8.969051044133097284e-02 1.133394249023216421e-01 6.776904365192250312e-02 0.000000000000000000e+00 1.293847180280388143e+00 5.432257815218870939e-02 3.627342437126289010e+08 2.044516123862833977e+08
