# rID[0] Hid[1]   R200: DS[2], eta[3], detla[4], fm[5], fm2[6];   R500: DS[7], eta[8], detla[9], fm[10], fm2[11]
1.000000000000000000e+00 6.700000000000200000e+13 0.000000000000000000e+00 1.033363814782424672e+00 4.832397364132611645e-02 6.987842553885938168e-02 2.305351561028885776e-02 0.000000000000000000e+00 1.443858072411172921e+00 3.411466629350440316e-02 1.968341582140386105e+08 6.903907251290215552e+07
2.000000000000000000e+00 6.700000000000200000e+13 0.000000000000000000e+00 1.448421191025224264e+00 3.827343258582065894e-02 1.525905630368992738e-01 5.628723706580646136e-02 0.000000000000000000e+00 1.543536131004754841e+00 9.929135364376039108e-02 1.352977422056530714e+09 7.837563997579373121e+08
3.000000000000000000e+00 6.700000000000600000e+13 0.000000000000000000e+00 1.260582236458055672e+00 3.526600261307430428e-02 5.712638497089009976e-02 2.135826180901506666e-02 0.000000000000000000e+00 1.457681139387875247e+00 6.858346226401700052e-02 7.614475113896819353e+08 3.156328957092754841e+08
4.000000000000000000e+00 6.700000000000600000e+13 0.000000000000000000e+00 1.248468335634014492e+00 1.806563584112872226e-02 1.219094865943196188e-01 3.080400289268021147e-02 0.000000000000000000e+00 1.354565275364354227e+00 3.501207248667038974e-02 9.523193429519802332e+08 3.842318984836142659e+08
5.000000000000000000e+00 6.700000000000900000e+13 0.000000000000000000e+00 2.409362589619516104e+00 6.621758267241252549e-02 1.970605294391712947e-01 4.180828234942032817e-02 0.000000000000000000e+00 2.661681003739822415e+00 1.175461662925277734e-01 2.328835972714184761e+09 5.598540909613339901e+08
6.000000000000000000e+00 6.700000000000100000e+13 0.000000000000000000e+00 1.008239084725625512e+00 3.444603510572008531e-02 1.533368432321223773e-01 8.011153056754588553e-02 0.000000000000000000e+00 1.030304460307313486e+00 5.869520242047217284e-02 1.740438904937450886e+09 1.213566613101344824e+09
7.000000000000000000e+00 6.700000000000100000e+13 0.000000000000000000e+00 1.341828800654375486e+00 9.547391129655936892e-02 2.707041847561606485e-01 6.939506688482628693e-02 0.000000000000000000e+00 1.557657310513534732e+00 6.748409260844238922e-02 1.825508493109783888e+09 4.094648182385851145e+08
8.000000000000000000e+00 6.700000000005000000e+13 0.000000000000000000e+00 1.318811954667433728e+00 1.446960158070254576e-01 1.749991731815530860e-01 6.725208365630928886e-02 0.000000000000000000e+00 1.498300797845501409e+00 1.265214527492267704e-01 1.579143544135716200e+09 8.129899307394219637e+08
9.000000000000000000e+00 6.700000000000100000e+13 0.000000000000000000e+00 1.381164784434685044e+00 1.727466005408825889e-01 2.489693902152248783e-01 5.463291682553018253e-02 0.000000000000000000e+00 1.461307196072935355e+00 2.081314421762061329e-01 1.931825179293034792e+09 5.127213133820374608e+08
1.000000000000000000e+01 6.700000000000100000e+13 0.000000000000000000e+00 1.203678892838320413e+00 1.072995672578479220e-01 1.473730722100792812e-01 2.623144392096458943e-02 0.000000000000000000e+00 1.316078681665925565e+00 6.358990170169555312e-02 1.280667778169950724e+09 3.567772754996951222e+08
1.100000000000000000e+01 6.700000000000100000e+13 0.000000000000000000e+00 1.581534192932384952e+00 1.345028732490958223e-01 3.594351121069030985e-01 1.238933860139410925e-01 0.000000000000000000e+00 1.811894144709957022e+00 1.643447237010521034e-01 2.115681895184479713e+09 6.247054813673608303e+08
1.200000000000000000e+01 6.700000000000600000e+13 0.000000000000000000e+00 1.348661282376488302e+00 4.820675853757154516e-02 7.646591936287235047e-02 3.085335996816470153e-02 0.000000000000000000e+00 1.472044074978841710e+00 3.835496942581951424e-02 5.609723981966029406e+08 3.674361427013431191e+08
1.300000000000000000e+01 6.700000000004000000e+13 0.000000000000000000e+00 1.098720926837311485e+00 1.041969242815014574e-01 2.803088672614220123e-01 1.795992160043254904e-01 0.000000000000000000e+00 1.168387616293820042e+00 1.052046576384437770e-01 1.225296722461725950e+09 1.225296722461725950e+09
1.400000000000000000e+01 6.700000000006000000e+13 0.000000000000000000e+00 9.579528444101922391e-01 2.047252711965662220e-01 2.619610769114564808e-01 1.944299148365655205e-01 0.000000000000000000e+00 1.604169778570264659e+00 8.129522743972104892e-02 1.003623845274025559e+09 9.297777637165548801e+08
1.500000000000000000e+01 6.700000000000200000e+13 0.000000000000000000e+00 1.379834550412695426e+00 4.406982393199215114e-02 7.088713693131132310e-02 1.183951828724353304e-02 0.000000000000000000e+00 1.495786428559021219e+00 5.381268120818152867e-02 6.585343064701761007e+08 1.669445643692918122e+08
1.600000000000000000e+01 6.700000000000200000e+13 0.000000000000000000e+00 1.046035016756618585e+00 2.481144334368746707e-01 1.640954087893346514e-01 6.824109315530042796e-02 0.000000000000000000e+00 1.333237192404792326e+00 1.015138562616126616e-01 6.329384798342931271e+08 2.861601161297342181e+08
1.700000000000000000e+01 6.700000000000200000e+13 1.000000000000000000e+00 1.060831474596894974e+00 3.389255076540624578e-02 6.446381853158063280e-02 2.460764668162872607e-02 0.000000000000000000e+00 1.243385463333437579e+00 4.713332639029795684e-02 4.707041943419312835e+08 3.549733274410701990e+08
1.800000000000000000e+01 6.700000000000500000e+13 0.000000000000000000e+00 1.361350122721900258e+00 1.744364125131690479e-01 1.174879970943180085e-01 3.624313347048718076e-02 0.000000000000000000e+00 1.228452498838764617e+00 2.044071767055112010e-01 1.570935754959913015e+09 5.036717399462388754e+08
1.900000000000000000e+01 6.700000000000100000e+13 0.000000000000000000e+00 1.170349228261654995e+00 3.295097631366652319e-02 1.336610336234134166e-01 2.096633305643321246e-02 0.000000000000000000e+00 1.222039197958760148e+00 3.755706418479764358e-02 9.681644868030129671e+08 1.707710149756618738e+08
2.000000000000000000e+01 6.700000000004800000e+13 0.000000000000000000e+00 1.147454722576434216e+00 6.062526488794763024e-02 2.712152437697246815e-02 2.712152437697246815e-02 0.000000000000000000e+00 1.237280328436777266e+00 6.313091854311227158e-02 3.894879670674434900e+08 3.894879670674434900e+08
2.100000000000000000e+01 6.700000000000300000e+13 0.000000000000000000e+00 6.341115388080471593e-01 2.036255105383169839e-01 2.636146444755007590e-01 7.927042307203659155e-02 0.000000000000000000e+00 1.844573052069307328e+00 1.726566833472258922e-01 1.792534093986919880e+09 1.128442203951984644e+09
2.200000000000000000e+01 6.700000000001600000e+13 0.000000000000000000e+00 9.423316058688018249e-01 2.176788942908835234e-01 3.218134743978989104e-02 2.307518579916926008e-02 0.000000000000000000e+00 9.424327125111526815e-01 2.128962535170484394e-01 2.736014539334706664e+08 2.736014539334706664e+08
2.300000000000000000e+01 6.700000000001700000e+13 0.000000000000000000e+00 1.740274338871617310e+00 1.895767043060864465e-01 1.467820672511854774e-01 6.448170113886600441e-02 0.000000000000000000e+00 1.911028705974583852e+00 1.891547933226863654e-01 1.267577319704048395e+09 7.933860316888623238e+08
2.400000000000000000e+01 6.700000000000400000e+13 0.000000000000000000e+00 1.104787587701450358e+00 8.434310331417989304e-02 1.650644675169257725e-01 1.096384971749249787e-01 0.000000000000000000e+00 1.249028437375388600e+00 7.806411859875807269e-02 8.479969849310896397e+08 6.259873043907859325e+08
2.500000000000000000e+01 6.700000000006300000e+13 0.000000000000000000e+00 1.006186768407953069e+00 1.484512921726962031e-01 2.232791861147600532e-01 1.527555269851030018e-01 0.000000000000000000e+00 1.256313590810015368e+00 6.272129900469608499e-02 8.756305322767978907e+08 8.756305322767978907e+08
2.600000000000000000e+01 6.700000000000900000e+13 0.000000000000000000e+00 1.227147655485628652e+00 9.379608404844708147e-02 8.227884386613060208e-02 4.974716214110852519e-02 0.000000000000000000e+00 1.220984186158910356e+00 1.025482323705516480e-01 1.050940358632845283e+09 6.354160798200527430e+08
2.700000000000000000e+01 6.700000000000100000e+13 0.000000000000000000e+00 1.396796857179273488e+00 1.667873137146689555e-01 1.889098109507613976e-01 7.411549774795476997e-02 0.000000000000000000e+00 1.353582235329414241e+00 1.824271600734463927e-01 2.192940346379661083e+09 1.051746779087926030e+09
2.800000000000000000e+01 6.700000000003700000e+13 0.000000000000000000e+00 2.113882123381812583e+00 1.287458328922837791e-01 1.011110637330149553e-01 5.494579945799458326e-02 0.000000000000000000e+00 2.125060036388891405e+00 1.340845016508958321e-01 8.970952815312125683e+08 8.970952815312125683e+08
2.900000000000000000e+01 6.700000000000100000e+13 0.000000000000000000e+00 1.281729144455708402e+00 7.154145982786086488e-02 1.447326812221624293e-01 3.135385871444654887e-02 0.000000000000000000e+00 1.285842451757341465e+00 9.643403117855432749e-02 1.169177025181189060e+09 4.929314847347705364e+08
3.000000000000000000e+01 6.700000000000200000e+13 0.000000000000000000e+00 1.998415756269058097e+00 8.569360935746643537e-02 2.993226823464470443e-01 7.547516746482865746e-02 0.000000000000000000e+00 2.397165873799136371e+00 1.074927818278441638e-01 2.129841484345191479e+09 4.932028075081545115e+08
3.100000000000000000e+01 6.700000000000100000e+13 0.000000000000000000e+00 1.170220257817406351e+00 7.573532533486736218e-02 1.981542574315597882e-01 4.194695387923014912e-02 0.000000000000000000e+00 1.170334847948748980e+00 8.380463430109176548e-02 1.924990348264249563e+09 5.542681981709688902e+08
3.200000000000000000e+01 6.700000000000100000e+13 0.000000000000000000e+00 1.339818894997341747e+00 1.000400899034655511e-01 1.745039665561320397e-01 4.965504624654716592e-02 0.000000000000000000e+00 1.249554031501845630e+00 1.308895742891486857e-01 1.645126979079684496e+09 5.734994664892015457e+08
3.300000000000000000e+01 6.700000000000100000e+13 0.000000000000000000e+00 2.247323835106442402e+00 1.586736830290796374e-01 1.842895041713224213e-01 5.354291629249299106e-02 0.000000000000000000e+00 2.440316178836956063e+00 2.068075885390008584e-01 2.166979585676656723e+09 9.489732469566454887e+08
3.400000000000000000e+01 6.700000000000100000e+13 0.000000000000000000e+00 1.520011773578293202e+00 6.920506158248673767e-02 9.031107935501077322e-02 3.293669042968046246e-02 0.000000000000000000e+00 1.721917125999083753e+00 6.498033346104871433e-02 9.838828579736583233e+08 4.266758974724901319e+08
3.500000000000000000e+01 6.700000000000100000e+13 0.000000000000000000e+00 9.719682079739930813e-01 1.960898535623613603e-01 2.286917347592567762e-01 7.631793768440370274e-02 0.000000000000000000e+00 1.512365052088155082e+00 1.562645143340308795e-01 2.697886083173309326e+09 1.339944832323743343e+09
3.600000000000000000e+01 6.700000000000200000e+13 0.000000000000000000e+00 1.090494304403768711e+00 6.331893272525787597e-02 7.367827858689722509e-02 4.555032980112744267e-02 0.000000000000000000e+00 1.222141328373924640e+00 7.552800652681404547e-02 9.548042553423452377e+08 7.237850934756098986e+08
3.700000000000000000e+01 6.700000000000100000e+13 0.000000000000000000e+00 1.153195489366696691e+00 1.658172615554281693e-01 1.320697029530789879e-01 7.787129053645246157e-02 0.000000000000000000e+00 1.230509351308102683e+00 1.813260454946967470e-01 1.492578921662260294e+09 1.106120664424194813e+09
3.800000000000000000e+01 6.700000000000100000e+13 1.000000000000000000e+00 1.092323302385165285e+00 3.595297688419921145e-02 6.977389734984587588e-02 1.986430043591660977e-02 0.000000000000000000e+00 1.409509907938544915e+00 3.058548308808976823e-02 3.916828833087437153e+08 7.478896107392586768e+07
3.900000000000000000e+01 6.700000000000100000e+13 0.000000000000000000e+00 1.101160444888689804e+00 4.808579401305038831e-02 7.725452551767482412e-02 1.718102070699303874e-02 0.000000000000000000e+00 1.367797466254510708e+00 5.870398131910641720e-02 4.972313418463588357e+08 1.449258660092694163e+08
4.000000000000000000e+01 6.700000000018000000e+13 0.000000000000000000e+00 1.134970216435846835e+00 5.218986259070414191e-02 -1.000000000000000000e+00 -1.000000000000000000e+00 1.000000000000000000e+00 1.087712215729482956e+00 2.940010868867821980e-02 -1.000000000000000000e+00 -1.000000000000000000e+00
4.100000000000000000e+01 6.700000000000100000e+13 0.000000000000000000e+00 8.873687677735175861e-01 2.251276523966191101e-01 3.316913039122376672e-01 2.645638876365721259e-01 0.000000000000000000e+00 1.437488825594326558e+00 7.677129292977412367e-02 4.513004559100208282e+08 1.948974710846666396e+08
4.200000000000000000e+01 6.700000000000200000e+13 0.000000000000000000e+00 1.502431524198435175e+00 1.582523345057522124e-01 1.723862923587828333e-01 1.076405803746262879e-01 0.000000000000000000e+00 1.485021849920269199e+00 2.065206039872208854e-01 2.377005612423231125e+09 1.508998070346403122e+09
4.300000000000000000e+01 6.700000000000200000e+13 0.000000000000000000e+00 1.218267744876653014e+00 1.153463641977830467e-01 1.659151860938361811e-01 7.668026473440976709e-02 0.000000000000000000e+00 1.478544961328575935e+00 8.593443880048076688e-02 1.068008899648993373e+09 4.568378082361637950e+08
4.400000000000000000e+01 6.700000000000200000e+13 0.000000000000000000e+00 1.435039016740165430e+00 8.165179155102152142e-02 2.119307761282580305e-01 7.823375537667030810e-02 0.000000000000000000e+00 1.490406970608580295e+00 7.655118832886620428e-02 1.346219761830209970e+09 2.897430960856719613e+08
4.500000000000000000e+01 6.700000000000400000e+13 0.000000000000000000e+00 1.455163989996954177e+00 5.321653355422061027e-02 1.678017877711263650e-01 5.290588128958693959e-02 0.000000000000000000e+00 1.339528134319122987e+00 9.499913269568845131e-02 1.768099996810028791e+09 6.721713807103068829e+08
4.600000000000000000e+01 6.700000000000100000e+13 0.000000000000000000e+00 1.215531198913629041e+00 3.630835555149843075e-02 1.790317125012496069e-01 4.556522442839665288e-02 0.000000000000000000e+00 1.204248082654058472e+00 6.216511688066950203e-02 2.050255004019465923e+09 5.370139195841068029e+08
4.700000000000000000e+01 6.700000000007200000e+13 0.000000000000000000e+00 1.256075434834110549e+00 5.684015321750380406e-02 5.723425303850586052e-03 5.723425303850586052e-03 0.000000000000000000e+00 1.344989821239275019e+00 3.817574404778739661e-02 8.031884820434652269e+07 8.031884820434652269e+07
4.800000000000000000e+01 6.700000000000100000e+13 0.000000000000000000e+00 1.218772139419895151e+00 8.538991258039298204e-02 8.363100507640193471e-02 3.298189832481935452e-02 0.000000000000000000e+00 1.539112374473406541e+00 9.126747829054174255e-02 9.704414770493632555e+08 5.747313884148615599e+08
4.900000000000000000e+01 6.700000000000400000e+13 0.000000000000000000e+00 1.113388065811101724e+00 5.705725612882173864e-02 1.706527951525917963e-01 6.489135763926294487e-02 0.000000000000000000e+00 1.215322484588377439e+00 6.894967900608370281e-02 2.319125707433830261e+09 9.763401437320877314e+08
5.000000000000000000e+01 6.700000000000600000e+13 0.000000000000000000e+00 1.325984708250120603e+00 1.566347132216358295e-01 1.960914045622041968e-01 1.048787841578717600e-01 0.000000000000000000e+00 1.179316134202237354e+00 2.274075020388510449e-01 2.343549748642742157e+09 1.324689176445315838e+09
5.100000000000000000e+01 6.700000000000400000e+13 0.000000000000000000e+00 1.208892940378140102e+00 2.697260184109427986e-02 1.006732695355034013e-01 2.728693974026433905e-02 0.000000000000000000e+00 1.243000061703249060e+00 2.561455128631248343e-02 1.296883854350814581e+09 3.515132839836150408e+08
5.200000000000000000e+01 6.700000000000100000e+13 0.000000000000000000e+00 1.230307328143410484e+00 1.201992017297860531e-02 6.375409300977685767e-02 9.644413261544875285e-03 0.000000000000000000e+00 1.174543765957307917e+00 8.827753272611187779e-03 6.646994210459296703e+08 1.370349653210977316e+08
5.300000000000000000e+01 6.700000000023400000e+13 1.000000000000000000e+00 1.035002971694986007e+00 2.732016220331931824e-02 4.915620338840479692e-02 4.915620338840479692e-02 0.000000000000000000e+00 1.297760966959941253e+00 1.908578412373696312e-02 6.967024443551105261e+08 6.967024443551105261e+08
5.400000000000000000e+01 6.700000000000200000e+13 0.000000000000000000e+00 9.303665980381642386e-01 8.329477990135461529e-02 2.414368906724708719e-01 1.174301682310796707e-01 0.000000000000000000e+00 1.067784400972231040e+00 5.273235052433886821e-02 1.209629624938039064e+09 5.270032434713096023e+08
5.500000000000000000e+01 6.700000000000100000e+13 0.000000000000000000e+00 1.149229696019784530e+00 1.042756130388261121e-01 9.982975200154613205e-02 4.109997656124710769e-02 0.000000000000000000e+00 1.402804078568775203e+00 7.364412985093959918e-02 7.645614138219344616e+08 2.354636152982489765e+08
5.600000000000000000e+01 6.700000000000100000e+13 0.000000000000000000e+00 1.292371531979068733e+00 3.525939051929275619e-02 1.227547050399463296e-01 5.367100240749198004e-02 0.000000000000000000e+00 1.185774137380091187e+00 3.492659268066663353e-02 1.413061450041217566e+09 6.178209174338092804e+08
5.700000000000000000e+01 6.700000000000600000e+13 0.000000000000000000e+00 1.235147033352929746e+00 5.793764966000033295e-02 1.849284660551694659e-01 1.008712150980678318e-01 0.000000000000000000e+00 1.378468663271018579e+00 1.132337474154037210e-01 5.710731003340955973e+08 4.135462557246890664e+08
5.800000000000000000e+01 6.700000000000100000e+13 0.000000000000000000e+00 1.252379847821425196e+00 1.702485838225556436e-01 2.345530097738775799e-01 7.560843785693556474e-02 0.000000000000000000e+00 1.105304258616427004e+00 2.160503671241230939e-01 2.497213739268968105e+09 1.031795326689954519e+09
5.900000000000000000e+01 6.700000000000200000e+13 0.000000000000000000e+00 1.165462843758796829e+00 2.862451132431471229e-02 6.020283831489762344e-02 2.631630971993410145e-02 0.000000000000000000e+00 1.341911456005813630e+00 2.621996626022094282e-02 6.700472342810057402e+08 2.928960002199886441e+08
6.000000000000000000e+01 6.700000000000100000e+13 0.000000000000000000e+00 1.355044568665925153e+00 5.087139463352095825e-02 6.805403516286676058e-02 2.097786258055723066e-02 0.000000000000000000e+00 1.520171690649237517e+00 6.604100102662160965e-02 5.340472118993321061e+08 2.781923506491034031e+08
6.100000000000000000e+01 6.700000000000600000e+13 0.000000000000000000e+00 1.355124383668653065e+00 6.771943532675431254e-02 1.455919167991437391e-01 5.927254340264114657e-02 0.000000000000000000e+00 1.354600783182829504e+00 6.701967483050322305e-02 1.415190488426916599e+09 8.258341948061203957e+08
6.200000000000000000e+01 6.700000000002300000e+13 0.000000000000000000e+00 1.262724019340571990e+00 3.848965036664223766e-02 2.676983490868045656e-02 1.064272265511991694e-02 0.000000000000000000e+00 1.261783005669253832e+00 2.561221970105613532e-02 3.426143942187946439e+08 1.362111491445984840e+08
6.300000000000000000e+01 6.700000000000100000e+13 0.000000000000000000e+00 1.297947738570964349e+00 5.576367170931342820e-02 8.914686313532863005e-02 1.683184682323163317e-02 0.000000000000000000e+00 1.332225707945732918e+00 5.106934004024245299e-02 7.155031480488328934e+08 2.130955166119096577e+08
6.400000000000000000e+01 6.700000000000200000e+13 0.000000000000000000e+00 1.263576787315046968e+00 8.384592352622634304e-02 1.272927424679759223e-01 3.700536407141195167e-02 0.000000000000000000e+00 1.254559182210784218e+00 1.225564976085982832e-01 1.589493180070894957e+09 4.672199843881659508e+08
6.500000000000000000e+01 6.700000000000100000e+13 0.000000000000000000e+00 1.107613095434319739e+00 5.527923817666124950e-02 1.466876087625113290e-01 6.308751221449232505e-02 0.000000000000000000e+00 9.889573555371763414e-01 9.672882494536746978e-02 1.689619679140195370e+09 9.702298833353346586e+08
6.600000000000000000e+01 6.700000000000500000e+13 0.000000000000000000e+00 1.044275430977219310e+00 1.811452586132937803e-01 2.390544801988558621e-01 1.015539679223591424e-01 0.000000000000000000e+00 1.238629378642224221e+00 1.833584697429298804e-01 1.806923005272901535e+09 8.978984664834600687e+08
6.700000000000000000e+01 6.700000000000100000e+13 0.000000000000000000e+00 1.134625718599237221e+00 6.131372529511463360e-02 1.667551969364013953e-01 3.732327627389563085e-02 0.000000000000000000e+00 1.286764779032973038e+00 3.583840087979693612e-02 1.181330289217457533e+09 2.580682739420955777e+08
6.800000000000000000e+01 6.700000000000100000e+13 0.000000000000000000e+00 1.160645913413082875e+00 4.597159002374295866e-02 1.621070277271751126e-01 3.935243227517992021e-02 0.000000000000000000e+00 1.110774852931254664e+00 6.343431163045411270e-02 1.234918586663925171e+09 2.514482762256623507e+08
6.900000000000000000e+01 6.700000000000500000e+13 0.000000000000000000e+00 1.029801787649592182e+00 1.773649661996693494e-01 3.204053990591321788e-01 2.332688274778750293e-01 0.000000000000000000e+00 1.304585282637537258e+00 5.744913410572435875e-02 2.524707489640249014e+08 5.431535818633009493e+07
7.000000000000000000e+01 6.700000000000100000e+13 0.000000000000000000e+00 1.252275603591610942e+00 9.016110938993186774e-02 1.301809231734085970e-01 6.031872060206961567e-02 0.000000000000000000e+00 1.224192568274004467e+00 1.042731550523448431e-01 1.186818725953683376e+09 7.808997164290658236e+08
7.100000000000000000e+01 6.700000000000200000e+13 0.000000000000000000e+00 1.791426134832532213e+00 1.002525928933412497e-01 1.529589513406875712e-01 7.343533659719646278e-02 0.000000000000000000e+00 1.544314452009248884e+00 1.244598203676678949e-01 1.757002424749825716e+09 1.057578474137795568e+09
7.200000000000000000e+01 6.700000000000300000e+13 1.000000000000000000e+00 1.149928305902557124e+00 3.996222244551587977e-02 5.677897512844996136e-02 4.816830433507840459e-02 0.000000000000000000e+00 1.134259690356988148e+00 2.568444763832956196e-02 3.117624150967799872e+07 3.117624150967799872e+07
7.300000000000000000e+01 6.700000000000100000e+13 0.000000000000000000e+00 1.249559934513013504e+00 3.900820175539457257e-02 1.597960646477973035e-01 4.544847347914819646e-02 0.000000000000000000e+00 1.161981062796278552e+00 8.746760801918077033e-02 1.827749556444579601e+09 6.290333729549055099e+08
7.400000000000000000e+01 6.700000000000100000e+13 0.000000000000000000e+00 1.226693684177550869e+00 1.226737986295813598e-01 1.045472563981103276e-01 4.001997209028409358e-02 0.000000000000000000e+00 1.364468741282260922e+00 1.023892026596686933e-01 9.912948302811001539e+08 5.848269430865937471e+08
7.500000000000000000e+01 6.700000000000100000e+13 0.000000000000000000e+00 1.206665664357507106e+00 2.515285146362466473e-01 2.446933769642224699e-01 1.703932531550158003e-01 0.000000000000000000e+00 1.526860496314303761e+00 2.064699462499326732e-01 7.799355482982394695e+08 1.593159075323096216e+08
7.600000000000000000e+01 6.700000000000200000e+13 0.000000000000000000e+00 1.164464393653274144e+00 4.357336162118721767e-02 9.075583739930578875e-02 1.868549020892003310e-02 0.000000000000000000e+00 1.342207338929286120e+00 3.085075116711543525e-02 8.201094288603821993e+08 2.591829101683788300e+08
7.700000000000000000e+01 6.700000000000100000e+13 0.000000000000000000e+00 2.339364200182646236e+00 6.635410847870536200e-02 1.287358725055867126e-01 6.628494138863841312e-02 0.000000000000000000e+00 2.243824404305038822e+00 8.542487911457977146e-02 1.533622514802422762e+09 7.896484214340747595e+08
7.800000000000000000e+01 6.700000000000100000e+13 0.000000000000000000e+00 1.208599853001505187e+00 2.613700518018695351e-02 1.573051084525212695e-01 5.598934501545344000e-02 0.000000000000000000e+00 1.235935337871885586e+00 6.317605366420822599e-02 1.515685828172983408e+09 6.825544626058439016e+08
7.900000000000000000e+01 6.700000000000100000e+13 0.000000000000000000e+00 1.593491166638768775e+00 3.424624295683614122e-02 1.176262923075647587e-01 2.840879615976350456e-02 0.000000000000000000e+00 1.677281063583256238e+00 3.226598668460679137e-02 1.567931995869940519e+09 4.148532039577379227e+08
8.000000000000000000e+01 6.700000000000600000e+13 0.000000000000000000e+00 1.133986444887071787e+00 5.334847807988408325e-02 1.370353440135968770e-01 5.245918838390196959e-02 0.000000000000000000e+00 1.442776082840401264e+00 5.783257262105537949e-02 7.314304432788461447e+08 2.944528000223152637e+08
8.100000000000000000e+01 6.700000000000100000e+13 0.000000000000000000e+00 1.506788515944603057e+00 6.173046653958649821e-02 2.456259603182679996e-01 8.769899539130308896e-02 0.000000000000000000e+00 1.527915736672293079e+00 1.020787030550313057e-01 2.046746045989265203e+09 1.005008376851444960e+09
8.200000000000000000e+01 6.700000000000300000e+13 0.000000000000000000e+00 7.353184616874761659e-01 1.744048933557791059e-01 2.427218731732812551e-01 6.547358865560376495e-02 0.000000000000000000e+00 1.098672057276425251e+00 7.865198919251514820e-02 1.537928656939859629e+09 9.808798817299814224e+08
8.300000000000000000e+01 6.700000000000100000e+13 0.000000000000000000e+00 1.695998123163485305e+00 1.065753545067276986e-01 2.558767991020767796e-01 6.695295204668208489e-02 0.000000000000000000e+00 1.576236365956286356e+00 1.318369938794172191e-01 2.361325642818377495e+09 8.605633773765214682e+08
8.400000000000000000e+01 6.700000000004200000e+13 0.000000000000000000e+00 1.265164735820635711e+00 1.098201792542262412e-01 1.904097941966418905e-01 1.050448461280737295e-01 0.000000000000000000e+00 1.260070502620006749e+00 1.654445778286193491e-01 2.824500592932106018e+09 1.558214121416443110e+09
8.500000000000000000e+01 6.700000000000100000e+13 0.000000000000000000e+00 1.185865987681533840e+00 1.349334762767106788e-01 1.950237788411897932e-01 6.605664985504944298e-02 0.000000000000000000e+00 1.117179624474205601e+00 1.415416102866075554e-01 1.814403871584384441e+09 9.331188584274256229e+08
8.600000000000000000e+01 6.700000000001700000e+13 0.000000000000000000e+00 1.233533686803423235e+00 2.173890800937253523e-02 5.641776945625836398e-02 3.748691055119711402e-02 0.000000000000000000e+00 1.194119062094637584e+00 4.124910850277428709e-02 4.756296154241068363e+08 4.756296154241068363e+08
8.700000000000000000e+01 6.700000000000100000e+13 0.000000000000000000e+00 1.216119638964455740e+00 1.392408401087574243e-01 3.145292462746003825e-01 1.188056811419130748e-01 0.000000000000000000e+00 1.381997524910865582e+00 1.481483080654043549e-01 3.017741364592470646e+09 1.729707921690788507e+09
8.800000000000000000e+01 6.700000000000200000e+13 0.000000000000000000e+00 1.138464493091122298e+00 9.442794116420136219e-02 1.627362875601129077e-01 5.305641409013311244e-02 0.000000000000000000e+00 1.153643521826110296e+00 1.284249426671714989e-01 1.614980193010779142e+09 7.136513538528506756e+08
8.900000000000000000e+01 6.700000000000200000e+13 0.000000000000000000e+00 1.139580501626320963e+00 4.734211692219048723e-02 5.036287948107011359e-02 2.332240150025819553e-02 0.000000000000000000e+00 1.275094228402436913e+00 3.736685286047532889e-02 4.721478827303696871e+08 2.030323451956456900e+08
9.000000000000000000e+01 6.700000000000700000e+13 0.000000000000000000e+00 1.302166417303559198e+00 5.130006344725653034e-02 1.563174218451500452e-01 3.891273892214395375e-02 0.000000000000000000e+00 1.154786446479617812e+00 2.826969532834140361e-02 1.829798426960292578e+09 5.264975415490109921e+08
9.100000000000000000e+01 6.700000000001100000e+13 0.000000000000000000e+00 1.316734582161477318e+00 4.545465828755276133e-02 8.349848732606476864e-02 2.972638201366084934e-02 0.000000000000000000e+00 1.471096500586287270e+00 4.756684603273491491e-02 9.401534110193461180e+08 4.546575537557482719e+08
9.200000000000000000e+01 6.700000000000200000e+13 0.000000000000000000e+00 1.300114677104216021e+00 1.393830150871268048e-01 2.902806330782064514e-01 1.194295674528210033e-01 0.000000000000000000e+00 1.169405891743514836e+00 1.467392112910536339e-01 3.419028532979105949e+09 1.757785787990520477e+09
9.300000000000000000e+01 6.700000000000200000e+13 0.000000000000000000e+00 1.298855450727026017e+00 1.084519438409320830e-01 1.354178579421473627e-01 4.995104347339562184e-02 0.000000000000000000e+00 1.091144459899300090e+00 1.140796851300338310e-01 1.704159575191040993e+09 7.993846139552956820e+08
9.400000000000000000e+01 6.700000000000700000e+13 0.000000000000000000e+00 1.026780432978353863e+00 8.026733363560584200e-02 1.125418879415627238e-01 4.808310199613147207e-02 0.000000000000000000e+00 1.120904460207747144e+00 8.235945300938357638e-02 9.314091720337581635e+08 6.841704206345591545e+08
9.500000000000000000e+01 6.700000000000300000e+13 0.000000000000000000e+00 1.176593474403957673e+00 4.197846553588695240e-02 9.342442444072077135e-02 2.129803607023451201e-02 0.000000000000000000e+00 1.521569967499240450e+00 5.219571762944933552e-02 5.541486872201660872e+08 1.893368865701925159e+08
9.600000000000000000e+01 6.700000000005400000e+13 0.000000000000000000e+00 1.021120346620292940e+00 9.526188453130031430e-02 1.358917334892527085e-01 5.839312562646174071e-02 0.000000000000000000e+00 1.101827693520922358e+00 7.742811275088581913e-02 9.058749447649133205e+08 9.058749447649133205e+08
9.700000000000000000e+01 6.700000000000900000e+13 0.000000000000000000e+00 1.316267830354852286e+00 3.009757553049017056e-02 1.262974472043878194e-01 4.013613968440024604e-02 0.000000000000000000e+00 1.463592501620352815e+00 7.224787780952528216e-02 1.332527957264097929e+09 5.238071411647332907e+08
9.800000000000000000e+01 6.700000000000200000e+13 0.000000000000000000e+00 1.248902252343173647e+00 7.541498079410638433e-02 1.389348661405137852e-01 4.274481584648715665e-02 0.000000000000000000e+00 1.296019274404160981e+00 7.251312255645199489e-02 1.546869786449236631e+09 5.216514690721173882e+08
9.900000000000000000e+01 6.700000000000200000e+13 0.000000000000000000e+00 1.525592068946872715e+00 8.238181349058157354e-02 1.277784229387083081e-01 4.590025295617433665e-02 0.000000000000000000e+00 1.571891777699983006e+00 1.060029770851744213e-01 1.354951143440188169e+09 6.047605713842895031e+08
1.000000000000000000e+02 6.700000000001800000e+13 0.000000000000000000e+00 1.244020095747688126e+00 2.342836605514482251e-01 1.641844723561117492e-01 7.910046668117065582e-02 0.000000000000000000e+00 8.795202943040720811e-01 2.586970261408783611e-01 2.263425263583351612e+09 1.183014620699686289e+09
1.010000000000000000e+02 6.700000000001100000e+13 0.000000000000000000e+00 1.323810335711359309e+00 3.904613695964109094e-02 1.554470263252101248e-01 3.989192789731368927e-02 0.000000000000000000e+00 1.581218865237265625e+00 5.414331940887933542e-02 2.096568746519549847e+09 5.764691887968971729e+08
1.020000000000000000e+02 6.700000000000400000e+13 0.000000000000000000e+00 1.234389364469731909e+00 2.055020021599978514e-02 6.310044418172605640e-02 2.623771322411754675e-02 0.000000000000000000e+00 1.283613231060228843e+00 1.547249464503156965e-02 9.159558188376456499e+08 3.808623918939665556e+08
1.030000000000000000e+02 6.700000000000400000e+13 0.000000000000000000e+00 1.118209957402200860e+00 1.632098459318559736e-01 2.315601596127279116e-01 9.512930001027550264e-02 0.000000000000000000e+00 1.703995538351668726e+00 6.684409700034800450e-02 1.654675931336636543e+09 9.227842329394762516e+08
1.040000000000000000e+02 6.700000000000100000e+13 0.000000000000000000e+00 1.200154240851419862e+00 3.532179909941360330e-02 1.304274555391757018e-01 5.181489555234929101e-02 0.000000000000000000e+00 1.197012871580151572e+00 1.155630371411002638e-01 8.075901514344575405e+08 2.003579121139264107e+08
1.050000000000000000e+02 6.700000000000500000e+13 0.000000000000000000e+00 1.563845971427003212e+00 7.108811261495077971e-02 1.854459104143744153e-01 4.571420322770009675e-02 0.000000000000000000e+00 1.367288855689213989e+00 7.495627337721241790e-02 2.351189453437074184e+09 5.854704944986470938e+08
1.060000000000000000e+02 6.700000000000100000e+13 0.000000000000000000e+00 1.199423683369900351e+00 1.630965753630991555e-01 1.477229403665777374e-01 4.894139919111952647e-02 0.000000000000000000e+00 7.823979996020455907e-01 1.503150213936039759e-01 1.797388071216560602e+09 8.076130023862558603e+08
1.070000000000000000e+02 6.700000000000100000e+13 0.000000000000000000e+00 1.522980375090492888e+00 8.717845915216190789e-02 1.082978290864492349e-01 5.420909516355479352e-02 0.000000000000000000e+00 1.541352884276779189e+00 8.539025940896906308e-02 1.331355604366779089e+09 7.846026700318393707e+08
1.080000000000000000e+02 6.700000000000100000e+13 0.000000000000000000e+00 1.197885650384344913e+00 5.761181559980938643e-02 1.673370497786914601e-01 4.169453126638836965e-02 0.000000000000000000e+00 1.171445021658749086e+00 8.546892722186649749e-02 1.555812862800838947e+09 4.751144568899187446e+08
1.090000000000000000e+02 6.700000000001200000e+13 0.000000000000000000e+00 1.355191324960649091e+00 1.978287054432176506e-01 1.211482955468976969e-01 7.167839745452575517e-02 0.000000000000000000e+00 1.591112934478808860e+00 1.647982596068939265e-01 1.149689451808629751e+09 1.149689451808629751e+09
1.100000000000000000e+02 6.700000000000300000e+13 0.000000000000000000e+00 9.778354669101474439e-01 8.724354886022703259e-02 1.429484748466595123e-01 3.387912460690743061e-02 0.000000000000000000e+00 1.243297626649575216e+00 8.085647652887653636e-02 8.529083040645365715e+08 5.210620553114074469e+08
1.110000000000000000e+02 6.700000000001000000e+13 0.000000000000000000e+00 1.287515885600937438e+00 8.821603694693845588e-02 6.518035050978727984e-02 6.009457054351734218e-02 0.000000000000000000e+00 1.169271141814124837e+00 7.758446999739218586e-02 1.287353338669826746e+09 1.206649369249906063e+09
1.120000000000000000e+02 6.700000000000700000e+13 0.000000000000000000e+00 1.335069323299098665e+00 5.203872792040969281e-02 8.882678309132398253e-02 3.010618058830225041e-02 0.000000000000000000e+00 1.296375084921838283e+00 7.741207530211727250e-02 1.339879216728136778e+09 4.541270578701196909e+08
1.130000000000000000e+02 6.700000000000900000e+13 0.000000000000000000e+00 1.121474476228371930e+00 6.460068120169133732e-02 1.109185777845672072e-01 4.408237697874697186e-02 0.000000000000000000e+00 1.205134346969766179e+00 9.066051778274355002e-03 5.110942636281132102e+08 2.553390201768241823e+08
1.140000000000000000e+02 6.700000000000100000e+13 0.000000000000000000e+00 1.322091166661931494e+00 1.232386755939393619e-01 1.257242979464910093e-01 2.786422421457331391e-02 0.000000000000000000e+00 1.426267150352002577e+00 1.038374156731881048e-01 1.138133925742324591e+09 3.784003558101131916e+08
1.150000000000000000e+02 6.700000000000300000e+13 0.000000000000000000e+00 1.487388015807446839e+00 1.118155779614529444e-01 1.126559956055484951e-01 2.937750218980269418e-02 0.000000000000000000e+00 1.301258526420611572e+00 8.139410987943876408e-02 1.339604781176195383e+09 3.950612964172860980e+08
1.160000000000000000e+02 6.700000000000200000e+13 1.000000000000000000e+00 1.057283595430265066e+00 3.864626606473772069e-02 1.094614823910416632e-02 1.094614823910416632e-02 0.000000000000000000e+00 1.108398961465321131e+00 4.520639440867281478e-02 1.430474581800161600e+08 1.430474581800161600e+08
1.170000000000000000e+02 6.700000000000200000e+13 0.000000000000000000e+00 1.250323358059685752e+00 6.496859005725628966e-02 8.378756812849666447e-02 2.449765385309510962e-02 0.000000000000000000e+00 1.527715431386619249e+00 7.022781411528702944e-02 7.706175904488985538e+08 3.194101590466707349e+08
1.180000000000000000e+02 6.700000000000100000e+13 0.000000000000000000e+00 1.665736752098400997e+00 2.283966731022880892e-02 5.663047345680154165e-02 2.921106491601644858e-02 0.000000000000000000e+00 1.553114258358202049e+00 3.357322994999094312e-02 5.420304903595966101e+08 4.049357141653761864e+08
1.190000000000000000e+02 6.700000000000100000e+13 0.000000000000000000e+00 1.280419846893829261e+00 6.592777110866171464e-02 1.468059311314634519e-01 2.405353783927775477e-02 0.000000000000000000e+00 1.283926978743088698e+00 6.407108921637910681e-02 1.490390475810317755e+09 2.939068610141725540e+08
1.200000000000000000e+02 6.700000000000100000e+13 0.000000000000000000e+00 1.418825602354091941e+00 1.253307645768158840e-01 1.897505355587847664e-01 6.961617163762634508e-02 0.000000000000000000e+00 1.422385481187396161e+00 1.562870208101119485e-01 2.413285438606098652e+09 9.297069560138233900e+08
1.210000000000000000e+02 6.700000000000200000e+13 0.000000000000000000e+00 1.352010914008645592e+00 1.331831328457552810e-01 1.023836806463110372e-01 9.835357015563740701e-02 0.000000000000000000e+00 1.230832456918173445e+00 1.718833739632540381e-01 1.272746876549396276e+09 1.222647969118306398e+09
1.220000000000000000e+02 6.700000000000100000e+13 0.000000000000000000e+00 1.394356572928250326e+00 8.949877322041148442e-02 1.179519085218671964e-01 3.599210407887738772e-02 0.000000000000000000e+00 1.312927107351282707e+00 7.828082616152048923e-02 1.102738413405022621e+09 4.503919496589652300e+08
1.230000000000000000e+02 6.700000000016500000e+13 0.000000000000000000e+00 9.888893866614534289e-01 7.781512155046765855e-02 -1.000000000000000000e+00 -1.000000000000000000e+00 0.000000000000000000e+00 1.000441149295747456e+00 6.970018050007295574e-02 -1.000000000000000000e+00 -1.000000000000000000e+00
1.240000000000000000e+02 6.700000000000100000e+13 0.000000000000000000e+00 1.556857760452740713e+00 7.952236352607629233e-02 6.599628480548079545e-02 2.509772449229263555e-02 0.000000000000000000e+00 1.835176373123953431e+00 5.110045015257930895e-02 4.927045318011265993e+08 8.987238468084643781e+07
1.250000000000000000e+02 6.700000000000500000e+13 0.000000000000000000e+00 1.160947320040285557e+00 4.581233948246484639e-02 1.055136124593453462e-01 6.345864436847822865e-02 0.000000000000000000e+00 1.152742040937895451e+00 6.505849573796229635e-02 6.694710272500010729e+08 2.407124684972776771e+08
1.260000000000000000e+02 6.700000000000100000e+13 0.000000000000000000e+00 1.204490772707148105e+00 8.791359733169971935e-02 1.437604644214780236e-01 3.709490881787554789e-02 0.000000000000000000e+00 1.175303966037936299e+00 1.232777705192934364e-01 1.507774605478220463e+09 5.352808042914600968e+08
1.270000000000000000e+02 6.700000000000700000e+13 0.000000000000000000e+00 1.243048746165594354e+00 5.220815369572587988e-02 4.838654496755027956e-02 3.074440673663837026e-02 0.000000000000000000e+00 8.810476203263596373e-01 3.653973086860521496e-02 2.660914847760981619e+08 2.025576717384101152e+08
1.280000000000000000e+02 6.700000000000100000e+13 0.000000000000000000e+00 1.269950899930164967e+00 1.474740229582724438e-01 1.759002119071458037e-01 5.443977858016660343e-02 0.000000000000000000e+00 1.265118582631792998e+00 1.819226532004423746e-01 1.715976964789504290e+09 6.564653335899205208e+08
1.290000000000000000e+02 6.700000000000100000e+13 1.000000000000000000e+00 1.091548459563607354e+00 3.719271543570618760e-02 6.063574364646739240e-02 5.811457222527635982e-03 0.000000000000000000e+00 1.378416656860590006e+00 1.074616657545615465e-02 4.216935969290511608e+08 9.311863776496811211e+07
1.300000000000000000e+02 6.700000000004000000e+13 0.000000000000000000e+00 1.276708533908492926e+00 2.738266224218429898e-02 7.218137396095600233e-02 3.239096179977838524e-02 0.000000000000000000e+00 1.325445588467819347e+00 1.444770871613164885e-02 6.276045878463710546e+08 4.433155077240900397e+08
1.310000000000000000e+02 6.700000000000100000e+13 0.000000000000000000e+00 1.038416322954573312e+00 9.208013857447022721e-02 1.235171378799650443e-01 9.284712780421482126e-02 0.000000000000000000e+00 1.395204920240622259e+00 2.940638941668082332e-02 1.318635854101285934e+08 1.285079250442860574e+08
1.320000000000000000e+02 6.700000000002700000e+13 0.000000000000000000e+00 1.202501598409809525e+00 3.922359466723199933e-02 1.481748982480377702e-02 1.142476449753831308e-02 0.000000000000000000e+00 1.379927156308884628e+00 5.031055411103050462e-02 5.977700714826651663e+07 5.977700714826651663e+07
1.330000000000000000e+02 6.700000000000100000e+13 0.000000000000000000e+00 1.214031104260369309e+00 7.973547916582217343e-02 1.147198799113122031e-01 3.218196756367401601e-02 0.000000000000000000e+00 1.303034586477507251e+00 9.316387905148465487e-02 1.272095211001614094e+09 4.418450516421380639e+08
1.340000000000000000e+02 6.700000000001500000e+13 0.000000000000000000e+00 1.429225904777445155e+00 6.195042536207373551e-02 8.961572963235776845e-02 3.619633840685934634e-02 0.000000000000000000e+00 1.232718562690564568e+00 5.020710184738431947e-02 1.165884088513249159e+09 4.709076764104233980e+08
1.350000000000000000e+02 6.700000000000100000e+13 0.000000000000000000e+00 1.340994625796159578e+00 1.813192682929267163e-01 1.617936583355490676e-01 4.494762031374634204e-02 0.000000000000000000e+00 1.308269108313544704e+00 2.235683778283024947e-01 1.797006565125974178e+09 6.119703710512337685e+08
1.360000000000000000e+02 6.700000000001700000e+13 0.000000000000000000e+00 1.339499950231117786e+00 8.430217243846517550e-02 1.305661264466133897e-01 7.076750522565186663e-02 0.000000000000000000e+00 1.486261504340347317e+00 1.243025096580421957e-01 1.817444081166810751e+09 1.089963555038837910e+09
1.370000000000000000e+02 6.700000000000100000e+13 0.000000000000000000e+00 1.197954482050734848e+00 1.158346933944172513e-01 1.787102449698857731e-01 9.247485368954574958e-02 0.000000000000000000e+00 1.087069533052837045e+00 9.925713439914961300e-02 2.310758616866902828e+09 1.521225092423677921e+09
1.380000000000000000e+02 6.700000000000100000e+13 0.000000000000000000e+00 3.029539409532267857e+00 1.812832215481747222e-01 2.067985614820576634e-01 7.200510334753038033e-02 0.000000000000000000e+00 2.912679016187535996e+00 2.195036337192066977e-01 1.620434851314676285e+09 4.682254896464114189e+08
1.390000000000000000e+02 6.700000000000300000e+13 0.000000000000000000e+00 1.330916805678356463e+00 1.320427653547264490e-01 1.756464114348816885e-01 4.433816267332353622e-02 0.000000000000000000e+00 8.492238650722895299e-01 1.633265375926166441e-01 2.490473085325349331e+09 7.152295315008300543e+08
1.400000000000000000e+02 6.700000000000400000e+13 0.000000000000000000e+00 1.250796592818401720e+00 6.035446393968098983e-02 9.316890897514847059e-02 3.069988205700925968e-02 0.000000000000000000e+00 1.251656541232933018e+00 9.416867407567725001e-02 8.778961425143480301e+08 3.686503689670704603e+08
1.410000000000000000e+02 6.700000000000100000e+13 0.000000000000000000e+00 1.061381286069766894e+00 1.426301138154059678e-01 2.107618832774601769e-01 1.565614309619129674e-01 0.000000000000000000e+00 8.519736223927358854e-01 9.087529738108936217e-02 2.859259245305163860e+09 2.659032666915363789e+09
1.420000000000000000e+02 6.700000000000900000e+13 0.000000000000000000e+00 1.373684815693728467e+00 1.634140298209404984e-02 7.746836918477348344e-02 3.677376550425245222e-02 0.000000000000000000e+00 1.435505529201150710e+00 4.306873705329682805e-02 1.122443193901823997e+09 5.328169837413175702e+08
1.430000000000000000e+02 6.700000000000100000e+13 0.000000000000000000e+00 1.145418545202662841e+00 8.656605429132119278e-02 1.629751733289102611e-01 3.845524409797091564e-02 0.000000000000000000e+00 1.241977477072062630e+00 7.552431625163599782e-02 1.160757968115701437e+09 4.442168676549602151e+08
1.440000000000000000e+02 6.700000000000200000e+13 0.000000000000000000e+00 1.191847121394718823e+00 1.579132601857765050e-01 1.420638684844116595e-01 9.182014752564829352e-02 0.000000000000000000e+00 1.386162177360566350e+00 1.783515113845338951e-01 1.728511094731607676e+09 1.231885113532763958e+09
1.450000000000000000e+02 6.700000000000100000e+13 0.000000000000000000e+00 1.203459810548038744e+00 9.784995344468538914e-02 1.538066202335020283e-01 6.533607255599538366e-02 0.000000000000000000e+00 1.119587881361623127e+00 1.302979070415786200e-01 1.778152996534230947e+09 8.486338041158176661e+08
1.460000000000000000e+02 6.700000000000100000e+13 0.000000000000000000e+00 1.107845114404379494e+00 7.891573827028224020e-02 3.424087200597187297e-01 1.290943375058790921e-01 0.000000000000000000e+00 1.066704475795423601e+00 9.022878010995045994e-02 1.658551533812275171e+09 5.238629338355132937e+08
1.470000000000000000e+02 6.700000000000200000e+13 0.000000000000000000e+00 2.397411632370934242e+00 8.366319368878032126e-02 1.840911445048721562e-01 8.558141746716584064e-02 0.000000000000000000e+00 2.297901958671844991e+00 9.904129487833218670e-02 1.345165622192436695e+09 4.674121653979212046e+08
1.480000000000000000e+02 6.700000000000300000e+13 0.000000000000000000e+00 1.197266347497059957e+00 3.814915167351329989e-02 2.603845737580720923e-02 1.295128972906670582e-02 0.000000000000000000e+00 1.312587267715255912e+00 3.671983561440408939e-02 2.359566818438574970e+08 1.939989321192812026e+08
1.490000000000000000e+02 6.700000000000300000e+13 0.000000000000000000e+00 1.287093824790852992e+00 6.821483687110745098e-02 1.156160193382897855e-01 3.264540666352098303e-02 0.000000000000000000e+00 1.293550534254207518e+00 7.132761352908292829e-02 1.402096180902258635e+09 3.958966955348644257e+08
1.500000000000000000e+02 6.700000000000200000e+13 0.000000000000000000e+00 2.048569467461990534e+00 1.053108162709333606e-01 1.265286675548129292e-01 4.649934894363282056e-02 0.000000000000000000e+00 2.020261732729672577e+00 1.266856376884561430e-01 1.611436838379933596e+09 6.092112711948210001e+08
1.510000000000000000e+02 6.700000000000100000e+13 0.000000000000000000e+00 1.358925728921245524e+00 5.854748070423253931e-02 9.430271739587804680e-02 3.967599956238902076e-02 0.000000000000000000e+00 1.434657889501808059e+00 8.439372779951931358e-02 1.148958220449899197e+09 5.278406538352282047e+08
1.520000000000000000e+02 6.700000000000100000e+13 0.000000000000000000e+00 1.526618213002411295e+00 9.652269908761131056e-02 1.204039678924939683e-01 6.277784040946089716e-02 0.000000000000000000e+00 1.443471307159900352e+00 1.316326119746535350e-01 1.233260088747671366e+09 7.692775023782900572e+08
1.530000000000000000e+02 6.700000000000100000e+13 0.000000000000000000e+00 1.064301045302441739e+00 2.210008797698620464e-02 1.381362601722601613e-01 5.653935253935253591e-02 0.000000000000000000e+00 1.210484100432767329e+00 5.908081754935410462e-02 1.532490378219733000e+09 8.426856665242282152e+08
1.540000000000000000e+02 6.700000000000200000e+13 0.000000000000000000e+00 1.168247054821232478e+00 2.168851611212372146e-02 1.184796502438645593e-01 6.610102194507551376e-02 0.000000000000000000e+00 1.266534669434659754e+00 5.258972303765550166e-02 1.576742798189212799e+09 8.993603747579056025e+08
1.550000000000000000e+02 6.700000000000200000e+13 0.000000000000000000e+00 1.003388716865768027e+00 1.483289696497991084e-01 2.071681091378851092e-01 1.691375835046571574e-01 0.000000000000000000e+00 1.523018387866560186e+00 5.710778497597444880e-02 4.457276458977720141e+08 1.429857414516790509e+08
1.560000000000000000e+02 6.700000000000100000e+13 0.000000000000000000e+00 1.772493609130342929e+00 9.770375710300549521e-02 7.725727795195098946e-02 1.698789372737125394e-02 0.000000000000000000e+00 1.601991444725639147e+00 8.702434236489790809e-02 7.678421716800409555e+08 2.407532658490367532e+08
1.570000000000000000e+02 6.700000000000100000e+13 0.000000000000000000e+00 1.047124156293903097e+00 5.983587378914023702e-02 1.385743501534219269e-01 3.171541924059530226e-02 0.000000000000000000e+00 1.270402102123313393e+00 6.793872677811292615e-02 1.644370083227867126e+09 5.881075338648908138e+08
1.580000000000000000e+02 6.700000000001700000e+13 0.000000000000000000e+00 1.328092608528166352e+00 7.832981277683061239e-02 4.029676621356251959e-02 2.177812348575654949e-02 0.000000000000000000e+00 1.354012381721799052e+00 1.039046563585054733e-01 5.932942503705228567e+08 3.206419934413966537e+08
1.590000000000000000e+02 6.700000000000600000e+13 0.000000000000000000e+00 6.685004824811433544e-01 2.744386211715880153e-01 4.132843577952455272e-01 3.241316074213155818e-01 0.000000000000000000e+00 1.327660141988846298e+00 1.517668316973425358e-01 1.177269507497550726e+09 6.118931127286502123e+08
1.600000000000000000e+02 6.700000000000100000e+13 0.000000000000000000e+00 1.101720570190274806e+00 6.485698340163506548e-02 2.277616023966815284e-01 3.049740359502227730e-02 0.000000000000000000e+00 1.074925226738013828e+00 9.645821124230290200e-02 2.166402349267982960e+09 4.968163652471359968e+08
1.610000000000000000e+02 6.700000000000100000e+13 0.000000000000000000e+00 1.196450885544158460e+00 8.931989605829050716e-02 1.204733745122776173e-01 2.633841321408759983e-02 0.000000000000000000e+00 1.211412820334132334e+00 6.846348031848807636e-02 1.183894349636134386e+09 2.582366212210719585e+08
1.620000000000000000e+02 6.700000000001100000e+13 0.000000000000000000e+00 1.186703557767780692e+00 5.656030660611290062e-02 9.831429036744195049e-02 4.131993619701646026e-02 0.000000000000000000e+00 1.341642954139190547e+00 3.058876539343889644e-02 7.343592363383940458e+08 5.088894114736183882e+08
1.630000000000000000e+02 6.700000000000100000e+13 0.000000000000000000e+00 1.167461026507157884e+00 4.967375658041459779e-02 8.473345566718153143e-02 4.625627621046702470e-02 0.000000000000000000e+00 1.225270615836404176e+00 7.535053292964938310e-02 9.322783310213962793e+08 6.581265406863479614e+08
1.640000000000000000e+02 6.700000000001500000e+13 0.000000000000000000e+00 1.276365824168460117e+00 2.174769376725948777e-01 1.597438428351989070e-01 1.570585987167520403e-01 0.000000000000000000e+00 4.479720462079071486e-01 2.333895008822115535e-01 3.105692812047242165e+09 3.053487085621490955e+09
1.650000000000000000e+02 6.700000000000200000e+13 0.000000000000000000e+00 1.162134382477872263e+00 1.086165929623811588e-01 2.855850557105771848e-01 1.287508326656659208e-01 0.000000000000000000e+00 1.126999441802980062e+00 1.103767286008848214e-01 2.174222128052836418e+09 9.625216443505482674e+08
1.660000000000000000e+02 6.700000000000200000e+13 0.000000000000000000e+00 1.163372827763695661e+00 1.425930585185565258e-01 2.504303474340620062e-01 2.126905512115694896e-01 0.000000000000000000e+00 1.259602232137642108e+00 9.057223858746994705e-02 4.921211967380695939e+08 2.525661765403555632e+08
1.670000000000000000e+02 6.700000000000300000e+13 1.000000000000000000e+00 1.144429445588964311e+00 2.321082107944742040e-02 6.465157573852463313e-02 1.693515019043372039e-02 0.000000000000000000e+00 1.285227056764961517e+00 2.010840936244124091e-02 6.158203592454720736e+08 2.414897384795373976e+08
1.680000000000000000e+02 6.700000000004600000e+13 0.000000000000000000e+00 1.229219059550778814e+00 1.034301228386590860e-01 1.109038450526167452e-01 1.034067633105599099e-01 0.000000000000000000e+00 1.489979071031336755e+00 1.040468000763880990e-01 1.726356497970716476e+09 1.609655081756725073e+09
1.690000000000000000e+02 6.700000000000400000e+13 0.000000000000000000e+00 1.547467936743085914e+00 1.257900471198083736e-01 1.551374427796552713e-01 6.507817129313095417e-02 0.000000000000000000e+00 1.560645900308356149e+00 1.599706592850463072e-01 1.970077664200496912e+09 8.669181208544034958e+08
1.700000000000000000e+02 6.700000000001200000e+13 0.000000000000000000e+00 1.101920781008317807e+00 5.943897283203757043e-02 2.027119925703898262e-01 5.200991201545781401e-02 0.000000000000000000e+00 1.196763416068904684e+00 1.020534649242401531e-01 2.780391114044652462e+09 7.455493509186645746e+08
1.710000000000000000e+02 6.700000000000700000e+13 0.000000000000000000e+00 1.373078936927433213e+00 1.414047238677032248e-01 1.361643531775852400e-01 7.620527098113344389e-02 0.000000000000000000e+00 1.265736003139557697e+00 1.611988982860503294e-01 1.495826106878868103e+09 9.656582562623556852e+08
1.720000000000000000e+02 6.700000000000200000e+13 1.000000000000000000e+00 1.123840619668186713e+00 2.614557631156307765e-02 5.285516078685435076e-02 1.455790977089345579e-02 0.000000000000000000e+00 1.289958133121843042e+00 5.305366562775773454e-02 4.739310835701826811e+08 2.094961915500870347e+08
1.730000000000000000e+02 6.700000000000100000e+13 0.000000000000000000e+00 1.347148144184150631e+00 1.126120824320737679e-01 1.646699221661212797e-01 4.049804798357443253e-02 0.000000000000000000e+00 1.523455692154065177e+00 1.342686333467069670e-01 1.882625458686321735e+09 5.162820719509732723e+08
1.740000000000000000e+02 6.700000000000100000e+13 0.000000000000000000e+00 1.061114574800714694e+00 8.909518674723530818e-02 2.312981055485231197e-01 6.554665844291364396e-02 0.000000000000000000e+00 1.368324447752079731e+00 2.361991591360989087e-02 3.968531680466625690e+08 1.813662609591463804e+08
1.750000000000000000e+02 6.700000000000600000e+13 0.000000000000000000e+00 1.202676103178281108e+00 8.589198332533255764e-02 1.113974928039168227e-01 4.765945713286524887e-02 0.000000000000000000e+00 1.339232981049430782e+00 1.188312745414312754e-01 1.368096868098088503e+09 6.554732138794437647e+08
1.760000000000000000e+02 6.700000000000100000e+13 0.000000000000000000e+00 1.196031423072051014e+00 6.458661323707207136e-02 9.244506467586276199e-02 2.450650969295807904e-02 0.000000000000000000e+00 1.134168207917333637e+00 7.841489978570376218e-02 1.118951504455764055e+09 3.409672782466090322e+08
1.770000000000000000e+02 6.700000000001800000e+13 0.000000000000000000e+00 1.194579760101762700e+00 1.429038851149165845e-01 1.269843672448926208e-01 8.748886347311665701e-02 0.000000000000000000e+00 9.435585110136950338e-01 1.485675593359979674e-01 2.056243984520925283e+09 1.461757702716445923e+09
1.780000000000000000e+02 6.700000000000100000e+13 0.000000000000000000e+00 1.156438555146330760e+00 1.699120901579559695e-01 2.803892846239329772e-01 1.348269566597872782e-01 0.000000000000000000e+00 8.756743539341526050e-01 1.750616770954608326e-01 1.673642757314838409e+09 4.744248958062283993e+08
1.790000000000000000e+02 6.700000000000100000e+13 0.000000000000000000e+00 8.491609458305076075e-01 7.247791927308225302e-02 3.159248156307857824e-01 2.145695638232951730e-01 0.000000000000000000e+00 1.584255573024808239e+00 4.984637239153910659e-02 8.463651912242032290e+08 3.481909052843280435e+08
1.800000000000000000e+02 6.700000000000100000e+13 0.000000000000000000e+00 1.125851143491640061e+00 4.527315650335142494e-02 1.159712614543084441e-01 2.674623088818550015e-02 0.000000000000000000e+00 1.361726244303430144e+00 6.419373126694161158e-02 1.478027706083765745e+09 3.770083559354497790e+08
1.810000000000000000e+02 6.700000000000200000e+13 0.000000000000000000e+00 3.137900679415057237e+00 2.083239292514749152e-01 2.665599943454905474e-01 1.542468342187104657e-01 0.000000000000000000e+00 2.259841461517905437e+00 1.976057777743013277e-01 3.573938057292779446e+09 2.301327739166909218e+09
1.820000000000000000e+02 6.700000000000100000e+13 1.000000000000000000e+00 1.092659944021266760e+00 2.177733552433783887e-02 6.572029956929102690e-02 1.748600326026384169e-02 0.000000000000000000e+00 1.133330485274340438e+00 2.625104180064184375e-02 8.315499391686992645e+08 2.753893632783600688e+08
1.830000000000000000e+02 6.700000000000100000e+13 0.000000000000000000e+00 7.018379927595197465e-01 8.936395276556642620e-02 3.437938242316797011e-01 1.497443202197104029e-01 0.000000000000000000e+00 1.358510935788884044e+00 3.734098714002697522e-02 4.456197969324106574e+08 1.562331534381757081e+08
1.840000000000000000e+02 6.700000000000200000e+13 0.000000000000000000e+00 1.486928613066371252e+00 1.529146933550577792e-01 1.415252966175480909e-01 4.943394406035420130e-02 0.000000000000000000e+00 1.565249730840881037e+00 1.834988148038683708e-01 1.606738630705948353e+09 6.007493690929783583e+08
1.850000000000000000e+02 6.700000000000200000e+13 0.000000000000000000e+00 1.176329503861102355e+00 8.423026283993179097e-02 9.229175473245325445e-02 5.392426919834147903e-02 0.000000000000000000e+00 1.287325168823430843e+00 9.390086774313305407e-02 8.916813382949191332e+08 7.390369465012251139e+08
1.860000000000000000e+02 6.700000000000200000e+13 0.000000000000000000e+00 1.164794851781000729e+00 5.377222624970422887e-02 6.944340144192409636e-02 5.958123872049053693e-02 0.000000000000000000e+00 1.134470991883075097e+00 6.879273506101021840e-02 9.096419790464677811e+08 8.649326899658424854e+08
1.870000000000000000e+02 6.700000000000100000e+13 0.000000000000000000e+00 1.278877424631977844e+00 9.185850797367464682e-02 2.043696137534771196e-01 9.881526745405627699e-02 0.000000000000000000e+00 1.151075749441470064e+00 1.277268884814241889e-01 2.771541388129422188e+09 1.397097576334305286e+09
1.880000000000000000e+02 6.700000000000100000e+13 0.000000000000000000e+00 1.034831432935102935e+00 3.740819422466044875e-02 1.036508919655527161e-01 2.572877640045349162e-02 0.000000000000000000e+00 1.213686170790843954e+00 7.280062721306877760e-02 1.052236511712016225e+09 3.901957115014081597e+08
1.890000000000000000e+02 6.700000000001000000e+13 0.000000000000000000e+00 1.263415546673182677e+00 1.010858529792080657e-01 9.509662841033589276e-02 7.994999732784650870e-02 0.000000000000000000e+00 1.092124205500015988e+00 1.433478553398788158e-01 1.283084858338405609e+09 1.078719957903431892e+09
1.900000000000000000e+02 6.700000000000100000e+13 0.000000000000000000e+00 1.318244799580769566e+00 8.472475146435082261e-02 1.021022498745730173e-01 2.968188113428046893e-02 0.000000000000000000e+00 1.200006987994695073e+00 9.149981049842037528e-02 1.079260937591519117e+09 4.381387530473007560e+08
1.910000000000000000e+02 6.700000000000100000e+13 0.000000000000000000e+00 1.257006512056047853e+00 9.415179679404328539e-02 1.119172746336290075e-01 4.057799845738526562e-02 0.000000000000000000e+00 1.235173320262999752e+00 8.374927466210609073e-02 1.353054891599982262e+09 5.604054469875463247e+08
1.920000000000000000e+02 6.700000000005800000e+13 0.000000000000000000e+00 1.501069069600517780e+00 1.718338305670276678e-01 1.677672612234925031e-01 1.677672612234925031e-01 0.000000000000000000e+00 1.076437187727614875e+00 2.696568663134886190e-01 2.377956866471828938e+09 2.377956866471828938e+09
1.930000000000000000e+02 6.700000000000100000e+13 0.000000000000000000e+00 1.111307237806658188e+00 4.565168926524215687e-02 1.071054289589166847e-01 4.637892359338500331e-02 0.000000000000000000e+00 1.108095715407207527e+00 5.865909863144168346e-02 1.240934343541914225e+09 7.396658948590868711e+08
1.940000000000000000e+02 6.700000000000100000e+13 0.000000000000000000e+00 9.827108912367175098e-01 1.469019498433443982e-01 2.790401783954545301e-01 5.832483965244420615e-02 0.000000000000000000e+00 1.220138760439483772e+00 8.564055874780347744e-02 2.362745764123220444e+09 1.022975026230777383e+09
1.950000000000000000e+02 6.700000000000200000e+13 0.000000000000000000e+00 1.332056504838796451e+00 1.237508820846207336e-01 1.653779112474330071e-01 3.384471591806645363e-02 0.000000000000000000e+00 1.181453311339447865e+00 1.537540988787071405e-01 1.946360320271147251e+09 4.365490027333192825e+08
1.960000000000000000e+02 6.700000000000100000e+13 0.000000000000000000e+00 1.489102979397174842e+00 5.108439821466544822e-02 1.474384769033859621e-01 4.049572392661831416e-02 0.000000000000000000e+00 1.509298864671227536e+00 6.310961099558330678e-02 1.149324004052520037e+09 3.757561235774474740e+08
1.970000000000000000e+02 6.700000000000200000e+13 0.000000000000000000e+00 1.304516670299514569e+00 3.571794726048306556e-02 3.828367543812637164e-02 1.675616771173875016e-02 0.000000000000000000e+00 1.233145579702347616e+00 2.417431119967989109e-02 1.343081991547544897e+08 5.924979015826094896e+07
1.980000000000000000e+02 6.700000000000200000e+13 0.000000000000000000e+00 1.167134561689547434e+00 1.023932889292964721e-01 1.200736428011136836e-01 4.075949694425528430e-02 0.000000000000000000e+00 1.143372906418632651e+00 1.069672710617194655e-01 1.596172888993978262e+09 5.923514354413156509e+08
1.990000000000000000e+02 6.700000000000400000e+13 0.000000000000000000e+00 1.119634154431111694e+00 6.353448249295942651e-02 1.689665404605177612e-01 8.472785356238979326e-02 0.000000000000000000e+00 1.344058013240237992e+00 3.905083364181688443e-02 9.944016698544289172e+07 6.636386049286289513e+07
2.000000000000000000e+02 6.700000000000100000e+13 0.000000000000000000e+00 1.098759562179958849e+00 7.941399457211276158e-02 1.753085030214051598e-01 8.507383292906081640e-02 0.000000000000000000e+00 1.061625391175850641e+00 8.968788878013891908e-02 2.447614814493383884e+09 1.212715213054968119e+09
2.010000000000000000e+02 6.700000000000100000e+13 0.000000000000000000e+00 1.044340087693678809e+00 5.513537162892900856e-02 1.537233507902463492e-01 5.266330716531662098e-02 0.000000000000000000e+00 1.082434409751712456e+00 7.163140627846777131e-02 1.325024982351190090e+09 8.266960135157243013e+08
2.020000000000000000e+02 6.700000000000800000e+13 0.000000000000000000e+00 1.422346890546286158e+00 5.286586077804002887e-02 1.039334543287859569e+00 1.000000000000000000e+00 0.000000000000000000e+00 1.687793446477714232e+00 5.153906907032297646e-02 1.177488204425521851e+10 1.135209169666952515e+10
2.030000000000000000e+02 6.700000000000100000e+13 0.000000000000000000e+00 1.156592832769100410e+00 1.742685421013620284e-01 1.437158317364015114e-01 9.771360741079809786e-02 0.000000000000000000e+00 1.381948905863431776e+00 1.280564059981374736e-01 5.521178693652799129e+08 4.107118795211619735e+08
2.040000000000000000e+02 6.700000000002000000e+13 0.000000000000000000e+00 1.143040546828115955e+00 1.086231267029794528e-01 8.484101591586001856e-02 4.899013402829486413e-02 0.000000000000000000e+00 1.331062776419598359e+00 1.020991806346821934e-01 6.007230373622784615e+08 5.335820219384752512e+08
2.050000000000000000e+02 6.700000000000600000e+13 0.000000000000000000e+00 1.296872595826477070e+00 1.942503849486888756e-02 7.529314833890507486e-02 1.890636947907911591e-02 0.000000000000000000e+00 1.460330201874171951e+00 5.461376401593202173e-02 1.088329294599311113e+09 2.998417864338451624e+08
2.060000000000000000e+02 6.700000000000200000e+13 0.000000000000000000e+00 2.836310127318147245e+00 1.669565117613576177e-01 1.672334625489151350e-01 6.673892940909897931e-02 0.000000000000000000e+00 2.551843987452271811e+00 1.819233081521356155e-01 2.139238463141411304e+09 9.247305221073639393e+08
2.070000000000000000e+02 6.700000000000500000e+13 0.000000000000000000e+00 1.045263359359831279e+00 8.763493663170056347e-02 1.354271251412590971e-01 5.772848992157336712e-02 0.000000000000000000e+00 1.416038670331995153e+00 8.067018120505040080e-02 5.807188845636906475e+07 3.292533657122110948e+07
2.080000000000000000e+02 6.700000000000800000e+13 0.000000000000000000e+00 1.336887987598109895e+00 2.094035582580740587e-02 1.009851288694239707e-01 3.543960562974843298e-02 0.000000000000000000e+00 1.552880168505759162e+00 5.073236368725492218e-02 1.331543733583670139e+09 4.672904349905322194e+08
2.090000000000000000e+02 6.700000000000100000e+13 0.000000000000000000e+00 1.230129669575454221e+00 1.387739883843635835e-01 2.272363870897905480e-01 9.624083662583364507e-02 0.000000000000000000e+00 1.312625314947574617e+00 1.799068818867845532e-01 1.982847120232172489e+09 1.380190472540891171e+09
2.100000000000000000e+02 6.700000000000300000e+13 0.000000000000000000e+00 8.211043078910643667e-01 2.062442278958906972e-01 3.196771357404553648e-01 1.978393591065483736e-01 0.000000000000000000e+00 1.344931601805118726e+00 5.668149045846469086e-02 9.835397098960388899e+08 3.896062868286105394e+08
2.110000000000000000e+02 6.700000000000100000e+13 0.000000000000000000e+00 1.264907005789485339e+00 1.579366173335106094e-01 6.046972225024639658e-02 3.468884111844913049e-02 0.000000000000000000e+00 1.348974182780748210e+00 9.672879307744226829e-02 1.163625600224172115e+09 6.675212331965332031e+08
2.120000000000000000e+02 6.700000000000200000e+13 0.000000000000000000e+00 1.214193111558850013e+00 4.274050198666137085e-03 3.636514686796926688e-02 1.365236681740411226e-02 0.000000000000000000e+00 1.180049430939415167e+00 3.991475460263547992e-02 8.294818317061066628e+07 5.436146923666820675e+07
2.130000000000000000e+02 6.700000000000300000e+13 0.000000000000000000e+00 9.953974700975345424e-01 5.408276604468731374e-02 1.198868585298197009e-01 1.015105444717095268e-01 0.000000000000000000e+00 1.321007035274452290e+00 4.654515492478268623e-02 3.192675279994832277e+08 1.388929861792969108e+08
2.140000000000000000e+02 6.700000000000100000e+13 0.000000000000000000e+00 1.322296503866259076e+00 1.491859838249024461e-01 1.248465231005290027e-01 6.873636225768753327e-02 0.000000000000000000e+00 1.328898040571604655e+00 1.582142587179234672e-01 1.568604789785136938e+09 9.390399119999321699e+08
2.150000000000000000e+02 6.700000000000200000e+13 0.000000000000000000e+00 1.171994668198854894e+00 5.267639230541016487e-02 1.618641811414970044e-01 4.254160785902935671e-02 0.000000000000000000e+00 1.082818314727151066e+00 9.885924664601514200e-02 1.823990142730421305e+09 5.382974841316111088e+08
2.160000000000000000e+02 6.700000000000300000e+13 0.000000000000000000e+00 1.972636173584752406e+00 1.114596542081571773e-01 1.885372757075210182e-01 1.059531539521403748e-01 0.000000000000000000e+00 2.126748833388926396e+00 1.693842695399013776e-01 1.986455432335406303e+09 1.421492378325050354e+09
2.170000000000000000e+02 6.700000000000500000e+13 0.000000000000000000e+00 1.426747267231559313e+00 8.135258425490921042e-02 2.554514893609643456e-01 8.854645790242912651e-02 0.000000000000000000e+00 1.029907193613463834e+00 5.380217050346724345e-02 2.099706141294963598e+09 6.016511953425203562e+08
2.180000000000000000e+02 6.700000000000200000e+13 0.000000000000000000e+00 1.264267727521944717e+00 8.009518622357522655e-02 8.639251678796895650e-02 4.199632742235983457e-02 0.000000000000000000e+00 1.250122637457828478e+00 7.612425468771363835e-02 1.075992470178906918e+09 5.757100363484086990e+08
2.190000000000000000e+02 6.700000000000800000e+13 0.000000000000000000e+00 1.126019346849581382e+00 5.978842083362975041e-02 4.922312297148077193e-02 3.084753078530016318e-02 0.000000000000000000e+00 1.408713509482250936e+00 3.706321481230348547e-02 8.124136622054582834e+07 8.124136622054582834e+07
2.200000000000000000e+02 6.700000000000100000e+13 0.000000000000000000e+00 1.581280733894228296e+00 1.642067148599089255e-01 3.510147140725610182e-01 1.725530403976733296e-01 0.000000000000000000e+00 1.619123959480525787e+00 1.497644176798410276e-01 1.788100230723337650e+09 5.028351014599178433e+08
2.210000000000000000e+02 6.700000000000100000e+13 0.000000000000000000e+00 1.804990498889849526e+00 7.645299072984526600e-02 2.525786650785170617e-01 1.520647404513964795e-01 0.000000000000000000e+00 1.894323401874192792e+00 7.039122449025338180e-02 1.025190443694107771e+09 6.623872115220066309e+08
2.220000000000000000e+02 6.700000000000100000e+13 0.000000000000000000e+00 1.208869427334639646e+00 1.386435707477969570e-01 1.619764472629867946e-01 6.927676915680304470e-02 0.000000000000000000e+00 1.202433430721619567e+00 1.708914249917822814e-01 2.011046701114252090e+09 8.794309372221456766e+08
2.230000000000000000e+02 6.700000000000200000e+13 0.000000000000000000e+00 1.358876051110708971e+00 1.128456489167478233e-01 1.429396414630620116e-01 7.017380688480875928e-02 0.000000000000000000e+00 1.355231037440565833e+00 1.502391267445209178e-01 1.614749538087990999e+09 8.432931950379849672e+08
2.240000000000000000e+02 6.700000000000800000e+13 0.000000000000000000e+00 1.123887493985053165e+00 5.474560388316243587e-02 7.192808955254578751e-02 3.549630292372402129e-02 0.000000000000000000e+00 1.260928244319276859e+00 8.745303574140309011e-02 8.793274663984266520e+08 5.294096902937681675e+08
2.250000000000000000e+02 6.700000000000100000e+13 0.000000000000000000e+00 1.239333726057578522e+00 9.636410878090048704e-02 8.674492791132490388e-02 3.085422067925336700e-02 0.000000000000000000e+00 1.182683190263605910e+00 1.450577626884410887e-01 1.020101515125947237e+09 3.781003839560827017e+08
2.260000000000000000e+02 6.700000000000400000e+13 0.000000000000000000e+00 1.241494269290953190e+00 7.934924476152373229e-02 1.617964650248150671e-01 5.040741954614976622e-02 0.000000000000000000e+00 9.987619914728000925e-01 1.051568923907201941e-01 2.066551567834049225e+09 7.057969809801254272e+08
2.270000000000000000e+02 6.700000000000200000e+13 0.000000000000000000e+00 1.136454907250647572e+00 6.968687128820087728e-02 1.290008107891057187e-01 8.051190825871763768e-02 0.000000000000000000e+00 1.001094221782327098e+00 1.052815951527991539e-01 1.838907279759145975e+09 1.147697702817536831e+09
2.280000000000000000e+02 6.700000000000100000e+13 0.000000000000000000e+00 1.350403153502568232e+00 4.323335649627794292e-02 9.003866270575054676e-02 3.663539814423744795e-02 0.000000000000000000e+00 1.314636825180154345e+00 3.009908209673531343e-02 1.006535734004629374e+09 4.859567257728751302e+08
2.290000000000000000e+02 6.700000000000400000e+13 0.000000000000000000e+00 2.435226546669631897e+00 6.233434984133064821e-02 1.121181491783831835e-01 6.617352281935487412e-02 0.000000000000000000e+00 3.116551231295054514e+00 8.402540847559601678e-02 6.832556182998368740e+08 3.760332804595296979e+08
2.300000000000000000e+02 6.700000000000200000e+13 0.000000000000000000e+00 1.071329791001368159e+00 8.269340843622390025e-02 8.996055864056323736e-02 2.791565750415771208e-02 0.000000000000000000e+00 1.374278585361053739e+00 3.684563357380513798e-02 6.047649766208167076e+08 3.557168256617885232e+08
2.310000000000000000e+02 6.700000000000100000e+13 0.000000000000000000e+00 1.216469338293808544e+00 4.403243030443146355e-02 1.676412990262742680e-02 6.006159072089550972e-03 0.000000000000000000e+00 1.269147123691790391e+00 4.187114396418764595e-02 1.354054595141155720e+08 8.050732750913426280e+07
2.320000000000000000e+02 6.700000000002000000e+13 0.000000000000000000e+00 2.002981444097227115e+00 1.274219352409866057e-01 2.147858993410907136e-01 8.777597083975886838e-02 0.000000000000000000e+00 1.947523937245815739e+00 1.620217951273525137e-01 2.712609874410963535e+09 1.161526841111044407e+09
2.330000000000000000e+02 6.700000000000400000e+13 0.000000000000000000e+00 1.084067579942386450e+00 7.124362230131162099e-02 2.481146182728410643e-01 1.254476428869420179e-01 0.000000000000000000e+00 1.403369044446736380e+00 1.344513355468398008e-01 8.472366808801686764e+08 5.021936106964279413e+08
2.340000000000000000e+02 6.700000000000100000e+13 0.000000000000000000e+00 1.317320655122782069e+00 3.836072055235099920e-02 6.883717759077345733e-02 1.043911891910014392e-02 0.000000000000000000e+00 1.462028843069950401e+00 3.639396855724393726e-02 7.299200515313951969e+08 1.375057897347604632e+08
2.350000000000000000e+02 6.700000000001200000e+13 0.000000000000000000e+00 9.718035217791608504e-01 3.246536609869087042e-02 1.210964893239388357e-01 6.311351279569535344e-02 0.000000000000000000e+00 1.204778398457142963e+00 1.003141764990713863e-01 1.306868827918556213e+09 9.825239659996166229e+08
2.360000000000000000e+02 6.700000000001200000e+13 0.000000000000000000e+00 1.140401813896681826e+00 1.001871187176948119e-01 1.232617025427959895e-01 6.413974761415609793e-02 0.000000000000000000e+00 1.393225634075672792e+00 9.072915575343847017e-02 1.161592944693850517e+09 9.463946422854166031e+08
2.370000000000000000e+02 6.700000000000400000e+13 0.000000000000000000e+00 1.308887740386033727e+00 1.967930499148425882e-01 1.236440051730578193e-01 1.010700265700653355e-01 0.000000000000000000e+00 1.765725227022306054e+00 4.695809601651282361e-02 -1.000000000000000000e+00 -1.000000000000000000e+00
2.380000000000000000e+02 6.700000000000100000e+13 0.000000000000000000e+00 1.858239839332248122e+00 9.898240534284762082e-02 1.392403158415569386e-01 6.201379916985073903e-02 0.000000000000000000e+00 1.856846677887295183e+00 1.304275325623462933e-01 1.669942102463503361e+09 7.843274436522595882e+08
2.390000000000000000e+02 6.700000000000300000e+13 1.000000000000000000e+00 1.138273760342303653e+00 1.999109419087029271e-02 1.023560928220288574e-02 4.969956471380245801e-03 0.000000000000000000e+00 1.232551601424814125e+00 2.084649204275624765e-02 7.149971960101421177e+07 4.195800654965085536e+07
2.400000000000000000e+02 6.700000000000100000e+13 0.000000000000000000e+00 1.055782512073248469e+00 8.629269526236449384e-02 1.099323572575255509e-01 4.741792350780975329e-02 0.000000000000000000e+00 1.148832177288856782e+00 1.587490215892783940e-01 1.579002709338376045e+09 7.338406514257911444e+08
2.410000000000000000e+02 6.700000000000100000e+13 0.000000000000000000e+00 1.825186807283920798e+00 9.709186029825797593e-02 1.879396845444185615e-01 8.620952463906975116e-02 0.000000000000000000e+00 1.905760325136183431e+00 1.350346761509602644e-01 2.284358569390405655e+09 1.191283521016436577e+09
2.420000000000000000e+02 6.700000000000200000e+13 0.000000000000000000e+00 1.314006081139874160e+00 8.959732396525037224e-02 1.175444965155894306e-01 5.296562392679243086e-02 0.000000000000000000e+00 1.353804583650837223e+00 1.161123754890392712e-01 1.490908090313108683e+09 8.546554520332272053e+08
2.430000000000000000e+02 6.700000000000100000e+13 0.000000000000000000e+00 1.242591865724144595e+00 7.946054722340996357e-02 2.063800314750167120e-01 6.247978167329681920e-02 0.000000000000000000e+00 1.007969988980571552e+00 9.096181069651000650e-02 2.937348696263432026e+09 9.904158045988470316e+08
2.440000000000000000e+02 6.700000000000500000e+13 0.000000000000000000e+00 1.297056402333531366e+00 2.520082723351548329e-02 4.194654208589768812e-02 3.180993001087682043e-02 0.000000000000000000e+00 1.396257975512341210e+00 6.729529657873239978e-02 5.203703421979433298e+08 4.769464860369460583e+08
2.450000000000000000e+02 6.700000000000900000e+13 0.000000000000000000e+00 9.801590380889786402e-01 8.855486422736921770e-02 9.984011122697254714e-02 6.658824113587040461e-02 0.000000000000000000e+00 1.287396122701251810e+00 1.460806126409431305e-01 1.422997351369325638e+09 1.082367549702937841e+09
2.460000000000000000e+02 6.700000000000100000e+13 1.000000000000000000e+00 1.070197289735191681e+00 3.030212477302729468e-02 7.678466386303270386e-02 3.621443612261013301e-02 0.000000000000000000e+00 1.353757160227807121e+00 2.276862931367439405e-02 2.799880890416170955e+08 1.103907372940957993e+08
2.470000000000000000e+02 6.700000000001500000e+13 0.000000000000000000e+00 4.023090856273888738e-01 1.473734961417803857e-01 4.040562370334562226e-01 3.099858333165481650e-01 0.000000000000000000e+00 1.379699999345513461e+00 1.007962871752331457e-01 1.723361734159065485e+09 1.033333396382839084e+09
2.480000000000000000e+02 6.700000000001300000e+13 0.000000000000000000e+00 1.152588241204597352e+00 7.028716900147562174e-02 5.560338168471065656e-02 2.358581213357517636e-02 0.000000000000000000e+00 1.491403612191190220e+00 7.878087073558028008e-02 5.267512237105630636e+08 3.617384357902781963e+08
2.490000000000000000e+02 6.700000000000100000e+13 0.000000000000000000e+00 1.517143567240487378e+00 8.989507557516521197e-02 9.515814861668775437e-02 3.938472856278532608e-02 0.000000000000000000e+00 1.439635093547230849e+00 1.094543852987532595e-01 1.267027210449913263e+09 5.484420807498604059e+08
2.500000000000000000e+02 6.700000000001000000e+13 0.000000000000000000e+00 1.058770562877144217e+00 5.827415493821051090e-02 1.154729234446823655e-01 3.557415585494173860e-02 0.000000000000000000e+00 1.214220019130517025e+00 3.264573733548617462e-02 9.131496424143080711e+08 5.384724035758020878e+08
2.510000000000000000e+02 6.700000000000100000e+13 0.000000000000000000e+00 1.717797900695952285e+00 1.190109338556706309e-01 1.427600794921137228e-01 3.340261702220589241e-02 0.000000000000000000e+00 2.021934164545603707e+00 9.954281126327844953e-02 1.189085468682857037e+09 3.798109713570218086e+08
2.520000000000000000e+02 6.700000000000700000e+13 0.000000000000000000e+00 1.070091442504276458e+00 5.981497939703406957e-02 9.236749634452141866e-02 3.224095723917085043e-02 0.000000000000000000e+00 1.339026876495384766e+00 9.223079128573932750e-02 1.254578794021914959e+09 4.926866058351030946e+08
2.530000000000000000e+02 6.700000000000100000e+13 0.000000000000000000e+00 1.181944006808814063e+00 1.242783720547816911e-01 1.280332158297923795e-01 8.131252770306492128e-02 0.000000000000000000e+00 1.393562128466704797e+00 1.110398525333423925e-01 5.588089207629525661e+08 2.688129642391348481e+08
2.540000000000000000e+02 6.700000000000100000e+13 0.000000000000000000e+00 9.977628949767571864e-01 5.244798346373398534e-02 1.249304638239628756e-01 3.233979840019956392e-02 0.000000000000000000e+00 1.316766754496278446e+00 4.521556974072817037e-02 5.392529142782042027e+08 3.142932328028969169e+08
2.550000000000000000e+02 6.700000000000100000e+13 0.000000000000000000e+00 1.318660840689390490e+00 7.135614644858634392e-02 1.031020095187731300e-01 2.785721840296139645e-02 0.000000000000000000e+00 1.474705340673238219e+00 1.044808757812225736e-01 1.429873953316454411e+09 3.994315978750699759e+08
2.560000000000000000e+02 6.700000000003500000e+13 0.000000000000000000e+00 1.162973626221988299e+00 6.084501382610134346e-02 1.608613016253595263e-01 8.023688367282887091e-02 0.000000000000000000e+00 1.293009797904663305e+00 8.702303562710145268e-02 2.356706590595425606e+09 1.175514500069069624e+09
2.570000000000000000e+02 6.700000000000200000e+13 0.000000000000000000e+00 1.295083154961982785e+00 6.542384925368037452e-02 5.881390794384219051e-02 3.443913275279900793e-02 0.000000000000000000e+00 1.433365818010553738e+00 1.136768547694704257e-01 8.055473329800510406e+08 5.217139573612935543e+08
2.580000000000000000e+02 6.700000000000100000e+13 0.000000000000000000e+00 1.271279993261219099e+00 9.873327746105410585e-02 9.325825666795516111e-02 3.913103981445689716e-02 0.000000000000000000e+00 1.308300143250540337e+00 1.474609926469720167e-01 1.218484153200821638e+09 5.311650213191688061e+08
2.590000000000000000e+02 6.700000000000100000e+13 0.000000000000000000e+00 1.410168433320654335e+00 9.998504890844706061e-02 1.716587093352685833e-01 9.414911680832158125e-02 0.000000000000000000e+00 1.431555861840247079e+00 1.465535765579897565e-01 1.962940450898081303e+09 1.178528326463438272e+09
2.600000000000000000e+02 6.700000000000200000e+13 0.000000000000000000e+00 1.414087794699825151e+00 3.089083135122523346e-02 3.476267862981752832e-01 1.474023743961700439e-01 0.000000000000000000e+00 1.358572317628693682e+00 1.152705931055485189e-01 1.263213634522907019e+09 6.392662527591878176e+08
2.610000000000000000e+02 6.700000000000100000e+13 0.000000000000000000e+00 1.158900820503778517e+00 5.648204909438121063e-02 1.378673291383123167e-01 3.615054620692273457e-02 0.000000000000000000e+00 1.309616983962597070e+00 1.116857537185191457e-01 1.048032866144092917e+09 5.445047923534543514e+08
2.620000000000000000e+02 6.700000000000100000e+13 0.000000000000000000e+00 1.258000902405949972e+00 1.927000904476244142e-02 1.503267549181546980e-01 5.699644854301542246e-02 0.000000000000000000e+00 1.250428941271158445e+00 9.625439917376141241e-02 1.968917915408643484e+09 9.066763442301353216e+08
2.630000000000000000e+02 6.700000000000100000e+13 0.000000000000000000e+00 1.091948708507695098e+00 9.565580499473627651e-02 1.464340906544897847e-01 4.682853317258707515e-02 0.000000000000000000e+00 1.301357944538606093e+00 3.733586749810213073e-02 8.026742456380610466e+08 3.489650814705959558e+08
2.640000000000000000e+02 6.700000000003000000e+13 0.000000000000000000e+00 1.953530534678061148e+00 1.189831028066652974e-01 2.111054168533965658e-01 6.176832000925216309e-02 0.000000000000000000e+00 1.979113901316396307e+00 1.274918792824964453e-01 1.319201022037301779e+09 6.439017705908101797e+08
2.650000000000000000e+02 6.700000000000400000e+13 0.000000000000000000e+00 1.626053610309769804e+00 1.268787941444562695e-01 1.261787094369129780e-01 1.235103606921069685e-01 0.000000000000000000e+00 1.600711501701021833e+00 1.585027192369004578e-01 1.646457818114302635e+09 1.611639553829091072e+09
2.660000000000000000e+02 6.700000000000900000e+13 0.000000000000000000e+00 1.574595247037825496e+00 1.457926751054729464e-01 2.146309870406255815e-01 8.660001310603719638e-02 0.000000000000000000e+00 1.449810389134331023e+00 2.064990240345982719e-01 2.503205361973334789e+09 1.140549136706239223e+09
2.670000000000000000e+02 6.700000000000600000e+13 0.000000000000000000e+00 1.644834039843432461e+00 2.071994585595830218e-01 2.969071250948844276e-01 1.380431367021462408e-01 0.000000000000000000e+00 1.939472068643369074e+00 1.257555746258360307e-01 1.768628564055132866e+09 7.423276614801478386e+08
2.680000000000000000e+02 6.700000000000100000e+13 0.000000000000000000e+00 1.118038463251265657e+00 7.624368492811606224e-02 8.472411945437471892e-02 2.605200079076127120e-02 0.000000000000000000e+00 1.100700530481651951e+00 6.703424328904625251e-02 4.015527192290159464e+08 1.485684704401562512e+08
2.690000000000000000e+02 6.700000000001600000e+13 0.000000000000000000e+00 1.208235139334610908e+00 1.111030507807157369e-01 1.055178381004064359e-01 1.055178381004064359e-01 0.000000000000000000e+00 1.108983110183566323e+00 1.197132276895841868e-01 1.559027923649104595e+09 1.559027923649104595e+09
2.700000000000000000e+02 6.700000000000200000e+13 0.000000000000000000e+00 1.224509922091356673e+00 2.154763553363338996e-02 1.329426183762190128e-01 3.635894272570339147e-02 0.000000000000000000e+00 1.269978305450547795e+00 1.943790304918369821e-02 1.614458822542040586e+09 4.526716679200705886e+08
2.710000000000000000e+02 6.700000000000100000e+13 0.000000000000000000e+00 1.758608264762137274e+00 1.931983229057732468e-02 9.523789351516030732e-02 1.707123168431742485e-02 0.000000000000000000e+00 1.891898985208611661e+00 2.116101146639932234e-02 1.152836589378448009e+09 2.121114756435831785e+08
2.720000000000000000e+02 6.700000000002600000e+13 0.000000000000000000e+00 1.344607859750093226e+00 1.760472886319375263e-01 1.702841867508370077e-01 1.634319012446648067e-01 0.000000000000000000e+00 1.512168700674757282e+00 5.613525118846525441e-02 -1.000000000000000000e+00 -1.000000000000000000e+00
2.730000000000000000e+02 6.700000000004100000e+13 0.000000000000000000e+00 1.225216330147494537e+00 1.126922965532050347e-01 1.435259920395609567e-01 5.964539862501507667e-02 0.000000000000000000e+00 1.389365853159861164e+00 1.223012893699028658e-01 1.650614684009881735e+09 9.728545948295150995e+08
2.740000000000000000e+02 6.700000000000100000e+13 0.000000000000000000e+00 1.372260184036998565e+00 6.050419355048993614e-02 1.501153097057975061e-01 4.142089702913181321e-02 0.000000000000000000e+00 1.303075421702940551e+00 7.487545434826062274e-02 1.823050571750511408e+09 5.136916254008772969e+08
2.750000000000000000e+02 6.700000000002100000e+13 0.000000000000000000e+00 1.404025893088666432e+00 4.715259426665223408e-02 1.239232724216886815e-02 6.546986795861501132e-03 0.000000000000000000e+00 1.493096559455528549e+00 2.700136548067620310e-02 1.745735288484272957e+08 9.222889017878840864e+07
2.760000000000000000e+02 6.700000000000100000e+13 0.000000000000000000e+00 2.434440124617889722e+00 2.230690129686705159e-01 1.483214459615481151e-01 5.477216254204106405e-02 0.000000000000000000e+00 2.103215245601176342e+00 2.388765115758337554e-01 1.345936989407308817e+09 6.609140457317916155e+08
2.770000000000000000e+02 -1.000000000000000000e+00 -1.000000000000000000e+00 -1.000000000000000000e+00 -1.000000000000000000e+00 -1.000000000000000000e+00 -1.000000000000000000e+00 -1.000000000000000000e+00 -1.000000000000000000e+00 -1.000000000000000000e+00 -1.000000000000000000e+00 -1.000000000000000000e+00
2.780000000000000000e+02 6.700000000003300000e+13 0.000000000000000000e+00 1.393004219579781156e+00 1.064023079811715206e-01 1.355962818442967288e-01 4.798673218457044642e-02 0.000000000000000000e+00 1.492233795701101373e+00 1.301825112667850393e-01 1.631007289527355909e+09 5.772039537448668480e+08
2.790000000000000000e+02 6.700000000012100000e+13 0.000000000000000000e+00 1.579456437795457413e+00 7.575773339032577935e-02 1.446736702375346351e-01 1.025829875926875662e-01 0.000000000000000000e+00 1.557266919579484821e+00 1.482313121202177564e-01 1.495544357664876699e+09 1.495544357664876699e+09
2.800000000000000000e+02 6.700000000000900000e+13 0.000000000000000000e+00 1.312736147513492879e+00 5.078421283306859546e-02 1.331839706493064268e-01 6.369524754190929172e-02 0.000000000000000000e+00 1.718313369104961685e+00 4.592587736442939328e-02 2.382079041338117719e+08 1.830572722302541435e+08
2.810000000000000000e+02 6.700000000000500000e+13 0.000000000000000000e+00 1.191525974542650301e+00 1.694801876067192625e-01 1.419705835141151506e-01 6.415551091418549012e-02 0.000000000000000000e+00 1.248138114157969714e+00 1.908613547535524257e-01 1.743657827333005667e+09 9.071186937889459133e+08
2.820000000000000000e+02 6.700000000000500000e+13 0.000000000000000000e+00 1.227717818426159679e+00 1.180679496403283096e-01 1.463197709224190457e-01 5.593929444105070342e-02 0.000000000000000000e+00 1.426448823088546147e+00 1.308710723333100234e-01 1.404695819115117311e+09 6.186341961971604824e+08
2.830000000000000000e+02 6.700000000000100000e+13 0.000000000000000000e+00 1.288260349896468426e+00 1.864367170130193374e-01 1.475577282876400775e-01 2.739085646756153278e-02 0.000000000000000000e+00 1.254273680372620214e+00 2.350116980425300539e-01 1.422920706859678745e+09 3.111425551978079081e+08
2.840000000000000000e+02 6.700000000000100000e+13 0.000000000000000000e+00 1.085088972877672697e+00 5.994072223078273504e-02 1.190589390910183898e-01 3.586670288225628916e-02 0.000000000000000000e+00 1.409964813424208430e+00 5.664116724914322609e-02 2.965495790282423496e+08 1.455796914579633772e+08
2.850000000000000000e+02 6.700000000000100000e+13 0.000000000000000000e+00 2.880636750868352358e+00 1.244900043517185306e-01 2.454590285870678346e-01 1.315998340219655949e-01 0.000000000000000000e+00 1.922393866579323429e+00 9.326356953977367470e-02 1.071712958982173324e+09 4.952162503134984970e+08
2.860000000000000000e+02 6.700000000000300000e+13 0.000000000000000000e+00 1.161487269321713534e+00 1.063394477944515776e-01 1.219637094738195010e-01 8.705625658892311713e-02 0.000000000000000000e+00 1.103136041007029888e+00 1.324630746109144719e-01 1.449468295215288401e+09 1.091657934525393963e+09
2.870000000000000000e+02 6.700000000001000000e+13 0.000000000000000000e+00 1.054393276464962392e+00 1.526717472751746019e-01 1.691885405441881374e-01 1.103578364905073855e-01 0.000000000000000000e+00 1.453056242856171520e+00 6.719777329963795565e-02 5.275437959723592997e+08 2.581142150278560519e+08
2.880000000000000000e+02 6.700000000000200000e+13 0.000000000000000000e+00 1.313084450405948900e+00 1.077859068762084954e-01 1.243088537808176713e-01 4.187895181158796110e-02 0.000000000000000000e+00 1.293004207370555214e+00 1.017975876716211564e-01 1.152836500892990351e+09 5.257079508479117751e+08
2.890000000000000000e+02 6.700000000000200000e+13 0.000000000000000000e+00 1.099980936511548713e+00 7.683715719212887152e-02 1.627795326346481719e-01 6.070869889132761432e-02 0.000000000000000000e+00 9.828545477820788134e-01 1.137357605768028468e-01 1.652369283054352522e+09 8.398320971460902691e+08
2.900000000000000000e+02 6.700000000000100000e+13 0.000000000000000000e+00 9.368198596844621306e-01 7.909384683113698800e-02 1.922395148618474270e-01 1.139366000975295390e-01 0.000000000000000000e+00 1.215691988166595738e+00 2.431686293079758296e-02 9.362165155591315031e+08 4.138626540372051597e+08
2.910000000000000000e+02 6.700000000002800000e+13 0.000000000000000000e+00 1.153924590342966683e+00 7.275944733246984819e-02 1.089488725288930981e-01 4.647368014536999020e-02 0.000000000000000000e+00 1.165248682280856540e+00 9.037623009483257419e-02 9.412254667474206686e+08 5.472822191294134855e+08
2.920000000000000000e+02 6.700000000000100000e+13 0.000000000000000000e+00 1.175810281621894493e+00 8.221513849096943535e-03 1.435156546149687733e-02 4.703034526779259136e-03 0.000000000000000000e+00 1.276865603200242116e+00 1.973095995136255054e-02 1.359803437877445519e+08 6.610415050346925855e+07
2.930000000000000000e+02 6.700000000000400000e+13 0.000000000000000000e+00 2.396637619936462738e+00 1.171920126746453655e-01 1.489050515550430220e-01 5.332840657154226671e-02 0.000000000000000000e+00 2.813627865104862735e+00 1.549952394442786763e-01 1.976834953467230558e+09 7.079777148081982136e+08
2.940000000000000000e+02 6.700000000000200000e+13 0.000000000000000000e+00 1.144444402460601307e+00 1.306953617980453342e-01 1.301556331164555047e-01 2.666754471459052353e-02 0.000000000000000000e+00 1.390861886444550999e+00 7.225126547081839323e-02 9.896029857179321051e+08 4.262221794329314828e+08
2.950000000000000000e+02 6.700000000000100000e+13 0.000000000000000000e+00 1.001910693644768813e+00 8.293634023855234183e-02 3.298247339449541515e-01 9.879152167035748500e-02 0.000000000000000000e+00 9.022566001383069967e-01 8.834411431125450964e-02 2.403255211493868351e+09 4.983733732715697289e+08
2.960000000000000000e+02 6.700000000000100000e+13 0.000000000000000000e+00 1.301799473534532181e+00 1.763814435896547128e-01 2.461533749256475390e-01 1.378852809171037808e-01 0.000000000000000000e+00 1.282442385861062073e+00 2.041634349838105655e-01 3.098905840211585999e+09 1.791276275403943062e+09
2.970000000000000000e+02 6.700000000000300000e+13 0.000000000000000000e+00 1.110043598041257296e+00 5.676220164616066488e-02 1.525517016697792438e-01 4.800160293912961174e-02 0.000000000000000000e+00 1.270631638805993946e+00 8.176404680391993751e-02 1.478932525965737104e+09 6.988835228846238852e+08
2.980000000000000000e+02 6.700000000002500000e+13 0.000000000000000000e+00 1.160933952070508202e+00 5.945894842823682552e-02 7.450360818975161614e-02 5.515663459386887374e-02 0.000000000000000000e+00 1.542701389400535250e+00 4.078514026008236981e-02 2.519973399556436241e+08 2.519973399556436241e+08
2.990000000000000000e+02 6.700000000000200000e+13 0.000000000000000000e+00 1.392541277559311119e+00 3.757098975868576607e-02 1.133283022079978192e-01 2.514756870556056692e-02 0.000000000000000000e+00 1.439090973372816551e+00 5.750688020582672699e-02 1.013856533725707412e+09 2.403895161021746993e+08
3.000000000000000000e+02 6.700000000001100000e+13 0.000000000000000000e+00 1.226834812882442005e+00 9.956604307196266490e-02 6.626411876342902518e-02 4.608826996552694427e-02 0.000000000000000000e+00 1.306844087768902485e+00 7.107153105428042073e-02 9.645105926531420946e+08 7.434257344776134491e+08
3.010000000000000000e+02 6.700000000000200000e+13 0.000000000000000000e+00 1.116892310539030486e+00 1.405650950697713286e-01 1.119014857829749299e-01 1.015335118747735105e-01 0.000000000000000000e+00 9.563992128316177732e-01 1.525222684912877769e-01 1.439070300782258034e+09 1.352108935649780989e+09
3.020000000000000000e+02 6.700000000000100000e+13 0.000000000000000000e+00 1.273018398289066155e+00 4.850611929861448762e-02 2.581995421461024884e-02 2.375129616735211294e-02 0.000000000000000000e+00 1.509001759514121854e+00 8.274640272309358169e-02 3.835257534698237181e+08 3.527982150066782832e+08
3.030000000000000000e+02 6.700000000000100000e+13 0.000000000000000000e+00 1.289956228076257094e+00 6.658594315435299726e-02 1.084210899131091838e-01 4.699792217604835398e-02 0.000000000000000000e+00 1.374604368134672461e+00 9.270472795050441195e-02 1.048275780430088520e+09 6.942849623652929068e+08
3.040000000000000000e+02 6.700000000001000000e+13 0.000000000000000000e+00 1.159192627799429332e+00 1.057836490873629437e-01 1.121728384552863333e-01 7.931951980317641926e-02 0.000000000000000000e+00 1.156428780517361421e+00 1.330066925925789956e-01 1.493735348207635641e+09 1.159927391275257826e+09
3.050000000000000000e+02 6.700000000000300000e+13 0.000000000000000000e+00 1.518216101932244211e+00 6.410427911225582975e-02 1.408252294370808677e-01 2.900879013386842981e-02 0.000000000000000000e+00 1.638361036280952643e+00 8.501680282105847364e-02 1.428494559840497494e+09 4.479407831796947122e+08
3.060000000000000000e+02 6.700000000000300000e+13 0.000000000000000000e+00 1.216606197428470315e+00 9.722606948589411491e-02 1.582473640212095911e-01 5.584117457522172479e-02 0.000000000000000000e+00 1.088447565824805174e+00 1.136705564367807425e-01 1.415944240255375624e+09 7.824704552822959423e+08
3.070000000000000000e+02 6.700000000000100000e+13 0.000000000000000000e+00 1.296416042248916378e+00 3.744111550148842421e-02 7.735794174326482420e-02 2.121376367609234537e-02 0.000000000000000000e+00 1.290420358641955145e+00 5.207227834874256223e-02 8.960045262406432629e+08 2.533453153821233809e+08
3.080000000000000000e+02 6.700000000000200000e+13 0.000000000000000000e+00 1.042692561735714563e+00 1.447744315368067469e-01 1.548022403619077336e-01 9.297390041434694385e-02 0.000000000000000000e+00 1.276146631476724247e+00 1.261934712042932782e-01 1.979438819008419275e+09 1.529849502142256021e+09
3.090000000000000000e+02 6.700000000001800000e+13 0.000000000000000000e+00 1.301887436237354034e+00 4.875760147684603946e-02 8.676024818494235125e-02 4.781547989068602594e-02 0.000000000000000000e+00 1.417765047283205515e+00 1.082725537931550214e-01 9.680216774090920687e+08 7.217977594143371582e+08
3.100000000000000000e+02 6.700000000000100000e+13 0.000000000000000000e+00 1.167539966062042689e+00 1.682102690017318325e-01 2.426677728582590510e-01 1.230250279348383130e-01 0.000000000000000000e+00 1.176511765574507873e+00 1.431268879797858440e-01 1.223731687361456156e+09 5.873913764615019560e+08
3.110000000000000000e+02 6.700000000000700000e+13 0.000000000000000000e+00 9.314617593335688950e-01 1.278929248658542128e-01 1.589471400001173096e-01 1.589471400001173096e-01 0.000000000000000000e+00 1.250653879722859463e+00 4.579731993627239595e-03 -1.000000000000000000e+00 -1.000000000000000000e+00
3.120000000000000000e+02 6.700000000000900000e+13 0.000000000000000000e+00 1.341665563620641821e+00 9.035325738038177401e-02 7.620955569518413075e-02 4.828763073755572982e-02 0.000000000000000000e+00 1.265253135298934462e+00 9.943841523243276970e-02 8.030609679348031282e+08 6.269630583444219828e+08
3.130000000000000000e+02 6.700000000001000000e+13 0.000000000000000000e+00 1.231165229764288549e+00 2.346962297595696009e-02 1.041722781938489439e-02 4.928850706771380381e-03 0.000000000000000000e+00 1.210076349945758523e+00 2.452549090199412571e-02 1.168454534308239967e+08 6.990096822471377254e+07
3.140000000000000000e+02 6.700000000000300000e+13 0.000000000000000000e+00 1.201031598741924222e+00 4.088478957501884975e-02 6.267684979832248426e-02 1.985681537154464910e-02 0.000000000000000000e+00 1.175020198922573700e+00 4.148254849259702670e-02 7.402939328054983616e+08 2.790596024662868977e+08
3.150000000000000000e+02 6.700000000001100000e+13 0.000000000000000000e+00 1.140806108790203499e+00 1.932204263395985999e-01 2.937898501017158770e-01 1.237303198097218226e-01 0.000000000000000000e+00 7.459103537335504130e-01 2.574292414329354406e-01 3.205504705847125530e+09 1.799972816966503143e+09
3.160000000000000000e+02 6.700000000000100000e+13 0.000000000000000000e+00 1.190975247598331954e+00 9.924541163730384030e-02 1.161397369621407910e-01 5.795209200105048974e-02 0.000000000000000000e+00 1.355154359650610818e+00 1.158982514155061788e-01 1.110862052425005913e+09 7.422995504980052710e+08
3.170000000000000000e+02 6.700000000000900000e+13 0.000000000000000000e+00 1.271318862820750795e+00 7.457081471596348210e-02 1.002422934337810351e-01 4.553690490919838629e-02 0.000000000000000000e+00 1.053980188658277584e+00 1.175433793211701355e-01 1.283095869605249882e+09 6.571323104145454168e+08
3.180000000000000000e+02 6.700000000003200000e+13 0.000000000000000000e+00 1.226963760824455241e+00 1.049506337023237285e-01 8.520889690411782846e-02 3.128277059746852051e-02 0.000000000000000000e+00 1.469372453044585747e+00 1.065609499273918043e-01 9.762033755781997442e+08 4.762379658332222700e+08
3.190000000000000000e+02 6.700000000000100000e+13 0.000000000000000000e+00 1.361072070169697223e+00 1.063628560747156421e-01 1.470286425166299205e-01 7.541096727639791386e-02 0.000000000000000000e+00 1.219048263528365927e+00 1.543856188247429428e-01 2.020659905076845169e+09 1.064455648536474586e+09
3.200000000000000000e+02 6.700000000000400000e+13 0.000000000000000000e+00 1.180447893190390118e+00 1.330377290065588858e-01 1.020767787434804647e-01 6.592276206471793520e-02 0.000000000000000000e+00 1.163570905672321798e+00 1.618978752697022294e-01 1.367529059355057478e+09 8.831714118154306412e+08
3.210000000000000000e+02 6.700000000000500000e+13 0.000000000000000000e+00 1.248367955850328004e+00 2.519365840483323016e-01 3.287298189074488453e-01 2.147740793134784165e-01 0.000000000000000000e+00 1.178466381881092317e+00 2.224591632473011671e-01 1.778810670403031826e+09 8.370413388423131704e+08
3.220000000000000000e+02 6.700000000000200000e+13 0.000000000000000000e+00 9.871042626530396324e-01 1.794614854505455215e-01 3.723731084916661049e-01 1.729884741469370768e-01 0.000000000000000000e+00 1.716826984964452185e+00 9.666830883401555941e-02 1.581965267531679869e+09 7.212012868626587391e+08
3.230000000000000000e+02 6.700000000001400000e+13 0.000000000000000000e+00 9.564912538764704930e-01 1.719365941885917237e-01 1.649108119872921829e-01 9.415882849495078866e-02 0.000000000000000000e+00 1.246290261411394429e+00 9.081771542702785083e-02 3.877257864034374952e+08 2.173949527443808913e+08
3.240000000000000000e+02 6.700000000000100000e+13 0.000000000000000000e+00 1.194162612936826795e+00 1.801845438819821843e-01 1.467170980276268077e-01 7.534114189186491561e-02 0.000000000000000000e+00 9.216830509091289425e-01 1.831013217838500795e-01 1.800445737500105143e+09 1.239422509373793364e+09
